0120120101  0  0  0  2  0  0  0  0  0  0  0  0  0  0  0  2  0  0  0  2  0  0  0  0  0  0  0  0  0  0  0  2  0  0  0  1  0  0  0  2  0  0  0  0  0  0  0  0  0  0  0  1  0  0  0  0  0  0  0  1  0  0  0  1  0  0  0  0 38 34 42351  2  3  3 14  8  6  6 79 12  7 12103 23 30 31293 52 41 6055901301313860120101484                
0120120102  0  0  0  1  0  0  0  0  0  0  0  0  0  0  0  1  0  0  0  1  0  0  0  0  0  0  0  0  0  0  0  1  0  0  0  1  0  0  0  1  0  0  0  0  0  0  0  0  0  0  0  0  0  0  0  1  0  0  0  0  0  0  0  1  0  0  0  0 26 21 27347  2  4  4 29  1  7  3 16  4  2  0 15 12 37 21282  8 10 1112601401614950050071200                
0120120103  0  1  0  1  0  0  0  0  0  0  0  0  0  1  0  1  0  1  0  1  0  0  0  0  0  1  0  0  0  1  0  1  0  1  0  1  0  1  0  0  0  0  0  1  0  0  0  0  0  0  0  0  0  0  0  1  0  1  0  0  0  1  0  0  0  0  0  0  9  6 15208  1  0  0 13  1  1  1 37  0  1  0  1  4  7  8165  0  1  0  101300816120080111258                
0120120104  0  1  0  0  0  0  0  0  0  0  0  0  0  1  0  0  0  1  0  0  0  0  0  0  0  0  0  0  0  1  0  0  0  1  0  0  0  1  0  0  0  0  0  0  0  0  0  0  0  0  0  0  0  1  0  0  0  0  0  0  0  1  0  0  0  1  0  0 34 27 25378  2  2  1 33  0  3  1  7  4  3  1  8 20 10 17160  1  1  0 1502900017000080002600                
0120120105  0  0  0  2  0  0  0  0  0  0  0  0  0  0  0  2  0  0  0  2  0  0  0  0  0  0  0  0  0  0  0  2  0  0  0  0  0  0  0  2  0  0  0  0  0  0  0  0  0  0  0  1  0  0  0  0  0  0  0  1  0  0  0  1  0  0  0  1  6  7  6195  0  0  0  0  0  0  0  1  0  0  0  5  6  3  4 56 14 15 1818700901515230050002000                
0120120106  0  0  1  0  0  0  0  0  0  0  0  0  0  0  1  0  0  0  1  0  0  0  0  0  0  0  0  0  0  0  1  0  0  0  0  0  0  0  1  0  0  0  0  0  0  0  0  0  0  0  0  0  0  0  1  0  0  0  0  0  0  0  1  0  0  0  0  0 55 49 27127 10  6  2 21  1  0  1  3 10 35 94718 37 34 35114  1  4  5 1001300816120120171586                
0120120107  0  1  0  1  0  0  0  0  0  0  0  0  0  1  0  1  0  1  0  1  0  0  0  0  0  0  0  0  0  1  0  1  0  0  0  0  0  0  0  1  0  1  0  0  0  0  0  0  0  0  0  0  0  0  0  0  0  1  0  1  0  0  0  0  0  0  0  0 32 35 21218  2  9  2 19  7 10  4 53  2  2  0 14 12 23 11154  4  8 10 2601401813650160151237                
0120120201  0  0  0  7  0  0  0  0  0  0  0  0  0  0  0  5  0  0  0  2  0  0  0  0  0  0  0  2  0  0  0  4  0  0  0  5  0  0  0  3  0  0  0  1  0  0  0  1  0  0  0  0  0  0  0  4  0  0  0  3  0  0  0  1  0  0  0  2  5  0  1 27  0  0  0  0  0  0  0 16  0  0  1  6  0  7  2 56  0  0  0  701401613650100101470                
0120120202  0  0  0  5  0  0  0  0  0  0  0  0  0  0  0  4  0  0  0  0  0  0  0  0  0  0  0  0  0  0  0  3  0  0  0  0  0  0  0  3  0  0  0  0  0  0  0  1  0  0  0  0  0  0  0  2  0  0  0  3  0  0  0  1  0  0  0  2  4  4  4 29  1  0  0 18 13  8  9 34  0  1  1  5 16 20 17181  0  0  0  501801614970070181679                
0120120203  0  3  0  8  0  0  0  0  0  0  0  0  0  0  0  3  0  0  0  0  0  0  0  0  0  0  0  1  0  0  0  3  0  0  0  4  0  0  0  1  0  0  0  2  0  0  0  0  0  2  0  0  0  1  0  4  0  0  0  4  0  1  0  1  0  0  0  3  2  3  1 30  0  0  0  0  2  2  6 23  0  1  0 15 18 24 32306 12 15  8 9901201715870120131701                
0120120204  0  0  0  9  0  0  0  0  0  0  0  0  0  0  0  5  0  0  0  0  0  0  0  0  0  0  0  0  0  0  0  3  0  0  0  0  0  0  0  3  0  0  0  1  0  0  0  1  0  0  0  2  0  0  0  5  0  0  0  2  0  0  0  3  0  0  0  3  8  7  3 21  2  2  2 12  0  0  0  2  0  0  0  0 12 23 11154  0  0  0  901401016250150091495                
0120120205  0  0  0  2  0  0  0  0  0  0  0  0  0  0  0  1  0  0  0  0  0  0  0  0  0  0  0  0  0  0  0  0  0  0  0  0  0  0  0  0  0  0  0  1  0  0  0  0  0  0  0  1  0  0  0  1  0  0  0  0  0  0  0  0  0  0  0  0  2  5  1 47  0  1  1 12  3  5  4 25  0  0  0  0 19 20 16267  0  0  0  201801015080090151180                
0120120206  0  1  0  7  0  0  0  0  0  0  0  0  0  0  0  2  0  0  0  0  0  0  0  0  0  0  0  0  0  0  0  2  0  0  0  0  0  0  0  0  0  0  0  2  0  0  0  0  0  1  0  3  0  0  0  3  0  0  0  1  0  0  0  2  0  1  0  4  2  2  5 10  1  2  2  4 11 12  6 67  0  2  2  5 15  9 17124  0  1  0  901500914950160151197                
0120120207                                                                                                                                                                                                              0  0  1 18  0  0  0  4  3  2  1 14  5  4  5 16  2  5  2 76  0  0  0  001301313460140101657                
0120120208  0  0  2  8  0  0  0  0  0  0  0  0  0  0  2  8  0  0  0  1  0  0  0  0  0  0  0  0  0  0  2  4  0  0  0  3  0  0  0  4  0  0  2  2  0  0  0  2  0  0  0  1  0  0  2  7  0  0  0  0  0  0  0  1  0  0  2  4  4  3  1 37  1  0  0 12  0  0  0 18  0  0  0  3  4  7  8165  0  0  2  80120121289010000                    
0120120209  0  0  0  5  0  0  0  0  0  0  0  0  0  0  0  2  0  0  0  0  0  0  0  0  0  0  0  1  0  0  0  2  0  0  0  0  0  0  0  0  0  0  0  1  0  0  0  1  0  0  0  1  0  0  0  2  0  0  0  2  0  0  0  1  0  0  0  1  8  8  2 39  1  3  0 11  0  0  0  1  0  0  0  2  9  5  4 81  0  0  0  500900815840120101305                
0120120210  0  4  1  1  0  0  0  0  0  0  0  0  0  4  1  1  0  3  1  0  0  0  0  0  0  0  1  0  0  4  1  1  0  2  0  0  0  2  1  0  0  1  0  1  0  1  0  0  0  1  0  0  0  0  1  0  0  3  0  1  0  1  0  0  0  0  1  0  3  7  6 32  0  0  0  0  1  3  1  9  0  2  0  0  6  3  4 56  0  4  2 1000801115950130131529                
0120120211  0  1  0  4  0  0  0  0  0  0  0  0  0  1  0  1  0  0  0  0  0  0  0  0  0  0  0  0  0  0  0  0  0  0  0  1  0  0  0  0  0  0  0  1  0  1  0  0  0  0  0  1  0  0  0  2  0  1  0  1  0  0  0  0  0  0  0  2  0  0  2 17  0  0  1  2  4  0  2 17  0  0  0  2  6 15 19269  0  1  0  401201015000080111800                
0120120212  0  0  0  5  0  0  0  0  0  0  0  0  0  0  0  5  0  0  0  0  0  0  0  0  0  0  0  2  0  0  0  2  0  0  0  0  0  0  0  4  0  0  0  1  0  0  0  0  0  0  0  1  0  0  0  4  0  0  0  0  0  0  0  0  0  0  0  2  5  7 11 64  1  3  3 22  1  7  3 45  0  0  0  0 12 37 21282  0  0  0  500201015210040081444                
0120120301  0  0  0  7  0  0  0  0  0  0  0  0  0  0  0  6  0  0  0  0  0  0  0  0  0  0  0  2  0  0  0  5  0  0  0  0  0  0  0  3  0  0  0  2  0  0  0  1  0  0  0  0  0  0  0  6  0  0  0  1  0  0  0  1  0  0  0  0  2  2  3 44  2  0  2 20  3  7  5 28  6  6  3 25 15  9 17124  0  0  0  701201715870130131529                
0120120302  0  0  1  7  0  0  0  0  0  0  0  0  0  0  0  3  0  0  0  2  0  0  0  0  0  0  0  2  0  0  0  3  0  0  0  2  0  0  0  3  0  0  0  0  0  0  0  0  0  0  0  2  0  0  1  2  0  0  0  3  0  0  0  3  0  0  0  3 18 13 14 85  3  5  6 35  1  2  2 12  1  1  0 10 16 20 17181  4  3  5 580180101508000000                    
0120120303  0  0  0  9  0  0  0  0  0  0  0  0  0  0  0  6  0  0  0  0  0  0  0  0  0  0  0  0  0  0  0  5  0  0  0  0  0  0  0  2  0  0  0  1  0  0  0  3  0  0  0  1  0  0  0  6  0  0  0  2  0  0  0  0  0  0  0  2  2  3  2 22  0  0  0  0  0  6  0 31  0  1  0  0  0  7  2 56 12 20 1315801500914950000141420                
0120120304  0  1  2  3  0  0  0  0  0  0  0  0  0  1  2  2  0  1  0  0  0  0  0  0  0  0  1  2  0  1  2  2  0  1  0  1  0  1  0  1  0  0  0  1  0  0  2  0  0  0  1  1  0  0  0  1  0  1  1  1  0  0  0  1  0  1  0  0 10  9 13 67  2  4  6 32 17 17 11 99  3  3  0  8 12 23 11154  4  7  3 2201600817050120171587                
0120120305  0  0  0  5  0  0  0  0  0  0  0  0  0  0  0  3  0  0  0  0  0  0  0  0  0  0  0  0  0  0  0  3  0  0  0  0  0  0  0  2  0  0  0  0  0  0  0  1  0  0  0  1  0  0  0  2  0  0  0  2  0  0  0  0  0  0  0  2 12 11 13 94  2  0  1 24  0  1  1  5  1  1  0  3  9  5  4 81  8  0  7 9801201715870000251650                
0120120306  0  1  2  0  0  0  0  0  0  0  0  0  0  1  2  0  0  0  1  0  0  0  0  0  0  0  0  0  0  0  2  0  0  0  0  0  0  0  1  0  0  0  0  0  0  1  1  0  0  0  0  0  0  1  2  0  0  0  0  0  0  0  1  0  0  0  0  0 24 27 33187  4  6  8 60  4  6  6 29  1  1  2  4 20 10 17160 94 70 7249100901715430160151197                
0120120307  0  0  0  4  0  0  0  0  0  0  0  0  0  0  0  4  0  0  0  2  0  0  0  0  0  0  0  1  0  0  0  4  0  0  0  2  0  0  0  3  0  0  0  0  0  0  0  1  0  0  0  1  0  0  0  1  0  0  0  2  0  0  0  1  0  0  0  2  3 11 11 64  1  5  5 34  5  6  4 46  0  0  0  4  8 12 22158  0  0  0  400401614870160151197                
0120120308  0  0  0 13  0  0  1  0  0  0  0  0  0  0  0  7  0  0  0  3  0  0  0  1  0  0  0  1  0  0  0  6  0  0  0  5  0  0  0  4  0  0  0  1  0  0  0  2  0  0  0  2  0  0  0  5  0  0  0  6  0  0  0  4  0  0  0  3  2  1  2 42  1  0  1 15  0  0  0  4  5  5  1 63  2  3  3 51  0  0  0  401401015230120131701                
0120120309  0  0  1  4  0  0  0  0  0  0  0  0  0  0  1  3  0  0  0  0  0  0  0  0  0  0  0  0  0  0  1  1  0  0  0  0  0  0  1  2  0  0  0  1  0  0  0  0  0  0  0  1  0  0  1  1  0  0  0  2  0  0  0  1  0  0  0  0 14 18 16127  4  9  3 52  2  1  1 13  1  0  0  2 27 30 36216 12 18 1211501401416200160171684                
0120120310  0  0  0  6  0  0  0  0  0  0  0  0  0  0  0  3  0  0  0  1  0  0  0  0  0  0  0  0  0  0  0  2  0  0  0  3  0  0  0  1  0  0  0  1  0  0  0  1  0  0  0  2  0  0  0  4  0  0  0  0  0  0  0  0  0  0  0  0  1  0  0 14  0  0  0  0  1  1  1 60  0  1  1 20  2  3  2109  6  5 1010901101215930160081705                
0120120311  0  0  0  4  0  0  0  0  0  0  0  0  0  0  0  3  0  0  0  1  0  0  0  0  0  0  0  0  0  0  0  2  0  0  0  0  0  0  0  1  0  0  0  1  0  0  0  1  0  0  0  1  0  0  0  2  0  0  0  1  0  0  0  1  0  0  0  1 16 17  7 49  2  4  2  5  0  0  0  0  0  0  0  1 19 20 14102  0  0  0  401401114650100071592                
0120120312  0  1  1  8  0  0  0  0  0  0  0  0  0  1  1  4  0  0  0  0  0  0  0  0  0  0  0  1  0  1  1  2  0  0  1  4  0  0  1  1  0  0  0  2  0  1  0  1  0  0  0  6  0  1  0  1  0  0  1  1  0  0  0  2  0  0  0  2 11 14 13141  1  3  6 51  1  1  2 37  6  4  9 62 12 37 21282  3  5  6 5401601014080100071546                
0120120313  0  0  0  5  0  0  0  0  0  0  0  0  0  0  0  4  0  0  0  0  0  0  0  0  0  0  0  0  0  0  0  4  0  0  0  0  0  0  0  4  0  0  0  0  0  0  0  0  0  0  0  3  0  0  0  2  0  0  0  0  0  0  0  0  0  0  0  2  6  4  6 42  0  0  0  0  5  5  2 45  0  1  1  8 18 24 32306 24 19 2221401701115130190191708                
0120120314  0  2  0  5  0  0  0  0  0  0  0  0  0  1  0  2  0  0  0  0  0  0  0  0  0  0  0  0  0  1  0  1  0  2  0  3  0  0  0  2  0  0  0  0  0  1  0  0  0  0  0  2  0  1  0  1  0  1  0  2  0  0  0  1  0  0  0  1 23 20 25138  5  4  4 18  0  2  0  7  1  5  1 12 23 30 31293  0  2  0  501500914950090101655                
0120120401  0  0  0  9  0  0  0  0  0  0  0  0  0  0  0  9  0  0  0  3  0  0  0  0  0  0  0  4  0  0  0  8  0  0  0  0  0  0  0  7  0  0  0  1  0  0  0  1  0  0  0  0  0  0  0  3  0  0  0  6  0  0  0  1  0  0  0  5  3  3  6 75  0  0  1  7  0  0  0  1  0  0  1  2  9  5  4 81 14 21 1615101802017020070181616                
0120120402  0  2  0 10  0  0  0  0  0  0  0  0  0  2  0  7  0  0  0  3  0  0  0  2  0  1  0  1  0  2  0  6  0  0  0  1  0  0  0  6  0  2  0  0  0  0  0  1  0  2  0  0  0  0  0  6  0  0  0  4  0  0  0  4  0  1  0  6  6  4  5 53  0  0  0  6 11 12  6 67  0  0  0  1 15  9 17124  0  2  0 1001901418550150062466                
0120120403  0  1  0  4  0  0  0  0  0  0  0  0  0  1  0  3  0  0  0  1  0  0  0  0  0  0  0  0  0  0  0  1  0  0  0  0  0  1  0  2  0  0  0  1  0  0  0  0  0  1  0  1  0  0  0  2  0  0  0  1  0  1  0  0  0  0  0  2 17 18 10152  2  2  2 22  0  0  0  7  2  0  1 14 20 10 17160  3  6  1 3302302015380150062466                
0120120404  0  1  0  5  0  0  0  0  0  0  0  0  0  1  0  5  0  0  0  0  0  0  0  0  0  0  0  0  0  0  0  2  0  0  0  0  0  1  0  3  0  0  0  2  0  0  0  0  0  0  0  1  0  0  0  2  0  1  0  2  0  0  0  0  0  0  0  2 17 20 16178  1  0  1 12  0  1  1 17  0  0  0  2 23 30 31293  7  9  9 8801001113820100071825                
0120120405  0  0  1  9  0  0  0  0  0  0  0  0  0  0  1  7  0  0  0  1  0  0  0  0  0  0  0  0  0  0  0  3  0  0  0  1  0  0  1  4  0  0  0  2  0  0  0  1  0  0  0  3  0  0  0  4  0  0  1  2  0  0  1  1  0  0  0  5 12 15 20176  0  0  0  0  1  3  0 12  6  3  8 58 18 24 32306  0  0  3 5200400916000180161507                
0120120406  0  0  0  9  0  0  0  0  0  0  0  0  0  0  0  6  0  0  0  2  0  0  0  0  0  0  0  0  0  0  0  4  0  0  0  0  0  0  0  5  0  0  0  1  0  0  0  0  0  0  0  1  0  0  0  5  0  0  0  3  0  0  0  3  0  0  0  5 84 50 38107 12  9  8 14  2  2  2 14 94 82 57199 37 34 35114  9 11  5 6501802017020190271720                
0120120407  0  0  0  4  0  0  0  1  0  0  0  0  0  0  0  0  0  0  0  0  0  0  0  0  0  0  0  0  0  0  0  0  0  0  0  0  0  0  0  0  0  0  0  0  0  0  0  0  0  0  0  0  0  0  0  3  0  0  0  1  0  0  0  0  0  0  0  1 12 11 11182  2  1  0 30  6  2  0 27  0  2  1 34 18 19 26306  8 11  8 7501701918320120171586                
0120120408  0  0  1  5  0  0  0  0  0  0  0  0  0  0  1  3  0  0  1  2  0  0  0  0  0  0  0  3  0  0  1  3  0  0  0  0  0  0  1  2  0  0  0  1  0  0  0  0  0  0  0  0  0  0  0  2  0  0  1  3  0  0  0  1  0  0  0  1 29 29 41157  2  1  4 15  2  1  0 11 53 33 39233 42 48 37262 19  8 121490180161890000000                    
0120120409  0  0  0  3  0  0  0  0  0  0  0  0  0  0  0  3  0  0  0  1  0  0  0  0  0  0  0  2  0  0  0  3  0  0  0  3  0  0  0  2  0  0  0  1  0  0  0  0  0  0  0  0  0  0  0  0  0  0  0  3  0  0  0  1  0  0  0  0  0  0  0 23  0  0  0  0  0  1  2 57  1  1  0 16  0  7  2 56 31 19 2526001901418550130131674                
0120120410  0  0  0  8  0  0  0  0  0  0  0  0  0  0  0  6  0  0  0  1  0  0  0  0  0  0  0  0  0  0  0  6  0  0  0  1  0  0  0  5  0  0  0  0  0  0  0  1  0  0  0  2  0  0  0  6  0  0  0  0  0  0  0  1  0  0  0  2  5  7  9100  1  2  3 11  1  1  0 11  0  2  0  2  8 12 22158  3  6  3 8301601517080120131835                
0120120411  0  0  0  6  0  0  0  0  0  0  0  0  0  0  0  6  0  0  0  5  0  0  0  0  0  0  0  2  0  0  0  4  0  0  0  3  0  0  0  6  0  0  0  0  0  0  0  0  0  0  0  0  0  0  0  5  0  0  0  1  0  0  0  1  0  0  0  3  2  1  3 51  0  0  0  0  3  3  0 17  0  0  0  3  6  3  4 56  3  0  1 3301802017020150011979                
0120120412  0  0  0  2  0  0  0  0  0  0  0  0  0  0  0  1  0  0  0  0  0  0  0  0  0  0  0  0  0  0  0  1  0  0  0  0  0  0  0  1  0  0  0  0  0  0  0  0  0  0  0  1  0  0  0  0  0  0  0  1  0  0  0  1  0  0  0  1 14 24 23181  1  3  1 22  7  6  8 51 16 21 18157 27 30 36216 99 67 5937201901918310060111706                
0120120501                                                                                                                                                                                                             49 45 43283  1  1  6 26  4 13 10 91  2  4  2 26 16 20 17181  7 10  8 3401802017020270001850                
0120120502                                                                                                                                                                                                             65 59 65376  1  3  1  9  0  8  1 20  1  3  1  7 42 48 37262  1  3  3 1801701117260060111706                
0120120503                                                                                                                                                                                                             73 62 40249  2  2  2  4  6  4  0 11  0  3  1  2 19 20 14102  9 10  4 4401901918310120171586                
0120120504                                                                                                                                                                                                             11  8  7162  1  0  0  2  1  1  3 23  0  0  0  0  4  7  8165  2  2  2 1601600818920100071825                
0120120505                                                                                                                                                                                                             20 36 27285  2  2  0 15  0  0  0  0  0  0  1 21 20 10 17160  8  1  4 3702703316500250151810                
0120120506                                                                                                                                                                                                             13 69 76321 12  9  8 14 22 16  8 30  1  2  2  8 37 34 35114 13  6 15 5701600818920100071825                
0120120507                                                                                                                                                                                                             53 40 33290  5  0  3 23  5  3  5 19 50 39 32243 12 23 11154 30 30 2010702302015380120171586                
0120120601                                                                                                                                                                                                              8  7  3 84  4  1  0 38  5  2  3 10 17 13  9137  4  7  8165 27 30 2517200801614530100061515                
0120120602                                                                                                                                                                                                             10  2  4 76  0  0  0  0  0  0  1  6  0  0  0  7  6  3  4 56  0  0  0  002303216400110161612                
0120120603                                                                                                                                                                                                              2  2  4 15  0  0  0  0  0  0  0  8  1  0  0  7 14  8 12195 16 23 1613301401015230050131422                
0120120604                                                                                                                                                                                                             33 17 11 40 22 12  7 25 21 21  7 42 10 35 94718 37 34 35114 43 37 2919101802016860120171587                
0120120605                                                                                                                                                                                                              5 17 15212  2  5  1 54 12 17 18188 68 96 11510 18 19 26306 21 22 1824601902212000000191604                
0120120606                                                                                                                                                                                                             12 11 13 94  2  0  1 24  0  0  0  1  0  0  0  0  9  5  4 81  2  5  4 3801401015230100081366                
0120120701  2  3  1 32  0  0  0  0  0  0  0  0  2  2  1 19  0  1  0  2  0  0  0  0  0  0  0  4  2  1  1  8  0  1  0  4  2  2  1 15  0  0  0  3  0  0  0  1  1  1  0 13  1  1  1 14  0  1  0  4  1  2  0  8  0  0  0  8  4 11  7198  0  0  0  0  0  3  1 27  0  3  1 12  1  3  1 83  0  3  2 160140101645000003                    
0120120702  1  3  6 19  0  0  0  0  0  0  0  0  1  3  6 19  0  2  1  4  0  0  0  0  0  0  0  0  1  3  5 17  0  1  2  9  1  3  4 13  0  0  1  4  0  0  1  2  0  3  3  5  1  0  1  8  0  0  2  6  0  1  2  4  1  1  2  9 12 26 23337  2  2  2 23  0  2  3 25 68 96 11510 18 19 26306  1  3  6 2301101616770060111706                
0120120703  0  0  1 12  0  0  0  0  0  0  0  0  0  0  0  7  0  0  0  3  0  0  0  0  0  0  0  2  0  0  0  1  0  0  0  0  0  0  0  5  0  0  0  1  0  0  0  1  0  0  0  1  0  0  0  3  0  0  1  8  0  0  0  1  0  0  1  2 11  8  7162  1  0  0  2  0  1  1 13  0  0  1  8  4  7  8165  5  1 11 8601701918320080201833                
0120120704  1  3  1  2  0  0  0  0  0  0  0  0  1  3  1  2  0  0  0  0  0  0  0  0  0  1  0  1  0  2  0  0  0  0  0  0  1  3  1  2  0  0  0  0  0  0  0  0  1  1  1  0  0  2  0  2  0  0  0  0  0  2  1  0  0  2  1  1 13 69 76321 12  9  8 14  1  0  1  5  0  0  0  2 37 34 35114 10  8  7 2601702316310050001200                
0120120705  0  0  0  3  0  0  0  0  0  0  0  0  0  0  0  2  0  0  0  0  0  0  0  0  0  0  0  1  0  0  0  2  0  0  0  2  0  0  0  1  0  0  0  1  0  0  0  0  0  0  0  0  0  0  0  2  0  0  0  1  0  0  0  1  0  0  0  1  4  6  9155  0  0  0  0  1  3  1  9  0  0  0  2  6  3  4 56 12  7 15 8001802017020120111660                
0120120706  1  0  1  9  0  0  0  0  0  0  0  0  1  0  1  9  1  0  0  6  0  0  0  0  0  0  0  1  1  0  1  8  0  0  0  1  1  0  0  8  0  0  1  0  0  0  0  1  0  0  0  5  0  0  0  3  1  0  1  1  0  0  1  2  0  0  0  3 37 33 35296  1  0  1  8  5  1  6 31 24 16 21197 23 30 31293 21 30 2113201600818920120131454                
0120120707  1  1  0 16  0  0  0  0  0  0  0  0  1  1  0 16  0  1  0  3  0  0  0  0  0  0  0  1  0  0  0 13  0  0  0  0  0  1  0 13  0  0  0  1  1  0  0  2  0  1  0  8  1  0  0  8  0  0  0  0  1  1  0  3  0  0  0  4 20 36 27285  2  2  0 15  0  0  1  4  2  3  2 35 20 10 17160  1  2  0 360110131682000015                    
0120120708  1  2  1  4  0  0  0  0  0  0  0  0  1  2  1  4  1  2  0  1  0  0  0  0  0  1  0  0  1  2  1  4  0  1  0  0  0  1  0  2  0  1  1  2  1  0  0  0  0  0  0  1  0  0  0  1  1  2  1  2  0  1  1  1  0  0  0  0 14 14 13132  0  0  1  5  0  3  0  6  0  1  0  3  9  5  4 81  1  3  1 4700801116340100071692                
0120120709  1  1  0  9  0  0  0  0  0  0  0  0  1  1  0  9  1  0  0  3  0  0  0  0  0  0  0  0  0  0  0  5  0  0  0  0  1  1  0  7  0  0  0  2  0  0  0  0  0  1  0  5  1  0  0  3  0  0  0  1  0  0  0  1  0  0  0  3 45 38 55422  0  0  0  0  4  4  3 40  0  1  1  3 18 24 32306  4  4  3 7001901418550130131674                
0120120801  1  3  2  5  0  0  0  0  0  0  0  0  1  3  1  4  0  0  0  0  0  0  0  0  0  0  0  2  0  2  0  2  0  0  0  0  0  1  0  3  0  2  0  0  1  0  1  1  0  0  1  1  0  3  1  3  1  0  0  1  0  0  0  1  1  1  1  2 12 11 13 94  2  0  1 24  0  0  0  0  0  1  0 14  9  5  4 81  4  3  3 2001401814100120111595                
0120120802  1  2  0  4  0  0  0  1  0  0  0  0  1  2  0  3  0  1  0  0  0  0  0  0  0  0  0  0  1  2  0  2  0  0  0  0  1  1  0  3  0  1  0  0  0  0  0  0  0  1  0  0  1  0  0  2  0  1  0  2  1  1  0  0  1  0  0  1  5  6  6 78  0  0  0  0  0  0  0  3  0  0  0  0  1  3  1 83  1  2  0  800301717510120171587                
0120120803  1  2  2 20  0  0  0  0  0  0  0  0  1  2  2 17  1  1  0  6  0  1  0  1  0  0  0  1  1  1  2 17  0  0  0  0  0  1  2  8  1  0  0  4  0  1  0  5  0  1  1  7  1  1  0  8  0  0  1  5  0  1  0  6  0  1  0  5 10  2  4 76  0  0  0  0  2  1  1 10  0  0  0  0  6  3  4 56  1  1  1 2400701316510190191708                
0120120804  1  0  0  2  0  0  0  0  0  0  0  0  1  0  0  2  0  0  0  0  0  0  0  0  0  0  0  1  1  0  0  2  1  0  0  2  0  0  0  2  1  0  0  0  0  0  0  0  1  0  0  0  0  0  0  2  0  0  0  0  0  0  0  0  0  0  0  1 16 17  7 49  2  4  2  5  6  2  1 13  1  0  0  2 19 20 14102  1  0  0  201202016470190191708                
0120120805  0  0  0  9  0  0  0  0  4  1  1  0  0  0  0  8  0  0  0  0  0  0  0  0  0  0  0  0  0  0  0  4  0  0  0  1  0  0  0  5  0  0  0  0  0  0  0  3  0  0  0  2  0  0  0  3  0  0  0  4  0  0  0  2  0  0  0  2  2  4  2 41  1  2  1 14  0  0  0  4  0  0  0 26  2  5  2 76 19 26 3241800901312220120151624                
0120120806  1  3  2  8  0  0  0  0  0  0  0  0  1  3  2  7  1  2  0  4  0  0  0  0  0  1  0  3  1  2  2  6  0  1  0  1  1  3  0  1  0  0  2  3  0  0  0  3  0  1  1  2  0  0  0  4  1  2  1  2  1  1  1  2  0  1  0  3 23 20 25138  5  4  4 18  2  3  3 20 12  7 12103 23 30 31293 17 10 1418900901715430170181425                
0120120807  0  0  1 10  0  0  0  0  2  0  0  1  0  0  1  9  0  0  0  1  0  0  0  0  0  0  0  2  0  0  0  4  0  0  0  1  0  0  1  2  0  0  0  4  0  0  0  3  0  0  0  4  0  0  0  5  0  0  1  1  0  0  1  3  0  0  0  3  5 17 15212  2  5  1 54  2  1  2 28  0  1  0 11 18 19 26306  4  4  8 5401401016470060111530                
0120120808  1  1  2  2  0  0  0  0  0  0  0  0  1  1  2  2  1  1  0  0  0  0  0  0  0  0  1  0  1  1  2  2  0  0  0  0  1  1  0  1  0  0  1  1  0  0  1  0  0  0  2  0  0  1  0  0  1  0  0  2  1  0  0  0  0  0  0  2 14 18 16127  4  9  3 52  3  3  1 11  6 10 15 56 27 30 36216 11  9 1013300001817000110141400                
0120120901  2  2  3 12  0  0  0  0  0  0  0  0  2  2  3 12  2  1  3  8  0  0  1  1  0  0  0  3  2  2  3 11  0  0  0  0  0  0  1  8  1  1  1  4  1  1  1  0  0  1  0  5  1  1  0  5  1  0  3  2  0  0  1  2  0  1  1  3 30 31 27131  3  0  0  6  0  0  0  2  1  0  0  0 19 20 14102  2  2  3 1401501017860080201833                
0120120902  0  0  0  2  0  0  0  0  2  1  0  5  0  0  0  2  0  0  0  0  0  0  0  0  0  0  0  1  0  0  0  1  0  0  0  0  0  0  0  0  0  0  0  1  0  0  0  1  0  0  0  1  0  0  0  1  0  0  0  0  0  0  0  1  0  0  0  0  1  1  2 34  0  0  0  5  0  0  0  0  0  0  0  0  2  5  2 76  0  0  0  401300818080120151806                
0120120903  2  0  0 13  0  0  0  0  0  0  0  0  2  0  0 13  0  0  0  0  0  0  0  0  0  0  0  6  2  0  0  8  2  0  0  2  1  0  0 11  0  0  0  0  1  0  0  2  2  0  0  2  0  0  0  6  0  0  0  5  0  0  0  4  0  0  0  5  2  0  1 62  0  0  0  0  5  7  6177  2  1  0 16  1  3  1 83  5  8  715701801015020120111660                
0120120904  2  1  1 10  0  0  0  0  0  0  0  0  0  0  0  4  0  0  0  0  0  0  0  0  0  0  1  0  0  0  0  4  0  0  0  0  0  0  0  4  0  0  0  0  0  0  0  0  1  0  0  3  1  0  1  2  0  1  0  5  0  0  0  1  1  1  0  3  3  6  6 78  0  0  0  6  0  0  0  2 12  3  9 68  6 15 19269  7  4  4 160180161890000033                    
0120120905  2  2  1  8  0  0  0  0  0  0  0  0  2  2  1  6  0  0  0  0  0  0  0  0  1  1  0  2  2  2  1  6  0  0  0  1  1  1  0  4  1  0  0  1  0  1  1  1  0  1  0  0  2  1  1  7  0  0  0  1  1  1  0  2  2  0  1  3  2  1  3 51  0  0  0  0  0  2  1 16  0  0  0  1  6  3  4 56  2  2  1 1101401017610100071692                
0120120906  1  2  1 12  0  0  0  0  5  0  0  0  1  1  1  8  1  0  1  3  0  0  0  0  0  1  0  2  0  1  0  7  0  1  1  2  0  1  1  5  0  0  0  3  1  0  0  0  1  1  1  3  0  0  0  2  0  1  0  7  0  1  0  4  0  1  0  6  2  5  9101  0  0  0 15  4  3  6 62  1  1  1 15 19 20 16267 10 16 1717800801517060100091320                
0120120907  2  0  0  2  0  0  0  0  0  0  0  0  2  0  0  1  0  0  0  0  0  0  0  0  0  0  0  0  0  0  0  0  1  0  0  0  2  0  0  1  0  0  0  0  0  0  0  0  1  0  0  0  1  0  0  1  0  0  0  1  0  0  0  2  2  0  0  1 84 50 38107 12  9  8 14 12 27 45217 32 16 14 63 37 34 35114 71 50 4632602302015380120131803                
0120120908  0  0  0  2  0  0  0  0  2  0  0  0  0  0  0  2  0  0  0  0  0  0  0  0  0  0  0  0  0  0  0  1  0  0  0  0  0  0  0  1  0  0  0  1  0  0  0  0  0  0  0  2  0  0  0  0  0  0  0  0  0  0  0  0  0  0  0  0 12 11 11182  2  1  0 30  0  0  2 31  9 14  8125 18 19 26306  0  0  0  20170002200000000                    
0120120909  2  1  2 11  0  0  0  0  0  0  0  0  2  1  2 10  1  0  0  4  1  0  0  1  1  0  0  0  2  0  1  6  0  0  0  0  0  1  2  9  2  0  0  1  0  0  0  0  0  1  0  6  2  0  1  2  0  0  1  3  1  0  0  3  0  0  2  4 17 18 10152  2  2  2 22  1  1  1  7  2  2  1 10 20 10 17160 12 13  9 8201600818920100081450                
0120120910  2  2  1 10  0  0  0  0  0  0  0  0  2  2  1 10  1  0  1  7  1  0  1  1  0  0  0  4  1  1  1  5  0  0  0  0  2  2  0  7  0  0  1  1  0  0  0  2  0  0  0  6  1  1  1  3  1  1  0  1  1  1  1  3  0  1  0  4 17 20 16178  1  0  1 12 24 19 19114  1  1  0  4 23 30 31293  1  1  1 1301801618900090101684                
0120121001  2 15  6 20  0  0  0  0  0  0  0  0  2 15  6 20  1  8  3 12  0  0  1  1  0  0  0  1  2 11  5 13  0  0  0  3  2 14  6 14  0  1  0  6  0  0  0  0  0  6  1 11  2  3  2  8  0  6  3  1  1  4  1  4  0  6  0  5 35 42 45278  1  0  3 19 12 11 17110  5  3  8 32 42 48 37262 15 29 2415702501518100070151600                
0120121002  2  0  0  9  0  0  0  0  0  0  0  0  2  0  0  9  2  0  0  4  0  0  0  0  0  0  0  0  2  0  0  4  0  0  0  0  1  0  0  7  0  0  0  1  1  0  0  1  0  0  0  2  1  0  0  4  1  0  0  3  2  0  0  2  2  0  0  5 30 32 29310  5  4  3 29  0  0  0  0  0  0  0  4 27 30 36216  5  1  4 300110121723000006                    
0120121003  2  3  0  4  0  0  0  0  0  0  0  0  2  3  0  4  2  3  0  2  0  0  0  0  0  1  0  0  2  2  0  2  2  2  0  2  0  3  0  4  1  0  0  0  1  0  0  0  0  3  0  2  0  0  0  1  2  0  0  1  0  1  0  2  1  0  0  1 18 41 39366  4  3  2 28  6  4  2 23  9 14  8125 18 19 26306  3  5  3 2701301313860120171586                
0120121004  2  0  1 13  0  0  0  0  0  0  0  0  2  0  1 12  0  0  1  4  0  0  0  0  0  0  0  1  0  0  0  4  0  0  0  0  1  0  1  9  1  0  0  2  0  0  0  1  0  0  1  5  2  0  0  4  0  0  0  4  0  0  0  3  0  0  0  5 16 16 13142  4  1  0  9  2  4  0 13  1  0  0  0 15  9 17124  1  1  1  90180161507000000                    
0120121005  2  0  1  2  0  0  0  0  0  0  0  0  1  0  0  0  1  0  0  0  0  0  0  0  0  0  0  1  1  0  0  0  1  0  0  0  1  0  0  0  0  0  0  0  0  0  0  0  1  0  0  0  0  0  1  1  1  0  0  1  2  0  0  0  1  0  0  1 38 34 42351  2  3  3 14  4  2  0 22 24 16 21197 23 30 31293  2  0  6 1100902113720100071825                
0120121006  2  3  1  9  0  0  0  0  0  0  0  0  2  3  1  9  2  3  0  7  0  0  0  1  0  0  0  1  2  3  0  7  1  3  0  6  0  2  1  8  1  0  0  0  1  1  0  1  0  0  1  3  0  1  0  3  2  2  0  3  0  0  1  3  1  2  0  5 26 21 27347  2  4  4 29  3  5  1 33 21 23 23256 12 37 21282  5  4  5 3001001014250120161310                
0120121007  2  0  1 16  0  0  0  0  0  0  0  0  2  0  1 16  1  0  0  3  0  0  0  0  0  0  0  0  2  0  1 12  0  0  0  0  1  0  1 12  1  0  0  4  0  0  0  0  1  0  0  4  1  0  1  7  0  0  0  5  1  0  1  5  0  0  0  7 13 14 15164  0  2  3  9  0  0  1  4  0  0  0  0  9  5  4 81  7 10 10 6501600818920060111706                
0120121008  2  0  1 18  0  0  0  0  0  0  0  0  2  0  1 17  2  0  1 10  0  0  0  0  0  0  0  0  2  0  1 14  0  0  0  0  1  0  0 16  1  0  1  1  0  0  0  0  2  0  0  9  0  0  0  5  0  0  1  4  1  0  1  3  1  0  0  3  4 18  7248  0  1  0 14  0  0  0  1  5  3  4136 12  9  7208 61 93 7456701401813650070061562                
0120121009  1  0  0 12  0  0  0  0  2  2  0  2  0  0  0  6  0  0  0  3  0  0  0  2  0  0  0  1  0  0  0  4  0  0  0  0  0  0  0  4  0  0  0  2  0  0  0  0  0  0  0  5  1  0  0  4  0  0  0  3  1  0  0  5  1  0  0  6 42 47 51328  0  0  0  0  0  0  6 29  1  2  1 24 18 24 32306 49 37 3246800301516000130131674                
0120121010  2  2  2  6  0  0  0  0  0  0  0  0  2  2  2  6  0  0  0  1  0  0  0  0  1  0  0  0  1  2  2  5  0  0  0  0  2  2  2  5  0  0  0  1  0  0  0  0  1  1  0  2  0  1  0  2  1  0  2  2  2  1  1  2  1  1  0  1 55 49 27127 10  6  2 21 17 10  7 25  0  0  0  4 37 34 35114 13 10  5 4102501518100120101484                
0120121011  2  3  2  7  0  0  0  0  0  0  0  0  2  3  1  6  1  2  0  3  0  0  0  0  0  0  0  1  2  2  0  4  1  0  0  1  1  2  1  4  0  0  0  2  1  1  0  0  1  1  2  5  0  1  0  2  1  1  0  0  0  0  0  0  0  0  0  4 34 27 25378  2  2  1 33  3  4  5 19  1  4  4 27 20 10 17160  8 11 17 690110131682000006                    
0120121012  1  1  2 13  0  0  0  0  2  2  0  3  1  1  2 11  1  1  2  5  0  0  0  0  1  0  1  8  1  1  2  6  0  0  0  0  0  0  2  7  1  0  0  4  0  1  0  0  1  0  1  3  0  1  0  2  0  0  1  8  0  0  0  2  1  1  0  5 32 35 21218  2  9  2 19  0  0  0  1  0  0  0  0 12 23 11154  1  1  2 250160151708000003                    
0120121013  2  2  1  4  0  0  0  0  0  0  0  0  1  2  0  2  1  2  0  2  0  2  0  0  0  0  1  2  1  2  0  2  0  0  0  0  0  1  0  2  1  1  0  0  0  0  0  0  1  1  0  1  1  0  0  2  0  1  1  1  0  2  0  0  0  1  1  0 32 30 26230  2  0  6 26  5  6  3 18  8 10  7 44 16 20 17181  3  4  3 1302302015380130131674                
0120121101  3  1  0  5  0  0  0  0  0  0  0  0  3  1  0  5  2  1  0  1  1  0  0  1  0  1  0  1  3  1  0  4  2  1  0  0  0  1  0  2  2  0  0  2  1  0  0  1  0  0  0  3  2  1  0  1  1  0  0  1  1  1  0  1  2  1  0  2 16 17  7 49  2  4  2  5  4  4  3 14  9  1  2  2 19 20 14102  6  6  3 3101201315150000221640                
0120121102  3  3  1 10  0  0  0  0  0  0  0  0  3  3  1  9  1  0  0  1  0  0  0  0  0  0  0  0  3  2  1  7  1  0  0  0  2  2  1  5  1  0  0  3  0  1  0  1  0  1  0  2  2  1  0  6  1  1  1  2  2  1  1  3  1  0  1  6 24 27 33187  4  6  8 60  2  0  0  3  1  0  0  0 20 10 17160  5  5  2 1600601414350140101657                
0120121103  3  2  1  3  0  0  0  0  0  0  0  0  3  2  1  2  2  0  0  0  0  0  0  0  0  0  0  1  3  2  1  2  0  0  0  0  2  1  0  2  0  1  1  0  1  0  0  0  1  1  0  0  2  0  0  1  0  1  1  2  0  1  0  1  1  0  1  2 14 18 16127  4  9  3 52  0  1  1 14  0  0  0  1 27 30 36216  3  2  1  30090061468007000                    
0120121104  3  1  0 14  0  0  0  1  0  0  0  0  3  1  0 14  0  0  0  1  0  0  0  0  1  0  0  3  1  1  0  8  0  0  0  0  0  1  0  8  2  0  0  4  1  0  0  2  0  0  0  4  1  1  0  5  2  0  0  5  1  0  0  2  1  1  0  4  8  8  7126  2  1  1 37 12  8  5 65 27 23 26206 19 20 16267 12  9 1913301101616190100071592                
0120121105  3  2  3 19  0  0  0  0  0  0  0  0  3  2  3 19  1  0  2  6  0  0  0  2  0  0  0  7  3  2  3 10  0  0  0  0  1  1  3 13  2  1  0  3  0  0  0  3  1  1  2  7  1  1  1  8  1  0  0  4  0  0  2  4  2  2  0 12 11 14 13141  1  3  6 51  3  5  3 39  0  2  0 16 12 37 21282  2  4  3 3300701415840090061266                
0120121106  3  0  1 16  0  0  0  0  0  0  0  0  3  0  1 14  1  0  0  4  0  0  0  0  0  0  0  3  3  0  1 14  0  0  1  5  3  0  1  7  0  0  0  4  0  0  0  3  1  0  0  5  1  0  1  7  1  0  0  4  0  0  0  3  0  0  0  7  3 11 11 64  1  5  5 34  1  2  4 24  0  1  3 38  8 12 22158  7  6  9 9101802813660100071592                
0120121107  4  0  3 33  0  0  0  0  0  0  0  0  4  0  3 30  2  0  0  3  1  0  0  0  0  0  0  5  2  0  1 14  1  0  0  4  4  0  3 19  0  0  0  5  0  0  0  6  0  0  0  7  2  0  1 14  2  0  2 11  2  0  0  3  2  0  1  7  8  7  3 84  4  1  0 38  3  2  3 79  1  0  0  6  4  7  8165  8  6  7 8300301712640150171694                
0120121108  3  3  2  7  0  0  0  0  0  0  0  0  3  1  2  1  1  0  0  0  0  0  0  0  1  0  1  1  3  1  1  1  0  0  0  1  2  0  1  1  0  1  0  0  1  0  1  0  1  1  1  1  2  1  0  5  0  1  1  1  0  1  0  3  2  1  2  3 18 13 14 85  3  5  6 35  2  2  7 28  2  2  4 18 16 20 17181 35 34 2941101901416960140101657                
0120121109  3  2  5 10  0  0  0  0  0  0  0  0  3  2  5  9  2  1  3  1  2  1  1  1  0  0  1  0  2  1  5  2  0  0  0  0  0  1  4  3  2  1  0  2  1  0  1  4  1  0  0  4  1  1  3  1  1  1  2  5  2  1  1  1  2  1  1  3 10  9 13 67  2  4  6 32  0  0  0  2  1  1  2 29 12 23 11154 17 22 1521001801616860000281560                
0120121110  4  1  3 20  0  0  0  0  0  0  0  0  3  1  2 15  0  0  0  0  0  0  0  0  0  0  0  1  3  1  2 10  0  0  0  2  1  0  1  8  1  1  0  4  1  0  1  3  1  0  3  3  2  0  0 13  1  1  0  4  2  0  1  1  1  0  2 10  5 17 15212  2  5  1 54  4  4  9 48  0  0  3 17 18 19 26306  9  8 1318600501314220120131638                
0120121111  4  2  5 20  0  0  0  1  0  0  0  0  3  1  4 10  1  0  0  1  1  0  0  0  0  0  1  0  2  0  2  6  1  0  0  5  1  1  2  9  1  0  1  0  1  0  1  1  1  1  2  8  1  0  1  8  2  1  2  4  2  0  1  6  1  0  3  6  6  4  6 42  0  0  0  0 13 16 19102  2  1  0 19 18 24 32306  8  5 12 5100401715710100071592                
0120121112  3  5  5  6  0  0  0  0  0  0  0  0  3  5  5  4  2  3  2  1  1  1  1  0  0  0  0  0  3  4  4  4  2  3  2  2  1  3  3  3  2  2  1  0  0  0  1  1  0  0  1  2  2  4  4  2  1  1  0  2  1  3  1  0  0  2  1  2  4 10  7128  1  4  2 43  6  4  5 37  4  7  6 68 12  9  7208  9 13 14 980170191664033000                    
0120121113  3  3  0 12  0  0  0  0  0  0  0  0  3  3  0 12  0  1  0  1  0  0  0  1  1  2  0  2  1  1  0  9  0  0  0  3  0  1  0  6  2  1  0  3  1  1  0  3  0  1  0  2  1  0  0  7  2  2  0  3  1  0  0  2  2  0  0  4 15 16  9 75  7  7  3 30 12 11 17110 16 12 17 60 42 48 37262 37 29 2019300901715430070181679                
0120121114  3  2  0 10  0  0  0  0  0  0  0  0  3  2  0 10  2  2  0  5  2  2  0  0  0  1  0  3  3  2  0  9  2  0  0  2  2  2  0  6  1  0  0  2  0  0  0  2  1  0  0  0  1  1  0  3  1  1  0  7  2  2  0  1  1  0  0  2 23 20 25138  5  4  4 18  7  4  3 35  2  0  1  7 23 30 31293  8  7  5 6500201416550120111655                
0120121201  1  0  0  7  0  0  0  0  0  0  0  0  1  0  0  4  1  0  0  0  1  0  0  0  0  0  0  1  1  0  0  3  0  0  0  2  0  0  0  3  1  0  0  1  0  0  0  0  1  0  0  1  0  0  0  3  0  0  0  3  1  0  0  1  0  0  0  3  0  0  0  0  0  0  0  0  4  3  1 27  0  0  0  2  0  7  2 56 14 20 14 670180121736000012                    
0120121202  1  0  0  7  0  0  0  0  0  0  0  0  1  0  0  7  1  0  0  0  1  0  0  0  0  0  0  1  1  0  0  6  0  0  0  1  1  0  0  6  0  0  0  1  0  0  0  0  1  0  0  1  0  0  0  2  0  0  0  4  1  0  0  2  0  0  0  2  3  2  0 21  3  2  0 21  1  3  0 17  0  0  0  1 20 10 17160  8  6  4 4401701117260100081450                
0120121203  0  4  5  8  0  0  0  0  2  0  0  1  0  4  4  4  0  0  0  0  0  0  0  0  0  0  0  0  0  4  4  4  0  0  0  2  0  3  4  2  0  1  0  1  0  0  0  1  0  2  1  0  0  2  2  7  0  0  2  1  0  2  2  1  0  2  1  1  2  2  2 19  2  2  2 19  3  6  3 21  0  1  0 13 16 20 17181  0  0  1  502302015380120131803                
0120121204  1  1  1  1  0  0  0  0  0  0  0  0  1  1  1  1  0  0  0  0  0  0  0  0  0  0  0  0  0  1  1  0  0  0  0  0  1  0  0  1  0  1  1  0  0  0  0  0  0  1  0  0  1  0  1  0  0  0  0  1  0  0  0  0  0  1  1  0  4  4  4 18  4  4  4 18  5  3  5 19 31 26 21149 12 23 11154 27 21 24 8902200917710060111706                
0120121205  1  0  0  9  0  0  0  0  0  0  0  0  1  0  0  8  0  0  0  0  0  0  0  0  0  0  0  1  1  0  0  1  0  0  0  0  0  0  0  4  1  0  0  2  0  0  0  2  1  0  0  3  0  0  0  5  0  0  0  1  1  0  0  1  1  0  0  3  0  0  0  0  0  0  0  0  4  4  3 40  0  0  0  1 18 24 32306  1  0  1 2501600818920250151810                
0120121206  1  2  2 11  0  0  0  0  0  0  0  0  0  0  0  2  0  0  0  1  0  0  0  1  0  0  0  0  0  0  0  1  0  0  0  2  0  0  0  2  0  0  0  0  0  0  0  0  0  2  1  3  1  0  1  2  0  0  0  6  0  0  1  3  0  1  0  3  1  2  3 11  1  2  3 11  2  1  1 53  6  6  4 46 23 30 31293  4  8  6 4501801618900200201600                
0120121207  1  0  0  8  0  0  0  0  0  0  0  0  1  0  0  6  1  0  0  0  1  0  0  0  0  0  0  2  1  0  0  3  0  0  0  0  0  0  0  6  1  0  0  0  0  0  0  0  0  0  0  3  1  0  0  3  0  0  0  2  1  0  0  2  1  0  0  2  1  0  0  2  1  0  0  2  0  0  1 16  0  0  0 10  6 15 19269  7  7  61720180161890000000                    
0120121208  1  1  0  7  0  0  0  0  0  0  0  0  1  1  0  7  0  0  0  0  0  0  0  0  0  0  0  0  1  1  0  3  0  0  0  0  1  0  0  5  0  1  0  1  0  0  0  1  0  0  0  2  1  0  0  1  0  1  0  4  0  0  0  1  0  0  0  4  1  0  0  7  1  0  0  7  0  0  0  0  0  0  0  1  9  5  4 81  0  0  0  60250151810000000                    
0120121209  1  1  0  1  0  0  0  0  0  0  0  0  1  1  0  1  0  0  0  0  0  0  0  0  0  0  0  0  0  0  0  1  0  0  0  0  1  1  0  1  0  0  0  0  0  0  0  0  0  1  0  0  0  0  0  1  1  0  0  0  0  0  0  0  1  0  0  0  2  3  2 29  2  3  2 29 13  4  2 40  6  4  7 41 27 30 36216 43 23 15 9401501513610110181492                
0120121210  1  0  1 11  0  0  0  0  0  0  0  0  1  0  0 10  0  0  0  0  0  0  0  0  0  0  0  0  0  0  0  6  0  0  0  1  1  0  0  5  0  0  0  3  0  0  0  2  0  0  0  4  1  0  0  3  0  0  1  4  1  0  0  3  0  0  0  3  0  0  0  9  0  0  0  9  1  1  3 23  2  1  0 24  4  7  8165  5  2  5 820160151433000000                    
0120121211  1  0  1 15  0  0  0  0  0  0  0  0  1  0  1 13  0  0  0  0  0  0  0  0  0  0  0  1  1  0  0  7  0  0  0  1  1  0  1  8  0  0  0  3  0  0  0  2  0  0  0  4  0  0  1  4  1  0  0  7  0  0  0  2  0  0  0  2  1  0  2 23  1  0  2 23  5  2  6 65  0  0  1  6 18 19 26306 16 20 1526401401016450100071692                
0420220101  0  0  0  1  0  0  0  0  0  0  0  0  0  0  0  1  0  0  0  0  0  0  0  0  0  0  0  0  0  0  0  0  0  0  0  1  0  0  0  0  0  0  0  0  0  0  0  1  0  0  0  1  0  0  0  0  0  0  0  0  0  0  0  1  0  0  0  0 28 24 23241  4  1  0 20  1  2  2 16  0  2  0  8 35 41 47407  0  2  1  4000006    0130131674                
0420220102  0  1  0  0  0  0  0  0  0  0  0  0  0  1  0  0  0  0  0  0  0  0  0  0  0  0  0  0  0  0  0  0  0  1  0  0  0  0  0  0  0  0  0  0  0  1  0  0  0  1  0  0  0  0  0  0  0  0  0  0  0  1  0  0  0  1  0  0 40 39 35393  0  0  0  0  5 10 10 58  4  9 14106 16 17 23249 43 38 4440602400015660180161507                
0420220103  0  1  0  0  0  0  0  0  0  0  0  0  0  1  0  0  0  0  0  0  0  0  0  0  0  0  0  0  0  1  0  0  0  0  0  0  0  0  0  0  0  0  0  0  0  1  0  0  0  1  0  0  0  0  0  0  0  0  0  0  0  0  0  0  0  0  0  0  4  4  7140  2  0  0 16 29 30 24313  9  5  5 35  3 10 12182 15 16 11 7500805016000090061463                
0420220104  0  0  0  1  0  0  0  0  0  0  0  0  0  0  0  1  0  0  0  0  0  0  0  0  0  0  0  0  0  0  0  0  0  0  0  1  0  0  0  0  0  0  0  0  0  0  0  1  0  0  0  0  0  0  0  1  0  0  0  0  0  0  0  1  0  0  0  0  2  5  6175  0  0  0 14  0  0  1 21  1  2  1 65  5  7  7197  0  0  0  401201518060210181666                
0420220105  0  0  0  1  0  0  0  0  0  0  0  0  0  0  0  1  0  0  0  0  0  0  0  0  0  0  0  0  0  0  0  0  0  0  0  0  0  0  0  0  0  0  0  0  0  0  0  1  0  0  0  1  0  0  0  0  0  0  0  0  0  0  0  1  0  0  0  0  3  2  3 49  0  0  1  5  0  1  0 11  0  1  0  3  5  6  6 97  0  1  0 4000701414380120111683                
0420220106  0  0  0  2  0  0  0  0  0  0  0  0  0  0  0  2  0  0  0  1  0  0  0  0  0  0  0  0  0  0  0  1  0  0  0  2  0  0  0  0  0  0  0  2  0  0  0  0  0  0  0  0  0  0  0  2  0  0  0  0  0  0  0  1  0  0  0  1  5  9 10226  0  3  3 28  2  1  2 23 98 13  1201 23 23 34379  2  4  3 3001601514330080122036                
0420220107  0  0  0  1  0  0  0  0  0  0  0  0  0  0  0  1  0  0  0  0  0  0  0  0  0  0  0  0  0  0  0  0  0  0  0  1  0  0  0  0  0  0  0  1  0  0  0  0  0  0  0  1  0  0  0  0  0  0  0  0  0  0  0  1  0  0  0  0  5 12 11143  1  0  3 16  2  3  2 16  0  2  3  6  5 10 12153  7 19 1229701300013000100081524                
0420220108  0  0  1  0  0  0  0  0  0  0  0  0  0  0  1  0  0  0  0  0  0  0  0  0  0  0  0  0  0  0  0  0  0  0  1  0  0  0  0  0  0  0  1  0  0  0  0  0  0  0  1  0  0  0  0  0  0  0  0  0  0  0  1  0  0  0  0  0  5  8  3167  2  0  0 13  2  1  2 21  1  2  2 18  7  2  8136  8 12 1414601200013000120171586                
0420220109  0  0  0  1  0  0  0  0  0  0  0  0  0  0  0  1  0  0  0  0  0  0  0  0  0  0  0  0  0  0  0  0  0  0  0  0  0  0  0  0  0  0  0  1  0  0  0  0  0  0  0  0  0  0  0  0  0  0  0  1  0  0  0  1  0  0  0  1 13 16 11277  1  1  0 16 11 14 13185  0  0  0  1 10 22 11192  0  0  0  901701918320070151600                
0420220110  0  0  0  1  0  0  0  0  0  0  0  0  0  0  0  1  0  0  0  0  0  0  0  0  0  0  0  0  0  0  0  0  0  0  0  1  0  0  0  0  0  0  0  0  0  0  0  1  0  0  0  1  0  0  0  0  0  0  0  0  0  0  0  1  0  0  0  0  2  2  6207  0  0  0 20  0  2  0 32  0  0  0  1 10 10 14398  0  0  0  10040111366000005                    
0420220111  0  0  0  1  0  0  0  0  0  0  0  0  0  0  0  0  0  0  0  0  0  0  0  0  0  0  0  0  0  0  0  0  0  0  0  0  0  0  0  0  0  0  0  0  0  0  0  0  0  0  0  0  0  0  0  0  0  0  0  1  0  0  0  1  0  0  0  0 32 45 43390  0  0  0  1  1  0  0  9 62 58 56517 22 22 21268  1  1  1 1801601517080120151617                
0420220112  0  0  0  2  0  0  0  0  0  0  0  0  0  0  0  2  0  0  0  1  0  0  0  0  0  0  0  0  0  0  0  0  0  0  0  1  0  0  0  2  0  0  0  0  0  0  0  0  0  0  0  1  0  0  0  0  0  0  0  1  0  0  0  0  0  0  0  1 52 54 53278  2  1  0  7  0  2  2  7  1  6  0 22 31 23 20145  1  0  2 2802400015660150091453                
0420220113  0  0  0  1  0  0  0  0  0  0  0  0  0  0  0  1  0  0  0  0  0  0  0  0  0  0  0  0  0  0  0  1  0  0  0  1  0  0  0  0  0  0  0  0  0  0  0  1  0  0  0  1  0  0  0  0  0  0  0  0  0  0  0  0  0  0  0  0 19 17 16160  0  0  1  5  0  1  2 11  0  0  0  1 17 13 11119  0  0  0  102302015380120131803                
0420220114  0  0  0  1  0  0  0  0  0  0  0  0  0  0  0  1  0  0  0  0  0  0  0  0  0  0  0  0  0  0  0  0  0  0  0  1  0  0  0  0  0  0  0  1  0  0  0  0  0  0  0  0  0  0  0  1  0  0  0  0  0  0  0  1  0  0  0  0 29 19 34376  0  0  0  2  0  2  0 22  3  2  1 35 13 13 21262 21 24 1716502200917710100071692                
0420220201  0  2  1  3  0  0  0  0  0  0  0  0  0  2  1  3  0  0  1  1  0  0  0  0  0  0  0  1  0  2  0  3  0  1  0  0  0  2  1  1  0  0  0  1  0  0  0  1  0  1  0  0  0  1  1  0  0  0  0  3  0  0  0  0  0  0  0  2  2  3  4 70  0  0  0  7  0  2  2  6  0  1  0  0  5  6  6 97  1  2  4 310070141438000026                    
0420220202  0  0  0  3  0  0  0  0  0  0  0  0  0  0  0  3  0  0  0  0  0  0  0  0  0  0  0  0  0  0  0  1  0  0  0  0  0  0  0  0  0  0  0  2  0  0  0  1  0  0  0  0  0  0  0  1  0  0  0  2  0  0  0  0  0  0  0  1  0  0  3 27  0  0  0  0  0  0  0  0  0  0  0  0  0  0  0  9 11 13 14 7801300816120120131684                
0420220203  0  0  0  2  0  0  0  0  0  0  0  0  0  0  0  2  0  0  0  2  0  0  0  0  0  0  0  0  0  0  0  0  0  0  0  0  0  0  0  2  0  0  0  0  0  0  0  0  0  0  0  0  0  0  0  0  0  0  0  2  0  0  0  0  0  0  0  1  1  5  2 48  0  1  0  6  9  9  7213  0  0  0  6  9  7  5127  3  2  0 280250151810000000                    
0420220204  0  0  0  5  0  0  0  0  0  0  0  0  0  0  0  4  0  0  0  2  0  0  0  0  0  0  0  1  0  0  0  1  0  0  0  1  0  0  0  3  0  0  0  1  0  0  0  0  0  0  0  5  0  0  0  0  0  0  0  0  0  0  0  2  0  0  0  2  4  4  7124  0  0  1 12  1  0  3 70  0  0  0 24  3 10 12182 14 25 2447601600818920120111660                
0420220205  0  1  0  4  0  0  0  0  0  0  0  0  0  0  0  1  0  0  0  0  0  0  0  0  0  0  0  0  0  0  0  0  0  0  0  0  0  0  0  1  0  0  0  0  0  0  0  0  0  0  0  2  0  1  0  0  0  0  0  2  0  0  0  0  0  0  0  0  2  1  3 70  1  0  0  7  1  1  3 11  2  1  1 16  6  8  4 81  0  1  1 160180201702000000                    
0420220206  0  1  0  3  0  0  0  0  0  0  0  0  0  1  0  3  0  0  0  0  0  0  0  0  0  0  0  0  0  0  0  1  0  0  0  0  0  1  0  1  0  0  0  2  0  0  0  0  0  0  0  1  0  1  0  1  0  0  0  1  0  0  0  0  0  0  0  1 43 40 35348  3  0  4 23  3  2  0  7 10 18 23132 28 27 23245  1  2  0 2102302015380180161507                
0420220207  0  0  0  5  0  0  0  0  0  0  0  0  0  0  0  5  0  0  0  1  0  0  0  0  0  0  0  1  0  0  0  0  0  0  0  1  0  0  0  3  0  0  0  1  0  0  0  1  0  0  0  0  0  0  0  1  0  0  0  4  0  0  0  1  0  0  0  3  5  5  6131  0  0  0  3  1  2  2 14  4  2  3 51 11 15 12197  1  1  0 3401901418550100071825                
0420220208  0  0  2  6  0  0  0  0  0  0  0  0  0  0  2  6  0  0  0  2  0  0  0  0  0  0  0  0  0  0  0  1  0  0  1  2  0  0  2  4  0  0  0  2  0  0  0  0  0  0  2  2  0  0  0  2  0  0  0  2  0  0  1  2  0  0  1  5  6  8  6172  0  0  2 35  0  1  1 14  0  1  1  4  6  5  2154  4  7 10 5801701918320100081450                
0420220209  0  0  0  3  0  0  0  0  0  0  0  0  0  0  0  3  0  0  0  1  0  0  0  0  0  0  0  1  0  0  0  1  0  0  0  1  0  0  0  3  0  0  0  0  0  0  0  0  0  0  0  2  0  0  0  0  0  0  0  1  0  0  0  0  0  0  0  3  2 18 19290  0  1  1 22  2  0  2 23  0  0  0  1  7 13 14234  0  0  0  30130081612000000                    
0420220210  0  0  0  8  0  0  0  0  0  0  0  0  0  0  0  1  0  0  0  0  0  0  0  0  0  0  0  1  0  0  0  1  0  0  0  7  0  0  0  0  0  0  0  1  0  0  0  0  0  0  0  3  0  0  0  2  0  0  0  3  0  0  0  2  0  0  0  4 18 22 35314  1  1  2 23 16 16 19239  2  2  8 58 10 22 11192 21 25 2731401101217230100071692                
0420220211  0  1  0 10  0  0  0  0  0  0  0  0  0  1  0  9  0  1  0  4  0  0  0  0  0  0  0  1  0  1  0  7  0  1  0  4  0  1  0  4  0  0  0  1  0  0  0  4  0  0  0  3  0  0  0  6  0  1  0  1  0  0  0  0  0  0  0  2  7 10 16272  1  0  2 16  0  2  5 32  0  1  0  4 10 10 14398  0  1  1 2501401016450230261470                
0420220212  0  0  0  4  0  0  0  0  0  0  0  0  0  0  0  4  0  0  0  3  0  0  0  0  0  0  0  0  0  0  0  2  0  0  0  3  0  0  0  2  0  0  0  2  0  0  0  0  0  0  0  2  0  0  0  2  0  0  0  0  0  0  0  0  0  0  0  3 20 32 27325  3  5  4 23 35 22 16142  6  4  5 40 22 23 18230 11  6 11 2703102015580290051422                
0420220213  0  0  0  4  0  0  0  0  0  0  0  0  0  0  0  2  0  0  0  1  0  0  0  1  0  0  0  0  0  0  0  2  0  0  0  0  0  0  0  2  0  0  0  0  0  0  0  0  0  0  0  2  0  0  0  1  0  0  0  1  0  0  0  0  0  0  0  0 10  5 11230  0  0  0 22  2  1  0  7  0  0  0  0  7  2  8136  0  0  0  400900616660070172400                
0420220214  0  0  0  1  0  0  0  0  0  0  0  0  0  0  0  1  0  0  0  0  0  0  0  0  0  0  0  0  0  0  0  0  0  0  0  0  0  0  0  0  0  0  0  1  0  0  0  0  0  0  0  0  0  0  0  1  0  0  0  0  0  0  0  0  0  0  0  0  0  0  0 18  0  0  0  0  0  0  0  2  0  0  0  0  0  0  0  7  3  5  2 5203302513270180171830                
0420220215  0  1  1  3  0  0  0  0  0  0  0  0  0  1  1  2  0  0  0  2  0  0  0  0  0  0  0  1  0  1  0  0  0  0  0  0  0  1  1  2  0  0  0  0  0  0  0  0  0  1  0  0  0  0  1  2  0  0  0  1  0  0  0  0  0  1  0  1 13 15 22213  0  0  0  2 13  7  6 45 32 35 19258 16 17 23249 10 12  6 9402302015380140101709                
0420220216                                                                                                                                                                                                              7 10  7 89  0  0  0  4 14 11  7 88  0  0  0  6  7  3  6 52  4  1  1 1002501518100190191831                
0420220217  0  0  0  1  0  0  0  0  0  0  0  0  0  0  0  1  0  0  0  1  0  0  0  0  0  0  0  0  0  0  0  1  0  0  0  1  0  0  0  1  0  0  0  0  0  0  0  0  0  0  0  0  0  0  0  1  0  0  0  0  0  0  0  0  0  0  0  0 10  6 10185  1  2  0 25  9  7  7 90 18 10 13143  5 10 12153  4  7 10 5801901418550120131803                
0420220218  0  0  0  4  0  0  0  0  0  0  0  0  0  0  0  4  0  0  0  0  0  0  0  0  0  0  0  0  0  0  0  0  0  0  0  1  0  0  0  2  0  0  0  2  0  0  0  0  0  0  0  0  0  0  0  2  0  0  0  2  0  0  0  0  0  0  0  1  4  6 10 57  1  1  0  5  0  3  1 15  4  4  4 30 12 12 21133  1  2  2 1002200917710160171769                
0420220301  0  0  0  2  0  0  0  0  0  0  0  0  0  0  0  2  0  0  0  0  0  0  0  0  0  0  0  0  0  0  0  0  0  0  0  0  0  0  0  2  0  0  0  0  0  0  0  0  0  0  0  1  0  0  0  0  0  0  0  1  0  0  0  0  0  0  0  1 14 14 20200  3  5  3 26  0  0  0  2  0  0  0  1  6  8  4 81  4  8  8 6300902114500120111595                
0420220302  0  0  0  2  0  0  0  0  0  0  0  0  0  0  0  2  0  0  0  1  0  0  0  0  0  0  0  0  0  0  0  0  0  0  0  0  0  0  0  2  0  0  0  0  0  0  0  0  0  0  0  0  0  0  0  0  0  0  0  2  0  0  0  0  0  0  0  0  3  4  5134  1  2  1 20  0  2  4 38  0  0  0  2  3  3  5134  3  1  0 2300401614870070131651                
0420220303  0  0  0  4  0  0  0  0  0  0  0  0  0  0  0  3  0  0  0  0  0  0  0  0  0  0  0  0  0  0  0  3  0  0  0  3  0  0  0  3  0  0  0  0  0  0  0  0  0  0  0  0  0  0  0  3  0  0  0  1  0  0  0  0  0  0  0  2  3  5  3156  3  1  2 19  9  7  7170  2  1  1 33  3  6  9182  0  0  0  400501314220200151421                
0420220304  0  0  0  5  0  0  0  0  0  0  0  0  0  0  0  5  0  0  0  0  0  0  0  0  0  0  0  1  0  0  0  2  0  0  0  0  0  0  0  3  0  0  0  0  0  0  0  2  0  0  0  4  0  0  0  0  0  0  0  1  0  0  0  0  0  0  0  2  8 11 19279  1  3  4 54  0  0  0  2  0  0  0  1  7  2  8136  0  1  0 100070191530000000                    
0420220305  0  0  2  4  0  0  0  0  0  0  0  0  0  0  2  2  0  0  0  0  0  0  0  0  0  0  0  1  0  0  2  2  0  0  1  2  0  0  1  0  0  0  1  2  0  0  0  0  0  0  0  3  0  0  1  0  0  0  1  1  0  0  0  2  0  0  2  3 24 21 22306  9  2  7 50 29 30 24313  3  3  1 10  3 10 12182  5  3  4 2102200916920060111530                
0420220306                                                                                                                                                                                                              3  5  3 83  0  1  1  9  9 14 20455  1  1  4 40  0  0  3 42  1  1  4 5701101215930100071592                
0420220307  0  2  2  6  0  0  0  0  0  0  0  0  0  2  2  6  0  1  1  1  0  0  0  0  0  0  1  3  0  0  0  0  0  0  0  1  0  1  1  2  0  0  0  1  0  1  1  3  0  1  1  1  0  0  1  4  0  1  0  1  0  0  0  1  0  0  0  4 46 45 43374  0  2  0  5 20 18 17 87  0  0  0  1 22 22 21268  0  1  2  10140161365000000                    
0420220308  0  0  0  3  0  0  0  0  0  0  0  0  0  0  0  2  0  0  0  1  0  0  0  1  0  0  0  1  0  0  0  1  0  0  0  1  0  0  0  2  0  0  0  0  0  0  0  0  0  0  0  0  0  0  0  1  0  0  0  2  0  0  0  0  0  0  0  2 44 29 44216  2  1  3 11  5  3  1  9  0  1  0  9 30 26 25245  2  5  6 8701101215930130081658                
0420220309  0  0  0  3  0  0  0  0  0  0  0  0  0  0  0  3  0  0  0  0  0  0  0  0  0  0  0  0  0  0  0  1  0  0  0  0  0  0  0  1  0  0  0  1  0  0  0  1  0  0  0  1  0  0  0  2  0  0  0  0  0  0  0  0  0  0  0  1 17 13 15299  1  2  4 30  2  1  3 86  0  1  1 11 10 10 14398  2  0  2 4400400916410130131529                
0420220310  0  0  0  3  0  0  0  0  0  0  0  0  0  0  0  2  0  0  0  0  0  0  0  0  0  0  0  0  0  0  0  0  0  0  0  0  0  0  0  1  0  0  0  0  0  0  0  1  0  0  0  2  0  0  0  0  0  0  0  1  0  0  0  0  0  0  0  0 31 35 28370  1  0  0  2  8 13 10105  0  3  0  4 13 13 21262  2  6  2 1400902114500000061387                
0420220311  0  0  0  2  0  0  0  0  0  0  0  0  0  0  0  2  0  0  0  1  0  0  0  1  0  0  0  1  0  0  0  1  0  0  0  0  0  0  0  1  0  0  0  0  0  0  0  1  0  0  0  0  0  0  0  1  0  0  0  1  0  0  0  0  0  0  0  0  6  7  9166  1  0  1  8  1  2  4 61  0  0  0  1  1  2  6114  0  0  0  900301712640110071582                
0420220312  0  1  1  2  0  0  0  0  0  0  0  0  0  1  1  1  0  1  1  1  0  0  0  0  0  0  1  0  0  0  0  0  0  0  0  2  0  1  0  0  0  0  1  1  0  0  0  0  0  0  0  1  0  0  1  1  0  1  0  0  0  0  0  2  0  1  1  0 45 50 51378  0  1  0  1 29 24 30193  0  0  0  3 16 17 23249  1  1  6 2901202016470120151563                
0420220313  0  2  3  2  0  0  0  0  0  0  0  0  0  2  3  2  0  2  3  1  0  0  0  0  0  0  1  0  0  0  0  0  0  1  0  0  0  0  1  0  0  1  0  1  0  1  2  1  0  1  0  0  0  1  3  0  0  0  0  2  0  1  0  0  0  0  0  1  1  3  3 48  0  0  0  0  0  1  0  1  1  1  0  1  0  0  0  9  1  4  4 120130131346000000                    
0420220314  0  1  2  2  0  0  0  0  0  0  0  0  0  1  2  2  0  0  1  0  0  0  0  0  0  0  0  0  0  0  0  0  0  0  1  0  0  0  1  2  0  0  0  0  0  1  1  0  0  0  0  0  0  0  0  0  0  1  2  2  0  1  1  0  0  1  0  1 56 60 43370  0  1  0  0 11  5  4 51  0  1  1 11 39 32 23270  9 10 1612101701916640090151180                
0420220315  0  0  0  5  0  0  0  0  0  0  0  0  0  0  0  5  0  0  0  2  0  0  0  0  0  0  0  1  0  0  0  2  0  0  0  0  0  0  0  5  0  0  0  0  0  0  0  0  0  0  0  3  0  0  0  2  0  0  0  0  0  0  0  0  0  0  0  1 34 40 25409 14 10 10 83  0  0  0  2  0  0  0 27  6  5  2154  3  4  0 4700801614530110121740                
0420220401  0  1  2  0  0  0  0  0  0  0  0  0  0  1  2  0  0  0  1  0  0  0  0  0  0  0  0  0  0  1  1  0  0  1  1  0  0  0  2  0  0  1  0  0  0  0  0  0  0  1  0  0  0  0  1  0  0  0  1  0  0  0  0  0  0  0  0  0  0  0  1 11  0  0  0  0  0  1  1 12  1  1  2 41  2  0  1 26  0  1  3  201802017020120111660                
0420220402  0  0  0  2  0  0  0  0  0  0  0  0  0  0  0  2  0  0  0  1  0  0  0  0  0  0  0  0  0  0  0  1  0  0  0  1  0  0  0  1  0  0  0  1  0  0  0  0  0  0  0  1  0  0  0  0  0  0  0  1  0  0  0  0  0  0  0  1  0  2  4 83  0  0  0  2  0  2  1  4  0  0  0  1 11 18  7157 11  4 10 570250151810000000                    
0420220403  0  0  0 12  0  0  0  0  0  0  0  0  0  0  0 10  0  0  0  0  0  0  0  0  0  0  0  1  0  0  0  0  0  0  0  0  0  0  0  7  0  0  0  2  0  0  0  1  0  0  0  3  0  0  0  4  0  0  0  5  0  0  0  1  0  0  0  5  0  1  1 25  0  0  0  0  2  0  0  8  0  0  0  1  4  9  6 92  0  0  0  501401614950070151500                
0420220404  0  0  0  2  0  0  0  0  0  0  0  0  0  0  0  1  0  0  0  1  0  0  0  0  0  0  0  0  0  0  0  0  0  0  0  0  0  0  0  0  0  0  0  1  0  0  0  0  0  0  0  0  0  0  0  1  0  0  0  1  0  0  0  0  0  0  0  1  3  5  8 94  0  0  0  1  0  0  1  9  0  0  0  0  5  5  2 94  0  0  0  201300818080070172133                
0420220405  0  0  0  2  0  0  0  0  0  0  0  0  0  0  0  2  0  0  0  2  0  0  0  0  0  0  0  0  0  0  0  1  0  0  0  2  0  0  0  1  0  0  0  0  0  0  0  1  0  0  0  0  0  0  0  2  0  0  0  0  0  0  0  0  0  0  0  2 11  7 11132  1  0  2 10 35 22 16142  0  0  0  9 22 23 18230  0  0  0  401901418550250151810                
0420220406  0  0  1  8  0  0  0  0  0  0  0  0  0  0  1  2  0  0  0  0  0  0  0  0  0  0  0  4  0  0  0  0  0  0  0  0  0  0  0  2  0  0  0  0  0  0  1  0  0  0  0  3  0  0  0  4  0  0  1  1  0  0  1  0  0  0  0  3 21 26 21151  1  2  0  3  0  0  0  1  1  3  2 22 28 27 23245  5  4  1 4601801618900180171830                
0420220407  0  0  0  5  0  0  0  0  0  0  0  0  0  0  0  3  0  0  0  1  0  0  0  0  0  0  0  1  0  0  0  0  0  0  0  3  0  0  0  3  0  0  0  0  0  0  0  0  0  0  0  2  0  0  0  1  0  0  0  2  0  0  0  0  0  0  0  3  4  1  6 84  0  0  0  0  0  1  4 40  0  0  0  3  4  7  8155  0  0  0  501301313860080171865                
0420220408  0  0  0  1  0  0  0  0  0  0  0  0  0  0  0  0  0  0  0  0  0  0  0  0  0  0  0  0  0  0  0  0  0  0  0  1  0  0  0  0  0  0  0  0  0  0  0  0  0  0  0  0  0  0  0  1  0  0  0  0  0  0  0  0  0  0  0  0 14 11 13114  1  0  1  3  3  4  3 13  3  3  1 32 12 12 21133  2  2  5 3101901418550170131948                
0420220409  0  4  1  4  0  0  0  0  0  0  0  0  0  4  1  4  0  4  1  4  0  0  0  0  0  0  0  0  0  0  0  2  0  2  0  0  0  4  1  2  0  0  0  1  0  0  0  1  0  2  0  2  0  1  1  1  0  1  0  1  0  1  1  0  0  3  0  0 52 58 31 93  0  0  0  0  6  7  6 26 86 67 52273 28 24 23105  9  9  6 3501901418550060111706                
0420220410                                                                                                                                                                                                             24 25 27224  0  0  0  1  0  0  0  4  9 12 16102 22 22 21268  4  3  2 5401801015020130122100                
0420220411  0  0  1  2  0  0  0  0  0  0  0  0  0  0  1  2  0  0  1  1  0  0  0  0  0  0  0  0  0  0  0  0  0  0  0  0  0  0  1  1  0  0  0  1  0  0  0  0  0  0  0  1  0  0  1  1  0  0  0  0  0  0  0  0  0  0  1  0 53 40 28112  3  0  0  5  2  3  4 14 82 53 49256 32 31 28134  4  5  8 3701701217660190191831                
0420220412  0  3  3  2  0  0  0  0  0  0  0  0  0  3  3  2  0  2  1  1  0  0  0  0  0  0  0  0  0  2  3  1  0  0  1  0  0  2  2  2  0  1  0  0  0  0  1  0  0  2  1  1  0  1  2  1  0  0  0  0  0  0  0  0  0  1  0  0 33 37 26129  2  0  1  9 16 15 18 89  2  2  1  8 57 42 37186  0  3  3  201600818920190191831                
0420220413                                                                                                                                                                                                             19 16 18118  1  1  3  6 47 24 22212  3  1  2 22 18 15 29260  1  0  2  50250151810000003                    
0420220414  0  0  2  7  0  0  0  0  0  0  0  0  0  0  2  6  0  0  2  5  0  0  0  0  0  0  0  1  0  0  1  3  0  0  0  0  0  0  0  4  0  0  0  1  0  0  2  1  0  0  1  3  0  0  0  1  0  0  1  3  0  0  0  0  0  0  0  1 20  8 20158  0  0  1  8 13  7 11 72  1  2  0  3 35 41 47407  0  0  2 1001000814540080171865                
0420220415  0  0  0 10  0  0  0  0  0  0  0  0  0  0  0  7  0  0  0  2  0  0  0  0  0  0  0  0  0  0  0  6  0  0  0  0  0  0  0  6  0  0  0  1  0  0  0  0  0  0  0  4  0  0  0  5  0  0  0  1  0  0  0  3  0  0  0  0  1  1  0 40  1  0  0  6  4  4 10172  0  0  0 12  3  6  9182  0  0  0 3501701918320120171586                
0420220416  0  0  0  2  0  0  0  0  0  0  0  0  0  0  0  2  0  0  0  0  0  0  0  0  0  0  0  0  0  0  0  2  0  0  0  1  0  0  0  1  0  0  0  1  0  0  0  0  0  0  0  1  0  0  0  1  0  0  0  0  0  0  0  0  0  0  0  1  2  5  7 51  0  0  1  3  0  1  1  3  2  2  2 19  5  6  6 97  9  9 13 7901701918320120151617                
0420220417                                                                                                                                                                                                              9  5  3 80  2  0  0  0  1  0  0  2  0  0  0  0  7  3  6 52  2  3  1 180180161890000000                    
0420220418  0  0  0  2  0  0  0  0  0  0  0  0  0  0  0  1  0  0  0  0  0  0  0  0  0  0  0  1  0  0  0  0  0  0  0  0  0  0  0  1  0  0  0  0  0  0  0  0  0  0  0  1  0  0  0  0  0  0  0  1  0  0  0  0  0  0  0  1  1  1  2 66  0  0  0  0  0  0  0  0  0  0  0 10  3  1  0 68  0  1  1 3601501017860120171586                
0420220501                                                                                                                                                                                                             51 55 56268  0  0  0  1  2  1  6  9  3  5  6 23 21 13 24122  1  0  0 2201101316820120131835                
0420220502                                                                                                                                                                                                             39 40 42349  3  2  1 20 35 22 16142  1  0  0  3 22 23 18230  1  1  1  302400015660080002600                
0420220503                                                                                                                                                                                                             35 43 44291  2  4  3 21 47 24 22212  7  3  4 36 18 15 29260 12  1  5 4202302015380100071825                
0420220504                                                                                                                                                                                                             20 38 40430  0  2  1 35  1  1  3 55 15 81 78207 23 23 34379 16 15 2117501901418550120151806                
0420220505                                                                                                                                                                                                             73 50 58265  1  8  0 14 11 14 12 40  0  0  0  0 57 42 37186  2  3  3 2501701117260140101709                
0420220506                                                                                                                                                                                                             78 70 65281  1  2  1  6 34 29 19 73  3  2  2 22 31 23 20145 13  6 15 5702501518100410001466                
0420220507                                                                                                                                                                                                             56 78 64506  0  0  1  3 15 18 13 96  2  4  2 26 22 22 21268 45 37 3024001701117260160171769                
0420220508                                                                                                                                                                                                             49 54 53528  0  0  0  0  0  0  0  1  0  0  0  0 16 17 23249  0  0  0  302400015660120171586                
0420220509                                                                                                                                                                                                             10 98 26320  0  1  0  0 33 22 20 79 91 55 33217 28 24 23105 32 18 1614601901918310120001200                
0420220510                                                                                                                                                                                                             67 77 69498  0  0  1  0  2  4  0 22  0  0  0  2 39 32 23270  1  5  0  901801618900070181616                
0420220511                                                                                                                                                                                                              1  1  0 46  0  0  0  2  4  3  4111  4  4  3 51  0  0  3 42 10 12  922801101217020070131500                
0420220512                                                                                                                                                                                                             10 95 85621  9  2  1  9  7  4  3 24 21 16 10 45 32 31 28134 37 35 2921801901918310180161890                
0420220513                                                                                                                                                                                                              4  2  5138  0  0  0 10  2  2  3 67  1  0  0  8 12 11 11210  4  3  1 2902703316500110071891                
0420220601                                                                                                                                                                                                              5  9 10226  0  3  3 28  1  0  1 24 15 81 78207 23 23 34379  4  0  4 5201401016450220141880                
0420220602                                                                                                                                                                                                             52 54 53278  2  1  0  7  5  1  6 21 12  4  9 46 31 23 20145 12 21 221240180161507000000                    
0420220603                                                                                                                                                                                                              3  2  3 49  0  0  1  5  3  2  2 14  0  0  0  2  5  6  6 97  0  0  0  301401813650140101709                
0420220604                                                                                                                                                                                                             63 34 32182  3  3  1  8  1  4  4 12  0  0  0  0 32 31 28134  0  0  0  001001014250180161890                
0420220605                                                                                                                                                                                                              7  8 10163  0  1  3 27  2  0  0 25  2  4  2 24  6  5  2154  1  2  4 2502302015380180161507                
0420220606                                                                                                                                                                                                             15 18 13148  2  3  4 17  6  5  6 31  4  4  5 19 21 14 17269  9 10 1611800900814840120001200                
0420220607                                                                                                                                                                                                             60 41 38355  0  0  0  1  9 11  6 71  3  2  0  6 39 32 23270  1  2  1 1902200917710130131674                
0420220608                                                                                                                                                                                                              2  5  6175  0  0  0 14  0  0  0  3  1  1  0 13  5  7  7197  0  0  0  001300013000060111706                
0420220609                                                                                                                                                                                                             13 16 11277  1  1  0 16 16 16 19239  1  0  0  6 10 22 11192  2  0  0 250180161507000000                    
0420220610                                                                                                                                                                                                             65 60 38176  0  0  0  1 82 49 31138 86 67 52273 28 24 23105  4  1  1 220240181621000000                    
0420220611                                                                                                                                                                                                             44 44 37162  4  6  4 11 31 21 15 82  5  0  4 15 57 42 37186  9  3  6 6301601517080120141800                
0420220612                                                                                                                                                                                                             40 39 35393  0  0  0  0  0  0  0  4  0  0  0  0 16 17 23249  0  1  1 1302504312000080121438                
0420220613                                                                                                                                                                                                             28 24 23241  4  1  0 20  0  0  0  6  0  0  0  0 35 41 47407  0  0  0  001801015020180161507                
0420220614                                                                                                                                                                                                              4  4  7140  2  0  0 16  0  2  3 72  0  1  1 40  3 10 12182  1  1  2 2400701516500090111872                
0420220615                                                                                                                                                                                                              3  4  6126  0  1  1 14 14 10  5120  5  1  0 41  8 11 10231  2  0  0 4201401115190080071200                
0420220701  0  1  0  7  0  0  0  0  0  0  0  0  0  1  0  4  0  1  0  2  0  0  0  0  0  0  0  2  0  0  0  2  0  0  0  0  0  0  0  3  0  1  0  0  0  0  0  1  0  1  0  5  0  0  0  1  0  0  0  1  0  0  0  1  0  1  0  1 24 16 23189  4  0  3 11  0  1  0  7  0  0  0  0  7  3  6 52  2  3  3 2501701115130180161686                
0420220702  0  1  1  1  0  0  0  0  0  0  0  0  0  1  1  1  0  0  0  0  0  0  0  0  0  1  0  0  0  1  1  1  0  1  1  1  0  0  1  1  0  0  0  0  0  1  0  0  0  0  0  0  0  0  0  1  0  1  1  0  0  0  0  0  0  0  0  0 41 60 56334  5  4  4 19  6  8  6 34  1  4  4 30 30 26 25245  9 10  4 440160151501000000                    
0420220703  0  0  0  5  0  0  0  0  0  0  0  0  0  0  0  3  0  0  0  1  0  0  0  0  0  0  0  0  0  0  0  2  0  0  0  4  0  0  0  1  0  0  0  0  0  0  0  2  0  0  0  1  0  0  0  2  0  0  0  2  0  0  0  0  0  0  0  2  7 10  6226  2  0  2 26  0  0  1 42  0  0  0  4  5  7  7197  0  0  0  501101215930090171543                
0420220704  0  0  0  1  0  0  0  0  0  0  0  0  0  0  0  1  0  0  0  0  0  0  0  0  0  0  0  0  0  0  0  1  0  0  0  0  0  0  0  1  0  0  0  0  0  0  0  0  0  0  0  0  0  0  0  0  0  0  0  1  0  0  0  0  0  0  0  0 73 50 58265  8  6  6 24  2  3  1 16  0  0  1  1 57 42 37186  0  0  0  10170121671000000                    
0420220705  0  0  0  3  0  0  0  0  0  0  0  0  0  0  0  0  0  0  0  0  0  0  0  0  0  0  0  0  0  0  0  0  0  0  0  0  0  0  0  0  0  0  0  0  0  0  0  0  0  0  0  0  0  0  0  2  0  0  0  1  0  0  0  0  0  0  0  0 49 54 53528  0  0  0  3  5  8  9 93 32 35 19258 16 17 23249  1  0  2 1001801616860120171587                
0420220706  0  0  0  1  0  0  0  0  0  0  0  0  0  0  0  1  0  0  0  0  0  0  0  0  0  0  0  0  0  0  0  1  0  0  0  0  0  0  0  1  0  0  0  0  0  0  0  0  0  0  0  1  0  0  0  0  0  0  0  0  0  0  0  0  0  0  0  0  3  3  3120  2  0  1 36  0  1  1 13  0  0  0  1  8  8 10227  0  0  1  701201516240280341406                
0420220707  0  3  0  5  0  0  0  0  0  0  0  0  0  3  0  3  0  3  0  2  0  1  0  0  0  0  0  0  0  1  0  0  0  1  0  1  0  0  0  2  0  3  0  0  0  0  0  1  0  1  0  2  0  2  0  3  0  0  0  0  0  0  0  0  0  1  0  2 19 33 26305  5  5  5 22  0  3  2 17  0  1  0 10 16 32 26287  0  3  0  501801217120090101653                
0420220708  0  0  0  5  0  0  0  0  0  0  0  0  0  0  0  3  0  0  0  0  0  0  0  0  0  0  0  1  0  0  0  0  0  0  0  3  0  0  0  0  0  0  0  0  0  0  0  3  0  0  0  2  0  0  0  0  0  0  0  3  0  0  0  1  0  0  0  2 15 13  8234  3  2  1 12  0  0  1 10  0  0  0  4 11 18  7157  0  0  0  501101215930000221860                
0420220709  0  1  3  3  0  0  0  0  0  0  0  0  0  1  3  2  0  0  0  1  0  0  0  0  0  0  0  0  0  1  3  1  0  0  0  0  0  1  2  1  0  0  1  0  0  0  0  1  0  0  1  1  0  1  1  1  0  0  1  1  0  0  0  0  0  0  2  2 67 77 69498  0  0  0  0  0  1  1 10  0  0  0  0 39 32 23270  0  2  4  901701216710170181425                
0420220710  0  0  0  2  0  0  0  0  0  0  0  0  0  0  0  1  0  0  0  0  0  0  0  0  0  0  0  0  0  0  0  0  0  0  0  0  0  0  0  1  0  0  0  0  0  0  0  0  0  0  0  1  0  0  0  1  0  0  0  0  0  0  0  0  0  0  0  2  8  7 17233  3  1  4 41  1  0  3 19  1  0  1  3  3 10 12182  4  2  3 6001100916890120101305                
0420220711  0  0  0  5  0  0  0  0  0  0  0  0  0  0  0  5  0  0  0  2  0  0  0  0  0  0  0  0  0  0  0  3  0  0  0  1  0  0  0  2  0  0  0  2  0  0  0  1  0  0  0  2  0  0  0  1  0  0  0  2  0  0  0  0  0  0  0  3 42 36 43302 10 11  7 35  2  5  7 64  1  1  0 29 21 14 17269  2  1  1 3400401114000080121546                
0420220712  0  0  0  4  0  0  0  0  0  0  0  0  0  0  0  0  0  0  0  0  0  0  0  0  0  0  0  1  0  0  0  0  0  0  0  4  0  0  0  0  0  0  0  0  0  0  0  0  0  0  0  3  0  0  0  1  0  0  0  0  0  0  0  0  0  0  0  1 10 95 85621  6  3  4  8  7  2  3 30 82 53 49256 32 31 28134 65 36 401990050121666007000                    
0420220713  0  0  0  3  0  0  0  0  0  0  0  0  0  0  0  3  0  0  0  2  0  0  0  0  0  0  0  0  0  0  0  0  0  0  0  2  0  0  0  1  0  0  0  1  0  0  0  1  0  0  0  1  0  0  0  1  0  0  0  1  0  0  0  0  0  0  0  0  6  9  4113  1  2  1 16  0  1  0  3  0  1  1  9  4  4  5128  0  0  0  400001318250060111530                
0420220714  0  0  0  2  0  0  0  0  0  0  0  0  0  0  0  1  0  0  0  0  0  0  0  0  0  0  0  0  0  0  0  0  0  0  0  0  0  0  0  0  0  0  0  0  0  0  0  1  0  0  0  1  0  0  0  0  0  0  0  1  0  0  0  0  0  0  0  1 16 20 17302  9  6  2 74  0  0  0  3  0  0  0  0  6  5  2154  0  0  0  201701216710150091495                
0420220715  0  0  1  1  0  0  0  0  0  0  0  0  0  0  1  1  0  0  1  0  0  0  0  0  0  0  0  0  0  0  0  1  0  0  0  0  0  0  0  1  0  0  1  0  0  0  0  0  0  0  0  0  0  0  1  0  0  0  0  1  0  0  0  0  0  0  0  0 17 17 17163  4  4  1 21  0  2  0  5  0  1  1  7  6  8  4 81  8 18  810701202016470060111530                
0420220801  1  1  2  8  0  0  0  0  0  0  0  0  1  1  2  8  1  1  1  5  0  0  0  1  0  0  1  1  1  0  2  5  0  0  0  1  1  0  1  6  0  0  0  2  0  1  1  0  0  0  0  4  0  0  1  3  1  1  1  1  1  1  0  0  1  0  0  2 24 22 22139  1  0  1  8  1  2  3 26  0  0  0  4 30 26 25245  1  2  2 5301501017860130031892                
0420220802  1  0  1  5  0  0  0  0  0  0  0  0  1  0  1  5  0  0  0  1  0  0  0  0  0  0  1  1  1  0  0  2  0  0  0  0  0  0  1  3  0  0  0  2  1  0  0  0  0  0  1  2  1  0  0  0  0  0  0  3  1  0  1  0  0  0  0  1 33 37 26129  5  2  1  9 27 21 18 71  1  2  1  7 57 42 37186  9  6  3 290180161507000000                    
0420220803  1  1  0  2  0  0  0  0  0  0  0  0  0  1  0  2  0  0  0  0  0  0  0  0  1  0  0  0  0  0  0  1  0  0  0  0  0  1  0  1  0  0  0  1  0  0  0  0  1  1  0  1  0  0  0  1  0  0  0  0  0  0  0  0  0  0  0  1 21 26 21151  2  2  2 11 10  8  7 57  0  0  0  0 28 27 23245  7  9  9 8801301313860120111660                
0420220804  0  0  0  8  0  0  0  1  6  1  2  3  0  0  0  2  0  0  0  0  0  0  0  0  0  0  0  0  0  0  0  1  0  0  0  1  0  0  0  2  0  0  0  0  0  0  0  0  0  0  0  1  0  0  0  4  0  0  0  3  0  0  0  0  0  0  0  5  2  2  3 75  0  0  1  3  1  1  1 36  0  0  0  1  7  2  8136  2  4  0 200140141789000003                    
0420220805  1  0  1  7  0  0  0  0  0  0  0  0  1  0  1  7  0  0  0  2  0  0  0  0  0  0  0  1  1  0  1  3  0  0  1  1  0  0  0  5  0  0  0  1  1  0  1  1  1  0  0  4  0  0  1  2  0  0  0  1  0  0  0  2  1  0  0  2  5  5  5131  1  0  2 17  0  0  1  8  2  3  1 16  9 10  9209  1  1  1 2701202015270250151810                
0420220806  1  0  0  0  0  0  0  0  0  0  0  0  1  0  0  0  1  0  0  0  0  0  0  0  0  0  0  0  0  0  0  0  0  0  0  0  0  0  0  0  1  0  0  0  0  0  0  0  0  0  0  0  1  0  0  0  0  0  0  0  0  0  0  0  0  0  0  0 11  7 11132  1  1  0  9  0  2  2  7 68 67 51330 22 23 18230  2  0  0 1601600818920180161507                
0420220807  1  2  4 13  0  0  0  0  0  0  0  0  1  2  3 11  0  0  1  6  0  0  0  0  0  0  2  4  0  0  1  2  0  0  0  0  0  2  2  8  1  0  0  3  0  0  1  0  0  1  0  3  0  1  3  5  1  0  1  5  1  1  0  3  1  2  1  8 53 40 28112  3  3  1  1  2  4  2 14 27  9  9 99 32 31 28134  1  2  4 1301401417890100071825                
0420220808  1  5  4  7  0  0  0  0  0  0  0  0  1  1  2  4  1  0  2  2  1  0  0  0  0  2  1  2  1  1  0  0  0  0  0  1  1  1  0  2  0  0  1  0  0  0  1  2  1  1  1  1  0  2  3  4  0  2  0  2  0  3  0  1  0  2  3  4  9  5  3 80  0  0  0  4  1  2  3  6  4  6  2 21  7  3  6 52  9 16 11 450180161890000011                    
0420220809  1  0  0  4  0  0  0  0  0  0  0  0  1  0  0  4  0  0  0  2  0  0  0  0  0  0  0  1  1  0  0  0  0  0  0  0  1  0  0  3  0  0  0  0  0  0  0  1  0  0  0  4  0  0  0  0  1  0  0  0  0  0  0  1  1  0  0  1  6  6  8131  2  0  0 16  4  5  2 34  0  0  0  0  6  5  2154  1  0  0  401401517200100071825                
0420220810  1  1  2  0  0  0  0  0  0  0  0  0  1  1  2  0  1  0  1  0  0  0  0  0  0  0  0  0  0  0  1  0  1  0  2  0  0  0  2  0  1  0  0  0  0  1  0  0  0  0  0  0  1  0  2  0  0  1  0  0  0  0  0  0  1  0  1  0 31 35 28154  1  0  0  4 21 18 21 81 21 16 21111 21 22 23196 17 22 16 8202501518100070181616                
0420220811  1  3  0  6  0  0  0  0  0  0  0  0  1  3  0  6  1  0  0  0  0  0  0  0  1  2  0  2  0  2  0  3  0  2  0  4  0  2  0  1  0  1  0  3  1  0  0  2  0  1  0  3  0  1  0  2  1  1  0  1  1  2  0  2  0  0  0  3 12 15 21188  0  1  1 12 14 25 22188 15 81 78207 23 23 34379 52 66 4748301701918320120151617                
0420220812  1  1  1 11  0  0  0  0  0  0  0  0  1  1  1 11  0  0  0  4  0  0  0  1  1  1  0  4  1  0  1  6  0  0  0  0  1  1  1  8  0  0  0  3  0  0  0  0  0  1  0  3  1  0  0  5  0  0  1  3  0  1  0  3  1  1  0  5  2  5  7 51  0  1  1  3  0  0  0  2  2  2  2 19  5  6  6 97  2  1  2  701701217660120151617                
0420220813  0  1  1 11  0  0  0  0  2  1  0  0  0  1  1  2  0  1  0  1  0  0  0  0  0  0  0  1  0  0  0  2  0  1  0  1  0  0  1  1  0  0  0  1  0  1  0  0  0  0  0  6  0  0  1  5  0  1  0  0  0  1  0  0  0  0  0  5  0  1  0  5  0  0  0  0  0  1  0  9  1  2  0  3  0  0  0  7  2  4  3 3301201014840100091320                
0420220814  1  0  1 11  0  0  0  0  0  0  0  0  1  0  1 11  1  0  1  7  0  0  0  0  0  0  0  0  0  0  0  2  0  0  0  0  0  0  1  8  1  0  0  1  0  0  0  2  1  0  0  5  0  0  1  5  0  0  0  1  0  0  0  2  0  0  0  7 14 11 13114  0  0  1  5  1  0  3 20  3 12  4 38 12 12 21133  3  1  3 3901101316820190191831                
0420220815  1  0  0  4  0  0  0  0  0  0  0  0  1  0  0  4  1  0  0  4  0  0  0  0  0  0  0  0  1  0  0  2  0  0  0  0  0  0  0  4  1  0  0  0  0  0  0  0  0  0  0  2  1  0  0  2  0  0  0  0  0  0  0  0  1  0  0  3 21 20 17130  0  0  0  1  0  0  0  0 13 17  8 88 21 13 24122  1  0  0 1802200917710130081808                
0420220816  1  0  1 10  0  0  0  0  0  0  0  0  1  0  1  9  0  0  1  4  0  0  0  0  0  0  0  2  1  0  1  6  0  0  1  3  1  0  1  7  0  0  0  2  0  0  0  0  0  0  1  1  0  0  0  5  1  0  0  4  0  0  0  0  1  0  0  1  4  5  6119  0  1  1 13  0  1  5 44  0  0  1  6 21 23 32349  1  0  1 1301401517200140101709                
0420220817  0  0  0  1  0  0  0  0  3  2  0 17  0  0  0  1  0  0  0  0  0  0  0  0  0  0  0  0  0  0  0  0  0  0  0  0  0  0  0  1  0  0  0  0  0  0  0  0  0  0  0  0  0  0  0  0  0  0  0  1  0  0  0  0  0  0  0  0  6  4  6109  0  0  0  0  0  0  0  5  0  0  0  4  5  4  6160  0  0  0  00180161890000000                    
0420220818  1  0  1  3  0  0  0  0  0  0  0  0  1  0  1  3  0  0  0  1  0  0  0  0  1  0  1  0  0  0  0  1  0  0  0  0  1  0  1  3  0  0  0  0  0  0  0  0  0  0  0  2  1  0  0  0  0  0  1  1  0  0  0  1  0  0  0  1  0  3  2 25  0  0  0  0  0  0  0  0  0  0  0  1  0  0  0  9 13  6 15 5701901418550130131674                
0420220901  2  1  1  9  0  0  0  0  0  0  0  0  2  1  1  9  1  0  0  5  1  0  0  0  1  1  0  4  1  1  1  5  0  0  0  0  2  0  0  9  0  0  1  0  0  1  0  0  2  0  0  6  0  1  0  0  0  0  1  3  0  0  0  2  1  1  1  2 49 64 48378  2  4  0 17 11 19  9 97  0  0  0  1 28 27 23245  4  2  2 3702302015380120151806                
0420220902  2  1  1  3  0  0  0  0  0  0  0  0  2  1  1  3  2  1  1  1  0  0  0  0  1  0  1  2  2  1  0  2  0  0  0  0  1  1  0  3  1  0  1  0  0  0  0  0  2  1  1  1  0  0  0  2  0  0  0  0  0  0  0  1  2  0  1  0 78 70 65281  1  2  1  6  2  0  1  4 81 49 43248 31 23 20145  5  3  4 130250151810000021                    
0420220903  2  1  2  3  0  0  0  0  0  0  0  0  2  1  2  3  1  0  1  1  0  0  0  0  1  0  0  0  1  0  0  0  0  0  0  1  2  1  2  1  0  0  0  1  0  0  0  1  1  1  0  2  1  0  1  1  0  0  1  0  0  0  0  0  1  1  1  1 24 16 23189  1  0  1  9 14 11  7 88  0  2  0 11  7  3  6 52 35 39 2410702501518100190191831                
0420220904  2  0  2  9  0  0  0  0  0  0  0  0  2  0  2  9  1  0  0  2  0  0  0  0  0  0  0  1  0  0  0  2  0  0  0  0  2  0  2  4  0  0  0  3  0  0  0  2  2  0  0  1  0  0  2  5  0  0  0  3  0  0  0  3  1  0  0  4 67 77 69498  0  0  1  0 12  7 10 92  8  6  6 58 39 32 23270 16 14 14 9001600818920060111706                
0420220905  3  7  9 16  0  0  0  0  0  0  0  0  3  7  9 16  0  2  2  3  0  0  0  1  1  1  2  2  2  2  2  6  0  0  0  1  3  6  8 15  0  1  1  1  0  0  0  0  1  1  9  6  1  4  0  5  1  2  0  5  0  1  1  4  1  3  7  1 15 10 13296  0  0  1 10 14 11 10191  0  2  0 12 10 10 14398  0  0  0  201000716920110061888                
0420220906  2  0  0  0  0  0  0  0  0  0  0  0  2  0  0  0  0  0  0  0  0  0  0  0  0  0  0  0  0  0  0  0  2  0  0  0  2  0  0  0  0  0  0  0  0  0  0  0  0  0  0  0  1  0  0  0  1  0  0  0  0  0  0  0  1  0  0  0 10 98 26320  0  1  0  0 33 22 20 79 91 55 33217 28 24 23105 32 18 1614602501518100120171586                
0420220907  2  2  0  0  0  0  0  0  0  0  0  0  2  2  0  0  0  0  0  0  0  0  0  0  1  1  0  0  1  0  0  0  0  0  0  0  1  1  0  0  1  1  0  0  0  0  0  0  1  1  0  0  1  1  0  0  0  0  0  0  1  1  0  0  1  1  0  0 35 43 44291  2  4  3 21 47 24 22212  4  1  2 10 18 15 29260 12  8  3 240240181621000000                    
0420220908  2  9  6 17  0  0  0  0  2  2  2  5  2  9  6 17  0  1  0  1  0  1  0  0  1  1  0  1  0  2  2  6  0  0  0  2  2  8  5 14  0  0  0  2  0  1  1  1  2  4  2 10  0  2  2  5  0  3  2  2  0  2  2  5  2  4  0  6  5  9 11190  0  0  0 14  2  3  2 16  0  1  0  5  5 10 12153  1  9  1 2401201318350330001200                
0420220909  2  2  1  1  0  0  0  0  0  0  0  0  2  2  1  1  0  0  1  0  0  0  0  0  0  0  0  0  1  2  0  0  0  0  0  0  2  2  0  1  0  0  1  0  0  0  0  0  0  0  1  0  1  2  0  1  1  0  0  0  0  0  0  0  0  1  1  1 38 24 26175  1  0  1  4  2  2  1 15  0  0  0  0 17 13 11119  5  3  4 2001801015020160081892                
0420221001  1  1  0 11  0  0  0  0  5  0  0  1  1  0  0  3  1  0  0  1  0  0  0  0  0  0  0  3  1  0  0  0  1  0  0  2  0  0  0  2  1  0  0  0  0  0  0  1  0  1  0  1  1  0  0  6  0  0  0  4  0  0  0  2  0  1  0  4  5  5  3 62  0  0  0  0  5  4  2 55  2  0  0  6  0  0  0  9 12  8  512400501018400110061730                
0420221002  2  1  1  4  0  0  0  0  0  0  0  0  1  0  0  0  0  0  0  0  0  0  0  0  0  1  0  1  1  0  0  0  1  0  0  0  0  0  0  0  1  0  0  0  0  0  0  0  0  1  1  2  2  0  0  2  0  0  0  0  0  0  1  1  1  1  1  1 38 24 26175  1  1  1  3  8  6  6 38 10 59  6843 17 13 11119 33 37 2414701901917080180161686                
0420221003  2  0  0  5  0  0  0  0  0  0  0  0  2  0  0  2  2  0  0  1  1  0  0  1  0  0  0  0  1  0  0  2  0  0  0  0  2  0  0  1  0  0  0  0  0  0  0  1  2  0  0  2  0  0  0  2  0  0  0  1  1  0  0  0  1  0  0  2 24 16 23189  4  0  3 11  0  0  0  1  6  2  1 30  7  3  6 52 11  8  7 8801101215930060111530                
0420221004  2  2  4 14  0  0  0  0  0  0  0  0  2  2  4 13  2  1  2 10  0  0  0  1  1  1  0  2  0  0  0  4  0  1  0  2  2  1  2  7  0  0  0  2  0  1  2  4  0  0  1  3  1  1  2  3  1  1  1  8  0  0  0  4  0  0  1  3 10 98 26320  0  0  1  1 13  7  8 53 91 55 33217 28 24 23105 34 33 352780110101721034000                    
0420221005  2  1  1 13  0  0  0  0  0  0  0  0  2  1  0  5  2  1  0  4  0  0  0  1  1  0  0  4  2  1  0  4  1  1  0  3  2  1  0  3  0  0  0  0  0  0  0  2  2  1  0  2  0  0  1  4  0  0  0  7  0  0  0  3  1  0  0  5 17 16 18251  0  0  0 10  7  9  2 23 31 30 37225  9  8  8104 25 31 2816901701317580000161473                
0420221006  1  3  1 11  1  0  0  0  0  0  0  0  0  1  0  5  0  0  0  2  0  0  0  0  0  0  0  0  0  0  0  1  0  0  0  0  0  1  0  4  0  0  0  1  0  0  0  0  1  3  0  1  0  0  1  4  0  0  0  6  0  2  0  0  0  2  0  5  2  7  5 92  0  0  0  0  5  4  0 60  0  0  0  0  7  7  3 58 14 13  7 6801901917080250151714                
0420221007  2  0  1  9  0  0  0  0  0  0  0  0  2  0  1  7  1  0  0  0  0  0  0  0  1  0  0  3  1  0  1  7  0  0  0  0  1  0  1  4  1  0  0  1  0  0  0  2  1  0  0  1  1  0  0  1  0  0  1  7  0  0  0  0  0  0  1  3 39 48 38451  7  9  3 51  4  2  2 32  0  0  0  0 35 41 47407  4  7  7 5500801617100000081600                
0420221008  1  2  3 16  0  0  0  0  3  0  0  1  1  2  1 10  1  1  0  4  0  0  0  0  0  0  0  1  0  0  0  1  0  1  0  0  1  2  1  5  0  0  0  5  0  0  0  0  1  2  1  1  0  0  0  6  0  0  2  9  0  0  2  1  1  1  0  6 56 78 64506  0  0  1  9  3  7  4 43 13 16 23123 22 22 21268 19  8 1610001701317580100091384                
0420221009  0  0  0  4  0  0  0  0  6  3  5 15  0  0  0  0  0  0  0  0  0  0  0  0  0  0  0  0  0  0  0  0  0  0  0  3  0  0  0  0  0  0  0  0  0  0  0  0  0  0  0  2  0  0  0  2  0  0  0  0  0  0  0  0  0  0  0  2  7 10  6226  2  0  2 26  2  1  1104  0  0  0 10  5  7  7197  0  0  0  400201015210090171543                
0420221010  2  0  0  4  0  0  0  0  0  0  0  0  2  0  0  3  2  0  0  3  0  0  0  0  1  0  0  1  0  0  0  0  0  0  0  2  2  0  0  2  0  0  0  0  0  0  0  1  1  0  0  3  1  0  0  1  0  0  0  0  0  0  0  1  1  0  0  1  5  9 12195  0  0  1  4  3  0  2 19  0  0  0 19  6 10  6 95  2  0  0  401901416960160171684                
0420221011  1  1  2  6  1  0  0  0  0  0  0  0  1  1  2  5  1  0  2  3  0  0  0  0  0  0  0  0  0  0  0  0  0  0  0  0  0  0  1  3  1  1  1  1  0  0  0  1  0  0  1  0  1  1  1  2  0  0  0  4  0  0  0  2  1  1  1  1 35 43 44291  2  4  5 39  4  2  6 25  5  1  4 18 18 15 29260  5  4  3 3901801614970000191604                
0420221012  2  2  2 10  0  0  0  0  0  0  0  0  2  2  2  9  2  0  0  2  0  0  0  0  0  1  0  3  0  1  1  2  0  0  0  1  0  0  0  6  2  2  0  3  0  0  2  0  2  0  0  3  0  1  1  2  0  1  1  5  0  1  0  3  0  2  0  1 49 54 53528  0  0  0  3 13  7  6 45  0  0  2  8 16 17 23249  5  8  6 390150161433000000                    
0420221013  2  4  1 19  0  0  0  0  0  0  0  0  2  4  1 17  2  4  0 12  0  1  0  0  2  2  1  7  1  2  0  3  0  1  0  4  1  1  1  9  1  2  0  5  0  1  0  3  1  2  1  4  1  1  0  9  0  1  0  6  0  0  1  5  2  1  0  5 20 19 20286  1  1  0 19  4  9  2 46  0  1  0  6 15 22 16208  4  6  5 7200901715430060091523                
0420221014  1  1  5 11  1  0  0  0  0  0  0  0  1  1  5 10  0  1  2  2  0  1  0  0  0  0  0  1  0  1  1  4  0  0  0  0  1  1  1  3  0  0  2  0  0  0  2  7  0  1  4  3  1  0  1  3  0  0  0  5  0  0  0  3  1  0  2  3 67 77 69498  0  0  0  0  5  3  4 56  1  1  0  9 39 32 23270 30 22 1929001301913000210331800                
0420221101  2  0  3 10  0  0  0  0  0  0  0  0  2  0  3 10  0  0  0  0  0  0  0  0  0  0  1  1  0  0  0  0  0  0  0  0  1  0  1  6  1  0  2  3  0  0  0  1  2  0  1  1  0  0  2  6  0  0  0  3  0  0  0  2  1  0  1  6  0  1  1  7  0  0  0  1  6  6  7 45  0  0  0  0 31 23 20145  2  0  3 110180161890000000                    
0420221102  3  8  1 16  0  0  0  1  0  0  0  0  3  8  1 16  0  1  0  3  0  1  0  3  1  3  1  8  0  1  0  3  0  0  0  1  2  6  1 14  1  1  0  1  0  1  0  1  0  1  0  2  3  4  0  6  0  3  1  8  1  6  1  4  1  3  0  7  8  6  3 64  6  3  1 44  0  0  0  3  1  0  1  2  6  5  2154  7 11  5 7301001012170100091320                
0420221103  4  2  2 16  0  0  0  0  0  0  0  0  4  2  2 16  0  0  0  0  0  0  0  0  1  2  1  3  0  0  0  0  0  0  0  1  3  2  2 13  1  0  0  1  0  0  0  2  0  0  2  6  3  2  0  4  1  0  0  6  2  0  0  5  1  0  1  4  1  5  7 28  0  0  0  3  1  2  4 30  1  0  1 13 22 22 21268  0  0  0 1101500914530070151600                
0420221104  3  3  3  7  0  0  0  0  0  0  0  0  2  3  3  6  0  2  1  2  0  2  1  2  0  0  0  0  0  2  1  2  2  1  1  3  2  3  2  4  0  0  0  2  0  0  1  0  2  1  2  2  1  1  1  3  0  1  0  2  0  2  0  1  1  1  1  2  2  7  7 65  0  2  2 24  9  7 10 63  9  2  4 26 21 14 17269 13 14 1110301401813650120101484                
0420221105  4  1  2  8  0  0  0  0  0  0  0  0  3  0  1  5  1  0  0  1  1  0  0  1  1  0  0  0  1  0  0  1  2  1  2  4  3  0  1  4  0  0  0  1  0  0  0  0  2  0  0  2  1  1  1  2  1  0  1  4  2  0  0  1  1  0  0  3  3  4  3 46  2  3  3 34 16 25 22319  9  8  9 75  9 10  9209 23 11 1820100901716020120111660                
0420221106  6  2  7 50  0  0  0  0  0  0  0  0  6  2  7 49  0  0  2  3  0  0  2  3  1  0  1  9  0  0  2  3  0  0  0  1  4  2  5 38  0  0  2  6  2  0  0  5  0  1  4 13  4  1  1 21  2  0  2 16  0  0  1 17  2  1  4 19  4  4  5 24  0  0  0  1  2  1  1  6  3  6  6 51 39 32 23270  0  0  0 1501201016000090101684                
0420221107  6  2  4 22  0  0  0  0  0  0  0  0  6  2  4 22  2  1  1  4  2  1  1  4  1  1  0  1  2  1  1  4  0  0  0  0  5  1  4 16  1  0  0  3  0  1  0  3  1  1  1  5  2  1  1 11  3  0  2  6  2  0  1  6  3  1  0  5  2  3  3 16  1  3  2 10  2  1  2 11  0  0  0  1 28 27 23245  9  4  6 620110151251000006                    
0420221108  7  2  2 24  0  0  0  0  0  0  0  0  7  2  2 23  3  0  1  1  3  0  1  1  0  0  0  1  3  0  1  1  5  2  1  7  5  2  1 19  1  0  1  1  1  0  0  3  1  0  0  4  1  0  0 10  5  2  2 10  5  1  0  6  2  1  1  9  3  1  3 16  3  0  1  4  5  3  3 36  5  2  1  8  9  8  8104 10 10  6 5000801214380100071692                
0420221109  4  2  0  5  0  0  0  0  0  0  0  0  2  2  0  5  2  1  0  1  2  1  0  1  0  0  0  0  2  1  0  1  0  2  0  2  0  2  0  3  1  0  0  1  1  0  0  1  0  1  0  2  2  0  0  3  2  1  0  0  0  0  0  0  1  0  0  2 10  6  3 50  1  2  0 11  0  4  0 23  0  2  0  2 15 19 14206  4  2  0  502302015380120151806                
0420221110  3  0  2  6  0  0  0  0  0  0  0  0  3  0  2  6  0  0  0  0  0  0  0  0  0  0  1  2  0  0  0  0  2  0  1  3  3  0  1  4  0  0  1  1  0  0  0  1  1  0  1  2  1  0  0  3  1  0  1  1  0  0  2  2  2  0  1  1  1  2  0 13  0  0  0  0 11 13  7 47  6  7  5 43 21 13 24122  6  8 10 580230201538000006                    
0420221111  5  3  4 24  0  0  0  0  0  0  0  0  1  0  0  0  0  0  0  0  0  0  0  0  3  2  1  8  0  0  0  0  1  0  0  0  0  0  0  0  1  0  0  0  0  0  0  0  0  2  0  3  2  1  1  9  3  0  3 12  1  0  1  5  2  2  1 14  1  2  1 25  1  2  1 21  2  0  0 11  1  0  0  0 23 23 34379  5  3  4 3100301711500140101709                
0420221112  4  3  8 15  0  0  0  0  0  0  0  0  4  3  8 15  0  0  0  0  0  0  0  0  3  0  2  4  0  0  0  0  3  0  2 11  4  1  8 13  0  2  0  2  0  0  0  0  1  2  2  7  3  1  5  3  0  0  1  5  2  1  1  2  1  2  1  6  4  4  4 42  4  4  4 35  5  2  4 55 10  9 14335 11  5  8113 10 10 2123901401017610120151806                
0420221113  6  1  0 10  0  0  0  0  0  0  0  0  4  1  0  3  4  1  0  0  4  1  0  0  0  1  0  1  4  1  0  0  3  1  0  1  4  0  0  1  0  1  0  2  0  0  0  0  0  0  0  6  2  1  0  2  4  0  0  2  2  0  0  2  2  0  0  2  5  5  3 50  4  3  1 15  4  2  1 11  3  1  0  6 16 32 26287  6  3  3 7900701414380170131948                
0420221114  5  1  1  6  1  1  0  2  0  0  0  0  2  1  1  2  0  0  0  0  0  0  0  0  1  0  1  0  0  0  0  0  3  0  1  4  2  1  1  2  0  0  0  0  0  0  0  0  0  0  1  1  2  1  0  1  3  0  0  4  2  1  0  1  2  0  0  0  8  2  2 35  0  0  0  5  1  0  0 13  3  0  1  4 13 18 14169  1  0  0  300401612330120101484                
0420221115  5  0  1  2  0  0  0  1  0  0  0  0  0  0  0  0  0  0  0  0  0  0  0  0  0  0  0  1  0  0  0  0  0  0  0  0  0  0  0  0  0  0  0  0  0  0  0  0  0  0  1  0  2  0  0  0  3  0  0  2  2  0  0  0  1  0  0  0  7  3 10 61  7  3 10 47  1  1  0  3  0  0  0  1  8  8 10227  5  0  3 15000027    000013                    
0420221116  3  3  1  5  0  0  0  0  0  0  0  0  1  0  0  4  1  0  0  2  1  0  0  2  0  0  0  1  1  0  0  2  0  0  0  0  1  0  0  3  0  0  0  1  0  0  0  0  0  1  0  0  0  2  1  4  3  0  0  1  1  0  0  0  0  1  0  3  4  3  0 10  4  3  0  9  2  5  4 22  0  0  0  1 18 15 29260  6  5  4 7901101512510080111258                
0420221117  4  1  0 15  0  1  0  1  0  0  0  0  3  1  0  8  0  0  0  1  0  0  0  1  1  0  0  2  0  0  0  1  2  0  0  4  2  1  0  5  0  0  0  2  1  0  0  1  1  0  0  3  2  0  0  7  1  1  0  5  3  0  0  2  2  0  0  4  4 11  7 58  1  2  0 12  5  5  2 51  6  5  7 62 12 12 21133 78 68 6065501201314540160171769                
0420221118  4  2  3 29  0  0  0  0  0  0  0  0  4  2  3 28  3  2  3 10  3  2  3 10  0  1  0  4  3  2  3 10  1  0  1  3  2  2  1 25  1  0  2  2  1  0  0  1  1  0  0  5  1  1  1 16  2  1  2  8  2  1  0  7  2  1  2  5  2  1  5 41  2  1  3 20  1  0  3 19  1  0  1  3  3 10 12182  4  2  3 6001001012170140101709                
0420221201  1  1  1  2  0  0  0  0  0  0  0  0  0  1  0  0  0  0  0  0  0  0  0  0  0  0  0  0  0  0  0  0  0  0  1  0  0  0  0  0  0  1  0  0  0  0  0  0  1  0  0  1  0  1  1  1  0  0  0  0  0  0  0  0  0  0  0  1 56 60 43370  0  1  0  0  0  0  1  5  8  4  6 57 39 32 23270  6  7  5 3501001112970000121400                
0420221202  1  0  0  3  0  1  0  0  0  0  0  0  1  0  0  0  0  0  0  0  0  0  0  0  0  0  0  0  0  0  0  0  1  0  0  0  0  0  0  0  0  0  0  0  1  0  0  0  0  0  0  2  0  0  0  1  1  0  0  0  0  0  0  0  0  0  0  1  1  3  3 48  0  0  0  0  3  0  3 13  3  1  1 49  0  0  0  9 78 68 6065501401016470110101457                
0420221203  0  1  3 14  0  0  0  0  2  1  0  0  0  1  2 11  0  1  1  4  0  0  0  0  0  0  0  2  0  0  1  0  0  0  0  0  0  0  1  4  0  1  0  5  0  0  1  2  0  1  1  5  0  0  1  4  0  0  1  5  0  0  0  2  0  0  1  4  2  3  4101  0  0  0  0  0  0  0  8  0  0  1  6  3  1  0 68  0  0  1 2401300712000200151421                
0420221204  1  1  1  6  0  0  0  0  0  0  0  0  1  1  1  5  1  1  1  2  1  1  1  0  0  1  1  3  1  1  1  1  0  0  0  0  0  0  1  5  1  0  0  0  0  1  0  0  0  0  0  3  0  1  1  2  1  0  0  1  0  0  1  1  1  0  0  1 15 14 12160  2  3  0 26  1  2  0  4  0  0  0  0  5  6  6 97  7  4  7 4902101815610110161612                
0420221205  0  0  0 11  0  0  0  0  3  0  0  0  0  0  0 11  0  0  0  7  0  0  0  1  0  0  0  3  0  0  0  3  0  0  0  1  0  0  0  7  0  0  0  2  0  0  0  2  0  0  0  3  0  0  0  5  0  0  0  3  0  0  0  3  0  0  0  4 23 13 23151  3  0  4 12  0  0  0  2  1  1  0  6  7  3  6 52  9  4  3 7401301616340000161473                
0420221206  1  0  0  4  0  0  0  0  0  0  0  0  0  0  0  1  0  0  0  1  0  0  0  0  0  0  0  0  0  0  0  0  0  0  0  0  0  0  0  0  0  0  0  1  0  0  0  0  1  0  0  2  0  0  0  2  0  0  0  0  1  0  0  1  0  0  0  1  9 14 12283  1  2  4 26  3  1  0 20  0  0  1  4  7 13 14234 24 33 4020301401814100000141680                
0420221207  1  2  1  9  0  0  0  0  0  0  0  0  1  2  1  9  0  0  1  0  0  0  0  0  1  1  0  3  1  2  0  7  0  0  0  1  1  0  1  4  0  2  0  1  0  0  0  4  0  1  1  1  0  0  0  3  1  1  0  5  0  0  1  1  1  0  1  4 17 18 22300  2  3  2 43  5  3  5 53  0  0  0  5 23 23 34379  3  2  2 180140181410000000                    
0420221208  1  1  3 14  0  0  0  0  0  0  0  0  1  1  3 14  0  0  0  9  0  0  0  1  0  1  1  5  0  0  0  2  0  0  0  4  0  1  3  4  0  0  0  2  1  0  0  8  0  0  0  1  0  0  1  3  1  1  2 10  1  1  2  3  0  0  1  7 23 17 18287  4  4  3 49  5  3  3 25  0  0  0  6  8  7 11126  4  8 11 840130161392000000                    
0420221209  1  0  1  2  0  0  0  0  0  0  0  0  1  0  1  1  0  0  0  0  0  0  0  0  0  0  1  0  0  0  0  0  0  0  0  0  1  0  0  1  0  0  1  0  0  0  0  0  0  0  1  1  1  0  0  1  0  0  0  0  0  0  0  1  0  0  0  1 10  8  9186  0  0  0  1  0  0  0 21  2  1  0 65  3  4  7127  8  0  7 9800701415260150091495                
0420221210  1  1  0 16  0  0  0  0  0  0  0  0  0  0  0  6  0  0  0  1  0  0  0  0  0  0  0  4  0  0  0  0  0  0  0  5  0  0  0  3  0  0  0  3  0  0  0  0  1  1  0  5  0  0  0  8  0  0  0  3  0  1  0  5  0  0  0  3 21 14 18237  2  1  0 11  8  9 17135 10  3  7 62 11 18  7157  9  6  8 9302302014160180161497                
0420221211  1  2  0  2  0  0  0  0  0  0  0  0  1  2  0  2  0  0  0  0  0  0  0  0  0  0  0  0  0  1  0  1  0  0  0  0  1  1  0  1  0  0  0  1  0  1  0  0  0  0  0  0  1  2  0  0  0  0  0  2  0  0  0  0  1  1  0  1 16 22 14126  0  1  0  7  9  7  6 56  2  0  1  3 17 13 11119  2  3  0 1700701915300120131515                
0420221212  1  0  1  6  0  0  0  0  0  0  0  0  0  0  0  2  0  0  0  0  0  0  0  0  0  0  0  0  0  0  0  2  0  0  0  4  0  0  0  0  0  0  0  1  0  0  0  1  1  0  1  2  0  0  0  3  0  0  0  1  0  0  0  0  0  0  0  1  0  2  3 33  0  0  1  7  0  1  4 49  0  0  0  5  0  1  2 39  2  3  3 3501201715870060111530                
0420221213  1  0  1  1  0  0  0  0  0  0  0  0  1  0  1  1  1  0  0  1  0  0  0  0  0  0  0  0  0  0  1  0  1  0  0  1  1  0  1  0  0  0  0  0  0  0  0  1  0  0  1  0  1  0  0  0  0  0  0  1  0  0  0  0  0  0  1  0 23 27 43236  1  1  2  9 21 17 18145  4  3  2 20  9  8  8104  5  1  4 2201000813000120171587                
0420221214  1  0  0  8  0  0  0  0  0  0  0  0  1  0  0  7  0  0  0  0  0  0  0  0  1  0  0  2  0  0  0  1  0  0  0  0  1  0  0  3  0  0  0  2  0  0  0  2  1  0  0  1  0  0  0  3  0  0  0  4  0  0  0  3  0  0  0  3  9 16 13220  1  1  3 21  1  0  1  6  0  0  0  0  2  4  0 72  0  0  0  701801616860090061400                
0420221215  1  0  4  8  0  0  0  0  0  0  0  0  1  0  3  7  1  0  1  4  0  0  0  0  0  0  1  3  1  0  0  4  1  0  1  5  0  0  0  3  0  0  2  2  1  0  1  2  0  0  1  2  0  0  1  2  1  0  2  4  0  0  1  2  0  0  1  2 45 50 51378  0  1  0  1 23 27 18140  5  2  2 26 16 17 23249  4  0  4 2801401015230080111382                
