0625320101…2025032610220936156130118  5 17 21 4913 3A3       
0625320102…2025032610220926154128114  8 17 27 5913 3A3       
0625320103…2025032610220916151135116 11 12 25 5332 305       
0625320104…2025032610230236157127116  4 20 23 542  3A3       
0625320105…2025032610230216150128122 12 19 19 5223           
0625320106…2025032600110414147138126 21 13 22 5632 3A3       
0625320107…2025032600130214156146143 12  9  5 22             
0625320108…2025032600130214158137130 10 14 18 4421 405       
0625320109…2025032610230236151120120 10 26 19 5813           
0625320110…2025032600120914148134129 20 16 19 5433 5OP       
0625320111…2025032610230246156127118  5 20 21 5212 3A3       
0625320112…2025032610220916156130120  6 15 21 4733 516       
0625320113…2025032610230236157140121  4  8 18 3523 3A3       
0625320114…2025032610230216153131122  9 17 19 48             
0625320115…2025032610230216153126126  9 23 15 4932 505       
0625320201…2025032600110414146131125 22 20 23 6522 605       
0625320202…2025032600110424138127130 30 23 18 6611 3A3       
0625320203…2025032600120914145142125 23  8 23 5323 3A3       
0625320204…2025032600120914141136126 27 16 22 6223 616       
0625320205…2025032610230216151134119 11 15 22 52             
0625320206‹à2025032800130214160148144 10 10  8 27             
0625320207…2025032600130214155138132 13 12 16 4221 3A3       
0625320208…2025032610221016155126118  7 22 23 5823           
0625320209…2025032600120914144136133 24 14 15 4933 405       
0625320210–Ø2025032700110444153140126 14  9 19 4431           
0625320211…2025032610230244158126115  3 22 24 5012 3A3       
0625320212…2025032600130214148136127 20 19 21 60             
0625320213…2025032610220916155127118  7 19 23 5523 616       
0625320214…2025032610220946153122116  8 26 23 6222 605       
0625320215…2025032600110444141136139 26 18  7 43             
0625320216…2025032610230216152122120 10 26 21 6113 3A3       
0625320301…2025032610230226151126111 11 19 30 6732 305       
0625320302–Ø2025032710230236155134119  8 16 22 5112 305       
0625320303…2025032600121014138128123 30 22 25 7423 505       
0625320304“y202503290A1 16 0                                  
0625320305…2025032610230246154132124  7 14 15 39             
0625320306…2025032610230216155130115  7 18 26 5822 4OP       
0625320307…2025032610220936148130119 13 14 20 4933           
0625320308…2025032600130214155138131 13 12 17 4323 3A2       
0625320309…2025032610221016161130124  1 19 17 43             
0625320310…2025032600110444147138121 20 12 25 583  305       
0625320311…2025032600110434148130124 19 24 22 65             
0625320312…2025032610230216152126113 10 17 28 62             
0625320313…2025032610210446151128123 10 19 16 473329A3       
0625320314…2025032611030235143129126 22 21 16 5312 3A3       
0625320401…2025032610230216156136119  6  9 22 4323 505       
0625320402…20250326103   35135126121 27 22 23 68             
0625320403…2025032610211016161136120  1 13 21 4223 3A3       
0625320404…2025032600110414154139132 14 11 16 4133 3A3       
0625320405…2025032600120934148132127 19 18 19 5511 605       
0625320406…2025032600121014152138128 16 17 20 54             
0625320407…2025032610210436154134110  7 14 29 5932 305       
0625320408…2025032610220936157130112  4 18 27 5733 3A3       
0625320409…2025032600120914156134131 12 21 17 51             
0625320410…2025032610230236155130118  6 18 21 5022 305       
0625320411…2025032610230216160130119  2 15 22 4612 505       
0625320412…2025032610210416157124118  5 23 23 5811 3A3       
0625320413…2025032610220936160136125  1 12 14 32             
0625320414–Ø2025032710230216156136115  8 13 28 5722 605       
0625320415…2025032610220916161124114  1 25 27 6323 510       
0625320416…2025032610210436148128118 13 19 21 5633 405       
0625320501…2025032610230236157128115  4 16 24 5111 3A3       
0625320502…2025032610230236157130120  4 16 19 4513 3A3       
0625320503–Ø2025032700130214156135130 12 19 17 50             
0625320504…2025032610230216158132120  4 17 21 4823 3A3       
0625320505…2025032600120914156138129 12 13 19 4623 610       
0625320506…2025032610230216158131112  4 18 29 6112 3A2       
0625320507…2025032610221036157130120  4 17 19 4533           
0625320508…2025032600120934142134126 25 15 20 5723 4A3       
0625320509…2025032610230216153131114  9 17 27 6023 410       
0625320510…2025032610230216143130117 19 19 24 6423 405       
0625320511–Ø2025032700120914146136119 22 14 28 6613 4A3       
0625320512…2025032610230216156134125  6 15 16 4023 3A3       
0625320513…2025032610230216161130123  1 19 18 45             
0625320514…2025032610230216151123113 11 22 28 6831           
0625320515…2025032610230216146126119 16 22 22 62             
0625320516…2025032610230236144132113 17 12 26 5823 410       
0625320517…2025032610220916151126119 11 23 22 6032 4OP       
0625320518…2025032610210416152133118 10 16 23 5332 3A3       
0625320601…2025032610220916153126109  9 19 32 6913 3A3       
0625320602…2025032610230236153130113  8 18 26 5811 3A3       
0625320603…2025032600130214151134123 17 17 25 612  505       
0625320604…2025032610230216157130121  5 19 20 49             
0625320605…2025032611230216157135112  8 12 28 5622 416       
0625320606…2025032610230236149125111 12 21 28 6723 3A3       
0625320607…2025032600110414158136124 10 15 24 5433 3A3       
0625320608…2025032610230216154130124  8 16 17 44             
0625320609…2025032600120914145131131 23 24 17 61             
0625320610–Ø2025032701130214152137131 14 13 15 41             
0625320611…2025032610220936168129112  0 18 27 5533 3A3       
0625320612…2025032610230216151126117 11 23 24 6211 6OP       
0625320613…2025032610230216151133122 11 14 19 4723 3A3       
0625320614…2025032610230236159135113  2 13 26 5023 3A3       
0625320615…2025032610210416150131113 12 18 28 6433 3A3       
0625320616…2025032610230216155128116  7 21 25 5933 4OP       
0625320701…2025032610220916161132121  1 17 20 4521 3A3       
0625320702…2025032600130214160150134  8  5 14 29             
0625320703…2025032610230246166135121  0 13 18 3733 410       
0625320704…2025032600130214148134129 20 17 19 5521 305       
0625320705…2025032610230216149125120 13 24 21 6021 405       
0625320706…2025032610220916173132121  0 16 20 43             
0625320707…2025032610220936150122116 11 25 23 6313           
0625320708“y202503290A1 16 0                                  
0625320709“y202503290A1 16 0                                  
0625320710…2025032610330236148136130 14  9 14 38             
0625320711…2025032610230216153130122  9 18 19 4923 3A3       
0625320712…2025032610220916172130118  0 18 23 4933 3A3       
0625320713…2025032610230236160136113  1 12 26 49             
0625320714…2025032610230236142126117 19 22 22 6323 3A3       
0625320715…2025032610210416153130122  9 19 19 503  405       
0625320716…2025032610230246157126112  4 17 27 5723 405       
0625320801…2025032600130214146130126 22 21 22 6422 305       
0625320802…2025032610230216162129112  0 20 29 601  3A3       
0625320803…2025032610230216169126111  0 20 30 62             
0625320804…2025032600120914152138123 16 13 25 5723 616       
0625320805…2025032600130214141132129 27 23 19 65             
0625320806…2025032610230236149128118 12 20 21 5611 3A3       
0625320807…2025032610230216155131120  7 18 21 512345A2       
0625320808…2025032600130214155138120 13 17 28 63             
0625320809…2025032610220916156132116  6 17 25 5623 516       
0625320810–Ø2025032711010414147138113 17 12 29 56             
0625320811‹à2025032800130214143128133 27 30 19 73             
0625320812…2025032600121014161145123  7  6 25 442  416       
0625320813–Ø2025032700120914154135128 14 19 19 54             
0625320814…2025032610230236151124114 10 20 25 6123 3A3       
0625320815…2025032600130234131129128 36 25 18 71             
0625320816…2025032610230236158131124  3 17 15 39             
0625320901…2025032610230226153132123  9 17 18 48             
0625320902…2025032610230236164132116  0 13 23 45             
0625320903…2025032610230246152130121  9 17 18 4713           
0625320904…2025032601130214151134125 15 16 21 54             
0625320905…2025032610220946157132111  4 14 28 5511           
0625320906…2025032610230216151132114 11 17 27 6123 516       
0625320907…2025032610230246154133117  7 13 22 4823 405       
0625321001…2025032610230216160123114  2 25 27 6323 516       
0625321002…2025032610221026155125113  7 24 28 6712 4OP       
0625321003…2025032610230216154131115  8 18 26 5921 610       
0625321004…2025032601130214157142122  9  8 24 47             
0625321005…2025032601130214150140122 16  5 24 4823 416       
0625321006…2025032610230236153130118  8 17 21 5123 516       
0625321007…2025032610230216161124115  1 25 26 6123 416       
0625321008…2025032610230246154130116  7 17 23 5323           
0625321009…2025032600120934137130117 30 19 29 7711           
0625321010…2025032600130214135128125 33 22 23 731  716       
0625321011…2025032600111014142134124 26 17 24 6531 3A3       
0625321012…2025032610230216167128112  0 16 29 56             
0625321013…2025032610230216155128120  7 19 21 52             
0625321014–Ø2025032701130214157130124  9 20 22 55             
0625321015…2025032610220916151127115 11 21 26 6311           
0625321016…2025032610230236153132116  8 16 23 53             
0625321101…2025032611230236153132116 11 14 22 51             
0625321102…2025032610230236151130115 10 18 24 57             
0625321103…2025032601120914148134122 18 16 24 60             
0625321104…2025032610210416152128118 10 21 23 5933 305       
0625321105…2025032610230236151130115 10 18 24 5723 410       
0625321106…2025032610230236153124115  8 21 24 59             
0625321107…2025032611730215160136116  7 15 26 53             
0625321108“y202503290A1 16 0                                  
0625321109…2025032601120914129125131 37 25 15 68             
0625321110–Ø2025032701120914157138121  9 12 25 51             
0625321111…2025032601120914158134120  8 16 26 57             
0625321112…2025032610230216151124113 11 21 28 6612 410       
0625321113…2025032610220916157126114  5 23 27 6432 416       
0625321114…2025032601130234145123124 20 26 20 66             
0625321115…2025032610221036154126113  7 22 26 6223 3A3       
0625321201…2025032600130234150136127 17 13 19 4923 710       
0625321202…2025032610230214155126116  7 22 25 54             
0625321203…2025032610230216157129113  5 20 28 61             
0625321204“y202503290A1 16 0                                  
0625321205…2025032601130214158142133  8  8 13 31             
0625321206“y202503290A1 16 0                                  
0625321207…2025032601130214156146139 10  4  7 20             
0625321208–Ø2025032700130214141138127 27 16 20 61             
0625321209…2025032610230216153124116  9 23 25 63             
0625321210…2025032600121014144136128 24 15 20 5712 3A3       
0625321211…2025032610230216158130110  4 19 31 642332A2       
0625321212–Ø2025032701130214148132137 18 18  9 40             
0625321213“y202503290A1 16 0                                  
0725260101…2025032611430216142132118 26 20 22 66             
0725260102…2025032601120914144135125 22 15 21 58             
0725260103…2025032601110444145128123 20 21 21 62             
0725260104…2025032601120914154132125 12 14 21 512  405       
0725260105…2025032601120934153132119 12 12 25 5433 3A3       
0725260106…2025032600110414150133130 18 18 18 5311 3A2       
0725260107…2025032611230236166134115  0 13 23 4522 3A2       
0725260108…2025032601120914152139126 14  7 20 4331 3A3       
0725260109–Ø2025032711531433138127     5 16                   
0725260110…2025032601130214142134131 24 16 15 51             
0725260111…2025032601130214154134123 12 16 23 55             
0725260112…2025032601130234153141140 12  8  4 21             
0725260201…2025032600110414139130129 29 25 19 68             
0725260202…2025032600110444137134131 30 20 15 58             
0725260203…2025032601130214141130122 25 15 24 6423 3A3       
0725260204…2025032610230216160130122  2 19 19 4623 305       
0725260205…2025032610230216156135118  6 14 23 4923 3A2       
0725260206…2025032601110414145131127 21 15 19 5411 3A3       
0725260207…2025032611230234160132115  4 11 23 3223 3A3       
0725260208“y202503290B1 16 0                                  
0725260209…2025032610230216167130117  0 15 24 4823           
0725260210…2025032601130214142130124 24 16 22 6133 3A3       
0725260211–Ø2025032701130214155135122 11 15 24 54             
0725260212…2025032611210446151135118 13 10 20 4631           
0725260213…20250326011   14174153145  0  0  1  1             
0725260214…2025032610220916157124119  5 23 22 5633           
0725260215…2025032610210446149130121 12 16 18 4833 3A3       
0725260216…2025032610230214145137121 17 10 20 4121 505       
0725260301…2025032601130214156136133 10 14 13 38             
0725260302…2025032600120914154133125 14 22 23 62             
0725260303…2025032610220946154128116  7 20 23 56             
0725260304…2025032601130214165136122  1 14 24 48             
0725260305…2025032611710425163144121  4  8 21 3733 3A3       
0725260306…2025032611210416160130116  5 17 24 5323 305       
0725260307“y202503290A1 16 0                                  
0725260308…2025032601110434152134125 13 10 19 4512 3A3       
0725260309“y202503290A1 16 0                                  
0725260310“y202503290A1 16 0                                  
0725260311“y202503290A1 16 0                                  
0725260312…2025032601120914156131121 10 15 25 5623 510       
0725260313…2025032601130214153133130 13 17 16 47             
0725260401…2025032611730245152138119 14 12 21 4723 3A3       
0725260402…2025032611230246154128114 10 17 24 5623 3A3       
0725260403…2025032601130214146140134 20  6 12 3523 3A3       
0725260404…2025032610230216146128120 16 21 21 5922 410       
0725260405…2025032611210416154130115 11 18 25 5931 3OP       
0725260406…2025032601120914151132124 15 18 22 58             
0725260407…2025032610230246155128114  6 20 25 592  616       
0725260408…2025032610230216149132115 13 16 26 6033           
0725260409…2025032600120914148138130 20 12 18 4933 3A3       
0725260410…2025032610230216149125109 13 21 32 7323           
0725260411…2025032611230216154132113 11 14 27 572332A2       
0725260412…2025032600130214155139131 13 12 17 4311 3A3       
0725260413…2025032601130214148133125 18 17 21 57             
0725260501…2025032601120914142131121 24 19 25 68             
0725260502…2025032611710416141141127 26 10 15 47             
0725260503…2025032600130234155134124 12 16 22 532 26A3       
0725260504…2025032600110414148132132 20 18 16 5231           
0725260505…2025032600130224133132134 35 23 14 63             
0725260506…2025032611220936156129117  8 13 21 4711 3A2       
0725260507…2025032601110414140128130 26 18 16 5611 3A3       
0725260508…2025032600110424140130133 28 20 15 5723 405       
0725260509–Ø2025032710230246149124111 14 23 30 7313 416       
0725260510…2025032611230216153130119 12 17 21 5323 410       
0725260511…2025032600130214148132125 20 18 23 622  3A3       
0725260512…2025032600130214152130122 16 25 26 70             
0725260513…2025032601110414155125126 11 20 20 5532 3A3       
0725260514–Ø2025032711230216167134117  0 11 22 41             
0725260515…2025032600130224149134121 19 17 27 6521 505       
0725260516…2025032601130214137136128 29 14 18 57             
0725260517–Ø2025032710230234148130115 15 16 26 5423 410       
0725260518…2025032601130244148134135 17 10  9 3323 3A2       
0725260601–Ø2025032711230216149122114 15 23 25 6611 3OP       
0725260602…2025032601130214152140138 14  6  8 2623 3A2       
0725260603…2025032610230216151124125 11 25 16 5333 3A3       
0725260604…2025032601130214161134125  5 16 21 48             
0725260605“y202503290A1 16 0                                  
0725260606…2025032601110414144134127 22 16 19 56             
0725260607…2025032610230216150126122 12 21 19 5411           
0725260608…2025032601110444144128121 21 16 23 6132 4A3       
0725260609…2025032600130214143142121 25  9 27 612  3A3       
0725260610…2025032611230214150130116 15 17 24 46             
0725260611…2025032600130214152136124 16 19 24 61             
0725260612“y202503290A1 16 0                                  
0725260701…2025032600130214179149141  0  6  7 15             
0725260702…2025032611030235149141126 16  8 16 37             
0725260703…2025032600130214145137130 23 14 18 5212 3A3       
0725260704…2025032610220916167134119  0 14 22 44             
0725260705“y202503290A1 16 0                                  
0725260706…2025032611730216155143125 12  8 17 40             
0725260707–Ø2025032701130214165145149  1  5  0  5             
0725260708…2025032601130214155142125 11  8 21 44             
0725260709…2025032611230214167132116  0 15 24 35             
0725260801…2025032611020915148126125 18 25 19 59             
0725260802…2025032611230236150132115 14 14 23 5433 6OP       
0725260803…2025032601130234147129121 18 15 23 5823 3OP       
0725260804…2025032601110434150127127 15 17 17 5033 3A3       
0725260805…2025032611230216154132121 11 16 19 49             
0725260806…2025032601130234154126123 11 23 21 59             
0725260807…2025032601121014144136126 22 14 20 55             
0725260901…2025032611230236166132115  0 14 23 4633 3A3       
0725260902…2025032601130214149134123 17 12 23 5423 505       
0725260903…2025032601130214148124124 18 22 22 641            
0725260904…2025032601120914146124127 20 26 19 65             
0725260905…2025032610230216160138122  2 11 19 38             
0725260906…2025032601120914153127125 13 18 21 552  3A3       
0725260907“y202503290A1 16 0                                  
0725260908–Ø2025032710220916158138115  6 12 28 5423 3A3       
0725260909…2025032601130214149135127 17 15 19 52             
0725260910…2025032601130214146132123 20 13 23 5723 5A3       
0725260911…2025032601110414156130120 10 20 26 62             
0725260912…2025032600110414148138134 20 17 14 48             
0725260913…2025032610210436150128116 11 20 23 5821 405       
0725260914…2025032600130214129130145 39 21  3 4833 616       
0725261001…2025032611030215152130121 14 21 23 58             
0725261002…2025032600121014141130130 27 20 18 6131           
0725261003–Ø2025032710220916162129116  2 21 27 6023 605       
0725261004…2025032600120914141132124 27 18 24 6723           
0725261005…2025032601120914155125123 11 20 23 591  305       
0725261006…2025032600120914139130125 29 21 23 7033 616       
0725261007…2025032611220916142137120 23  8 20 4913 516       
0725261008…2025032611230216150130119 15 16 21 54             
0725261009…2025032601121014138126126 28 24 20 69             
0725261010…2025032611210416152132115 13 15 25 57             
0725261011…2025032601110414143132122 23 14 24 6113 605       
0725261012…2025032611210416148128115 17 20 25 6531 3A3       
0725261013…2025032611230246151131117 13 11 21 4833           
0725261014…2025032611211016148128118 17 20 22 60             
0725261015…2025032610230216149130118 13 19 23 5923 510       
0725261016…2025032601110414150122128 16 23 18 583 35A2       
0725261101…2025032601130234162136117  3 13 27 53             
0725261102…2025032610230236167126108  0 18 31 60             
0725261103…2025032601120914143122127 23 24 19 6411 616       
0725261104…2025032601130214154133121 12 17 25 59             
0725261105…2025032601130234150129122 15 20 22 60             
0725261106…2025032601130234145128118 20 21 26 69             
0725261107…2025032601130234145126121 20 23 23 67             
0725261108…2025032601130214129121127 37 29 19 78             
0725261109…2025032601120934140128119 25 21 25 71             
0725261110…2025032610230234148122107 13 25 32 7011 7OP       
0725261111…2025032601130234147132118 18 12 26 5911 505       
0725261112…2025032610230236149124110 12 24 29 712  410       
0725261113…2025032601121014145132121 21 18 25 66             
0725261114…2025032601130224154128117 12 22 29 70             
0725261115…2025032601121014149131121 17 19 25 64             
0725261116…2025032601130234146133119 19 16 25 62             
0725261117…2025032601130214152134120 14 16 26 61             
0725261118…2025032601120944151131116 14 18 28 66             
0725261201…2025032610230216160132122  2 17 19 4523 5OP       
0725261202…2025032610230216155132122  7 16 19 461  3A3       
0725261203…2025032600130214159144128  9 11 20 44             
0725261204…2025032601120914148134120 18 11 26 5811 3A3       
0725261205…2025032601120914149134122 17 16 24 60             
0725261206…2025032601120914154133122 12 17 24 58             
0725261207…2025032610220916149124117 13 21 24 6222 3A3       
0725261208…2025032611030245151126118 14 24 24 63             
0725261209…2025032610230216158131120  4 18 21 5022 3A3       
0725261210…2025032610230226153128117  9 20 24 5822 3A3       
0725261211…2025032601110414151132118 15 18 28 66             
0725261212…2025032610230236153123116  8 25 23 6122 516       
0725261213“y202503290A1 16 0                                  
0725261214…2025032611230214173137117  0 11 23 30             
0725261215…2025032610230216157136116  5 13 25 50             
0725261216…2025032610220916160128115  2 19 26 5633 4OP       
0925220101–Ø2025032701130244155134126 10 10 18 4022 3A2       
0925220102…2025032601130214155134118 11 12 28 5812 3A2       
0925220103“y202503290A1 16 0                                  
0925220104…2025032601130224141132126 25 14 20 571  3A3       
0925220105…2025032611230216158130117  7 14 23 5011 3A2       
0925220106…2025032611230216152134116 13 11 24 5213 416       
0925220107…2025032601130214161142127  5  3 19 332327A3       
0925220108…2025032601120914151136127 15 14 19 50             
0925220109…2025032611230246159134120  5 12 18 4023 3A3       
0925220110…2025032601130214148138126 18 12 20 51             
0925220111…2025032601130214142140138 24 10  8 36             
0925220112…2025032611230214157136117  8  8 23 31             
0925220201…2025032601130234167134124  0 10 20 3823 3A2       
0925220202…2025032601120914140128126 26 22 20 66             
0925220203…2025032611210436167135119  0 10 19 3713 3A3       
0925220204…2025032611210416150132115 15 13 25 5631           
0925220205…2025032601110414159130124  7 20 22 55             
0925220206…2025032611411015154142117 14 10 23 50             
0925220207…2025032601110414141128129 25 17 17 5631 3A3       
0925220208…2025032601110434146128123 19 21 21 62             
0925220209…2025032601130234154143140 11  6  4 18             
0925220210…2025032611230235151126112 13 18 26 54             
0925220211…2025032601130214145138130 21 12 16 47             
0925220212…2025032601120944144130130 21 19 14 51             
0925220213…2025032601110414152134126 14 16 20 52             
0925220214…2025032611230236172134112  0  8 26 44             
0925220215…2025032601130214157128125  9 22 21 57             
0925220216…2025032601130214152131123 14 19 23 60             
0925220301…2025032611221036163132119  1 13 19 3933 405       
0925220302…2025032601120914149127131 17 23 15 54             
0925220303…2025032601120914151138133 15 12 13 39             
0925220304–Ø2025032701120914167137119  0  9 27 4632 3A3       
0925220305…2025032601121014152142129 14  8 17 40             
0925220306…2025032601110444161142123  4  7 21 39             
0925220307…2025032601110414147126128 19 24 18 61             
0925220308…2025032601130214149136129 17 14 17 48             
0925220309…2025032601130214144141128 22  9 18 47             
0925220401…2025032610230236156132121  5 16 18 4323 3A3       
0925220402…2025032610230236157129109  4 18 30 6223 510       
0925220403…2025032601120934147144131 18  5 13 34             
0925220404…2025032611220936155130116  9 15 22 50             
0925220405…2025032611230236160130118  4 17 20 47             
0925220406…2025032611221036159136115  5 10 23 45             
0925220407–Ø2025031311230246152131114  9 11 20 45             
0925220408…2025032610230236159127113  2 19 26 561  405       
0925220409…2025032616230237184127129  3 16 30 60             
0925220410…2025032611220936146122119 18 25 19 62             
0925220411…2025032610230236157132116  4 15 23 49             
0925220412…2025032611230236157138124  7  6 14 29             
0925220413–Ø2025032711220936168136118  0  8 19 34             
0925220414…2025032610220936160129114  1 18 25 5333 616       
0925220501…2025032601130214148130127 18 20 19 57             
0925220502…2025032601110414174139123  0  7 23 393  516       
0925220503…2025032601110414148130124 18 15 22 5713 3A3       
0925220504…2025032601130244147128121 18 16 23 5921 3A2       
0925220505…2025032601110434142135127 23  9 17 4723 3A3       
0925220506…2025032601130214155138121 11 12 25 54             
0925220507…2025032601130214156132126 10 18 20 52             
0925220508…2025032601110414149134122 17 16 24 60             
0925220509…2025032601130234144132127 21 17 17 53             
0925220510…2025032611230236159134114  5 13 24 4921 305       
0925220511…2025032601120914158127125  8 19 21 5321 3A3       
0925220512…2025032611210436155129119  9 12 19 4433           
0925220513…2025032601130214151134129 15 16 17 49             
0925220514…2025032611221046151129122 13 16 16 4611 3A3       
0925220515…2025032611730246164132120  2 18 20 48             
0925220516…2025032601121034150127119 15 17 25 612  510       
0925220517…2025032611210416151133118 14 13 22 5131 3A3       
0925220518…2025032601110444166132124  0 12 20 4023 3A3       
0925220601…2025032611220916140126118 25 22 22 67             
0925220602…2025032601130234143126121 22 18 23 6422 305       
0925220603–Ø2025032701120934149132123 16 17 21 55             
0925220604…2025032601120914156126124 10 20 22 5732 416       
0925220605…2025032601120944139125121 26 20 23 6823 305       
0925220606…2025032601130214142140123 24 10 23 57             
0925220607…2025032601130244157138119  8 11 25 51             
0925220608…2025032601120914139128128 27 22 18 63             
0925220609…2025032601120934161142121  4  7 23 42             
0925220610“y202503290A1 16 0                                  
0925220611…2025032601121014144129123 22 21 23 66             
0925220612…2025032601110414150122124 16 28 22 68             
0925220613…2025032611220916151132115 14 16 25 593  305       
0925220614…2025032601130244147134122 18 15 22 57             
0925220615…2025032601130214164138126  2 12 20 41             
0925220616…2025032601110414140132126 26 18 20 62             
0925220701…2025032611210416146132114 19 16 26 6331 4OP       
0925220702…2025032601130214165138131  1 12 15 34             
0925220703“y202503290A1 16 0                                  
0925220704…2025032601120914155128126 11 22 20 57             
0925220705–Ø2025032701130214152128121 14 22 25 64             
0925220706–Ø2025032716120947154129128 22 12 17 49             
0925220707…2025032601110414141128123 25 22 23 69             
0925220708…2025032601130234143128122 22 21 22 65             
0925220709…2025032601110414159140125  7 10 21 44             
0925220710…2025032601130214141137125 25  8 21 5311 3A3       
0925220711…2025032601111034148128120 17 21 24 65             
0925220712…2025032601110434150132124 15 17 20 54             
0925220713…2025032601120914158129128  8 21 18 51             
0925220714…2025032601110414143128120 23 22 26 72             
0925220715…2025032611230234172138115  0  8 23 2733 305       
0925220716…2025032601120914147136123 19 14 23 58             
0925220717…2025032601130214149144133 17  6 13 34             
0925220718…2025032601130214154142128 12  8 18 40             
0925220801…2025032601130214149136135 17 14 11 40             
0925220802…2025032611230216149128115 16 19 25 63             
0925220803…2025032601110414125124136 41 26 10 65             
0925220804…2025032601130214141130132 25 20 14 55             
0925220805–Ø2025032701130214165139126  1 11 20 39             
0925220806…2025032601120914150135129 16 11 17 4411 3A3       
0925220807…2025032601110414149134124 17 12 22 5333 5OP       
0925220808…2025032601121014132128131 34 22 15 63             
0925220809…2025032601121014143135131 23 15 15 50             
0925220901…2025032611230236166132113  0 13 25 48             
0925220902…2025032611230236146129118 18 16 20 55             
0925220903…2025032601130214146140121 20 10 25 57             
0925220904…2025032611230216150135117 15 13 23 5423 3A3       
0925220905…2025032610230226159140126  3  9 15 32             
0925220906…2025032611210416151131110 14 15 30 65             
0925220907…2025032601120914160138119  6 12 27 53             
0925220908…2025032601120954147128122 18 17 22 5911 3A3       
0925220909…2025032610230224142130117 20 19 24 5723 505       
0925220910…2025032611230226152129113 13 19 27 64             
0925220911…2025032611220916150130116 15 16 24 58             
0925221001…2025032601130214149138125 17 12 21 52             
0925221002…2025032601121014156125119 10 25 27 69             
0925221003…2025032611230236145134113 19 13 25 5923 305       
0925221004…2025032601130214151134121 15 16 25 60             
0925221005…2025032610220916149128117 13 21 24 6223 4A3       
0925221006…2025032611210436147128115 17 19 23 6123 305       
0925221007…2025032611230236152132116 12 11 22 4833 416       
0925221008…2025032601120914149132120 17 18 26 65             
0925221009…2025032610210416155132111  7 13 30 5811 516       
0925221010…2025032601130234155137119 10 12 25 53             
0925221011–Ø2025032710230216158132120  6 19 23 5523 3A3       
0925221012…2025032601130214139128133 27 22 13 56             
0925221101…2025032601130234156150136  9  0  8 16             
0925221102…2025032601130214161135121  5 15 25 53             
0925221103…2025032611230236158130115  6 17 23 52             
0925221104–Ø2025032701120914146132123 20 18 23 61             
0925221105…2025032611230236153135112 11 11 26 54             
0925221106…2025032611230216148134112 17 14 28 6332 5OP       
0925221107…2025032611230216142132122 23 16 18 5413 3A2       
0925221108…2025032611230216164133117  1 15 23 47             
0925221109…2025032611210416149128117 16 17 23 58             
0925221110…2025032610230246154134118  7 14 21 48             
0925221111…2025032601130244147125129 18 24 15 56             
0925221112…2025032601120914146139125 20 11 21 52             
0925221201–Ø2025032701120914147132124 19 18 22 59             
0925221202…2025032600120944143134119 24 15 27 6723 4OP       
0925221203…2025032601130234140130124 25 14 20 5721 3A3       
0925221204…2025032601120914141127122 25 23 24 72             
0925221205…2025032601130244140124125 25 20 19 6233 3OP       
0925221206…2025032601110414126122134 40 28 12 69             
0925221207…2025032601130214160136121  6 14 25 53             
0925221208…2025032601120934151138127 14 11 17 43             
0925221209“y202503290A1 16 0                                  
0925221210…2025032600110414158130126 10 25 22 61             
0925221211…2025032611230216148130115 17 14 25 5933 305       
0925221212…2025032611230214173140114  0  8 26 3113 305       
0925221213…2025032601130224164138122  2 12 24 47             
0925221214…2025032601130234151126122 14 23 22 62             
