0425170101…2025052110230236160136122  2 12 17 3823 3A3       
0425170102…2025052111210436140123121 23 23 16 60             
0425170103…2025052111230236158134121  5 10 16 35             
0425170104…2025052110220916148128126 15 21 15 52             
0425170105…2025052110230216158138116  5 12 25 51             
0425170106…2025052110230236158142128  4  4 11 22             
0425170107…2025052101130234153134123 12 15 21 52             
0425170108…2025052110230236155135120  7 11 19 421329A3       
0425170109…2025052110230216161136113  2  9 28 5011           
0425170110…2025052100120914145128124 22 21 22 6522 9OP       
0425170111…2025052110330214151126120 13 20 27 58             
0425170112…2025052110230216155133115  8 17 26 59             
0425170113…2025052110230216154134116  9 14 25 5523 5OP       
0425170114…2025052111210436155123127  8 23 10 42             
0425170201…2025052111230246158132112  5 13 25 5111 3A3       
0425170202…2025052101130234147140127 18  5 17 3913 3A3       
0425170203…2025052101120934155134122 10 11 22 4823 305       
0425170204…2025052110230216168130118  0 17 23 502  3A3       
0425170205…2025052110230216157125117  6 22 24 601  405       
0425170206…2025052110230216148128121 15 18 20 56             
0425170207…2025052100110414140132120 27 17 26 7011 3A3       
0425170208…2025052110220916149127119 14 22 22 6123 410       
0425170209…2025052101121034159140123  6  9 21 43             
0425170210…2025052111230216162132120  2 14 19 42             
0425170211…2025052110221046154128113  8 19 26 6113 305       
0425170212…2025052110210416156127121  7 22 20 5533 3A3       
0425170213…2025052101130214150135124 16 15 22 56             
0425170214…2025052110220916159135119  4 15 22 4933 3A2       
0425170215…2025052101130214150138126 16  8 20 4622 405       
0425170301…2025051400120914144136123 23 13 24 6122 4A3       
0425170302…2025052111030214149136118 15 13 25 50             
0425170303…2025052110230234150131118 12 14 21 44             
0425170304…2025052110230246152128123 10 21 16 50             
0425170305…2025052110230216149130128 14 18 13 45             
0425170306…2025052110220936152130113 10 18 26 61232605       
0425170307…2025052110230216155134120  8 12 21 47             
0425170308…2025052101120914144130128 22 16 18 5433 3A3       
0425170309…2025052110230216161138119  2  9 22 4222 3A3       
0425170310…2025052101130234155130119 10 15 25 5621 3A3       
0425170311…2025051400110414144128127 23 21 20 6422 3A3       
0425170312‰Î2025052001130214150132121 17 20 26 67             
0425170313…2025052100130224139136127 28 17 19 61             
0425170314…2025052100130214150135124 17 18 22 59             
0425170315…2025052110230236152124114 10 22 25 64             
0425170401…2025052100120914147137127 20 12 19 512  4A3       
0425170402…2025052111830234190132119  0  9 20 37             
0425170403…2025052110230236152134115 10 15 24 5511 3A3       
0425170404…2025052111830233129129117 38 12 22 65             
0425170405…2025052111210436152126117 11 19 20 53             
0425170406…2025052111230236159146123  4  0 14 22             
0425170407…2025052110220936153130122  9 17 17 47             
0425170408…2025052111210436148128116 15 18 21 57             
0425170409…2025052110230236158134114  4 15 25 53             
0425170410…2025052110230236154133117  8 15 22 52             
0425170411…2025052110320936149146123 14  1 22 40             
0425170412…2025052110230216164136135  0 13  6 22             
0425170413…2025052111230236155131118  8 12 19 44             
0425170501…2025052110430215140129120 25 17 17 5323 2A1       
0425170502…2025052100110414152132125 15 21 21 60             
0425170503…2025052110230226161136122  2 14 19 4323 3A2       
0425170504…2025052101130214160148137  6  2  9 19             
0425170505…2025052110220916157127115  6 20 26 6121 4         
0425170506…2025052101130214152142123 14  8 23 49             
0425170507…2025052110230216152134121 11 13 20 48             
0425170508…2025052110221016156131118  7 18 23 5533 505       
0425170509…2025052111030235146138116 17 10 25 5223 3A3       
0425170510…2025052100110414141140133 26 13 13 47             
0425170511…2025052101120914160141128  6  9 18 38             
0425170512…2025052101130214143132130 23 18 16 55             
0425170513…2025052101130214153135131 13 15 15 44             
0425170514…2025052100120914146138124 21 15 22 59             
0425170515…2025052110230216158126119  5 22 22 5613           
0425170516…2025052111230214159132119  5 11 20 2933           
0425170601…2025052111420935164142115  3  9 23 43             
0425170602…2025052110220916156133118  7 13 23 5023 510       
0425170603…2025052101130214156140139 10 10  7 26             
0425170604…2025052111230236151132124 12 14 13 3933 3A3       
0425170605…2025052110210416152138132 11 11  9 302334A2       
0425170606…2025052111210416158134113  6 13 26 5333 3A3       
0425170607…2025052110220936156136114  6 12 25 5111           
0425170608…2025052101120914150132127 16 14 19 5123 3A3       
0425170609…2025052100110414140128122 27 25 24 75             
0425170610…2025052110220916165131113  0 15 28 55             
0425170611…2025052110220916153130120 10 15 21 51             
0425170612…2025052101120914155133129 11 17 17 48             
0425170613…2025052100130244152130130 14 22 14 50             
0425170614…2025052100120914145135130 22 18 16 54             
0425170615…2025052110210416148128115 15 21 26 6731 5OP       
0425170701…2025052110230246157132119  5 13 20 45             
0425170702…2025052110220926159128116  4 20 25 58             
0425170703…2025052110230216155137124  8 10 17 39             
0425170704…2025052111230246169138121  0  7 16 29             
0425170705…2025052101120914138140125 28 10 21 57             
0425170706…2025052101130234150129126 15 16 18 5023 505       
0425170707…2025052101130244157139124  8 10 20 43             
0425170708…2025052111210436149135119 14  9 18 4311 2A1       
0425170709…2025052111730235144128113 17 16 22 5423 405       
0425170710…2025052110230246159132117  3 13 22 462  3A3       
0425170711…2025052100120914146132120 21 17 26 6623 3A3       
0425170712…2025052111221016158126118  6 19 21 5223 3OP       
0425170713…2025052101120914144130122 22 20 24 67             
0425170714…2025052101130214152142133 14  4 13 3023 405       
0425170715…2025052100120914159138125  8 15 21 50             
0425170716…2025052110230236157133117  5 12 22 47             
0425170801…2025052101130244143138127 22 11 17 49             
0425170802…2025052101120934161131123  4 18 21 50             
0425170803…2025052110220946161139120  1  9 19 3623 4A3       
0425170804…2025052101110434161136121  4 13 23 48             
0425170805…2025052101110434137127127 28 22 17 63             
0425170806…2025052111020915134141118 30 10 25 60             
0425170807…2025052100130234147143126 19  9 18 46             
0425170808…2025052100130214151142133 16 11 13 39             
0425170809…2025052100120914151142129 16 11 17 45             
0425170810…2025052110230216154136124  9 13 17 43             
0425170811…2025052110220916157131113  6 19 28 6323 505       
0425170812…2025052100120914141138129 26 15 17 55             
0425170813…2025052101130214162138126  4 12 20 43             
0425170814…2025052101130214146134129 20 12 17 4813 2A1       
0425170815…2025052111521435670471144  0  0  0  0             
0425170901…2025052110230236151138123 11  6 16 35             
0425170902…2025052100120914143136122 24 17 24 65             
0425170903…2025052111030214144142122 20  6 21 41             
0425170904‹à202505230A1 16 0                                  
0425170905…2025052110230216156132111  7 17 30 6313 405       
0425170906…2025052101110434150133118 15 16 26 62             
0425170907…2025052100120914151138131 16 15 15 46             
0425170908…2025052101130234161136122  4 13 22 47             
0425170909…2025052101120934153136125 12 13 19 47             
0425170910…2025052100130214153138132 14 15 14 43             
0425170911…2025052100120914150132125 17 21 21 61             
0425170912…2025052110220916147131123 16 16 18 5123 2A1       
0425170913…2025052110330214146132119 18 19 28 61             
0425170914…2025052100130234145136124 21 16 20 57             
0425170915…2025052100110414150133129 17 20 17 54             
0425171001…2025052101121014151133123 15 17 23 59             
0425171002…2025052100130214142132122 25 17 24 6523 3A3       
0425171003…2025052111730215144128113 18 18 24 6023 3A3       
0425171004…2025052101120914143131126 23 19 20 61             
0425171005…2025052110230246160136121  2  9 18 36             
0425171006…2025052100130214152136127 15 17 19 53             
0425171007…2025052110220916160134116  3 15 25 52             
0425171008…2025052110230216154134119  9 15 22 52             
0425171009…2025052100130224146128134 21 21 12 5111 2A1       
0425171010…2025052101110414157134125  9 16 21 51             
0425171011…2025052110230246138124123 24 24 16 62             
0425171012…2025052101130214161147132  5  3 14 26             
0425171013…2025052101130234152128126 13 21 18 55             
0425171014…2025052111220916149127114 15 20 25 64             
0425171015…2025052101130234152141125 13  8 19 43             
0425171016…2025052101130234150131123 15 18 21 57             
0425171101…2025052101130214166140133  0 10 13 29             
0425171102…2025052101130214146135128 20 15 18 53             
0425171103…2025052110230246152131113 10 16 26 59             
0425171104…2025052100130214153130123 14 23 23 64             
0425171105…2025052110230216173129114  0 18 27 56             
0425171106…2025052110220946157128114  5 20 25 59             
0425171107…2025052110230236151131112 11 17 27 6223 6OP       
0425171108…2025052100110414155130121 12 23 25 66             
0425171109…2025052110230216167132117  0 16 24 50             
0425171110…2025052111221024148124115 16 21 24 5113 3A2       
0425171111…2025052110230214153126119 10 23 22 53             
0425171112…2025052101130214141126120 25 24 26 76             
0425171113…2025052111230216152132116 12 15 23 54             
0425171114…2025052101130234170142126  0  7 18 33             
0425171115…2025052110210416150126114 13 20 27 662  3A3       
0425171116…2025052110230236159131115  3 17 24 5323 410       
0425171201‹à202505230A1 16 0                                  
0425171202…2025052101130214157142122  9  8 24 48             
0425171203…2025052110211016155133117  8 14 24 5332 3A3       
0425171204…2025052110230216151131119 12 18 22 5723 2A1       
0425171205…2025052110230216160132111  3 16 30 6023 416       
0425171206…2025052111230236158140115  5  6 22 3923 305       
0425171207…2025052101120914145132123 21 14 23 5923 510       
0425171208…2025052101130214156139125 10  7 21 433  3A2       
0425171209…2025052111030215144139128 20 10 15 40             
0425171210…2025052110220916150134119 13 15 22 5421 3A3       
0425171211…2025052101130234138126130 27 23 14 59             
0425171212…2025052101130214157141132  9  9 14 35             
0425171213…2025052101130214130128125 36 22 21 74             
0425171214…2025052101130234156129119  9 20 25 61             
0425171215…2025052101110414154135122 12 15 24 56             
0525290101…2025052100130214160149123  7  4 23 41             
0525290102…2025052110210426138125119 25 21 22 68             
0525290103…2025052101130244164145127  1  4 17 29             
0525290104‹à202505230B1 16 0                                  
0525290105‹à202505230A1 16 0                                  
0525290106…2025052100130214145134125 22 15 21 5723 516       
0525290107…2025052110230236158140121  4  8 18 37             
0525290108…2025052110220946163142118  0  6 21 36             
0525290109…2025052110230216159137127  4 12 14 3433 516       
0525290110…2025052110230216162134116  1 15 25 5222 3A3       
0525290111…2025052110220916172132118  0 16 23 4923 3A3       
0525290112…2025052110230216158130121  5 19 20 5011 3A3       
0525290113–Ø2025051510220936155128118  5 15 19 4511 2A1       
0525290114…2025052100130214150142143 17 11  3 26             
0525290115…2025052100120914158142123  9  7 23 4422 3A3       
0525290116‹à202505230B1 16 0                                  
0525290201…2025052100120934154134124 12 14 20 5023 3A3       
0525290202…2025052100130234153142127 13  6 17 3823 3A3       
0525290203…2025052100130244147136133 19 12 11 3922 3A3       
0525290204…2025052110230216156137124  7  8 17 3623 3A3       
0525290205…2025052100130224161142126  6 11 20 43             
0525290206…2025052110220936153128114  9 18 25 5933 3A3       
0525290207…2025052110220916154125116  9 23 25 6421           
0525290208…2025052110210416159130123  4 18 18 4633 3A3       
0525290209…2025052110230246158132115  4 12 24 4823 410       
0525290210…2025052110221016156126119  7 22 22 5711 3A3       
0525290211‰Î2025052010230214160126109 10 30 39 83             
0525290212…2025052110220916160140121  3 10 20 4123 3A3       
0525290213…2025052110221016156137120  7 13 21 4732 3A3       
0525290214…2025052100110444142134129 24 18 15 54             
0525290215…2025052110220936154130116  8 15 23 5311 705       
0525290216…2025052110230216157134122  6 15 19 4623 3A3       
0525290301…2025052100120914156136122 11 13 24 542344A2       
0525290302…2025052110210416160132115  3 17 26 5623 3A3       
0525290303…2025052110210416150136123 13 13 18 4733 5A3       
0525290304…2025052110230216154131119  9 18 22 5413           
0525290305…2025052100120944149140127 17  8 17 4233 305       
0525290306…2025052110210416158133119  5 16 22 5133 3A3       
0525290307…2025052110220916161140115  2  9 26 4723           
0525290308…2025052110230216151140141 12  9  0 1623 3A3       
0525290309…2025052110221016156132114  7 16 27 5833 3A3       
0525290310…2025052110220916158133124  5 14 17 4133 3A3       
0525290311…2025052100130214160137126  7 12 20 4522 3A3       
0525290312…2025052110210436156130121  6 18 18 4733 305       
0525290313…2025052110220916157134119  6 15 22 5033 3A3       
0525290314…2025052100130234157138130  9 10 14 3523 4A3       
0525290315…2025052110230226156133119  7 13 22 49             
0525290316…2025052110230216153140141 10  9  0 1623 3A3       
0525290401…2025052110230246147131124 15 17 15 482  710       
0525290402…2025052111030215148129115 16 19 28 65             
0525290403…2025052110210416159132117  4 17 24 5312 3A3       
0525290404…2025052100130214151133130 16 20 16 52             
0525290405…2025052110230236151134116 11 14 23 5423 3A3       
0525290406…2025052110230246149126115 13 23 24 6522 5A3       
0525290407…2025052110230214159144126  4  6 15 2323 3A2       
0525290408…2025052110230214150129117 13 19 24 5422 3A3       
0525290409…2025052110230216152136114 11  9 27 541  3A2       
0525290410…2025052111030235158144127  5  3 14 2323 3A3       
0525290411…2025052110210436158132113  4 16 26 5613 3A3       
0525290412…2025052100130214143138138 24 15  8 41             
0525290413–Ø2025052200130234161152141  7  4  8 19             
0525290414‹à202505230A1 16 0                                  
0525290415…2025052110210416158132118  5 16 23 5233 3A3       
0525290416…2025052100130214145132123 22 17 23 6323 505       
0525290417…2025052110230216156132122  7 18 19 50             
0525290418…2025052110220916158133116  5 16 25 5423 3A3       
0525290501…2025052111230246157122114  6 21 23 5711 305       
0525290502…2025052111210416145128112 19 17 27 66             
0525290503…2025052100130214139136123 28 13 23 6223 410       
0525290504…2025052110230216156135122  7 15 19 4733 3A3       
0525290505…2025052111030235145131116 18 16 25 5923           
0525290506…2025052110230216158130122  5 18 19 48             
0525290507‹à202505230B1 16 0                                  
0525290508…2025052110230216152136119 11 11 22 49             
0525290509…2025052110230216152128113 11 18 28 6512 3A3       
0525290510‹à202505230A1 16 0                                  
0525290511…2025052100130214150134124 17 15 22 5612 405       
0525290512…2025052100130244152142132 14 10 12 36             
0525290513…2025052110220916155128115  8 21 26 6221 3A3       
0525290514…2025052100120954141135127 25 13 17 512  2A1       
0525290515…2025052100130214158134125  9 19 21 54             
0525290516…2025052110210416163137114  0  9 27 4833 505       
0525290517…2025052110210436155136115  7 12 24 5123 3A3       
0525290601…2025052110230216156133122  7 17 19 49             
0525290602…2025052101130214157146125  9  4 21 39             
0525290603…2025052110230246171134114  0 14 25 5023 3OP       
0525290604…2025052110230216164132117  0 17 24 5223 416       
0525290605…2025052101130214159134122  7 16 24 54             
0525290606…2025052110230216158131121  5 18 20 493  3A3       
0525290607…2025052100110414156132120 11 17 26 6023 305       
0525290608…2025052110230236154136118  8 12 21 4723 416       
0525290609…2025052100130214148138126 19 11 20 501  3A3       
0525290610…2025052110230236159133116  3 15 23 5022 405       
0525290611…2025052110230216162133117  1 13 24 4823 305       
0525290612…2025052110230216158128119  5 21 22 5522 3A3       
0525290613…2025052110230216150130118 13 19 23 5913           
0525290614…2025052100130214152136125 15 13 21 5222 2A1       
0525290701…2025052100130214147136120 20 17 26 66             
0525290702…2025052110220916155134110  8 11 31 60             
0525290703…2025052110221016156133114  7 14 27 5733 5OP       
0525290704…2025052110230216160134117  3 11 24 47             
0525290705…2025052110230246156130112  6 16 27 5823 510       
0525290706…2025052100120914149131124 18 18 22 5923 305       
0525290707…2025052110230216153134118 10 14 23 5323 2A1       
0525290708…2025052101120914144130126 22 20 20 62             
0525290709…2025052110230216160130108  3 16 33 65             
0525290710…2025052110230236151134121 11 14 18 47             
0525290711‹à202505230A1 16 0                                  
0525290712…2025052110230216164134122  0 12 19 3923 410       
0525290713…2025052111630216157126114 10 19 27 6311 3A3       
0525290801…2025052100130214151140128 16 13 18 48             
0525290802…2025052110330216154134122 10 13 25 53             
0525290803…2025052110230216148130119 15 18 22 58             
0525290804…2025052110230246154132119  8 13 20 47             
0525290805…2025052110221016154134120  9 15 21 5133 3A3       
0525290806–Ø2025052210220916178138118  0 13 26 4923 605       
0525290807…2025052110220916160136115  3 14 26 5323 305       
0525290808…2025052110220916157130111  6 19 30 6532 3OP       
0525290809…2025052100130214146133126 21 20 20 61             
0525290810…2025052110230216158132118  5 14 23 5021           
0525290811…2025052110220916163124111  0 25 30 67             
0525290812…2025052110230236154132120  8 14 19 46             
0525290813…2025052100120914158134122  9 19 24 58             
0525290814…2025052110230224144126113 19 19 28 64             
0525290815…2025052110230216149125125 14 21 16 53             
0525290816…2025052100120914150130124 17 19 22 6033 3A3       
0525290901…2025052110230236164137113  0 11 26 4821 6OP       
0525290902…2025052100130214142138127 25 11 19 5311 3A3       
0525290903…2025052100120914153136133 14 17 13 44             
0525290904…2025052101130234157138132  8  7 12 2833 416       
0525290905…2025052110230216148134114 15 11 27 5923 3A3       
0525290906…2025052101130224144131124 22 19 22 64             
0525290907…2025052110230246155130115  7 19 24 5823 305       
0525290908…2025052110230216160132117  3 13 24 4923 305       
0525290909…2025052110230236152126113 10 21 26 6413 505       
0525291001…2025052110221036155132112  7 14 27 5711 3A3       
0525291002…2025052100120914146135118 21 18 28 70             
0525291003…2025052100110434149125122 17 27 22 68             
0525291004…2025052110230246161132116  1 17 23 51             
0525291005…2025052100130214140140126 27  9 20 5422 410       
0525291006…2025052101130214141138145 25 12  1 29             
0525291007…2025052101130214162140129  4 10 17 37             
0525291008…2025052101130214159151148  7  0  0  4             
0525291009…2025052110230216157132111  6 16 30 6223 405       
0525291010…2025052101130214165149136  1  1 10 16             
0525291011…2025052101120944175144117  0  5 27 43             
0525291012…2025052110230236157135109  5  9 30 55             
0525291101…2025052110220916151128116 12 21 25 64             
0525291102…2025052110230236161132114  1 16 25 5212 3OP       
0525291103…2025052110230216154128125  9 19 16 47             
0525291104…2025052111230214163151140  1  0  0  0             
0525291105…2025052101130214156135127 10 15 19 48             
0525291106…2025052111221016161132119  3 13 20 43             
0525291107…2025052101130214134123128 32 27 18 72             
0525291108…2025052101121034142127121 23 22 23 69             
0525291109…2025052101130214150140122 16 10 24 54             
0525291110…2025052110230236149128120 13 20 19 5513 510       
0525291111…2025052101130214177154122  0  0 24 34             
0525291112…2025052101130214145127123 21 23 23 68             
0525291113…2025052101130214158145141  8  1  5 1323 516       
0525291114…2025052100130214154140135 13 13 11 37             
0525291115…2025052111210416146134116 18 11 23 54             
0525291116…2025052100130234135131123 31 17 21 6511 3A2       
0525291201…2025052110230236148136118 14 12 21 5123 410       
0525291202…2025052100120914146135124 21 14 22 5732 616       
0525291203…2025052110230216167136114  0 14 27 5322 416       
0525291204…2025052101130214160138122  6 12 24 50             
0525291205…2025052100130234156136130 10 12 14 3723 605       
0525291206…2025052110230216158133125  5 16 16 42             
0525291207…2025052110230216155129116  8 20 25 61             
0525291208…2025052100110434152132120 14 16 24 5832 3A3       
0525291209…2025052100120914152135121 15 18 25 62             
0525291210…2025052100110414146128128 21 25 18 63             
0525291211…2025052110230246149126120 13 21 19 5622 3A2       
0525291212…2025052110230216158132116  5 14 25 5323 5OP       
0525291213…2025052101110414145136124 21 14 22 58             
0525291214…2025052101130214141128123 25 18 23 6523 3A3       
0825290101…2025052111220916157133115  7 13 24 51             
0825290102…2025052101130214151136124 15 14 22 54             
0825290103…2025052101130244157133124  8 16 20 49             
0825290104…2025052101130214146130127 20 16 19 5512 3A3       
0825290105…2025052101120944162144127  3  5 17 31             
0825290106…2025052101110414149120129 17 30 17 65             
0825290107…2025052101110414154132127 12 18 19 52             
0825290108…2025052101120944150138122 15 11 22 51             
0825290109…2025052101130214157136125  9 14 21 49             
0825290110…2025052111210416174138113  0  9 26 4632 3A3       
0825290111…2025052101110414153138125 13  8 21 463  3A3       
0825290112…2025052101130214145134129 21 16 17 53             
0825290113…2025052111710416155126112  7 21 25 6011 3A2       
0825290114…2025052111221014155133110  9 12 29 45             
0825290115…2025052111230216152129121 12 18 18 5033 4OP       
0825290116…2025052101130234149132121 16 17 23 59             
0825290201…2025052111210416162138113  2  8 26 4513 3A3       
0825290202…2025052101130214157130119  9 20 27 64             
0825290203…2025052111210444145132116 18 14 21 41             
0825290204…2025052101130234146131132 19 18 12 47             
0825290205…2025052111230236151132117 12 12 20 47             
0825290206…2025052101110414162134125  4 16 21 48             
0825290207–Ø2025052211230234141116120 21 26 16 48             
0825290208…2025052111230234163132119  0 11 18 2313 3A2       
0825290209…2025052101120914150138123 16  8 23 5023 3A3       
0825290210…2025052101120914158142124  8  8 22 44             
0825290211…2025052111610416161126126  5 16 12 3733 405       
0825290212…2025052111210416157142120  7  4 19 3532           
0825290213…2025052101120934152130124 13 15 20 5122 3A3       
0825290214…2025052101110414159135126  7 15 20 48             
0825290215…2025052101130214156138140 10 12  6 27             
0825290216…2025052101130214137127126 29 19 20 641  405       
0825290301…2025052101130214150137122 16 13 24 57             
0825290302…2025052111230246167141125  0  5 12 22             
0825290303‰Î2025052001130214140137126 27 15 21 61             
0825290304…2025052101111044166140124  0  9 20 37             
0825290305…2025052101130214151131123 15 19 23 61             
0825290306…2025052101130234148130125 17 15 19 5223 3A3       
0825290307…2025052111210416149130118 15 16 21 5431 3A3       
0825290308…2025052101130214145137132 21 13 14 46             
0825290309…2025052101120914155136121 11 14 25 56             
0825290310…2025052111210436148126116 15 20 21 5811 405       
0825290311…2025052101120944154138122 11  7 22 4413 405       
0825290312…2025052111730245150141109 11  4 26 4411 3A3       
0825290313…2025052111220916152130127 12 13 12 3723 3A3       
0825290314…2025052101130214144141119 22  9 27 61             
0825290315…2025052101110414155136126 11 14 20 49             
0825290316…2025052101130214173144124  0  2 22 3323 3A3       
0825290317…2025052101121014158134126  8 16 20 49             
0825290318…2025052101110424142134124 24 12 22 5731 2A1       
0825290401…2025052111710446155122116  6 22 19 5331           
0825290402…2025052111210416151132117 13 15 22 5311 3A3       
0825290403…2025052101110414150134122 16 12 24 5633 305       
0825290404…2025052111230216165132114  0 15 25 502  3A3       
0825290405…2025052101120934152127123 13 18 21 552  3A3       
0825290406…2025052101130214152140129 14 10 17 43             
0825290407…2025052101130214153140121 13 10 25 53             
0825290408…2025052101110414148134122 18 16 24 61             
0825290409…2025052101130234165141122  0  8 22 39             
0825290410‰Î2025052001130214140134122 27 18 25 70             
0825290411…2025052101130214150140121 16 10 25 55             
0825290412‰Î2025052001130214141130127 26 22 20 66             
0825290413…2025052101130214145138126 21 12 20 53             
0825290414…2025052111230246166124121  0 22 16 44             
0825290415…2025052111210416149128118 15 19 21 5831 405       
0825290416…2025052101130214142134121 24 16 25 66             
0825290417…2025052101130214149140128 17 10 18 46             
0825290418…2025052111230216159136125  5  9 14 3223 3A3       
0825290501…2025052111230246151129118 12 16 19 5023           
0825290502…2025052101130214151132127 15 18 19 54             
0825290503…2025052101130234145132124 20 13 20 5422 3A3       
0825290504…2025052101130214160142127  6  8 19 39             
0825290505…2025052111220914150122114 14 22 25 53             
0825290506…2025052111230216157128124  7 17 15 4212           
0825290507…2025052101130214145132131 21 18 15 52             
0825290508…2025052111230216169134125  0 11 14 31             
0825290509…2025052101130214150128124 16 18 22 5832 6OP       
0825290510…2025052101120914147136122 19 10 24 5513 3A3       
0825290511…2025052101110414152128122 14 22 24 65             
0825290512…2025052101120914151134133 15 16 13 44             
0825290513…2025052111221046151129118 12 16 19 5013 4OP       
0825290514…2025052111210416149128114 15 19 25 6331 3A3       
0825290515…2025052101130244151136122 14 13 22 53             
0825290516…2025052101121014149134128 17 16 18 52             
0825290601…2025052111210416154120115 10 23 24 6233 3A3       
0825290602…2025052101130214154135127 12 15 19 49             
0825290603…2025052101120944160138122  5 11 22 45             
0825290604…2025052111230216156132118  8 15 21 49             
0825290605…2025052101130234148130121 17 19 23 62             
0825290606…2025052111720915150130112 12 16 25 5512 416       
0825290607…2025052101130214151134133 15 16 13 44             
0825290608…2025052111210436155124113  8 21 24 5911 510       
0825290609…2025052101130214151132123 15 18 23 60             
0825290701…2025052101130214147132123 19 18 23 62             
0825290702…2025052101130214155129126 11 17 20 52232610       
0825290703…2025052101120944154130121 11 19 23 58             
0825290704…2025052111230216167146116  0  0 23 3211 3A3       
0825290705…2025052101130214153134122 13 12 24 5313 3A3       
0825290706…2025052101130214152136130 14 14 16 45             
0825290707…2025052111230236161133115  2 11 22 43             
0825290708…2025052111230216149124114 15 22 25 6613 410       
0825290709…2025052101120944150131124 15 14 20 5221 305       
0825290710…2025052101120914146126123 20 20 23 6533 416       
0825290711…2025052111210436155130112  8 13 25 53             
0825290712…2025052111230246166134117  0 11 20 39             
0825290801…2025052100130234144137127 22 15 17 52             
0825290802…2025052100130214151141144 16 12  2 25             
0825290803…2025052101130214157144130  9  6 16 34             
0825290804…2025052101130214153130127 13 20 19 55             
0825290805…2025052111230216150124119 14 23 20 59             
0825290806…2025052100120914149137122 18 12 24 5723 410       
0825290807…2025052101130214159141131  7  9 15 35             
0825290808‹à202505230A1 16 0                                  
0825290809…2025052100130214148138125 19 15 21 56             
0825290810…2025052111210446144124122 19 21 15 5311 3A3       
0825290811…2025052111210416147126117 17 21 22 62             
0825290812‹à202505230A1 16 0                                  
0825290813…2025052101110414157132123  9 18 23 56             
0825290814…2025052110230246161130119  1 18 20 48             
0825290815…2025052101130244159137126  6  8 18 3723 3A2       
0825290816…2025052111210416153132113 11 15 26 58             
0825290901…2025052101130214139129125 27 21 21 67             
0825290902…2025052101130224147128123 19 22 23 66             
0825290903…2025052111230214146128118 18 19 21 47             
0825290904…2025052101130214144131121 22 19 25 68             
0825290905…2025052101120914149140128 17 10 18 46             
0825290906…2025052101130234151134130 14 11 14 3913 410       
0825290907…2025052101130214146131128 20 19 18 57             
0825290908…2025052101130214168146129  0  4 17 28             
0825290909…2025052101130214145133122 21 17 24 64             
0825290910…2025052111220936162126114  1 16 23 4911 3A3       
0825290911…2025052111230246140129115 23 17 22 62             
0825290912…2025052101130214153132124 13 14 22 522  510       
0825290913…2025052111230216147131117 17 16 22 57             
0825291001…2025052111230241      119       18   13 3A3       
0825291002…2025052100130224158150136  9  3 10 23             
0825291003…2025052111230226148127121 16 18 18 53             
0825291004…2025052101130244145125120 20 20 24 6512 405       
0825291005…2025052101130214147141123 19  5 23 4923 3OP       
0825291006…2025052100120914147140126 20 13 20 53             
0825291007…2025052101130214154136123 12 10 23 5023 3A3       
0825291008…2025052101130244149138118 16 11 26 58             
0825291101…2025052111230216154128115 10 18 24 57             
0825291102…2025052111221036141124122 22 22 15 56             
0825291103…2025052111230216145128121 19 17 18 54             
0825291104…2025052111230236160136115  3 10 22 4223 410       
0825291105…2025052111210436160137111  3  5 26 44             
0825291106…2025052111230236147130115 16 13 22 54             
0825291107…2025052111220916146124115 18 22 24 66             
0825291108…2025052110220916145126115 18 22 26 7031           
0825291109…2025052110230216152130119 11 19 22 5713 305       
0825291110…2025052101130214149128127 17 18 19 5523 616       
0825291111…2025052101110414146132125 20 18 21 60             
0825291112…2025052111230216151128119 13 17 20 5313           
0825291113…2025052101120914142126123 24 24 23 71             
0825291114…2025052101130214166125125  0 21 21 5011 3A3       
0825291115…2025052101110414160131120  6 19 26 60             
0825291116…2025052111220916151124114 13 23 25 66             
0825291201…2025052111230244149133114 14 12 23 39             
0825291202…2025052110230216155128115  8 22 26 64             
0825291203…2025052111220916157133111  7 14 28 581  305       
0825291204…2025052101130214156136125 10 14 21 50             
0825291205…2025052111220916151126117 13 17 22 56             
0825291206…2025052101130214140128126 26 22 20 66             
0825291207…2025052101130214150128124 16 22 22 63             
0825291208…2025052101120914154136128 12 14 18 47             
0825291209…2025052110220944156126118  6 18 21 45             
0825291210…2025052101110414146132121 20 18 25 66             
0825291211…2025052111720915150132113 12 15 24 5332 416       
0825291212…2025052111230213150150119 14  0 20 16             
0825291213…2025052101110414153128121 13 18 25 6131 3A3       
