0620120101‹à2020010310230215146143134 19  9 17 41             
0620120102‰Î2019123100121044148138128 19 16 23 60             
0620120103–Ø2020010210220915146130127 19 23 24 6423 3A3       
0620120104‹à2020010310230215146130143 19 23  8 42             
0620120105‰Î2019123100121014154135123 13 14 27 6012 2A3       
0620120106‹à2020010300110414146132124 21 21 26 70             
0620120107–Ø2020010200130214143135131 22 15 17 52             
0620120108–Ø2020010200110444143130129 21 15 17 5221 705       
0620120109‹à2020010300110444140136127 26 11 21 5723 3A3       
0620120110‹à2020010300130214162138125  5 12 25 50             
0620120111‹à2020010310230215136130132 29 23 19 632  605       
0620120112–Ø2020010200120914149127131 16 19 17 5323 3A1       
0620120113‰Î2019123110230215146134122 20 19 32 7423 2A3       
0620120114‹à2020010310230215147144132 18 10 19 44             
0620120115‹à2020010310230234143128132 21 22 17 512328         
0620120116‹à2020010300130214160137122  7 11 28 5523 3A3       
0620120201‹à2020010310210415137134132 28 17 19 5712 3A3       
0620120202‹à2020010311010415146134127 19 13 19 48             
0620120203‹à2020010310720915144120134 22 32 16 6822 3A3       
0620120204‰Î2019123100120914149142132 19  8 21 4923 405       
0620120205‹à2020010310230215142130125 23 18 26 65             
0620120206‰Î2019123110220915147140122 19 17 32 702320A3       
0620120207‹à2020010310220945140130128 24 22 21 6222 3A3       
0620120208‰Î2019123110210435149132127 16 23 25 6523 405       
0620120209‰Î2019123110210415152136129 14 19 25 6032 2A3       
0620120210‹à2020010300110424150136136 17 17 14 47             
0620120211‰Î2019123111030215150126127 15 20 19 5222 405       
0620120212–Ø2020010210230225146130127 19 23 24 652  3A3       
0620120213–Ø2020010210210415152130128 13 23 23 59             
0620120214‹à2020010300130244150136129 16 11 19 4823 3A3       
0620120215‹à2020010300120934154138127 12  9 21 46             
0620120216–Ø2020010210220945148136126 16 16 23 55             
0620120301‰Î2019123100110414143132126 25 18 27 7111 2A3       
0620120302‰Î2019123100110414137131134 31 24 19 69             
0620120303‹à2020010310230215152134128 13 16 23 53             
0620120304–Ø2020010210221015152132124 13 21 27 64             
0620120305–Ø2020010210220915151138131 14 15 20 48             
0620120306‹à2020010310210435137135135 27 17 14 50             
0620120307‹à2020010310220915146138129 19 16 22 55             
0620120308–Ø2020010210220914148128127 17 23 24 59             
0620120309‹à2020010310220935136131127 28 17 22 6213 3A3       
0620120310‹à2020010310230215143136130 22 16 21 55             
0620120311‹à2020010300130234159136121  7 12 27 5423 3A3       
0620120312‰Î2019123110221015144131130 21 20 21 60             
0620120313‹à2020010300130214153130126 14 23 24 65             
0620120314‰Î2019123110210415147134135 18 17 16 4733 2A3       
0620120315‹à2020010310230214142142133 23 11 18 4213 405       
0620120316–Ø2020010211020945133130129 31 16 15 5223 3A3       
0620120401‹à2020010300130234142134131 24 14 17 5323 3A1       
0620120402‹à2020010310230215156146135  9  4 16 29             
0620120403‹à2020010300130214146142128 21 11 22 55             
0620120404‹à2020010300110414143122135 24 26 15 6233 3A1       
0620120405‹à2020010310220915145134128 20 18 23 59             
0620120406‹à2020010300120914148133130 19 20 20 60             
0620120407‹à2020010300130214144130135 23 18 15 5323 416       
0620120408‹à2020010310230235148138131 16 13 18 44             
0620120409‹à2020010300110414143130148 24 20  2 37             
0620120410‹à2020010300110414140130132 27 20 18 62             
0620120411‹à2020010311020915140125120 25 22 26 7012 3A3       
0620120412‹à2020010301130214145138128 21 13 21 55             
0620120413‹à2020010310210435136126125 28 22 24 6921 705       
0620120414‹à2020010301110414144133128 22 14 21 5632 3A1       
0620120415‹à2020010301110414136128131 30 19 18 6233 3         
0620120416‹à2020010300130214147139131 20 14 19 53             
0620120501‹à2020010310230215140141131 25 12 20 5122 505       
0620120502“y2020010410430233150150142 11  0  0  023 3A3       
0620120503‹à2020010300130214147136132 20 12 18 5011 3A3       
0620120504‹à2020010300130224141142136 26 11 14 47             
0620120505‹à2020010310230235140134128 24 18 21 58             
0620120506‹à2020010300130214157142145 10  7  5 2023 3A3       
0620120507‹à2020010311020915148130123 17 19 23 58             
0620120508‹à2020010300130214143137127 24 12 23 5921 3A3       
0620120509‹à2020010310230215146132127 19 20 24 6122 3A3       
0620120510‹à2020010310230234157137136  7 13 13 28             
0620120511‹à2020010300110414150132131 17 17 19 5432 3A1       
0620120512‹à2020010300130214137142140 30 11 10 43             
0620120513‹à2020010310220915141136129 24 17 22 5822 3A1       
0620120514–Ø2020010200130214141134129 24 12 19 5323 305       
0620120515‹à2020010311030215136130120 29 18 26 68             
0620120516‹à2020010300130214145128128 22 21 22 6522 305       
0620120601‹à2020010310220945140134124 24 16 25 62             
0620120602‹à2020010300130214147134124 20 19 26 68             
0620120603‰Î2019123100120914152139127 15 14 23 55             
0620120604‹à2020010300130214157139128 10  9 22 4623 910       
0620120605–Ø2020010200130234137130131 27 15 15 5222 410       
0620120606‹à2020010310230215155130130 10 23 21 5512 605       
0620120607‹à2020010300120944150134121 16 18 27 66             
0620120608‹à2020010300110434152130126 14 17 22 5712 3A1       
0620120609‹à2020010300110414149130137 18 19 13 48             
0620120610‹à2020010300121014146132131 21 17 19 5732 3A1       
0620120611‹à2020010300120914157135129 10 14 21 50             
0620120612‹à2020010310230214138143146 27 10  5 25             
0620120613‹à2020010310230215141136131 24 15 20 5413 405       
0620120614‹à2020010310230214143128132 22 22 19 5523 3A3       
0620120615‰Î2019123110220915148138127 17 13 24 5523 2A3       
0620120616‹à2020010310210435150138129 14 14 20 47             
0620120701‹à2020010310220915150136134 15 16 17 4532 3A3       
0620120702‹à2020010310230215142139128 23 14 23 5712 3A3       
0620120703‰Î2019123110230215148131127 18 24 27 7021 2A3       
0620120704‹à2020010311211016153136119 13 14 26 5721 3A3       
0620120705‹à2020010310230215143138131 22 14 20 52             
0620120706‹à2020010310230214145138135 20 11 16 38             
0620120707‹à2020010310230215147124129 18 28 22 66             
0620120708‹à2020010310210435146138134 18 11 15 40             
0620120709‹à2020010300110444150130123 16 17 25 62             
0620120710‹à2020010300110414141132139 26 17 11 4833 4A3       
0620120711‹à2020010310230245148128130 16 22 19 5523 405       
0620120801‹à2020010310730215144136127 22 16 23 62             
0620120802‹à2020010300130214151132130 16 21 20 59             
0620120803‰Î2019123100130214145128133 23 22 20 6422 3A3       
0620120804‹à2020010310230215146144130 19  8 21 45             
0620120805‹à2020010310210434131134130 33 18 19 57             
0620120806‹à2020010300130214144140128 23 13 22 58             
0620120807“y2020010410710436137136137 27 15 10 46             
0620120808‹à2020010300130214147132125 20 21 25 68             
0620120809‹à2020010310230235156142135  8  9 14 30             
0620120810‹à2020010300130234153144137 13  4 11 2823 405       
0620120811‹à2020010310730214159142148  7  8  2 16             
0620120812‰Î2019123110230225149130128 16 24 23 63             
0620120813‹à2020010310230215138140141 27 13 10 39             
0620120814‹à2020010300110414162138122  5 12 28 54             
0620120815‹à2020010310220915140124131 25 29 20 68             
0620120816‹à2020010310230215148133132 17 19 19 5223 410       
0620120901‹à2020010300120914143122135 24 31 15 67             
0620120902‹à2020010310220915138140131 27 13 20 54             
0620120903‹à2020010300130214158140129  9  9 21 4423 3A1       
0620120904‹à2020010310220915140125126 25 24 25 7123 410       
0620120905‹à2020010310220914137126126 28 26 25 70             
0620120906‹à2020010310210415144136131 21 18 20 55             
0620120907‹à2020010310220915148142129 17 11 22 49             
0620120908‹à2020010311030215146137129 19 11 17 43             
0620120909‹à2020010310230215151138128 14 14 23 51             
0620120910‹à2020010301130214145142124 21  9 25 57             
0620120911‹à2020010300110454143128126 23 20 22 6521 410       
0620120912‹à2020010301110414162133133  4 18 16 43             
0620120913‹à2020010310230245140122131 24 29 18 65             
0620120914–Ø2020010210230215136132130 29 21 21 64             
0620120915–Ø2020010210220915148131132 17 22 19 56             
0620120916–Ø2020010201130214144134125 23 18 24 66             
0620121001‹à2020010310230215146136127 19 17 24 58             
0620121002‹à2020010301110414141126133 25 21 16 5831 410       
0620121003‹à2020010310230215140124125 25 27 26 7522 3A3       
0620121004–Ø2020010200120914139128128 26 18 20 6123 616       
0620121005‹à2020010311010415131134140 34 12  6 37             
0620121006‹à2020010310220935140124125 24 24 24 69             
0620121007‹à2020010301130234168148132  0  2 15 23             
0620121008–Ø2020010200130234143130127 21 15 19 5522 705       
0620121009‹à2020010310230215158137139  7 13 12 31             
0620121010‹à2020010310220915140134128 25 17 23 61             
0620121011‹à2020010310220935136136127 28 14 22 58             
0620121012‹à2020010310230235143136130 21 16 19 5222 405       
0620121013‹à2020010301130214151136124 15 15 25 59             
0620121014‰Î2019123110220915142130129 23 23 22 65             
0620121015‹à2020010310230215144136122 21 14 29 6423 7OP       
0620121101‹à2020010301130214148128123 18 23 26 70             
0620121102–Ø2020010201130214152132122 15 20 27 67             
0620121103‹à2020010300130214148130130 19 23 20 63             
0620121104‹à2020010301120914137131130 29 20 19 64             
0620121105‰Î2019123110230215146136127 19 19 24 61             
0620121106‹à2020010310230214141128133 24 24 18 56             
0620121107‹à2020010300130234143132123 23 20 25 69             
0620121108‹à2020010300130214147128127 20 25 23 70             
0620121109‹à2020010300130214139122130 28 31 20 76             
0620121110–Ø2020010200130244157147144  7  2  2  9             
0620121111‹à2020010310220914128124130 37 29 21 74             
0620121201‹à2020010300130214164141137  3 12 13 32             
0620121202‹à2020010300110414134130137 33 23 13 61             
0620121203‹à2020010311030215144125119 21 21 27 6812 3A3       
0620121204–Ø2020010210230217148132130 17 18 21 5712 616       
0620121205‹à2020010310220915142132128 23 21 23 63             
0620121206–Ø2020010211230215150136124 16 16 21 4921 410       
0620121207‹à2020010300110414152132124 15 17 26 63             
0620121208‹à2020010310220915133126126 32 25 25 76             
0620121209–Ø2020010211210415148136124 18 15 21 4923 510       
0620121210‹à2020010310230245140132128 24 20 21 60             
0620121211‹à2020010300121014141131126 26 18 24 6823 805       
0820120101‹à2020010301110414151136129 15 15 20 52             
0820120102“ú202001050B1 16 0                                  
0820120103‹à2020010301120914146132133 20 19 16 53             
0820120104‹à2020010301130214149133130 17 14 19 5132 305       
0820120105‹à2020010311210444154144137 11  5  6  611 3A1       
0820120106‹à2020010311230215146134126 20 17 19 4711 510       
0820120107‹à2020010301130254147141139 18  9  8 31             
0820120108‹à2020010301130214153135128 13 12 21 4921 5OP       
0820120109‹à2020010301110414141124132 25 23 17 6222 3A3       
0820120110‹à2020010301121044152128126 13 18 21 542  3A3       
0820120111–Ø2020010211410435156124117 10 26 22 6313 3A3       
0820120112‹à2020010301130214157148144  9  3  5 15             
0820120113–Ø2020010201130214142136128 25 16 21 61             
0820120114–Ø2020010201130214148133134 19 19 15 52             
0820120115‹à2020010301110414145138130 21  9 19 473  505       
0820120201‹à2020010301110444149132127 16 14 20 5131 305       
0820120202‹à2020010311210416147132121 19 19 24 6322 3A1       
0820120203‹à2020010311210416155135124 11 16 21 5123 410       
0820120204‹à2020010301110434146135127 19 15 20 54             
0820120205‰Î2019123101130214145138131 22 14 18 53             
0820120206–Ø2020010211210435154134119 11 15 24 49             
0820120207‹à2020010301110414165134132  1 13 17 373128         
0820120208‹à2020010311210416155127132 11 23 13 4711 3A1       
0820120209‹à2020010301130214151134126 15 13 23 5311 3A1       
0820120210‹à2020010301130214156142142 10  5  7 2113 3A1       
0820120211‹à2020010301110414145134125 21 13 24 5911 4A3       
0820120212‹à2020010301110414147130129 19 17 20 5611 3A3       
0820120213‹à2020010311210435147131125 18 18 18 4633 3A1       
0820120214–Ø2020010211720915134126125 29 21 15 5621 305       
0820120215–Ø2019122601110434146130128 18 15 17 5022 2A1       
0820120216‹à2020010311210436149130129 16 19 14 47             
0820120301‹à2020010311210416148129131 18 20 14 49             
0820120302‹à2020010301110434146132125 19 18 22 60             
0820120303‹à2020010301130214158146144  8  5  5 17             
0820120304‹à2020010301130214155144132 11  7 17 37             
0820120305–Ø2020010201130214158154142  9  0  7 16             
0820120306‹à2020010301110414132126140 34 25  9 58             
0820120307‹à2020010301130214150132124 16 15 25 6011 305       
0820120308‹à2020010301130214146134129 20 13 20 5321 3A1       
0820120309‹à2020010301121014147136131 19 11 18 4821 3A1       
0820120310‹à2020010301120914145135132 21 16 17 52             
0820120311‹à2020010301120914143128132 23 19 17 5731 416       
0820120312‹à2020010311230234174142129  0  6 14 12             
0820120313‹à2020010301110414149130125 17 17 24 6031 405       
0820120314‹à2020010311730214155151139  8  0  1  0             
0820120315‹à2020010311210415144132134 22 18 11 38             
0820120316‰Î2019123111230216156128132 11 23 16 5211 2A1       
0820120401‹à2020010311830234153120118 16 21 22 62             
0820120402‹à2020010311230234163146135  2  2  8  0             
0820120403‹à2020010310230235145138128 19 14 21 5223 816       
0820120404‹à2020010310720935144122133 21 28 15 62             
0820120405‹à2020010310730235145130141 20 22  7 44             
0820120406‹à2020010310230215142137134 23 15 17 49             
0820120407‹à2020010310720935152126136 13 26 12 51             
0820120408‹à2020010311230236139132125 26 17 18 57             
0820120409‹à2020010310230235141136137 23 15 12 4233 3A1       
0820120410‹à2020010311830235154130124 15 11 16 43             
0820120411‹à2020010311830234167127129  2 14 11 31             
0820120412‹à2020010311830234170138134  0  3  6 12             
0820120501‹à2020010311210436149130126 16 19 17 5111 3A3       
0820120502‹à2020010311210436146134125 19 16 18 5223 3A3       
0820120503‹à2020010301110414154139126 12  8 23 4722 616       
0820120504‹à2020010301130214141138128 25 13 21 57             
0820120505–Ø2020010211620936143122119 21 20 19 5922 3A1       
0820120506‹à2020010301110414138129139 28 22 10 53             
0820120507–Ø2020010201130214157155141 10  0  8 18             
0820120508‰Î20191231011302 4143134135 24 18 14 52             
0820120509–Ø2020010201130214146135131 21 17 18 55             
0820120510–Ø2020010201130214157138126 10 14 23 53             
0820120511‹à2020010301121014153129132 13 22 17 54             
0820120512‹à2020010311210414132130125 34 21 20 55             
0820120513‹à2020010301120914144134129 22 17 20 58             
0820120514‰Î20191231011302 4146132144 22 22  8 47             
0820120515‹à2020010301130214157149137  9  2 12 24             
0820120516‹à2020010301120914156129133 10 22 16 50             
0820120601‹à2020010311210455154132118 11 18 25 5111 3A3       
0820120602‹à2020010311430214142126116 25 26 25 76             
0820120603‹à2020010301110414148132124 18 15 25 6111 3A1       
0820120604‹à2020010301110414145128130 21 19 19 5831 610       
0820120605‹à2020010310230215149137128 16 16 23 54             
0820120606‹à2020010301111014152129122 14 18 27 6311 305       
0820120607‹à2020010301120914148134129 18 13 20 5113 3A3       
0820120608‹à2020010301120914159132139  7 15 10 33332405       
0820120609‹à2020010301110454155130123 10 20 24 60             
0820120701‹à2020010301130214152138126 14  9 23 5032 505       
0820120702‹à2020010311430214158146116  9  6 25 46             
0820120703‹à2020010301110434161133123  4 13 24 4813 3A3       
0820120704‹à2020010301121014152131124 14 20 25 63             
0820120705‹à2020010311230216139132130 27 19 15 55             
0820120706‹à2020010301130214142130126 24 21 23 68             
0820120707–Ø2020010211730236157134123  5 12 15 36             
0820120708‹à2020010301110414161131131  5 20 18 48             
0820120709‹à2020010311830244167120116  2 21 24 56             
0820120710‹à2020010311210416148134120 18 17 25 6223 3OP       
0820120711–Ø2020010201130214152135125 15 17 24 60             
0820120712‰Î20191231011302 4139129133 28 23 16 63             
0820120713‹à2020010311210416148140125 18 11 20 49             
0820120714‹à2020010301130224146135126 20 16 23 60             
0820120715‹à2020010301110414141131131 25 16 18 5623 3A3       
0820120801‹à2020010301110434148134135 17 12 12 3923 405       
0820120802‹à2020010301130234148138126 17 12 21 52             
0820120803‹à2020010301110414147134127 19 13 22 552327         
0820120804‹à2020010311230215159139120  7 12 25 44             
0820120805‹à2020010311230216149132122 17 18 23 59             
0820120806‹à2020010301130234143134131 22 16 16 52             
0820120807–Ø2020010201130214145138129 22 14 20 56             
0820120808–Ø2020010211210445156134121  9 16 22 46             
0820120809–Ø2020010201130214170144130  0  8 19 35             
0820120810‹à2020010301130214165138126  1 13 23 46             
0820120811‰Î20191231011302 4151132129 16 20 20 58             
0820120812‹à2020010311230246153136135 12 14  8 31             
0820120901‹à2020010301110414148132127 18 19 22 61             
0820120902‹à2020010311210435148133120 17 17 23 51             
0820120903‹à2020010301110414144128125 22 19 24 6511 305       
0820120904‹à2020010311230216152126121 14 25 24 6623 616       
0820120905‹à2020010301120914152134126 14 17 23 58             
0820120906–Ø2020010211220936144134122 21 17 21 60             
0820120907–Ø2020010211211045159138119  6 13 24 44             
0820120908‹à2020010301130234156132126  9 18 21 53             
0820120909‹à2020010301120934154130124 11 20 23 59             
0820120910‹à2020010311210456142133121 23 17 22 60             
0820120911‹à2020010311230216147136122 19 14 23 56             
0820120912‹à2020010301130234152140132 13 10 15 39             
0820121001‹à2020010311230244136128126 29 22 17 49             
0820121002‹à2020010301110414164137124  2 14 25 50             
0820121003‰Î2019123101130214155145132 12  7 17 38             
0820121004‹à2020010301110414158130124  8 21 25 61             
0820121005‹à2020010301130214163136127  3 15 22 48             
0820121006‹à2020010301110414143128129 23 19 20 6012 3A3       
0820121007‹à2020010301130214155138130 11 13 19 46             
0820121008‹à2020010310230215144140126 21 12 25 56             
0820121009–Ø2020010211210416139132123 27 20 22 68             
0820121010‹à2020010301110414155132120 11 19 29 66             
0820121011‹à2020010301121014154124124 12 23 25 6412 510       
0820121101‹à2020010301110414146132125 20 19 24 65             
0820121102‹à2020010301110414140124130 26 27 19 69             
0820121103‹à2020010311710415143128114 20 19 26 6511 610       
0820121104‹à2020010311220935153138118 12 12 25 47             
0820121105‹à2020010311220916152122124 14 28 21 6533 416       
0820121106‹à2020010301130234162139123  3 11 24 46             
0820121107‹à2020010311210446140128121 25 22 22 66             
0820121108‹à2020010301110414156136126 10 11 23 4831 405       
0820121109‹à2020010311210446145130123 20 20 20 5923 3A3       
0820121110‹à2020010311210416134128125 32 23 20 70             
0820121111‹à2020010311230236143133126 22 16 17 52             
0820121112‹à2020010301110414147131127 19 20 22 62             
0820121113‹à2020010301130214153134125 13 17 24 58             
0820121114‹à2020010310230215148147124 17  7 27 5221 3A1       
0820121115‹à2020010311230216153132120 13 19 25 61             
0820121201‹à2020010301130214147126132 19 25 17 60             
0820121202‹à2020010301110414142126125 24 25 24 73             
0820121203‰Î2019123110230255146126125 19 28 27 7522 6OP       
0820121204‹à2020010301110414145130126 21 21 23 66             
0820121205‹à2020010301130214151132126 15 19 23 60             
0820121206‹à2020010301121014150120132 16 31 17 64             
0820121207‹à2020010301130214145132129 21 19 20 60             
0820121208‹à2020010301130214165148132  1  3 17 27             
0820121209‹à2020010311210446149134128 16 16 15 4533 3A3       
0820121210‹à2020010301110414150124131 16 27 18 62             
0820121211‹à2020010301110444175135125  0 15 22 46             
0820121212‹à2020010311710446144123117 18 23 21 63             
0820121213‹à2020010310230224141135131 24 17 20 52             
0820121214‹à2020010301110414150133124 16 14 25 5822 3A3       
0820121215‹à2020010301121014144130124 22 21 25 69             
0820121216–Ø2020010201130214154140143 13 12  6 29             
