0622410101…2022090710230216168135125  0 16 22 4711 410       
0622410102…2022090711830234156129121 13 12 19 46             
0622410103…2022090710230236160140131  1  6 14 26             
0622410104…2022090710220936156138124  5 12 21 45             
0622410105‹à202209090B1 16 0                                  
0622410106…2022090710220936164134124  0 16 21 45             
0622410107…2022090711830235168136136  1  5  4 11             
0622410108…2022090710220936162132127  0 16 18 4211 405       
0622410109…2022090700110434153140131 13 13 19 47             
0622410110…2022090700120914155139130 12 15 22 53             
0622410111…2022090710330246152130137 12 16 10 37             
0622410112…2022090710210436151134115 10 13 30 61             
0622410113…2022090701130234154138133 11  8 12 3223 2A1       
0622410201…2022090710220916176138122  0 12 25 4723 2A1       
0622410202…2022090710230216157129119  5 21 28 6313 2A1       
0622410203…2022090700120914143134132 24 16 20 5833 516       
0622410204…2022090700110414149133130 17 15 19 5223 2A1       
0622410205…2022090710210416154132120  8 19 27 6132 410       
0622410206…2022090710230236151128119 10 22 26 65             
0622410207…2022090700110414164148136  3  6 16 30             
0622410208‹à202209090B1 16 0                                  
0622410209…2022090710230236158130124  3 18 21 4922 2A1       
0622410210…2022090700130244153144129 12  3 18 3523 2A1       
0622410211…2022090700120914143125129 24 26 23 7221 510       
0622410212…2022090700130214143134137 24 16 15 5121 2A1       
0622410213…2022090700130214156140133 11 14 19 47             
0622410214…2022090710220916175131121  0 19 26 5611 2A3       
0622410301…2022090710210416151136128 11 14 19 4722 2A1       
0622410302…2022090710210416152135124 10 15 23 53             
0622410303…2022090710220946156132121  5 18 24 5421 405       
0622410304…2022090710230216159129130  3 18 17 4432 2A1       
0622410305–Ø2022090810720915143126129 22 25 21 6723 405       
0622410306…2022090710220936155126129  6 20 16 47             
0622410307…2022090710230246169134119  0 16 26 5211 2A3       
0622410308…2022090710220916158140121  4 10 26 49             
0622410309…2022090710230216152132126 10 17 21 5313 2A1       
0622410310…2022090700130214154140128 13  9 24 5012 405       
0622410311…2022090710210415150132130 12 17 17 4533           
0622410312…2022090710220936158142125  3  4 20 342  2A3       
0622410401…2022090700130214151142128 15  5 21 4323 2A3       
0622410402…2022090710220916154134134  8 14 13 3733 2A3       
0622410403…2022090710210446162138128  0  8 17 3233 2A1       
0622410404…2022090710220936155133129  6 16 16 42             
0622410405…2022090700120914148133125 18 15 24 5911 2A1       
0622410406…2022090701110434152134131 13 12 14 4021 2A1       
0622410407…2022090700130234147128125 18 19 22 6023 516       
0622410408…2022090710220916157136127  5 11 20 43             
0622410409…2022090710210416153134126  9 15 21 5033           
0622410410…2022090700120944149136134 16 15 13 43             
0622410411…2022090710730235135134142 29 16  5 41             
0622410412…2022090710230236160136121  1 14 24 4933 2A1       
0622410413…2022090710230216155134127  7 16 20 48             
0622410501…2022090710430215130113124 34 31 14 6811           
0622410502…2022090710210416155132126  7 19 21 5213           
0622410503…2022090710230236160132120  1 14 25 5023 405       
0622410504…2022090700130244147125133 18 21 14 5111 305       
0622410505…2022090711210446152124118 10 22 21 5723 310       
0622410506…2022090710230246175136121  0 12 24 462  2A3       
0622410507…2022090700130214135122138 31 26 11 6011 2A1       
0622410508…2022090710230236155131125  6 18 20 50             
0622410601…2022090700121044147133123 19 20 27 69             
0622410602‹à202209090A1 16 0                                  
0622410603…2022090710230216168132120  0 20 27 582  305       
0622410604…2022090710230216162133120  0 14 27 52             
0622410605…2022090710220916159130120  3 19 27 5913 510       
0622410606…2022090700130214147127122 20 27 30 81             
0622410607…2022090710220916155137117  7 15 30 62             
0622410608‹à202209090A1 16 0                                  
0622410609…2022090700130214145141125 22 13 27 64             
0622410610…2022090710330214140130121 25 17 28 63             
0622410611…2022090700130214146138133 21 16 19 55             
0622410612‹à202209090A1 16 0                                  
0622410613…2022090700130214152136130 14 16 19 51             
0622410701…2022090711021015136126119 29 22 26 74             
0622410702…2022090710230246164132117  0 17 28 5623 3OP       
0622410703…2022090710330215144136121 22 16 31 69             
0622410704…2022090710230246154136126  7 14 19 45             
0622410705…2022090700130214147136126 19 16 23 59             
0622410706…2022090701110444142133121 23 17 24 65             
0622410707…2022090700130234147129130 19 20 20 5923 405       
0622410708…2022090710230216166136119  0 10 28 4911 2A3       
0622410709…2022090710230216157127119  5 23 28 6511 305       
0622410710…2022090710230216175148141  0  3  6 12             
0622410711…2022090710230216160128120  2 22 27 6111 310       
0622410712…2022090711030214141134130 24 14 15 42             
0622410713…2022090710230216155135128  7 16 19 47             
0622410801…2022090710230216156132126  6 18 21 5121 2A1       
0622410802…2022090710220916165138126  0  9 21 3922 2A1       
0622410803…2022090700120914150132125 17 22 27 70             
0622410804…2022090700130214158138133  9 16 19 48             
0622410805…2022090710230216154136119  8 15 28 59             
0622410806…2022090710210416156128126  6 21 21 5433 305       
0622410807…2022090700120924157136123 10 14 29 6021 2A1       
0622410808…2022090710210446148134125 13 16 20 5223 5A3       
0622410809…2022090700110444154134128 11 12 19 4523 2A3       
0622410810…2022090700110414148132126 19 18 26 6623 505       
0622410811‹à202209090B1 16 0                                  
0622410812…2022090710221016157134112  5 17 35 6911 305       
0622410901…2022090710230236159134121  2 17 24 52             
0622410902ŒŽ202209050B130215                                  
0622410903…2022090710230216158136124  4 11 23 4631 2A1       
0622410904…2022090710220916151128126 11 22 21 5823 310       
0622410905…2022090700130214144134128 22 18 21 60             
0622410906…2022090710230216158140133  4  9 14 31             
0622410907…2022090710230216158136123  4 12 24 4811 2A1       
0622410908‹à202209090A1 16 0                                  
0622410909…2022090710230216154134134  8 15 13 381  2A1       
0622410910…2022090710230236153131121  8 20 24 5923 305       
0622411001…2022083114130215144138126 27 17 20 60             
0622411002…2022090710220916152131119 10 19 28 6411 2A3       
0622411003…2022090700110414147132124 20 17 28 6822 305       
0622411004…2022090700130224145140142 22 14 10 41             
0622411005…2022090710230216167136120  0 11 27 5023 416       
0622411006–Ø2022090810730234149140148 15  9  0 19             
0622411007…2022090701120914144132126 22 19 21 62             
0622411008…2022090710230216151133118 11 15 29 6322 5OP       
0622411009…2022090701130214154126127 12 25 20 61             
0622411010…2022090700130214149144127 17  8 22 49             
0622411011…2022090711230236151128111 11 17 28 6322 2A3       
0622411012‰Î2022090611021010                                  
0622411013…2022090701110444147127125 18 18 20 5722 405       
0622411014…2022090701130244145131127 20 19 18 57             
0622411015…2022090701120914160136127  6 15 20 47             
0622411016…2022090700121014150130137 16 18 12 4423 2A3       
0622411101…2022090710230236144127120 17 21 25 661  305       
0622411102…2022090710230216155130115  7 18 32 6713 516       
0622411103…2022090710410425135113126 29 32 12 6331 2A1       
0622411104…2022090710230216169132121  0 18 26 55             
0622411105…2022090700130234148143131 17  8 16 40             
0622411106…2022090710230236163130119  0 20 26 5623 2A1       
0622411107…2022090700120934146134124 19 13 23 5621 310       
0622411108…2022090710230246163130116  0 18 29 5923 305       
0622411109…2022090710230236158131123  3 19 22 52             
0622411110…2022090710230216158134115  4 13 32 61             
0622411111…2022090701120914154136127 12 15 20 51             
0622411112…2022090701110414143132119 23 19 28 72             
0622411201…2022090700130214148134125 19 16 27 6521 410       
0622411202…2022090710230216161140128  1 11 19 3912 410       
0622411203…2022090700130214159144136  8 10 16 37             
0622411204‹à202209090A1 16 0                                  
0622411205…2022090710730214142124129 23 28 20 70             
0622411206…2022090700130214151136121 16 18 31 71             
0622411207…2022090700120914154140129 13 10 23 5033 2A3       
0622411208…2022090710230246153134122  8 16 23 5411 4A3       
0622411209…2022090710230216165141123  0 10 24 442  2A3       
0622411210…2022090710230246155132125  6 15 20 47             
0722510101…2022090701120914148134125 18 13 22 5522 2A3       
0722510102…2022090701110424141140127 25 11 20 54             
0722510103…2022090701110434164133122  1 13 23 4612 505       
0722510104…2022090701110414150140134 16 11 13 39             
0722510105…2022090701110434144128128 21 18 17 5511 2A3       
0722510106…2022090711230226161138117  2  9 24 442  2A3       
0722510107…2022090701110444154138126 11  7 19 4113 310       
0722510108…2022090701121014153135131 13 11 16 4211 2A3       
0722510109…2022090701110454142136125 23  9 20 5111 2A3       
0722510110…2022090711210446146132131 16 15  8 3531 2A1       
0722510111…2022090701121044151135126 14 10 19 4622 2A3       
0722510112…2022090701130214155144128 11  7 19 41             
0722510201…2022090711220946149127117 13 18 22 5722 2A1       
0722510202…2022090701130214157136127  9 15 20 49             
0722510203…2022090701120914143136125 23 15 22 60             
0722510204…2022090711210416149125116 14 21 25 6411 2A3       
0722510205…2022090701110414155135132 11 12 15 4032 2A3       
0722510206…2022090701110414146136129 20 10 18 4831 2A1       
0722510207…2022090701120914138130124 28 17 23 6623 2         
0722510208…2022090711220936148125117 14 20 22 5911           
0722510301…2022090701130234142132126 23 18 19 59             
0722510302…2022090711230236152128117 10 17 22 5411 305       
0722510303…2022090701121034156141125  9  9 20 43             
0722510304…2022090701121034148142128 17  3 17 3811 410       
0722510305…2022090711230236168132113  0 12 26 4813 2A1       
0722510306…2022090701120934147134123 18 11 22 5311 310       
0722510307…2022090711230236151133111 11 13 28 5911 305       
0722510308…2022090701121034142133129 23 17 16 54             
0722510309…2022090701130234150138133 15 12 12 38             
0722510401…2022090701130214152139126 14 12 21 50             
0722510402…2022090701130234161138125  4 12 20 43             
0722510403…2022090701120944150128125 15 18 20 5521 410       
0722510404…2022090701110414155136124 11 15 23 54             
0722510405…2022090701110414148132132 18 19 15 51             
0722510406…2022090701110414149134127 17 17 20 56             
0722510407…2022090701110414150132130 16 19 17 53             
0722510408…2022090701110414140132126 26 19 21 64             
0722510409…2022090701111014158132131  8 15 16 4331 2A1       
0722510410…2022090701130214145130128 21 17 19 5721 305       
0722510411…2022090701120914150132130 16 19 17 53             
0722510412…2022090711230216151130122 12 16 19 50312516       
0722510501…2022090711230214147126116 16 19 25 501  3A3       
0722510502…2022090711230235164130115  0 14 24 4033 5OP       
0722510503…2022090701130214145122131 21 29 16 64             
0722510504…2022090711220916151134120 12 13 21 4922 2A1       
0722510505…2022090701120934147129117 18 16 28 671  2A1       
0722510506…2022090701110434153139127 12  7 18 4022 405       
0722510507…2022090711210446149126118 13 20 21 5731 2A3       
0722510508…2022090711220934169137112  0  8 27 3323 2A1       
0722510601…2022090701110414141135129 25 12 18 5331 2A1       
0722510602…2022090701120914162134124  4 12 23 4731 2A3       
0722510603…2022090701110414147135122 19 16 25 63             
0722510604…2022090711210416139134119 24 13 22 58             
0722510605…2022090701121034147134123 18 12 22 5431 310       
0722510606…2022090701130214148134124 18 17 23 60             
0722510607…2022090711210416142128126 21 18 15 5232 2A1       
0722510608…2022090711210446147124119 15 23 20 60             
0722510609…2022090701130214156136127 10 15 20 49             
0722510610…2022090701110434134125131 31 21 14 6021 7OP       
0722510701…2022090711210416142128129 21 19 12 4821 305       
0722510702…2022090701130214135126136 31 20 11 5511 510       
0722510703…2022090711230214167134119  0 14 22 32             
0722510704…2022090701130234154136126 11 10 19 4421 2A3       
0722510705…2022090701120914152136127 14 15 20 52             
0722510706…2022090701120934149132125 16 14 20 5221 3OP       
0722510707…2022090701120914155136120 11 15 27 60             
0722510708…2022090701120914172137123  0 14 24 48             
0722510709…2022090711220916143126122 20 22 19 6011 516       
0722510710…2022090711730236152140135 10  6  3 16             
0722510711…2022090711630235124114125 40 25 12 66             
0722510801…2022090711230236148128118 14 16 21 54             
0722510802…2022090711230216149128117 14 17 24 5911           
0722510803…2022090701110414144130127 22 21 20 63             
0722510804…2022090711720915140126118 23 21 22 63             
0722510805…2022090711210416150128117 13 19 24 6013 605       
0722510806…2022090711210416140125117 23 22 24 6911 2A3       
0722510807…2022090701110414153133125 13 18 22 57             
0722510808…2022090711210416147128121 16 19 20 5631 305       
0722510809…2022090701110434139125128 26 20 17 6031 516       
0722510810…2022090711230216150130117 13 17 24 58             
0722510901…2022090700130214151134127 15 14 22 5422 2A1       
0722510902…2022090701130244163136128  2 14 17 39             
0722510903‰Î2022090601130214157132121 10 20 28 65             
0722510904…2022090710220946162129128  0 21 17 4513 405       
0722510905…2022090711230216153134120 10 11 21 4723 310       
0722510906…2022090701121014141130129 25 21 18 62             
0722510907…2022090711220916136128129 27 19 12 52             
0722510908…2022090701120934150130125 15 20 20 57             
0722510909…2022090701110414147135125 19 12 22 553228         
0722510910…2022090701110414147132121 19 19 26 67             
0722510911…2022090701110414142126134 24 25 13 58             
0722510912…2022090711230236147132115 15 12 24 5423 3OP       
0722510913…2022090701120914157130126  9 21 21 56             
0722511001…2022090701130214145138130 21 13 17 50             
0722511002…2022090700120914140132133 26 16 16 542  305       
0722511003…2022090701130214156134125 10 17 22 54             
0722511004…2022090711230236158132118  4 15 21 46             
0722511005…2022090701130214157136123  9 15 24 54             
0722511006‰Î2022090611210416155122117 13 30 29 79             
0722511007…2022090701110414152137127 14 14 20 51             
0722511008…2022090711730215138130118 25 17 22 60             
0722511009…2022090710220916164133119  0 18 28 58             
0722511010…2022090700120914150137132 16 15 17 48             
0722511011…2022090701110444137125126 28 21 19 6511 405       
0722511012…2022090701130234158145132  7  1 13 2413 2A3       
0722511101…2022090710221016169132115  0 17 32 6223 610       
0722511102…2022090701121014152132122 14 19 25 63             
0722511103…2022090701130214154136133 12 15 14 42             
0722511104…2022090701111034155128123 10 18 22 5511 305       
0722511105…2022090710220916155128125  7 22 22 5711 5OP       
0722511106…2022090700130244183136125  0 17 25 52             
0722511107…2022090701110434143130123 22 20 22 64             
0722511108…2022090701110414146137126 20 14 21 56             
0722511109…2022090711210436150126113 12 19 26 63             
0722511110…2022090701110414150129128 16 22 19 59             
0722511111…2022090711230246156132113  6 13 26 5323 2A1       
0722511112…2022090701121034168145121  0  5 24 39             
0722511113…2022090701130214147130129 19 21 18 58             
0722511114…2022090701110414137122143 29 29  4 52             
0722511115…2022090701130214154132123 12 19 24 60             
0722511116…2022090711210416148124110 15 22 31 74             
0722511201…2022090701130214140126128 26 25 19 68             
0722511202…2022090711230214181142120  0  3 21 19             
0722511203…2022090701110414151132119 15 15 28 6411 2A3       
0722511204…2022090701120914153131126 13 20 21 58             
0722511205…2022090701120914145134127 21 17 20 58             
0722511206…2022090701130214154137126 12 14 21 51             
0722511207…2022090701110434152129128 13 21 17 53             
0722511208…2022090701110414150133139 16 18  8 39             
0722511209…2022090701121014155137125 11 14 22 52             
0722511210…2022090701110414151135125 15 16 22 56             
0722511211…2022090710230246160130115  1 19 30 6212 4OP       
0722511212…2022090711210414150128119 13 18 22 44             
0722511213…2022090710210415150129119 12 23 28 67             
0722511214…2022090701130214185140120  0 11 27 49             
0722511215…2022090701121014151136120 15 10 27 5713 2A3       
0722511216…2022090711210436157125123  5 20 16 45             
