0624550101…2024121110230216184145126  0  2 18 27             
0624550102…2024121100130234145140133 20  7 11 3411           
0624550103…2024121100110414147136124 19 12 22 5422 205       
0624550104…2024121100130214146129127 20 19 19 5811           
0624550105…2024121110220936157132120  6 17 22 5231 2A3       
0624550106…2024121110220936164138120  0 12 22 4323 2A1       
0624550107…2024121110220916170137126  0 13 18 3923           
0624550108…2024121100130234159144128  6  3 16 2922 2A1       
0624550109…2024121100130214161140127  5  9 19 3823 2A3       
0624550110…2024121100120934149132125 16 17 19 5311 2A3       
0624550111…2024121100130214150132121 16 21 25 65             
0624550112…2024121110230236153131120 10 20 22 5713 2A1       
0624550113…2024121110230216157133117  7 16 27 5823 405       
0624550114…2024121110210416154130120 10 20 24 6011 3A3       
0624550115…2024121100130234158136124  7 16 20 48             
0624550116…2024121110230216159130127  5 21 17 4822 2A1       
0624550201…2024121110230246159132122  4 17 20 4813           
0624550202…2024121100120914146135124 20 13 22 5623 2A3       
0624550203…2024121110230216148134120 16 18 24 6123 2A1       
0624550204…2024121100130224148136126 18 13 20 522  2A1       
0624550205…2024121110210416      127       17   32 2A1       
0624550206…2024121100130214136130130 30 19 16 5912 2A3       
0624550207…2024121110230216147124120 17 24 24 6821 205       
0624550208…2024121110230246149136132 14 13 10 3622 2A1       
0624550209…2024121100110414147140124 19  9 22 5123 2A1       
0624550210…2024121110220916159134118  5 16 26 5612 2A3       
0624550211…2024121100120914141135123 25 14 23 612  505       
0624550212…2024121110210416151132122 13 20 22 5832 2A3       
0624550213…2024121100130214140137123 26 11 23 592  205       
0624550214…2024121111020915144133117 21 16 27 6323 510       
0624550215…2024121100130214162136125  4 12 21 4423 2A3       
0624550216…2024121110210416169130129  0 21 15 4231 2A3       
0624550301…2024121110210436159134117  4 16 25 5323 2A3       
0624550302…2024121110230216153138119 11 13 25 5522 2A1       
0624550303…2024121110230216162135125  2 15 19 43             
0624550304…2024121110220916162144115  2  8 29 5033 5OP       
0624550305…2024121110230216168139127  0  9 17 33             
0624550306…2024121110210436157150151  6  0  0  3             
0624550307…2024121100120914141138134 25 15 12 47             
0624550308…2024121110220916153135123 11 16 21 5232 2A1       
0624550309…2024121100110414141132129 25 16 17 5532           
0624550310…2024121110210416157134128  7 17 16 4411 2A1       
0624550311…2024121100130234146132123 19 15 21 5613 2A3       
0624550312…2024121110220916159132116  5 14 28 5623           
0624550313…2024121110230216157126118  7 23 26 6423 2A3       
0624550314…2024121100130234146135123 19 13 21 5422 2A3       
0624550315…2024121110210416156136120  8 14 24 532  3A3       
0624550316…2024121110210436156134120  7 14 22 4933 205       
0624550401…2024121110220916156138130  8 13 14 37             
0624550402…2024121110230216162138120  2 13 24 4821 5A3       
0624550403…2024121100130214143132132 23 17 14 5021 2A1       
0624550404…2024121110230246156129121  7 22 21 5521 2A3       
0624550405…2024121110230216157134119  7 17 25 5622 610       
0624550406…2024121110220916159132118  5 18 26 5823 2A1       
0624550407…2024121110230216163132118  1 16 26 5323 2A3       
0624550408…2024121110220916161142121  3  4 23 38             
0624550409…2024121100120914155140123 11  9 23 4823 405       
0624550410…2024121100130214148142129 18 11 17 45             
0624550411…2024121110230236165131117  0 18 25 5321           
0624550412…2024121110210416156130127  8 21 17 5031 2A3       
0624550413…2024121110220914159132121  5 19 23 472  2A3       
0624550414…2024121110230216149134125 15 16 19 5223 405       
0624550415…2024121110230216154130115 10 18 29 6423 2A1       
0624550416…2024121110220936149136118 14 14 24 5612 405       
0624550501…2024121110230216148132119 16 19 25 6423 2A3       
0624550502…2024121110210436159136118  4  9 24 4513           
0624550503…2024121110230216154136115 10 12 29 5823 205       
0624550504…2024121110230216154129135 10 19  9 3711 2A1       
0624550505…2024121100130224153140124 13  9 22 4723 2A1       
0624550506…2024121101110444154136120 12 10 25 5232 305       
0624550507…2024121100121014145130137 21 18  9 4323 305       
0624550508…2024121110220916153130121 11 19 23 5822 3A3       
0624550509…2024121110220946154129116  9 17 26 5923           
0624550510…2024121110230236147132120 16 18 22 5823 310       
0624550511…2024121110220916156133120  8 17 24 5633 405       
0624550512…2024121111610416141122121 25 20 18 6033 2A3       
0624550513…2024121110230216155124118  9 23 26 6522 2A1       
0624550514…2024121110210416151125124 13 22 20 5833 2A3       
0624550515…2024121100130224144136137 22 12  9 3833 305       
0624550601…2024121110220916155136134  9 16 10 3533 2A1       
0624550602…2024121110230216157130125  7 17 19 4811           
0624550603…2024121100110414140135136 26 13 10 4333 3A3       
0624550604…2024121110230236154137119  9 14 23 5123 2A3       
0624550605…2024121110230216158140117  6 12 27 5321 310       
0624550606…2024121111220946141128122 21 16 15 5033           
0624550607…2024121110210416154129139 10 19  5 3333 2A1       
0624550608…2024121110220936142137127 21 10 15 44             
0624550609…2024121101130214157138127 10  9 20 4422 2A3       
0624550610…2024121111030215152132116 13 17 28 6222 2A3       
0624550611…2024121110210416165129117  0 20 27 5821 2A3       
0624550612…2024121110230236162128125  1 21 17 4612 2A3       
0624550613…2024121110210436154130120  9 18 22 5521 2A3       
0624550614…2024121110230226157130118  7 21 26 6223 4OP       
0624550615…2024121110230216159132118  5 20 26 5922 2A1       
0624550701…2024121100120914140140128 26  9 18 5022 2A1       
0624550702…2024121111010415143133121 22 16 23 58             
0624550703…2024121100120914168146130  0  7 16 29             
0624550704‰Î2024121010220916156132121 13 22 28 69             
0624550705…2024121110220916153140116 11  7 28 5311 2A1       
0624550706…2024121110230246155132120  8 18 22 5412 310       
0624550707…2024121110230216163130125  1 20 19 4723 2A3       
0624550708…2024121100120914147132125 19 17 21 5823 305       
0624550709…2024121111020925154138116 11 12 28 5523 2A1       
0624550710…2024121110230216178131121  0 20 23 5213 410       
0624550711…2024121110230216161136114  3 12 30 56             
0624550712…2024121110230216159134120  5 16 24 5311 2A3       
0624550713…2024121110210436151137116 12 10 26 5411 2A3       
0624550714‰Î2024121010220916157132120 12 22 29 70             
0624550715…2024121100120914142133131 24 20 15 55             
0624550716…2024121110220916153135118 11 13 26 5613 2A1       
0624550801…2024121110230216160136118  4 14 26 5323 410       
0624550802…2024121100120944139132124 26 20 20 63             
0624550803…2024121100130244155138123 10  9 21 4422 2A3       
0624550804…2024121110230216155123121  9 28 23 6633 2A1       
0624550805…2024121100130214152146144 14  7  2 18             
0624550806‹à202412130A1 16 0                                  
0624550807…2024121110220916164134119  0 17 25 5233 8OP       
0624550808…2024121110230214159141123  5 11 21 3623 3A3       
0624550809…2024121110230216162132119  2 20 25 5611 305       
0624550810…2024121110230236155130122  8 21 20 5412 2OP       
0624550811…2024121110230216159131125  5 20 19 501125A3       
0624550812…2024121110220936157127117  6 21 25 6022 3A3       
0624550813‹à202412130A1 16 0                                  
0624550814…2024121110220916160137119  4 14 25 5133 2A1       
0624550815…2024121110430215154136122 10  9 16 3423 305       
0624550816…2024121100121014144132125 22 17 21 5922 2A3       
0624550901…2024121100130214156134131 10 15 15 4211 2A3       
0624550902…2024121101130214152140124 15 11 23 53             
0624550903…2024121110230216146122117 18 25 27 7421           
0624550904…2024121100120914145132123 21 17 23 622  2A3       
0624550905…2024121110230246156130115  7 19 27 6131           
0624550906…2024121110230216151132123 13 19 21 56             
0624550907…2024121110230216154131120 10 19 24 5922 5OP       
0624550908…2024121110230236149128116 14 22 26 6712 3OP       
0624550909…2024121110230216155128123  9 19 21 5421 516       
0624550910…2024121110230246153136117 10 14 25 5513 2A3       
0624550911…2024121110230246151134116 12 12 26 5623           
0624550912…2024121110230246147130123 16 17 19 53             
0624550913…2024121110210416150134121 14 16 23 5721 2         
0624551001…2024121101110414158132125  9 19 22 56             
0624551002…2024121110210416172128117  0 23 27 61             
0624551003…2024121110220916158131125  6 16 19 46             
0624551004…2024121101120914146130122 21 17 25 653  2OP       
0624551005…2024121110211036148126118 15 22 24 65             
0624551006…2024121111230236149126117 13 19 20 5522 4A3       
0624551007…2024121110230226160134120  4 18 24 54             
0624551008…2024121101121044142126125 24 20 20 6212 2A1       
0624551009…2024121101110414144122135 23 29 12 60             
0624551010…2024121110230216160132118  4 17 26 56             
0624551011…2024121110220916163132123  1 19 21 4933 510       
0624551012…2024121101130244157148132  9  2 13 26             
0624551013…2024121110230236152134118 11 17 24 57             
0624551014…2024121110210446161129114  2 21 28 61             
0624551015…2024121100120914139129129 27 24 17 64             
0624551016…2024121110220916159135119  5 17 25 5523 2A3       
0624551101…2024121111730215145137109 19 11 30 6233 2A3       
0624551102…2024121110230216156128121  8 23 23 60             
0624551103…2024121110230224154141123 10 10 21 3823 3A3       
0624551104…2024121101130244146132121 20 18 24 64             
0624551105…2024121110230216150130122 14 21 22 6023 410       
0624551106…2024121101130234164134122  2 16 23 50             
0624551107…2024121110230216163128118  1 24 26 6113 510       
0624551108…2024121101130214160136120  7 15 27 58             
0624551109…2024121101130214171138125  0  9 22 4121 2A3       
0624551110…2024121110230216156126116  8 25 28 69             
0624551111…2024121111230245157136126  5  7 11 19             
0624551112…2024121101130214143130126 24 21 21 66             
0624551113…2024121101121014167141127  0 10 20 39             
0624551114…2024121111230246159131115  3 13 22 46             
0624551115…2024121101130234157144122  9  6 23 44             
0624551116…2024121101130244149134119 17 16 26 63             
0624551201…2024121110210416156130123  8 21 21 5523 405       
0624551202…2024121110230236161130121  2 21 21 51             
0624551203…2024121110210416154123115 10 24 29 71             
0624551204…2024121110230216164132113  0 17 31 61             
0624551205…2024121100110414153136122 13 14 24 5511 2A1       
0624551206…2024121100120914147136122 19 12 24 5723 3A3       
0624551207…2024121100120914160138121  6 10 25 4923 305       
0624551208…2024121101130214147132131 20 19 16 54             
0624551209…2024121100120924147133121 19 20 25 66             
0624551210…2024121110230216159134118  5 15 26 5523 305       
0624551211…2024121110210416160129120  4 23 24 59             
0624551212…2024121100110414147132128 19 16 18 533  410       
0624551213…2024121100130234150134121 15 13 23 5422 2OP       
0624551214…2024121110220916167140120  0 11 24 45             
0624551215…2024121110230216160126120  4 25 24 6133 3OP       
0624551216…2024121110220946156132124  7 17 18 4723 305       
0724450101…2024121101110414151136131 16 15 16 48             
0724450102…2024121100110414157134130  9 15 16 4323           
0724450103…2024121111210416149134130 14 13  9 3511 2A3       
0724450104…2024121101130234149140133 17 10 12 38             
0724450105…2024121101110414148135123 19 16 24 62             
0724450106…2024121110230216158138120  6 13 24 5011 2A1       
0724450107…2024121100110414150129129 16 20 17 5331 2A3       
0724450108…2024121101120914154138124 13  9 23 502134A2       
0724450109…2024121101130214141128127 26 19 20 632  2A1       
0724450110…2024121110220916158128128  6 23 16 4933 410       
0724450111…2024121101120914138128125 29 19 22 6722 3A3       
0724450112‹à202412130A1 16 0                                  
0724450113…2024121111210446159128113  3 15 24 5111 310       
0724450114…2024121110230216153138123 11 12 21 4823 2A3       
0724450115…2024121110230216158134120  6 18 24 5521 2A3       
0724450116…2024121110221016159137128  5 15 16 403  2A1       
0724450201…2024121111030215148132118 17 17 26 6111 4A3       
0724450202…2024121110230214143140123 21 10 21 4523           
0724450203…2024121101120934160142128  6  8 17 36             
0724450204…2024121101120914149140123 18 11 24 56             
0724450205…2024121110230236155132122  8 16 20 4923           
0724450206…2024121111210416163126118  0 21 21 5131 2A1       
0724450207…2024121101110414137125131 30 22 16 6311 2A3       
0724450208…2024121110230216161132123  3 20 21 51             
0724450209…2024121111230216146130126 17 17 13 4611 2A1       
0724450210…2024121100130214144136127 22 17 19 57             
0724450211…2024121110230216162134122  2 14 22 46             
0724450212…2024121110230216158134128  6 16 16 4211 2A1       
0724450213…2024121101130214147134126 20 17 21 59             
0724450214…2024121111730234153136120 10 10 17 33             
0724450215‹à202412130A1 16 0                                  
0724450216…2024121100130244151136125 14 16 19 51             
0724450301…2024121100130214152143140 14 10  6 27             
0724450302…2024121101110444153132126 13 18 19 53             
0724450303…2024120400130214148144147 19  9  0 20             
0724450304…2024121100120914150132125 16 17 21 5611 2A3       
0724450305…2024121101130214164136126  3 15 21 47             
0724450306…2024121110220946151138119 12 13 23 5232 2A3       
0724450307…2024121101130234154136123 12 14 22 53             
0724450308…2024121110210416156130115  8 17 29 6233 305       
0724450309‹à202412130A1 16 0                                  
0724450310…2024121101130214145136132 22 15 15 50             
0724450311…2024121100130234144132125 21 20 19 59             
0724450312…2024121101120954154136125 12 14 20 50             
0724450313…2024121100120914155140127 11  9 19 4232 2A3       
0724450314…2024121101121014153138122 14 13 25 57             
0724450315…2024121101130214145133125 22 18 22 63             
0724450316…2024121101130214164141128  3 10 19 39             
0724450401…2024121101130214154134124 13 17 23 58             
0724450402…2024121110230236153136124 10 11 18 4311 2A1       
0724450403…2024121100120914146141120 20 12 26 60             
0724450404…2024121111230236140126127 22 16 10 44             
0724450405…2024121111230244154130115  8 12 22 361  2A3       
0724450406…2024121101110434152130125 14 20 20 57             
0724450407…2024121101120934144130124 22 20 21 63             
0724450408…2024121101130214138132127 29 15 20 612  310       
0724450409…2024121101120914155135127 12 16 20 52             
0724450410…2024121111210416143126127 20 19 12 4833 5OP       
0724450411…2024121110230216166128125  0 23 19 50             
0724450412…2024121101120914150136125 17 15 22 57             
0724450413…2024121101120914136131132 31 16 15 562  605       
0724450414…2024121101130214148135126 19 12 21 5423 305       
0724450415…2024121110230236151134123 12 13 19 4712 2A1       
0724450416…2024121101130214149142127 18  5 20 4423 2A3       
0724450417…2024121110230246160136118  3 14 24 4912 2A3       
0724450418…2024121110220916157128121  7 23 23 5933 2A1       
0724450501…2024121100120914150136130 16 17 16 49             
0724450502–Ø2024121210230246157133126  6 16 17 421  2A1       
0724450503…2024121110230246163133122  0 17 20 4513 2A3       
0724450504…2024121101130214148138126 19 13 21 55             
0724450505…2024121111210416147126122 16 20 17 5411           
0724450506…2024121101130214155138129 12  9 18 4221 2         
0724450507…2024121110220916152128129 12 21 15 50             
0724450508…2024121101130214166138126  1 13 21 44             
0724450509…2024121101120914155142122 12  5 25 4821 2A3       
0724450510…2024121111210416157122117  6 22 22 5731 2A1       
0724450511…2024121111230214151134118 12 12 21 362            
0724450512…2024121101120914146135128 21 16 19 56             
0724450513…2024121101120944138130127 28 16 18 582  2A3       
0724450514…2024121101130214150132123 17 15 24 5911 2A3       
0724450515…2024121101110434153137123 13 13 22 52             
0724450516…2024121110230216157134125  7 13 19 44             
0724450517‹à202412130B1 16 0                                  
0724450518…2024121111230236176142117  0  4 20 3211 2A1       
0724450601…2024121110230234159137116  4 12 26 44             
0724450602…2024121101130234160147135  6  3 10 21             
0724450603…2024121101110414151134128 16 13 19 5032 2A3       
0724450604…2024121100130214146131125 20 17 21 582  2A3       
0724450605…2024121110210416141134132 23 18 12 48             
0724450606…2024121110210416153136119 11 12 25 5333 5OP       
0724450607…2024121101130234145134126 21 12 19 5123 2A3       
0724450608…2024121100120914149132126 17 17 20 5522 2A1       
0724450609…2024121100130214142135125 24 18 21 62             
0724450610…2024121101130234151136126 15 14 19 50             
0724450611…2024121100130214149137123 17 12 23 5422 310       
0724450612…2024121101110414132122128 35 29 19 77             
0724450613…2024121101111014151138126 16  9 21 493  2OP       
0724450614…2024121101130214158142121  9  5 26 4831 2A1       
0724450615…2024121101110414146138128 21 13 19 53             
0724450616…2024121111220916164134112  0 10 27 48             
0724450701…2024121110230214160139127  4 12 17 3123 2A1       
0724450702‹à202412130A1 16 0                                  
0724450703…2024121111230246164133121  0 13 16 3623 2A3       
0724450704‹à202412130A1 16 0                                  
0724450705…2024121101110414143130131 24 21 16 59             
0724450706…2024121110210416160132122  4 19 22 5231 2A3       
0724450707…2024121101120914143130127 24 17 20 6023 305       
0724450708…2024121111230236153131118  9 14 19 46             
0724450709…2024121110210446157134117  6 15 25 5423 405       
0724450710–Ø2024121201120944145132128 20 18 17 54             
0724450711…2024121101110414148139122 19 12 25 59             
0724450712…2024121110230246159133126  4 18 16 4331 416       
0724450713…2024121101110414165136131  2 15 16 39             
0724450714…2024121110430215154136122 10  8 16 3423           
0724450715…2024121110220915150131120 14 17 24 5723 2A3       
0724450716…2024121101130214147146128 20  5 19 44             
0724450801…2024121110230216156130119  8 16 25 56             
0724450802…2024121110230216162130118  2 21 26 59             
0724450803…2024121101130214148136136 19 15 11 43             
0724450804…2024121101121014143128129 24 23 18 63             
0724450805…2024121101130244164146131  2  4 14 26             
0724450806…2024121101130214153141129 14 10 18 44             
0724450807…2024121101130214152138128 15 13 19 49             
0724450808…2024121101130214148135130 19 16 17 52             
0724450809…2024121110210416160132120  4 20 24 56             
0724450810‹à202412130A1 16 0                                  
0724450811…2024121100130214145130136 21 19 10 4522 2A1       
0724450812…2024121100120914168133124  0 15 22 4612           
0724450813‹à202412130A1 16 0                                  
0724450814…2024121110230216162137126  2 11 18 37             
0724450815…2024121101110414156134119 11 17 28 64             
0724450816…2024121110220916155134123  9 17 21 52             
0724450901…2024121101120914151133128 16 18 19 55             
0724450902…2024121110230216155130119  9 18 25 58             
0724450903‹à202412130A1 16 0                                  
0724450904…2024121101111014138128127 29 23 20 69             
0724450905…2024121101130234151138126 15 12 19 48             
0724450906…2024121101130214162139125  5  8 22 4231 2A1       
0724450907…2024121101130234150142129 16  8 16 41             
0724450908…2024121100120914150134122 16 15 24 5823 510       
0724450909…2024121100120914170134129  0 15 17 3832 3A3       
0724450910…2024121101130214140130130 27 17 17 5713 5A3       
0724450911…2024121110210416155132117  9 18 27 6133 2A3       
0724451001…2024121101121014150140122 17 11 25 57             
0724451002…2024121101130214149132131 18 19 16 53             
0724451003–Ø2024121210230216171142134  0  4 11 19             
0724451004…2024121101120914146133128 21 18 19 58             
0724451005…2024121111230216147131122 16 16 17 5023 2A1       
0724451006…2024121101120914154130125 13 21 22 60             
0724451007…2024121101130214150136125 17 15 22 57             
0724451008…2024121101110444141129124 25 17 21 6222 516       
0724451009…2024121101110414146133124 21 18 23 64             
0724451010…2024121110230216153134118 11 18 26 6123 2A1       
0724451011…2024121100120914139122127 27 31 19 74             
0724451012…2024121100130214144132124 22 16 22 6021 405       
0724451013…2024121110220916154130120 10 18 24 5733 5OP       
0724451014…2024121100110414139135132 27 18 14 54             
0724451015…2024121101120944155138124 11 12 21 49             
0724451016…2024121110230216154130118 10 21 26 63             
0724451101…2024121100130214142132122 24 16 24 6421 305       
0724451102…2024121101110434146133123 20 17 22 61             
0724451103…2024121101110434151136123 15 14 22 55             
0724451104…2024121111210416142130127 21 16 12 4633           
0724451105…2024121101110434139130131 27 20 14 57             
0724451106…2024121111220916142128124 21 19 15 5411 516       
0724451107…2024121101130214148132124 19 15 23 5933 205       
0724451108…2024121100120914143132122 23 21 24 68             
0724451109…2024121111210416154124119  9 22 20 562  3A3       
0724451110…2024121110210416155128123  9 18 21 5323 2A3       
0724451111…2024121101130214138127125 29 20 22 692  305       
0724451112…2024121110210416147124118 17 24 26 7023 205       
0724451113…2024121110230236156138117  7 13 25 5223 516       
0724451201…2024121101130214146136125 21 15 22 59             
0724451202…2024121101130214155137128 12 14 19 49             
0724451203…2024121111230234148126114 14 18 23 46             
0724451204…2024121110220916149134123 15 18 21 56             
0724451205…2024121111230236166128116  0 16 21 46             
0724451206…2024121101130214149138126 18 13 21 54             
0724451207…2024121110430215156136123  8  8 15 3112           
0724451208‹à202412130A1 16 0                                  
0724451209…2024121101120914159135126  8 12 21 4612 305       
0724451210“ú2024120810210446151134117 12 14 26 57             
0724451211…2024121111230216159130113  4 16 26 5511 2A3       
0724451212…2024121111220914145126119 18 19 20 45             
0724451213…2024121101130214136130127 31 17 20 6431 2A3       
0724451214…2024121101130234151128126 15 22 19 58             
0724451215…2024121100110414149136122 17 14 24 5721 2A1       
0724451216‹à202412130A1 16 0                                  
0724451217…2024121111230216149122122 14 24 17 5711 405       
0724451218…2024121101120914154132118 13 19 29 68             
0824750101…2024121101130234153130122 13 20 23 61             
0824750102…2024121100130214155146138 11  7  8 25             
0824750103…2024121101120914152132128 15 19 19 55             
0824750104…2024121101120944157138126  9  8 19 4023 2A1       
0824750105‹à202412130A1 16 0                                  
0824750106…2024121101120914171139122  0  8 25 4323 2A1       
0824750107…2024121111230216150133125 13 12 14 40             
0824750108…2024121111230236158130116  4 13 21 46             
0824750109…2024121101110414147130128 20 17 19 5631 310       
0824750110…2024121111230214161135114  2 12 25 35             
0824750111…2024121101130214149141135 18 10 12 38             
0824750112…2024121101120914149134128 18 17 19 55             
0824750113…2024121101130214139140130 28  7 17 4811 2A1       
0824750114…2024121111230246163132121  0 13 16 3623 2A3       
0824750115…2024121101130214151132135 16 15 12 4113 2A3       
0824750201…2024121101110444150136129 16 10 16 4231 310       
0824750202…2024121111220916158136118  5 11 21 4431 2A1       
0824750203…2024121101120924142133125 25 14 22 6032 2A1       
0824750204‹à202412130A1 16 0                                  
0824750205…2024121101110414152131130 15 20 17 54             
0824750206…2024121101120934143130127 23 16 18 562 36A2       
0824750207…2024121101120934155142127 11  4 18 3711 610       
0824750208…2024121111220936151130121 11 12 16 42             
0824750209‹à202412130A1 16 0                                  
0824750210‰Î2024121011230216153127119 15 24 26 69             
0824750211…2024121101120914151135135 16 16 12 43             
0824750212…2024121111220916148126127 15 21 12 473  205       
0824750301…2024121101130214141140133 26 11 14 47             
0824750302…2024121101120944151132128 15 18 17 52             
0824750303‹à202412130A1 16 0                                  
0824750304…2024121101120934144130127 22 20 18 59             
0824750305…2024121101121014145127129 22 20 18 5811 2A1       
0824750306…2024121101130214152134125 15 17 22 58             
0824750307…2024121101130254141137135 25  9 10 3923 2A1       
0824750308…2024121101110414139124128 28 27 19 71             
0824750309…2024121101130234145132124 21 18 21 61             
0824750310…2024121101130214164142130  3  5 17 312  2A3       
0824750311…2024121101120914152134124 15 17 23 59             
0824750312…2024121111210416153126118 10 19 21 5511 2A3       
0824750313…2024121101130214153128125 14 19 22 5822 2A3       
0824750314‹à202412130A1 16 0                                  
0824750315…2024121101110414134122149 33 29  0 49             
0824750401…2024121111230246149128118 13 17 19 52             
0824750402…2024121110230236166134124  0 15 18 4121 3A3       
0824750403…2024121111230236149124117 13 18 20 55             
0824750404…2024121111830234169140131  0  1  8 13             
0824750405…2024121111230236153131119  9 15 18 47             
0824750406‹à2024120610230236154130120  9 19 23 57             
0824750407…2024121110230246161132125  2 17 17 42             
0824750408…2024121100130234139138126 26 14 18 55             
0824750409…2024121110230216163133125  1 18 19 4512 305       
0824750410…2024121110230236151134119 12 17 23 56             
0824750501…2024121111230216164132120  0 15 19 4211 2A1       
0824750502…2024121111430214160147116  8  5 24 4322 2A1       
0824750503…2024121101110414157140119 10  7 28 5213 405       
0824750504…2024121111220936155128122  7 18 15 4333 2OP       
0824750505…2024121111220916150130125 13 17 14 45             
0824750506…2024121101130214152136130 15 11 17 4413 2A3       
0824750507…2024121111230236163137112  0  5 25 4123 2A3       
0824750508…2024121111210416160132113  3 13 26 5233 2A1       
0824750509…2024121101130234161139121  5  7 24 4423 3A3       
0824750510…2024121111221046162132114  0 14 23 4623 2A1       
0824750601…2024121111210416150128122 13 17 17 4921 2A1       
0824750602…2024121101110414148130133 19 17 14 4813 2A1       
0824750603…2024121111210416146132122 17 11 17 4611 2A1       
0824750604…2024121101120914154146135 13  5 12 30             
0824750605…2024121111710445140134124 23 13 13 4231 2A1       
0824750606…2024121101120944145138128 21 12 17 49             
0824750607‰Î2024121011230216152128122 16 23 23 64             
0824750608…2024121101130214156130126 11 21 21 58             
0824750609…2024121110230246166128125  0 23 17 4723 2A3       
0824750610…2024121110220946151132120 12 17 22 5512 2A3       
0824750611…2024121101110414137139132 30  8 15 4733 2A3       
0824750612…2024121101120914144130132 23 17 15 5221 2A1       
0824750613…2024121110221046166130123  0 19 19 4621           
0824750614…2024121101110414139128133 28 19 14 5512 610       
0824750701…2024121111210436154134116  8 10 21 4521 2A1       
0824750702…2024121101120934155146131 11  4 14 31             
0824750703…2024121111220914146126117 17 17 22 46             
0824750704…2024121111230236156129117  6 16 20 4833 305       
0824750705…2024121101110414152131129 15 16 18 5012 2A1       
0824750706…2024121101120914142138125 25  9 22 552 32A2       
0824750707…2024121101120914153128125 14 19 22 5923 2A3       
0824750708…2024121101121054137139128 29 11 17 53             
0824750709…2024121111230216173138118  0  9 21 39             
0824750710…2024121101130244149138125 17  8 20 4722 2A3       
0824750711…2024121101130214150144129 17  3 18 3923 2A3       
0824750712…2024121101130214155134128 12 13 19 483  2A1       
0824750713…2024121111730215140136121 24 13 18 5011 2A1       
0824750714…2024121101110444158135118  8 15 27 58             
0824750715…2024121101121034156132121 10 14 24 5411 2A3       
0824750716…2024121111230246161132122  1 14 15 3613 2A3       
0824750717…2024121111220914155134118  8 13 21 3423 2A3       
0824750718…2024121111210416153127119 10 20 20 5511 2A1       
0824750801‹à202412130A1 16 0                                  
0824750802…2024121111230216147124119 16 20 20 58             
0824750803‹à202412130A1 16 0                                  
0824750804…2024121111210426148128119 15 19 20 5622 316       
0824750805…2024121110230216160138123  4 10 21 4231 2A1       
0824750806…2024121101110414154136128 13 11 19 463238         
0824750807…2024121101130214150134133 17 13 14 4423 2A3       
0824750808…2024121101130214151138135 16 13 12 40             
0824750809…2024121111220916154124119  9 21 20 5521 416       
0824750810…2024121100120914153141123 13  8 23 4831 2A3       
0824750811…2024121101130214144134129 23 17 18 57             
0824750812…2024121101110414150136127 17 15 20 54             
0824750813‹à202412130A1 16 0                                  
0824750814…2024121111430245146131116 21 20 22 6331 3A3       
0824750815…2024121101120914143128124 24 19 23 6622 2A3       
0824750816‹à202412130A1 16 0                                  
0824750901…2024121111030245136136117 28 12 25 6122 2A3       
0824750902…2024121101130214149134119 18 13 28 6311 2A3       
0824750903…2024121101110414145126125 22 25 22 70             
0824750904…2024121101121034137125124 29 21 21 6913 2A3       
0824750905…2024121110230246165135116  0 16 26 5223 305       
0824750906…2024121101130234146134118 20 16 27 67             
0824750907…2024121111430215156146138 12  6  2 16             
0824750908…2024121101120934150134123 16 16 22 57             
0824750909…2024121111230216155130112  8 15 27 5823 5OP       
0824750910…2024121101120914148138133 19 13 14 45             
0824750911…2024121101110414153136124 14 15 23 56             
0824750912…2024121110230216157134116  7 12 28 56             
0824750913…2024121101110444146128127 20 18 18 5511 2A3       
0824750914…2024121101110414145140129 22 11 18 50             
0824750915…2024121100110414144132120 22 21 26 70             
0824750916…2024121101110444132124134 34 26 11 63             
0824751001…2024121111230216152133116 11 14 23 5412 2A3       
0824751002…2024121100130214145132122 21 21 24 67             
0824751003…2024121101130234145134126 21 12 19 5123 405       
0824751004…2024121101130214154138124 13 13 23 54             
0824751005…2024121101110414146134130 21 17 17 54             
0824751006…2024121101120914144134123 23 17 24 65             
0824751007…2024121111210416154128114  9 18 25 5931 516       
0824751008…2024121101130214144141135 23 10 12 41             
0824751009…2024121101110414145130124 22 21 23 67             
0824751010…2024121101110434150130128 16 20 17 54             
0824751011‰Î2024121011230216149126114 19 25 31 79             
0824751012…2024121101130214166134122  1 17 25 53             
0824751101…2024121110230216156132122  8 18 22 54             
0824751102…2024121101130214148136124 19 11 23 5513 6OP       
0824751103…2024121101130214151140123 16 11 24 55             
0824751104…2024121101120914153129121 14 22 26 68             
0824751105…2024121101110414146128123 21 23 24 70             
0824751106…2024121111220916157140113  6  7 26 4823 316       
0824751107…2024121111230236163129120  0 17 17 42             
0824751108…2024121101120914152133123 15 18 24 61             
0824751109…2024121111230216160130112  3 17 27 58             
0824751110…2024121111230216155133118  8 13 21 4811           
0824751111…2024121111230234153137124  9  5 13 16             
0824751112…2024121101130214141124126 26 27 21 73             
0824751113…2024121111230246157129112  5 17 25 56             
0824751114…2024121101121034151134116 15 16 29 66             
0824751115…2024121110230216169140124  0  6 20 34             
0824751116…2024121101120914136128124 31 23 23 75             
0824751201…2024121101130214154134127 13 17 20 54             
0824751202…2024121101130214162141118  5  6 29 5011 2A3       
0824751203…2024121111230216155132112  8 15 27 59             
0824751204…2024121101130234145133120 21 17 25 65             
0824751205…2024121111730216155141118  9  7 21 42             
0824751206…2024121100130214144136122 22 13 24 602335A2       
0824751207…2024121100121014149136119 17 13 27 6122 516       
0824751208…2024121110220916156135118  8 16 26 5733 405       
0824751209…2024121101121014147135122 20 16 25 64             
0824751210…2024121101130244162142125  4  8 20 39             
0824751211…2024121110230216158122113  6 25 31 72             
0824751212…2024121101110414155128126 12 19 21 5623 2A3       
0824751213…2024121101110414152136124 15 11 23 5333 4OP       
0824751214…2024121101130214158130131  9 21 16 50             
