0524180101…2024021410210416152128121 11 20 22 5732 4A3       
0524180102–Ø2024021510230236153134123  8 14 17 433  3A3       
0524180103…2024021410230216160128114  3 22 29 6521 410       
0524180104…2024021410220916152132120 11 15 23 54             
0524180105…2024021410221016165130118  0 19 25 5431 405       
0524180106…2024021400130214146145133 22  9 15 43             
0524180107…2024021400110414155138123 13 11 25 5421 3A3       
0524180108…2024021410230216161130119  2 19 24 5421 3A3       
0524180109…2024021400130214149140121 19  9 27 5823 410       
0524180110…2024021410220916173130117  0 20 26 5621 4         
0524180111…2024021410230216151135116 12 10 27 5513           
0524180112…2024021410220916162134117  1 16 26 5323 3A3       
0524180113…2024021400120914143130131 25 20 17 5832 3A1       
0524180114…2024021400120954146138126 21 10 20 5013 4A3       
0524180115…2024021410230216157136114  6 14 29 5822 4OP       
0524180116…2024021410221036155128116  7 19 25 5821           
0524180201…2024021410230216153140122 10  6 21 4222 3A3       
0524180202…2024021410230216154132128  9 13 15 3933 305       
0524180203…2024021400130214138126129 30 23 19 6721 516       
0524180204…2024021410210436152134119 10 15 22 5121 605       
0524180205…2024021410210416162127118  1 20 25 5633 305       
0524180206…2024021400130214163145123  5  9 25 47             
0524180207…2024021410210446157137119  5  9 22 4323 3A3       
0524180208…2024021410230226145132122 18 17 21 5711           
0524180209–Ø2024021500120914154136128 14 18 20 54             
0524180210…2024021410220916169132120  0 18 23 513  3A3       
0524180211“y202402170A1 16 0                                  
0524180212…2024021410230246153137120  9 12 21 4623 3A3       
0524180213…2024021410210416159134123  4 11 20 41             
0524180214…2024021410230216155130121  8 17 22 5323 3A1       
0524180215–Ø2024021510220936151136119 10 10 21 4722 5OP       
0524180216…2024021400130214148145131 20  9 17 44             
0524180301…2024021400130224138137132 30 12 16 5213           
0524180302…2024021400120914150133133 18 17 15 4823 3A3       
0524180303…2024021410330215147130117 18 18 31 6923 3A1       
0524180304…2024021410210436168137116  0 12 25 4723 305       
0524180305…2024021410230216146130122 17 16 21 56             
0524180306…2024021410210446150132116 12 16 25 5823 505       
0524180307…2024021400120944141129126 26 19 20 6212 3A3       
0524180308…2024021400130214144134123 24 15 25 6422 3A3       
0524180309…2024021410220936147128121 15 19 20 5623           
0524180310…2024021400130224141136141 27 13  7 3921 3A1       
0524180311…2024021400110444151129123 16 19 23 6122 3A3       
0524180312…2024021400120914140134131 28 16 17 5633 3A3       
0524180313…2024021410330215147130117 18 17 31 6923 3A1       
0524180314…2024021400130234141143128 26  5 18 4623 3A3       
0524180315…2024021410230216140135127 23 15 16 5232 3A1       
0524180316…2024021410220916155137117  8 11 26 521  3A3       
0524180401…2024021410230236156132119  6 17 22 5223 405       
0524180402…2024021410220916170137119  0 10 24 44             
0524180403…2024021400120914141136127 27 13 21 5811           
0524180404…2024021411030225141136117 20 10 23 522  305       
0524180405…2024021410230216165126114  0 21 29 6223 5OP       
0524180406…2024021400110414132130131 36 19 17 6433           
0524180407…2024021410230216155125118  8 24 25 6422           
0524180408…2024021410230216152131120 11 19 23 5822 305       
0524180409…2024021410230216154132121  9 16 22 5221 405       
0524180410…2024021410220916152140122 11  6 21 4223 3A3       
0524180411…2024021410230246153132118  9 15 23 5323 3A3       
0524180412…2024021410230216153132117 10 18 26 6022 5OP       
0524180413…2024021410210416149130124 14 20 19 5533 5OP       
0524180414…2024021400130244157140127 10  9 19 4123 3A1       
0524180415…2024021410220936165141119  0  8 22 3923 3A3       
0524180416…2024021410230236145124123 17 21 18 5611 3A1       
0524180501…2024021400130214144128125 24 26 23 72             
0524180502…2024021411020915140134117 21 12 23 5523 3A3       
0524180503…2024021410230216162124117  1 22 26 5911 305       
0524180504…2024021410220916150131120 13 19 23 5923 3A3       
0524180505…2024021410230216160134121  3 16 22 4822 305       
0524180506…2024021410220916160128118  3 21 25 5822 3A3       
0524180507…2024021410230216154132115  9 14 28 5813           
0524180508…2024021410221016162133112  1 13 31 5711           
0524180509…2024021410230216168136116  0 13 27 5121 3A1       
0524180510–Ø2024021510230216151122119 11 25 23 65             
0524180511…2024021410220936148127119 14 22 22 6122 505       
0524180512…2024021410210416154134121  9 16 22 5321 605       
0524180601…2024021410230216153130118 10 19 25 6012 3A3       
0524180602…2024021410221016150138118 13  8 25 50             
0524180603…2024021410220916151124120 12 25 23 6432 505       
0524180604…2024021410230216156140118  7 10 25 5033 616       
0524180605…2024021400130234140132122 27 21 24 70             
0524180606…2024021410230216157128119  6 22 24 5923 3A3       
0524180607…2024021410230236149132116 13 16 25 5922 9A3       
0524180608…2024021410230246154132114  8 17 27 592  3OP       
0524180609…2024021411030235140134113 20 10 25 5523 505       
0524180610…2024021410230216151138118 12 11 25 5323 410       
0524180611…2024021410221016152133119 11 16 24 5622 3A3       
0524180612…2024021410230216155134135  8 11  8 27             
0524180613…2024021410210414149138116 14 12 27 52             
0524180614…2024021410230236164138125  0 11 16 3323 510       
0524180615…2024021411010415145135113 16 11 27 56             
0524180616…2024021410221016162126113  1 20 30 6323 5OP       
0524180701…2024021411710416140124117 25 26 23 73             
0524180702…2024021410330215148140122 17  8 26 52             
0524180703…2024021410220916159136114  4 14 29 5721 3A1       
0524180704…2024021410230236152135124 10 12 17 4223           
0524180705…2024021411230236158141114  7  7 26 4813 3A1       
0524180706…2024021410220916153129119 10 21 24 6033 610       
0524180707…2024021400110414143136127 25 13 21 5721 3A3       
0524180708…2024021410230216157132117  6 17 26 5721 3A3       
0524180709…2024021410210446154127117  8 22 24 602243A1       
0524180710…2024021410230216154140117  9 10 26 5123 505       
0524180711…2024021401130214154136120 12 14 26 58             
0524180712…2024021410230236155133119  7 16 22 51             
0524180713…2024021410210436159132115  3 16 26 5413 305       
0524180714…2024021401110414144138123 22  8 23 5431 305       
0524180715…2024021410210426162134115  1 16 28 5631 410       
0524180716…2024021411220946147128125 18 18 15 4911 3A3       
0524180801…2024021401130214146134123 20 16 23 61             
0524180802–Ø2024021501120914148128123 17 22 23 63             
0524180803…2024021400130214149142124 19  8 24 5323 3A3       
0524180804…2024021410230216155133117  8 14 26 5521 3A3       
0524180805…2024021410220916139128122 24 22 21 65             
0524180806…2024021410211036159132111  3 16 30 6011           
0524180807…2024021410230216158132116  5 15 27 5611 410       
0524180808–Ø2024021510230246160137116  1 12 24 47             
0524180809–Ø2024021500130214146144124 22 10 24 56             
0524180810…2024021400130214150136126 18 14 22 5523 3A1       
0524180811…2024021400130214155140121 13 14 27 59             
0524180812…2024021410230216163138113  0  8 30 5021 3A3       
0524180901…2024021411220916150132118 16 16 24 592  305       
0524180902…2024021401120914151132124 15 14 22 5412 3A3       
0524180903…2024021400130214140129128 28 20 20 652  305       
0524180904…2024021411221046138129126 27 19 14 5511 3         
0524180905…2024021400120914143130132 25 20 16 5723 305       
0524180906…2024021400120924141126119 27 28 29 84             
0524180907…2024021411230244155130117 10 16 23 41             
0524180908…2024021411230216147134125 19 16 17 51             
0524180909–Ø2024021501120914154134120 11 16 26 58             
0524180910…2024021400130214139130130 29 20 18 6211 305       
0524180911…2024021410220916151129114 12 17 29 652  5A3       
0524181001…2024021410230246171132119  0 16 22 4723 3A3       
0524181002…2024021401130214151128121 15 22 25 67             
0524181003…2024021411230216150130121 16 20 21 59             
0524181004…2024021401120914157136121  9 14 25 55             
0524181005…2024021411210416166126112  0 21 30 6331 5OP       
0524181006…2024021401110414146136123 20 14 23 59             
0524181007…2024021410220916156128118  7 22 25 62             
0524181008…2024021400130214145132128 23 17 20 5923 7OP       
0524181009…2024021410230216156129118  7 20 25 5922 3A3       
0524181101…202402140B121025                                  
0524181102…2024021410230236152128119 10 16 22 53             
0524181103…202402140B120935                                  
0524181104…2024021401120934127119126 38 30 18 79             
0524181105…2024021410230236150130113 12 19 28 651135A1       
0524181106…2024021401130214156132122 10 18 24 58             
0524181107…2024021401130234153130117 12 19 27 65             
0524181108…2024021401130224140127127 26 19 19 6112 3A1       
0524181109…2024021401130234150141126 15  8 18 43             
0524181110…2024021401110414151129126 15 17 20 5522 3A3       
0524181111…2024021411210436146129116 19 19 24 6423 3A3       
0524181112ŒŽ202402120B130215                                  
0524181113–Ø2024021501130214151136128 14 14 18 47             
0524181114…2024021410230246155129115  7 19 26 5912 3A3       
0524181115…2024021411710436148132110 16 15 28 6421 505       
0524181116…2024021401130214147130122 19 20 24 66             
0524181201…2024021410210446161133114  1 16 27 5431 410       
0524181202…2024021400130214143141127 25 13 21 57             
0524181203…2024021410230216149130123 14 17 20 5413 3A3       
0524181204“y202402170A1 16 0                                  
0524181205…2024021410211016148136123 15 14 20 51             
0524181206“y202402170A1 16 0                                  
0524181207“y202402170A1 16 0                                  
0524181208–Ø2024021510230216156137122  6  8 20 40             
0524181209…2024021400110414147135123 21 19 25 66             
0524181210…2024021410230236157134124  5 15 17 42             
0524181211…2024021400130214142133126 26 16 22 6223 3A3       
0524181212…2024021410230216159138116  4 11 27 511244A1       
0524181213…2024021410230216151134115 12 15 28 6123 305       
0524181214…2024021401110414153136123 13 10 23 5012 3A3       
0524181215…2024021410210416155133118  8 16 25 5623 516       
0524181216…2024021410220916147128117 16 22 26 6833 7OP       
0824280101…2024021401120914146130135 20 16 11 4333 3A3       
0824280102…2024021401130214163143126  3  7 20 38             
0824280103–Ø2024021501120914158135124  7 10 22 4411 3A3       
0824280104…2024021401130214151134122 15 12 24 5523 610       
0824280105…2024021401120944155134126 10 15 18 47             
0824280106…2024021401130234156144145  9  5  0 11             
0824280107…2024021400130214153141132 15  9 16 4023 405       
0824280108“y202402170A1 16 0                                  
0824280109…2024021410230256158138136  4 11  5 21             
0824280110…2024021411210416170136121  0 13 21 4221 3A3       
0824280111…2024021401121014150134124 16 16 22 57             
0824280112…2024021410210416156130119  7 20 24 5723 3A3       
0824280201…2024021401130214143130128 23 16 18 5511 3A1       
0824280202“y202402170A1 16 0                                  
0824280203…2024021401110414140129121 26 17 25 6831 3A3       
0824280204…2024021411230256147124119 18 24 21 6413 405       
0824280205‰Î2024021311230214176148158  0  0  0  0             
0824280206…2024021411210436148132127 17 15 13 4332 410       
0824280207…2024021401120944145130127 20 19 17 56             
0824280208…2024021411230216148138134 18 12  8 34             
0824280209…2024021401120914154138126 12  8 20 4431 410       
0824280210…2024021400130214145140125 23  9 23 5511 3A3       
0824280211…2024021401130214143143142 23  7  4 27             
0824280212…2024021400130214150134131 18 17 17 512  3A3       
0824280213…2024021410210416162135125  1 11 18 3621 3A1       
0824280214…2024021401130234141130125 24 15 19 562  3OP       
0824280215…2024021411210446162134122  3 15 18 4223 510       
0824280301…2024021411220916146134119 20 14 23 58             
0824280302…2024021400130214150138129 18 16 19 53             
0824280303…2024021411230216141134125 25 14 17 5331 3A1       
0824280304…2024021411210416156132116 10 18 26 6011 3A1       
0824280305…2024021401110414146132125 20 14 21 5631 3A1       
0824280306…2024021401130214150128129 16 22 17 56             
0824280307…2024021401130214140136129 26 10 17 5023 416       
0824280308…2024021401130214155136132 11 10 14 3633 3A3       
0824280309…2024021401130214146144143 20  6  3 23             
0824280310…2024021401110444133126139 32 23  5 50             
0824280311…2024021401110414147134127 19 12 19 5133 3A3       
0824280312…2024021411220916160126127  6 24 15 4833 3OP       
0824280313…2024021401130214149139142 17 11  4 28             
0824280314…2024021411230216157136126  9 12 16 39             
0824280315…2024021401130214145133125 21 13 21 5621 3A1       
0824280401…2024021401110414148134126 18 12 20 523  3A3       
0824280402…2024021401110434152134124 13 11 20 4821 3A3       
0824280403…2024021410210416154134124  9 13 19 4533 510       
0824280404…2024021401110444145130122 20 15 22 5811 3A3       
0824280405…2024021411230216167134123  0 16 19 42             
0824280406…2024021401130214148126122 18 24 24 69             
0824280407…2024021411710436156134122  8 14 16 4131 3A1       
0824280408…2024021411210416155136121 11 13 21 4921 3A1       
0824280409…2024021401110434141135121 24 10 23 573  605       
0824280410…2024021411710436151137118 13 12 20 4811 3A1       
0824280411…2024021401130234156142128  9  7 16 36             
0824280412…2024021401110434142132124 23 13 20 5523 3A3       
0824280413…2024021401110414139134147 27 12  0 2931 3A3       
0824280414…2024021401130214143132133 23 14 13 4623 410       
0824280415…2024021411210436144126127 21 21 13 5111 3A1       
0824280416…2024021401130214142130129 24 20 17 59             
0824280501–Ø2024021501130214151132125 14 18 21 55             
0824280502…2024021401110414152134123 14 16 23 57             
0824280503…2024021401120914145140129 21 10 17 47             
0824280504…2024021411211036155130115 10 17 25 5811           
0824280505…2024021401130214148134122 18 16 24 61             
0824280506…2024021401130234145140126 20  9 18 47             
0824280507…2024021411210426160128118  6 21 24 5823 3A3       
0824280508…2024021411220956155132116 10 17 24 5611 405       
0824280509…2024021401130214147132122 19 18 24 64             
0824280510–Ø2024021501130234151132119 13 12 25 5413 3A3       
0824280511…2024021411210416152130119 14 20 23 60             
0824280512…2024021410230216168130120  0 18 23 5023           
0824280513…2024021401130234147131125 18 14 19 5212 3A3       
0824280601…2024021410220916161128122  2 18 21 49             
0824280602…2024021401110414146136129 20 10 17 4731 3A1       
0824280603…2024021421430235154139122 13 12 16 422  3A1       
0824280604…2024021410211016150136124 13 13 19 47             
0824280605…2024021411220916157133120  9 15 22 51             
0824280606…2024021401110414149132125 17 18 21 58             
0824280607…2024021401130214154137129 12  9 17 4122 3A3       
0824280608…2024021401120914139130131 27 16 15 5311 3A3       
0824280609…2024021401130214149136122 17 14 24 59             
0824280610…2024021411230216156132124 10 13 18 44             
0824280611…2024021401120914152138126 14  8 20 4423 416       
0824280701…2024021411430216147146122 21  7 18 45             
0824280702–Ø2024021501120914143130130 22 16 16 5121 4A3       
0824280703…2024021401110414146130127 20 20 19 59             
0824280704…2024021401120914144128125 22 22 21 65             
0824280705…2024021401130214148128125 18 18 21 5931 3A1       
0824280706…2024021411730236148138116 16 10 22 5131 3A3       
0824280707…2024021410230216157137128  6  9 15 33             
0824280708…2024021411230216147131120 19 19 22 61             
0824280801…2024021401120914142130121 24 20 25 70             
0824280802…2024021401130214150137124 16 13 22 54             
0824280803…2024021401130214147132121 19 18 25 65             
0824280804…2024021411230236161129117  4 18 23 52             
0824280805…2024021410230246162123119  0 21 22 5222 505       
0824280806…2024021411230214159133120  7 17 22 39             
0824280807…2024021401130214143140122 23 10 24 58             
0824280808–Ø2024021501130234149136121 15 13 23 53             
0824280809…2024021401110444142132124 23 17 20 60             
0824280810–Ø2024021501130214161142146  4  8  0 10             
0824280811…2024021401130214153138126 13 12 20 49             
0824280812–Ø2024021511230214155134119  9 13 21 35             
0824280813–Ø2024021501130214170130123  0 20 23 51             
0824280814–Ø2024021501130214158148125  7  2 21 35             
0824280815…2024021401130214154132131 12 18 15 47             
0824280816…2024021401121014157140126  9 10 20 44             
0824280901…2024021401111014147128123 19 22 23 66             
0824280902…2024021411430236160136113  7 14 25 53             
0824280903…2024021410220916150140116 13 10 27 5611 305       
0824280904…2024021411210436143122117 22 25 23 7031 3A3       
0824280905…2024021401130214150139137 16 11  9 34             
0824280906…2024021401130214154135123 12 15 23 55             
0824280907…2024021400110414145130128 23 19 20 6111 3A3       
0824280908…2024021411230216161134120  5 15 22 4921 3A3       
0824280909…2024021411220916146128122 20 22 20 6223 510       
0824280910…2024021401130234151130122 14 19 22 59             
0824280911…2024021401130234151132126 14 17 18 51             
0824280912…2024021411210446157128120  8 19 20 5213 405       
0824280913…2024021401130214152140134 14 10 12 36             
0824281001–Ø2024021501110414153129122 12 21 24 61             
0824281002…2024021411210436148128115 17 17 25 62             
0824281003…2024021411230216153134115 13 15 27 6123 7OP       
0824281004…2024021401130214146126121 20 20 25 6823 7OP       
0824281005…2024021411230216155130119 11 15 23 54             
0824281006…2024021410230216154134116  9 16 27 60             
0824281007…2024021401130214145131123 21 19 23 65             
0824281008…2024021401110414145128123 21 22 23 68             
0824281009…2024021401120914143133122 23 17 24 65             
0824281010…2024021400130214158138119 10 16 29 62             
0824281011…2024021401130214140128126 26 22 20 66             
0824281012…2024021401121014153134122 13 16 24 58             
0824281101…2024021401120914141130120 25 20 26 72             
0824281102…2024021411230216161130115  5 15 27 56             
0824281103…2024021401130234147132117 18 17 27 66             
0824281104…2024021411220936148138123 17 10 17 4433 610       
0824281105…2024021401120914138132129 28 18 17 59             
0824281106…2024021401130214148132122 18 18 24 63             
0824281107…2024021411230236158129118  7 16 22 51             
0824281108…2024021410230216156134122  7 16 21 50             
0824281109…2024021401130254152136127 13 13 17 45             
0824281110…2024021401120934136129124 29 16 20 6123 3A3       
0824281111…2024021401110414143134127 23 16 19 57             
0824281112…2024021401130214153134124 13 16 22 55             
0824281113“y202402170A1 16 0                                  
0824281201…2024021401130234154128131 11 21 13 47             
0824281202…2024021401130214148142129 18  4 17 3923 516       
0824281203…2024021410230216157138119  6 12 24 5023 410       
0824281204…2024021411220916158128117  8 22 25 62             
0824281205–Ø2024021511210436146123117 17 23 21 64             
0824281206–Ø2024021511230246154132118  9 13 20 4721 3A1       
0824281207…2024021410230216156137118  7 11 25 50             
0824281208…2024021401130214139131134 27 15 12 4923 3A1       
0824281209…2024021401130214158134120  8 16 26 58             
1024240101…2024021401130214152142128 14  8 18 42             
1024240102“ú2024021100121014144137123 23 17 25 66             
1024240103…2024021401111014152132121 14 14 25 5821 3A3       
1024240104“y202402170A1 16 0                                  
1024240105“y202402170B1 16 0                                  
1024240106…2024021401120934148134122 17 11 22 5223 605       
1024240107…2024021401120914157128124  9 22 22 59             
1024240108…2024021401130214136125135 30 25 11 59             
1024240109…2024021401121014144126134 22 20 12 5111           
1024240110…2024021411230216160128119  6 20 23 5621 3A3       
1024240111…2024021411210446154132117 11 17 23 5631 305       
1024240112…2024021401120934146136124 19 13 20 53             
1024240113…2024021401130214152135123 14 15 23 56             
1024240114…2024021411210436143121116 22 25 24 7111 410       
1024240115…2024021414130234154154148 15  1  0 10             
1024240116…2024021401120914144132126 22 14 20 5533 3A1       
1024240201…2024021401130234154137126 11 12 18 45             
1024240202…2024021411730235144134121 20 15 17 48             
1024240203…2024021411210436149129122 16 19 18 543  3A3       
1024240204…2024021401121014144134124 22 12 22 5732 3A1       
1024240205…2024021414110445143142129 26 16 15 5333 4A3       
1024240206…2024021414110445150132125 19 23 19 6123 405       
1024240207…2024021401130214154136132 12 14 14 42             
1024240208…2024021401120914142128130 24 18 16 5633 5OP       
1024240209…2024021411230234142126122 23 21 18 46             
1024240210“ú2024021110230216161133117  3 14 27 53             
1024240211…2024021401120914144134125 22 16 21 59             
1024240212…2024021401110414144128130 22 18 16 5411 405       
1024240213…2024021411210434145124117 20 22 23 5323 305       
1024240214…2024021401130234149140130 16  5 14 343341A1       
1024240215…2024021401130224159140130  7 10 16 37             
1024240216…2024021411230236161130115  4 14 25 5121 3         
1024240217…2024021411210416145128123 21 21 19 6033 3A3       
1024240218…2024021414130235146142129 23 15 15 5023 405       
1024240301…2024021401120914162130129  4 20 17 47             
1024240302–Ø2024021514130214160152127  8  2 17 31             
1024240303“y202402170A1 16 0                                  
1024240304…2024021414110435150138120 19 18 24 64             
1024240305…2024021401130214159129122  7 21 24 60             
1024240306…2024021401110414144131119 22 19 27 71             
1024240307…2024021400130214142128125 26 26 23 73             
1024240308–Ø2024021514120935140128127 27 25 15 62             
1024240309…2024021414130235146140125 23 16 19 57             
1024240310…2024021414130245153146128 16 10 16 4322 3A3       
1024240311…2024021414130245142140120 27 16 24 66             
1024240312…2024021401120914146127126 20 23 20 64             
1024240313…2024021414130245146140129 23 16 15 5223 3A3       
1024240314…2024021401130214156130130 10 20 16 49             
1024240401…2024021414130245151146127 18 10 17 45             
1024240402…2024021414130245148138130 21 17 14 49             
1024240403…2024021414120935150151137 19  6  7 28             
1024240404…2024021414130245149144126 20 14 18 52             
1024240405…2024021414130215148138131 22 18 15 52             
1024240406…2024021401110414146136118 20 14 28 66             
1024240407…2024021411830234159120119 10 21 20 56             
1024240408…2024021414130245148142127 21 13 17 50             
1024240409…2024021414130245141142127 28 15 17 5611 3A3       
1024240410…2024021414130245144137124 25 19 20 62             
1024240411…2024021411830234167126119  2 15 20 45             
1024240412…2024021411230236162132119  3 17 21 48             
1024240501…2024021410220916159134116  4 16 27 5722 3A1       
1024240502…2024021411230216151130116 15 18 26 6323 405       
1024240503…2024021414130235146151152 23  7  0 21             
1024240504…2024021411230216156136127 10 11 15 38             
1024240505“y202402170A1 16 0                                  
1024240506…2024021401110414151134123 15 12 23 5321 3A1       
1024240507…2024021401120914155139122 11 11 24 52             
1024240508“y202402170A1 16 0                                  
1024240509…2024021411210416170136120  0 12 22 4321 3A3       
1024240510…2024021401120944150130127 15 15 17 4823 3A3       
1024240511…2024021414130215145144136 25 13 10 42             
1024240512“ú2024021100130214138131128 29 23 20 68             
1024240513…2024021401121014133132125 33 18 21 68             
1024240514…2024021401130234151138123 14 11 21 50             
1024240515“y202402170A1 16 0                                  
1024240516…2024021414120915155146128 15 12 18 4723 505       
1024240517…2024021401130214145135122 21 15 24 62             
1024240518…2024021401110434153136127 12  9 17 4033 605       
1024240601…2024021401120914159130123  7 20 23 57             
1024240602…2024021401110414150137126 16  9 20 4733 3A3       
1024240603…2024021411210416161130121  5 19 21 5131 516       
1024240604…2024021411230246154130118 11 17 22 55             
1024240605–Ø2024021514130215145138123 23 16 21 59             
1024240606…2024021401120914140132126 26 18 20 62             
1024240607…2024021411211016140126125 26 23 17 6221 3A3       
1024240608…2024021401120914147129128 19 17 18 5433 3A3       
1024240609…2024021401130214135134131 31 16 15 56             
1024240610–Ø2024021514130214157135119 11 19 25 61             
1024240611…2024021411210436140125124 25 21 16 5831 3A3       
1024240612…2024021401110414146129131 20 17 15 5131 3A3       
1024240613–Ø2024021501111014143128130 22 17 16 5222 4A3       
1024240701…2024021411220916155126123 11 22 19 5533           
1024240702…2024021414120935157140124 12 14 20 5023 705       
1024240703“y202402170A1 16 0                                  
1024240704–Ø2024021501110414148132122 17 18 24 61             
1024240705…2024021401110414142126127 24 24 19 66             
1024240706…2024021411710416148140113 17 10 27 5813 705       
1024240707“ú2024021110230216169131124  0 17 20 45             
1024240708…2024021401130214149128124 17 22 22 64             
1024240709…2024021400130214158136127 10 18 21 53             
1024240710…2024021401120914152132125 14 14 21 5333 3A1       
1024240711…2024021411230236164154136  1  0  4  6             
1024240712…2024021401110414162137127  4 13 19 43             
1024240713…2024021401130214155132132 11 18 14 45             
1024240714–Ø2024021514130235150134126 17 18 16 50             
1024240715…2024021401110414149132131 17 14 15 4631 3A1       
1024240716…2024021401120914147140123 19 10 23 54             
1024240801…2024021411210446153130117 12 17 23 5711           
1024240802…2024021414130245144138123 25 19 21 6423 7A3       
1024240803…2024021414130235157142124 12 14 20 49             
1024240804…2024021414130215156140134 14 16 12 41             
1024240805…2024021411211036153135119 12 12 21 48             
1024240806“ú2024021110230216158144128  6  3 16 28             
1024240807…2024021401121014143128126 23 18 20 6011 3A3       
1024240808…2024021414130215152134129 18 23 17 58             
1024240809…2024021411230216155124126 11 24 16 53             
1024240901–Ø2024021501130214155125128 10 25 18 55             
1024240902…2024021401130234151128126 14 21 18 55             
1024240903…2024021401130234139120130 26 29 14 65             
1024240904…2024021401130214155131120 11 19 26 63             
1024240905–Ø2024021501130214152138122 13 12 24 52             
1024240906…2024021411230234172136117  0 13 23 32             
1024240907…2024021414120945139138126 30 18 18 61             
1024240908…2024021411220934168124113  0 21 27 46             
1024240909…2024021414130215150134125 20 23 21 64             
1024240910–Ø2024021501110434143124128 21 25 16 59             
1024240911…2024021414130235154136121 15 19 23 60             
1024240912…2024021414130215158132127 12 22 19 56             
1024240913…2024021401130214156138125 10 12 21 48             
1024240914…2024021414130235143130123 26 25 21 70             
1024241001“y202402170A1 16 0                                  
1024241002…2024021414130244151139127 18 19 17 54             
1024241003…2024021401130214151136124 15 14 22 55             
1024241004–Ø2024021511230234157136127  6 10 11 17             
1024241005…2024021401130234151126122 14 23 22 63             
1024241006“ú2024021101130214172156146  0  0  2  3             
1024241007…2024021411230214149131123 17 19 19 43             
1024241008…2024021401120914140134125 26 16 21 62             
1024241009…2024021401120914167134123  0 16 23 49             
1024241010…2024021401110454143131122 22 18 22 63             
1024241011“ú2024021100120914143138124 24 11 24 5911 3A3       
1024241012“y202402170A1 16 0                                  
1024241013…2024021414130235141131123 28 25 21 71             
1024241014…2024021410230216153134123 10 16 20 50             
1024241015“y202402170A1 16 0                                  
1024241016…2024021401130214156137119 10 13 27 58             
1024241017…2024021401130214152128124 14 22 22 62             
1024241018…2024021414130215155136126 15 18 20 56             
1024241101…2024021401130214149134123 17 16 23 59             
1024241102…2024021401120914145126123 21 24 23 70             
1024241103…2024021401130214151135122 15 15 24 58             
1024241104“ú2024021100120934149138125 17 15 21 55             
1024241105…2024021410221016149133120 14 17 23 58             
1024241106…2024021411220916157134118  9 14 24 53             
1024241107–Ø2024021501130234170140122  0  9 22 39             
1024241108…2024021401130214151130120 15 20 26 66             
1024241109…2024021401110414144138122 22 12 24 60             
1024241110“ú2024021110220946144126121 19 22 21 63             
1024241111…2024021414030235145132114 25 18 24 6622 605       
1024241112…2024021411230236136126125 29 21 15 59             
1024241113…2024021411211016148134116 18 13 26 6031 4OP       
1024241114…2024021401130214154129121 12 21 25 64             
1024241115…2024021411230216158142121  8  8 21 4223 3OP       
1024241116…2024021411210436157128113  8 18 27 60             
1024241201…2024021401120914144134119 22 12 27 6311 3A1       
1024241202…2024021414130245158141125 11 15 19 4923 3A3       
1024241203…2024021401130244150132133 15 17 11 42             
1024241204…2024021401130214140132128 26 18 18 60             
1024241205…2024021401130214150135134 16 15 12 42             
1024241206…2024021401130214144141126 22  9 20 51             
1024241207…2024021401130214149132124 17 18 22 60             
1024241208…2024021411730215146140127 19  9 13 36             
1024241209…2024021411230214161130117  5 20 25 45             
1024241210…2024021401130214145143130 21  7 16 43             
1024241211…2024021401130214143134123 23 16 23 63             
1024241212…2024021414130214163140127  7 17 19 48             
1024241213…2024021414130245148140125 21 17 19 57             
1024241214…2024021401110414130124135 36 26 11 64             
1024241215…2024021414130235156138124 13 17 20 5322 3A3       
1024241216…2024021401110414147130122 19 20 24 66             
1024241217…2024021414130235154143130 15 13 14 42             
1024241218“ú2024021100130214149138132 18 16 16 49             
