0620140101–Ø2020010910210435140128128 22 20 19 5711 7A3       
0620140102–Ø2020010910230215144130132 20 21 20 58             
0620140103–Ø2020010900130214144130133 23 24 19 65             
0620140104…2020010800110414145134124 24 18 30 7423 405       
0620140105–Ø2020010900130214192146130  0  8 22 39             
0620140106–Ø2020010910230215142136125 21 14 24 58             
0620140107–Ø2020010900130224153136129 14 18 23 59             
0620140108–Ø2020010900130214149140131 17 12 18 48             
0620140109–Ø2020010910220935147140124 16 12 26 55             
0620140110–Ø2020010900120954152136131 14 17 19 52             
0620140111…2020010800120914153132125 16 20 29 7011 3A1       
0620140112–Ø2020010900120914149133127 18 16 25 6221 510       
0620140113‰Î2019123111010435136130120 28 18 24 6533 2A3       
0620140114–Ø2020010900120914144134123 23 20 29 75             
0620140115–Ø2020010900120914150150131 16  2 18 37             
0620140116–Ø2020010900110414143132134 24 19 18 59             
0620140201–Ø2020010910230215142136128 22 17 24 61             
0620140202…2020010810220915140132127 22 18 21 583  416       
0620140203–Ø2020010900130214155136124 12 18 28 65             
0620140204–Ø2020010910230215140132129 24 21 23 65             
0620140205–Ø20200109107   35144132132 20 15 15 49             
0620140206–Ø2020010910230235154129128  9 21 22 5523 610       
0620140207–Ø2020010900110424147133129 20 16 23 6121 3A3       
0620140208…2020010800120914149136134 20 15 20 55             
0620140209–Ø2020010911030214147136117 18 13 29 5723 3A1       
0620140210–Ø2020010910220916145130129 18 18 20 5721 3A1       
0620140211–Ø2020010900120914156131130 10 21 19 54             
0620140212–Ø2020010910730215145131137 20 20 12 5023 3A3       
0620140213–Ø2020010900130214146135128 21 19 24 66             
0620140214–Ø2020010910220914143132130 21 21 22 58             
0620140215–Ø2020010910230215142130127 22 22 25 68             
0620140216–Ø2020010900120944149140134 16  7 13 35             
0620140301…2020010810230255145128130 16 22 16 5221 3A3       
0620140302–Ø2020010900130214160139127  6  8 22 4323 3A3       
0620140303–Ø2020010910230245142130128 21 22 22 6312 3A3       
0620140304–Ø2020010910210415150138125 13 14 24 53             
0620140305–Ø2020010910230215150134127 13 17 22 5323 305       
0620140306…2020010810210415140136142 23 15  9 39             
0620140307–Ø2020010910230235143137128 19 12 19 4823 3A1       
0620140308–Ø2020010910230215142129130 21 22 19 59             
0620140309–Ø2020010910210445140130131 22 19 16 5223 510       
0620140310–Ø2020010910220915143128128 21 24 24 68             
0620140311–Ø2020010911030215152128123 13 19 23 56             
0620140312…2020010810230245149132129 12 16 17 45             
0620140313–Ø2020010900110414145128138 21 20 11 4831 6A3       
0620140314–Ø2020010911030215146138125 19 10 21 47             
0620140315–Ø2020010910230235141128135 22 22 15 54             
0620140316–Ø2020010900110444157131126  9 18 24 5711 605       
0620140401–Ø2020010900130214144134134 23 20 18 59             
0620140402ŒŽ20200106011302 4181154150  0  0  0  0             
0620140403–Ø2020010910730236146132128 19 21 22 64             
0620140404–Ø2020010910730235144135140 20 16  7 38             
0620140405–Ø2020010910720935144137128 20 14 19 53             
0620140406–Ø2020010900110414141132135 26 17 17 5721 616       
0620140407–Ø2020010900120914153131125 13 17 24 5922 405       
0620140408–Ø2020010911830235156128131 13 13  9 34             
0620140409–Ø2020010910230235146130124 16 17 23 56             
0620140410–Ø2020010910230235142129129 20 20 18 55             
0620140411–Ø2020010910210435140131127 23 19 23 62             
0620140412…2020010800130234154132133 13 21 16 51             
0620140413–Ø2020010910210435148130123 15 22 27 66             
0620140414–Ø2020010900130244145131123 21 22 27 73             
0620140501…2020010800130214143140142 26 16 12 48             
0620140502–Ø2020010900121034145134126 20 13 21 5523 610       
0620140503–Ø2020010911030235136124124 28 23 20 6422 3A1       
0620140504–Ø2020010900110414152134129 15 20 23 62             
0620140505–Ø2020010910220915139132129 25 23 23 67             
0620140506…2020010811030215149136127 15 11 18 43             
0620140507–Ø2020010910220915147125127 16 26 22 64             
0620140508ŒŽ2020010610230214144128124 23 27 29 7423 405       
0620140509–Ø2020010900120914152134129 14 14 20 5122 505       
0620140510–Ø2020010910230215148135129 16 19 23 58             
0620140511–Ø2020010910230214135134132 28 15 17 4913 3A1       
0620140512–Ø2020010900130234150131128 16 18 22 5912 3A1       
0620140513…2020010810221015149144125 13  5 23 42             
0620140514–Ø2020010910230215142130128 22 21 24 66             
0620140515–Ø2020010910230215149128138 15 24 14 50             
0620140516–Ø2020010900120934150130129 16 18 21 5823 3A3       
0620140601–Ø2020010911030214148130117 17 18 29 6123 3A3       
0620140602–Ø2020010911230236154134117 10 15 25 5533 4OP       
0620140603–Ø2020010900130244152138127 13  8 20 44             
0620140604–Ø2020010910210435143126138 19 22  9 43             
0620140605–Ø2020010910230245146135129 16 15 18 47             
0620140606–Ø2020010910230245142142132 20  9 15 3923 5OP       
0620140607–Ø2020010900130234139136127 26 10 20 5412 616       
0620140608–Ø2020010910210415146132127 17 19 22 5731 3A1       
0620140609–Ø2020010910230214135134134 28 15 15 4633 3A3       
0620140610…2020010810210415140132128 22 17 20 5611 3A3       
0620140611–Ø2020010910210434142136125 20 14 22 5021 3A3       
0620140612–Ø2020010910220935140126131 22 24 16 5722 3A3       
0620140613–Ø2020010911030235142132129 22 16 15 46             
0620140614–Ø2020010910220935140128129 22 21 18 5722 305       
0620140615–Ø2020010910230255140132129 22 17 18 53             
0620140616–Ø2020010910230215140130127 23 18 22 6032 405       
0620140701–Ø2020010900110414147137122 19 15 27 65             
0620140702…2020010810230235149134129 13 17 20 51             
0620140703…2020010800121014147126126 22 30 28 82             
0620140704–Ø2020010910630216136127142 31 26 15 6611 3A1       
0620140705–Ø2020010900130214148143134 19  6 18 4323 410       
0620140706–Ø2020010910230215141132126 23 18 26 6521 510       
0620140707…2020010800130214147136143 22 16 11 4422 3A3       
0620140708–Ø2020010900110414159147126  8  3 26 4521 3A3       
0620140709–Ø2020010910220935138130125 24 19 22 62             
0620140710–Ø2020010900110414151132133 15 15 16 4711 3A1       
0620140711–Ø2020010910230245150134128 12 18 19 4923 3A3       
0620140712–Ø2020010911030214145136120 20 13 26 54             
0620140713–Ø2020010910230214159126129  5 23 23 52             
0620140714–Ø2020010910210414139130132 24 20 17 5211 3A1       
0620140715–Ø2020010900120914152136129 15 14 23 5623 5OP       
0620140716–Ø2020010910210415146134131 18 18 21 56             
0620140801–Ø2020010910230214143144137 21  8 15 35             
0620140802…2020010810220914150133123 13 18 28 59             
0620140803–Ø2020010900120914144135126 23 14 26 65             
0620140804–Ø2020010900110414146122128 21 28 24 7521 3A3       
0620140805…2020010810230235150136128 12 16 21 50             
0620140806–Ø2020010900130214149138127 17 14 22 55             
0620140807–Ø2020010910230215148126127 16 28 25 70             
0620140808–Ø2020010910220935141134128 21 16 19 53             
0620140809–Ø2020010910720915150127125 16 27 27 75             
0620140810–Ø2020010911010415136136115 29 13 31 70             
0620140811–Ø2020010910230235151142139 11  7  8 22             
0620140812–Ø2020010900120914135130128 32 24 24 77             
0620140813–Ø2020010900130214159138133  8 16 19 48             
0620140814–Ø2020010910220915140140124 23 10 25 56             
0620140815–Ø2020010910230245147137129 16 13 21 50             
0620140816–Ø2020010900130214158144131  8  8 18 38             
0620140901–Ø2020010910230245138134128 25 16 22 60             
0620140902–Ø2020010900130234136131125 29 20 22 69             
0620140903–Ø2020010910210435140126129 22 22 18 5732 5OP       
0620140904–Ø2020010911730216140139121 22  7 18 4623 305       
0620140905–Ø2020010910220915143132127 21 21 25 66             
0620140906–Ø2020010911220916153126124 13 24 23 6432 3A3       
0620140907–Ø2020010910220915144130125 20 23 27 7011 3A1       
0620140908–Ø2020010910230235140136128 23 17 22 5923 3A3       
0620140909–Ø2020010910220915144136133 20 16 19 52             
0620140910–Ø2020010901110414154134129 16 22 25 67             
0620140911–Ø2020010900130214152132124 15 22 28 71             
0620140912–Ø2020010910220915140132130 24 19 22 6233 410       
0620140913–Ø2020010910230235150132127 12 17 20 5023 3A3       
0620141001–Ø2020010910230215138127122 26 22 30 77             
0620141002–Ø2020010900130214154135124 12 17 25 60             
0620141003–Ø2020010910230215140139127 23 12 22 5423 3A3       
0620141004…2020010801110414130128141 41 25 15 7032 405       
0620141005–Ø2020010910220915140132131 24 20 21 6123 305       
0620141006–Ø2020010910230215140132128 24 20 24 6612 305       
0620141007…2020010810220945143130126 18 17 20 53             
0620141008–Ø2020010900130244146132125 20 16 25 6422 3A3       
0620141009–Ø2020010910230214140135128 23 16 21 53             
0620141010–Ø2020010910230215154130130  9 19 19 4923 410       
0620141011–Ø2020010910230215144125129 19 25 20 6212 405       
0620141012–Ø2020010910230215150136131 13 14 18 45             
0620141101–Ø2020010901110414145134127 25 22 27 75             
0620141102…2020010810220915143137123 19 11 25 5522 616       
0620141103ŒŽ2020010601130214149132122 18 20 27 69             
0620141104–Ø2020010910230235138125122 25 22 28 74             
0620141105…2020010801121034143137125 27 19 29 76             
0620141106–Ø2020010910230235145134129 18 18 21 5623 305       
0620141107–Ø2020010901120944135126135 34 24 17 6932 3A3       
0620141108–Ø2020010900130234158137127  8 16 23 53             
0620141109–Ø2020010910230215136128135 27 21 14 55             
0620141110–Ø2020010910210415146136121 17 15 28 62             
0620141111–Ø2020010910230235150140122 13 13 28 57             
0620141112–Ø2020010901130214142138130 27 16 21 62             
0620141113–Ø2020010911710416140130117 22 16 22 60             
0620141114–Ø2020010910230215143143123 21  8 29 5923 405       
0620141115–Ø2020010910230215144134128 19 18 21 5623 716       
0620141201…2020010811230244139134122 27 16 21 49             
0620141202–Ø2020010900110414130124141 36 28  8 61             
0620141203–Ø2020010911230216146128116 20 25 31 80             
0620141204–Ø2020010900130214148133129 18 19 20 58             
0620141205–Ø2020010911030235143126121 21 21 23 6211 305       
0620141206…2020010810230215142134135 21 17 16 49             
0620141207–Ø2020010910230215148128122 15 21 27 65             
0620141208…2020010810230215150130125 12 21 23 5823 410       
0620141209–Ø2020010910210415140128124 24 23 28 74             
0620141210–Ø2020010910230214144146123 20  7 29 5313 505       
0620141211–Ø2020010910230215141132131 22 19 18 5521 3A3       
0620141212–Ø2020010911030215144133118 21 15 28 6323 810       
0620141213–Ø2020010911030215144129131 21 21 15 51             
0620141214–Ø2020010910220915140124128 23 27 21 68             
0620141215–Ø2020010910220915146129126 17 18 23 58             
0620141216…2020010811630216154128123 11 13 17 44             
0820140101–Ø2020010901110414139130130 31 26 24 78             
0820140102–Ø2020010911210416144130128 21 19 16 54             
0820140103‹à2020011001110434146132133 20 14 14 4633 3A1       
0820140104–Ø2020010911710416138132119 24 15 20 5732 3A1       
0820140105–Ø2020010911210436151148126 13  1 16 3111 3A1       
0820140106–Ø2020010911210415150138124 16 11 23 46             
0820140107…2019122511531413149141     0  4                   
0820140108–Ø2020010911210415142128126 24 24 21 60             
0820140109–Ø2020010901110414147126139 23 30 15 65             
0820140110–Ø2020010911220916157156118  8  0 26 41             
0820140111–Ø2020010901110414140129134 29 21 17 6213 3OP       
0820140112–Ø2020010911211016147128126 18 19 18 5511 3A1       
0820140113…2020010811230216150136129 18 18 19 56             
0820140114–Ø2020010901110414152134133 17 20 18 56             
0820140115–Ø2020010911210415154131125 12 21 22 5123 3A3       
0820140116–Ø2020010911210416145132124 20 18 20 5711 3A1       
0820140201–Ø2020010900110414145134142 22 16 10 4421 3A3       
0820140202–Ø2020010901130214152143143 18 13 11 39             
0820140203–Ø2020010911630216147128123 19 15 20 5523 3A1       
0820140204–Ø2020010901110414147134137 23 17 17 5531 3A1       
0820140205ŒŽ2020010601130214151136130 16 16 19 53             
0820140206–Ø2020010901120914145138132 24 12 19 5323 416       
0820140207…2020010811710436143130117 20 17 22 60             
0820140208–Ø2020010901110434146128133 22 20 16 5621 3A3       
0820140209–Ø2020010901130214142136141 27 18 10 48             
0820140210–Ø2020010901110414154134134 15 15 17 4831 3A3       
0820140211–Ø2020010911630255146120133 18 21  5 3923 3A1       
0820140212–Ø2020010901120914148132133 22 20 21 6323 305       
0820140213–Ø2020010901130214148136131 21 18 20 59             
0820140214–Ø2020010911230216153145127 13  8 20 4333 505       
0820140301–Ø2020010901110414144130141 26 21 13 5531 510       
0820140302–Ø2020010901130214151134130 19 22 24 67             
0820140303–Ø2020010901110414156143133 13 11 18 44             
0820140304–Ø2020010901110414155140138 14 10 13 3733 3A3       
0820140305…2020010801130244156148134 13  6 17 38             
0820140306–Ø2020010901110414154134126 15 16 25 6011 416       
0820140307–Ø2020010901110414142130131 28 26 23 75             
0820140308–Ø2020010901110414148138135 22 13 19 5311 3A1       
0820140309–Ø2020010901130214152133125 17 21 26 68             
0820140310–Ø2020010901110414153140124 16 14 27 62             
0820140311–Ø2020010911230216144130127 22 20 20 61             
0820140312–Ø2020010901130214145132130 24 18 21 6221 5OP       
0820140313–Ø2020010901130214152139131 18 12 23 5531 416       
0820140314–Ø2020010901130244160138135  9 17 17 46             
0820140315–Ø2020010901130214149144133 21 12 21 54             
0820140316–Ø20200109115   35152132121  8 11 22 47             
0820140401–Ø2020010911210435141135121 23 12 21 48             
0820140402–Ø2020010901110434148132132 20 21 17 57             
0820140403–Ø2020010901110434153134134 15 14 15 4432 3A1       
0820140404–Ø2020010901121054148132130 20 17 19 5611 3A3       
0820140405…2020010811210414132132127 35 18 18 51             
0820140406–Ø2020010910230216145142132 18 11 17 46             
0820140407…2020010811230216149139122 18 13 23 57             
0820140408–Ø2020010911210416144132129 21 19 15 52             
0820140409–Ø2020010901110414155144132 14 10 19 45             
0820140410–Ø2020010911730236142129120 19 17 17 5213 3A3       
0820140411–Ø2020010911230216143136120 22 14 24 6023 3A1       
0820140412–Ø2020010901130234156135131 12 18 18 51             
0820140413…2020010810230215144134127 18 17 21 5523 505       
0820140414–Ø2020010901110414151137138 18 12 13 4131 3         
0820140415…2020010800110414151134131 17 15 20 5311 405       
0820140416–Ø2020010901120914158137132 11 17 19 50             
0820140501…2020010801120914157141128 14 12 28 5923 405       
0820140502…2020010801110414150141124 20 14 29 67             
0820140503–Ø2020010901130214152130139 18 21 15 5332 3A3       
0820140504–Ø2020010911720915143128112 19 18 27 64             
0820140505–Ø2020010911710436153126118  8 18 19 4931 405       
0820140506–Ø2020010911230236152128129 12 21 13 4623 510       
0820140507–Ø2020010911210436155138118 10 13 27 56             
0820140508–Ø2020010901120914153132128 17 24 26 71             
0820140509–Ø2020010901130234148129125 20 20 24 6621 305       
0820140510–Ø2020010901121044158138126 10 10 23 4912 616       
0820140511…2020010801130214162138128  9 15 28 5911 3A1       
0820140512–Ø2020010901130214155139132 14 10 19 4511 3A3       
0820140513–Ø2020010911730236143127111 18 18 26 65             
0820140514–Ø2020010901130214147137129 23 15 25 6411 3A3       
0820140515–Ø2020010911230233149149139 16  1  6  0             
0820140516–Ø2020010911230216151136121 15 16 26 6113 305       
0820140601–Ø2020010910220915143136139 20 14 10 3833 505       
0820140602–Ø2020010901110414141132130 28 17 21 6421 3A3       
0820140603–Ø2020010911210445141133125 23 14 17 4421 4A3       
0820140604–Ø2020010911710436150139114 11  6 23 45             
0820140605–Ø2020010911210416149128126 16 20 18 5531 3A3       
0820140606–Ø2020010901120934144127125 24 21 24 6911 410       
0820140607–Ø2020010911210436139129126 25 20 16 57             
0820140608–Ø2020010911720936138130117 23 15 20 5711 3A3       
0820140609–Ø2020010911720935142128112 19 17 25 60             
0820140610…2020010811630245140125133 24 14  5 3521 3A1       
0820140611–Ø2020010911610416153132136 12  9  4 21             
0820140612–Ø2020010911210456143126121 21 24 21 65             
0820140613–Ø2020010901110434149137135 19 16 14 47             
0820140614–Ø2020010911210416143128124 22 21 20 62             
0820140615–Ø2020010901130234151132126 17 16 23 5913 405       
0820140701–Ø2020010901130214160140127  9 14 24 53             
0820140702–Ø2020010911210416150130130 15 21 14 49             
0820140703–Ø2020010901110414149130141 20 19 10 4531 5A3       
0820140704–Ø2020010901120914145132134 24 17 17 5611 410       
0820140705“y202001110A1 16 0                                  
0820140706–Ø2020010901110414149136130 21 20 24 66             
0820140707–Ø2020010901130214145138132 25 13 22 5911 5A3       
0820140708–Ø2020010901110414142133129 28 23 25 75             
0820140709–Ø2020010901110414153132133 17 19 21 5931 405       
0820140710–Ø2020010901120914142134133 28 22 21 68             
0820140711–Ø2020010911710456155128117  6 17 20 4811 3A3       
0820140712–Ø2020010901130234139126135 30 25 17 6711 3A1       
0820140713–Ø2020010901130214160135127 10 21 27 65             
0820140714…2020010811230215140134127 28 20 21 60             
0820140715–Ø2020010901130214151138131 19 18 23 62             
0820140716–Ø2020010911630216147118128 19 25 15 5733 405       
0820140801–Ø2020010911230216147131127 19 21 20 60             
0820140802–Ø2020010911210436152130119 13 22 26 65             
0820140803–Ø2020010901110414157132128 13 24 26 68             
0820140804–Ø2020010911230214137129123 29 24 24 61             
0820140805“y202001110A1 16 0                                  
0820140806–Ø2020010901130214150135133 20 16 21 5823 6OP       
0820140807–Ø2020010901130244154141138 14 12 11 36             
0820140808–Ø2020010901120934143138128 26 12 24 6213 410       
0820140809–Ø2020010911210416150120134 15 26 10 48             
0820140810–Ø2020010901130214153142132 16 12 19 48             
0820140811…2020010811710416134129125 30 19 16 6022 3A3       
0820140812–Ø2020010911230216147129126 19 23 21 63             
0820140813–Ø2020010901121014152142130 17 12 21 52             
0820140814…2020010811720936139124125 24 22 14 56             
0820140815–Ø2020010911210416153133121 13 19 26 63             
0820140816–Ø2020010901130214155139134 15 17 20 54             
0820140901–Ø2020010911710415143130113 19 16 26 60             
0820140902–Ø2020010911210415143124125 23 28 22 65             
0820140903…2020010801110414153134135 17 21 18 56             
0820140904–Ø2020010901121014146132133 24 19 21 6321 5A1       
0820140905–Ø2020010901110414136132131 33 22 20 70             
0820140906–Ø2020010901120914153128129 16 26 22 67             
0820140907–Ø2020010911230215149130131 17 20 16 4533 516       
0820140908–Ø2020010901120914157144135 12 10 16 40             
0820140909–Ø2020010911220914142134119 24 19 28 59             
0820140910–Ø2020010901110414144131133 26 25 21 70             
0820140911–Ø2020010901130214160142128 10 14 26 57             
0820140912–Ø2020010901110414155127135 15 29 19 65             
0820140913–Ø2020010911720916131130119 31 16 20 62             
0820140914–Ø2020010901120914153135127 17 21 27 69             
0820140915–Ø2020010901130214159137130 11 19 24 59             
0820140916–Ø2020010901130214150130131 20 22 23 6623 3A3       
0820141001–Ø2020010901120914153140131 16  9 20 4733 6OP       
0820141002–Ø2020010901130234142136128 27 19 24 69             
0820141003–Ø2020010911210415146132118 19 16 26 5721 405       
0820141004–Ø2020010910230244148143126 14  8 21 3923 3A3       
0820141005–Ø2020010901130214145130131 25 26 23 73             
0820141006–Ø2020010901110444146127131 23 23 21 6711 510       
0820141007–Ø2020010900120914148140124 18  7 25 5323 3A1       
0820141008–Ø2020010911230215137128125 29 25 22 65             
0820141009–Ø2020010901110444149136128 20 15 24 6113 3A3       
0820141010–Ø2020010911210446152126122 13 25 23 64             
0820141011–Ø2020010911210436150131117 15 20 28 6811 405       
0820141012–Ø2020010901110414154135121 15 19 30 70             
0820141013–Ø2020010911230216153138131 13 14 16 44             
0820141014–Ø2020010901120914150132129 19 18 22 6032 3A3       
0820141015–Ø2020010911220916157136121  8 13 23 50             
0820141016–Ø2020010901130214145138132 25 13 22 5922 3A3       
0820141101–Ø2020010910230245152140132 11 12 18 4123 5OP       
0820141102–Ø2020010911210446140124127 25 26 18 66             
0820141103–Ø2020010911210416143131122 22 19 22 6221 405       
0820141104–Ø2020010901110414146132128 23 17 23 6321 405       
0820141105–Ø2020010911230246153136121 12 14 24 5433 3A3       
0820141106–Ø2020010911230236149140120 16 12 25 56             
0820141107–Ø2020010901130214150134127 20 22 27 72             
0820141108…2020010801130214156136135 15 17 21 5521 3A3       
0820141109–Ø2020010911220936151126117 14 24 28 7111 3A3       
0820141110–Ø2020010911210416151128120 14 20 24 62             
0820141201–Ø2020010901130234148132127 21 23 25 71             
0820141202–Ø2020010901110444145136128 24 19 24 67             
0820141203–Ø2020010901110414151127130 18 27 21 67             
0820141204–Ø2020010901120914154130127 15 24 24 67             
0820141205–Ø2020010901130214155135125 14 15 26 6011 3A1       
0820141206–Ø2020010911220944134130119 31 22 26 63             
0820141207…2020010801120934130128136 40 24 18 7311 410       
0820141208…2020010800130214142132127 26 22 24 71             
0820141209–Ø2020010901130234149131137 20 24 15 57             
0820141210–Ø2020010901120914156136129 14 20 25 64             
0820141211–Ø2020010901120914156134135 14 22 19 57             
0820141212–Ø2020010901110434157136122 12 19 30 68             
