0621260101…2021031010230255137133128 26 17 20 58             
0621260102…2021031010320915148128127 16 23 22 61             
0621260103…2021031000130244135136136 28 12  9 41             
0621260104…2021031000120914149141127 15  4 20 41             
0621260105…2021031010730215152130128 14 21 22 6023 410       
0621260106…2021031000130214144130127 20 19 20 59             
0621260107…2021031010230215140134136 24 19 14 50             
0621260108…2021031000130234151131125 12 14 20 49             
0621260109…2021031000130214146143123 18  6 24 50             
0621260110…2021031010230215155132127  9 22 23 5712 3A3       
0621260111…2021031011020915144132119 19 15 25 5823 305       
0621260112…2021031000130214149136124 15  9 23 49             
0621260113…2021031000120914149141125 15  5 22 45             
0621260114…2021031000120934142126122 21 18 23 6223 305       
0621260115…2021031000110414142128134 22 17 13 4821 3A2       
0621260116…2021031000120914137129135 27 20 12 53             
0621260201…2021031011010415142120132 21 26 12 5211 3A2       
0621260202…2021031010230214138136129 26 17 21 55             
0621260203…2021031000130234139134121 24 10 24 5722 305       
0621260204…2021031000120914147132124 17 17 23 59             
0621260205…2021031000110444161130128  2 14 17 3933 3A3       
0621260206…2021031010210415154130138 10 20 12 4033 305       
0621260207…2021031010230235145130129 18 20 19 5511 710       
0621260208…2021031000130214146134126 18 15 21 55             
0621260209…2021031000130214144132124 20 17 23 61             
0621260210…2021031000130214155136125  9  9 22 4523 3A3       
0621260211…2021031000110434139128126 24 20 19 61             
0621260212…2021031010230235153128134 10 23 14 4613 405       
0621260213…2021031000111014152136119 12  9 28 5511 405       
0621260214…2021031000130214150130132 14 19 15 48             
0621260215…2021031010330215148136131 16 14 18 47             
0621260301…2021031010211025148136124 16 12 26 5512 405       
0621260302…2021031010730215144134130 22 18 20 6023 505       
0621260303…2021031000110414148142126 16  3 21 41             
0621260304“y202103130A1 16 0                                  
0621260305…2021031010221035141134126 22 17 22 5821 3         
0621260306…2021031010230245141130130 22 23 18 5911 716       
0621260307…2021031000110414152133125 12 12 22 4932 605       
0621260308…2021031000130214155137131  9  8 16 3523 3A2       
0621260309–Ø2021031110230245154136129 11 15 21 4931 3A3       
0621260310–Ø2021031110330214156132130  8 18 19 43             
0621260311…2021031010230215151137131 13 14 19 46             
0621260312–Ø2021031100121044158135124  7 12 23 4923 405       
0621260313…2021031000130214145130121 19 19 26 67             
0621260314…2021031010210415154132123 10 17 27 5823 3OP       
0621260401–Ø2021031110221055144135130 21 19 20 57             
0621260402…2021031010230215157140119  7 14 31 5922 3A2       
0621260403…2021031010230235146136129 17 17 19 5123 3A3       
0621260404…2021031010730235150136133 15 15 15 4523 4A3       
0621260405–Ø2021031110230215146136130 20 20 22 61             
0621260406…2021031010730235150134133 15 16 15 4623 4A3       
0621260407…2021031011030235140118120 22 28 22 69             
0621260408…2021031011830234143127124 25 14 16 51             
0621260409–Ø2021031110730236148140135 16 11 13 38             
0621260410…2021031011830234152126120 16 15 20 52             
0621260411–Ø2021031100130234146144133 19  7 14 39             
0621260412…2021031011830235152128129 16 13 11 37             
0621260413…2021031011230236144130124 20 18 18 55             
0621260501…2021031010230215143134128 21 19 22 6023 3A3       
0621260502…2021031010230214140135130 24 18 20 53             
0621260503…2021031010220915140123126 24 26 24 72             
0621260504…2021031010220915138135128 26 17 22 60             
0621260505…2021031010220944144134128 19 17 20 49             
0621260506…2021031010230215144118127 20 31 23 7323 3A3       
0621260507…2021031010230245150136129 13 13 19 45             
0621260508…2021031010720915155136135 11 15 15 4232 916       
0621260509…2021031010220935157140119  6 12 29 5423 9A3       
0621260510…2021031011030215142128124 21 18 20 5622 3A3       
0621260511…2021031010221035136131128 27 18 20 60             
0621260512…2021031010720915154142132 12 10 18 4222 3A3       
0621260513…2021031010210445144138131 19 14 17 46             
0621260514…2021031010320915146126127 18 24 22 63             
0621260515…2021031010730215140125130 26 27 20 7023 405       
0621260516…2021031000130214162138131  2 11 16 35             
0621260601…2021031010210415146128126 18 25 24 6632 305       
0621260602…2021031000110414139133121 25 16 26 67             
0621260603…2021031010230215146130122 18 22 28 69             
0621260604–Ø2021031110230215158144135  8 10 17 36             
0621260605…2021031010230214145142130 19 11 20 4322 3OP       
0621260606…2021031010230245146136127 17 15 21 52             
0621260607…2021031000130214145130134 19 19 13 49             
0621260608…2021031010730235143126126 22 24 22 6823 3A2       
0621260609…2021031010220915140128127 24 22 23 66             
0621260610…2021031000130214149137131 15 12 16 43             
0621260611…2021031010220915144128129 20 25 21 6333 3A3       
0621260612…2021031010220915141134129 23 19 21 5933 305       
0621260613…2021031010230215148137127 16 16 23 55             
0621260614…2021031001130214151142144 14  8  3 21             
0621260615…2021031010230214141134128 23 18 22 56             
0621260616–Ø2021031100130214153148144 13  4  5 19             
0621260701“y202103130A1 16 0                                  
0621260702…2021031010710415154131129 12 21 21 57             
0621260703…2021031010230215142134126 22 19 24 63             
0621260704…2021031010220915146136129 18 13 21 5112 3A3       
0621260705…2021031000130234146130130 17 18 15 49             
0621260706…2021031010230235140128125 23 20 23 6323 3A3       
0621260707…2021031000130234141125126 22 23 19 63             
0621260708…2021031010230215144138122 20 14 28 62             
0621260709…2021031010221015152131127 12 18 23 5523 305       
0621260710…2021031000130234134124129 29 20 16 5911 3A3       
0621260711…2021031010230245152126134 11 24 14 4711 3A3       
0621260712…2021031010230215148134126 16 15 24 561  3A3       
0621260713…2021031010230215152131127 12 19 23 5622 305       
0621260714…2021031000110434136128124 27 16 21 6122 305       
0621260715…2021031000130214157138123  7  7 24 4523 305       
0621260801…2021031010330215148132124 16 20 25 62             
0621260802…2021031010230215149138124 15 15 26 5733 3OP       
0621260803…2021031010210415130128134 34 23 16 63             
0621260804…2021031011030214153136123 10  9 21 38             
0621260805…2021031010220915142134133 22 19 17 5331 405       
0621260806…2021031000130214148138126 16 11 21 50             
0621260807…2021031010210445144137131 19 15 17 4812 405       
0621260808…2021031010730215146130125 20 22 25 69             
0621260809…2021031011210416142128121 23 23 23 7021 605       
0621260810…2021031001110414143131124 22 14 23 6011 7OP       
0621260811–Ø2021031101130244145128124 20 22 22 64             
0621260812…2021031000130244145129121 18 15 24 5923 6OP       
0621260813…2021031010311015158150133  6  1 16 25             
0621260901…2021031010220915141133127 23 19 23 6223 305       
0621260902…2021031010220914146130125 18 23 25 6212 3A3       
0621260903…2021031000130214144131127 20 14 20 5412 3A3       
0621260904…2021031000130224146130128 18 15 19 5222 3A3       
0621260905…2021031000130244144132126 19 12 19 50             
0621260906…2021031000110454157132125  6 16 20 48             
0621260907…2021031011030215140126120 23 21 24 6523 916       
0621260908…2021031010230215146140128 18 13 22 5123 305       
0621260909…2021031000120914139130130 25 19 17 58             
0621260910…2021031010230214135134126 29 19 24 6323 3A3       
0621260911…2021031000130214152134123 12 11 24 5222 405       
0621261001…2021031010230215138120123 26 29 27 7922 405       
0621261002…2021031010230215143131127 21 23 23 65             
0621261003…2021031000110444152142126 11  6 19 39             
0621261004…2021031010230235142130128 21 20 20 5823 305       
0621261005…2021031001130214152132126 13 18 21 55             
0621261006…2021031010230235145135128 18 17 20 5312 510       
0621261007…2021031010230215144134127 20 17 23 58             
0621261008…2021031001121014148130124 17 20 23 63             
0621261009…2021031001121054154136121 10 13 24 53             
0621261010…2021031010230215145130125 19 20 25 64             
0621261011…2021031001130214156134127  9 12 20 461123A3       
0621261012…2021031001130234159130124  5 19 21 52             
0621261013…2021031011230216156128124  9 23 20 57             
0621261014…2021031011230214128126121 37 25 23 67             
0621261101…2021031011030235144128131 18 17 11 40             
0621261102…2021031001120914153132125 12 18 22 56             
0621261103…2021031010230215142132128 22 21 22 6322 3A3       
0621261104…2021031010230235146139127 17 13 21 50             
0621261105…2021031001130214146137129 19 13 18 50             
0621261106…2021031000130214150132130 14 17 17 49             
0621261107…2021031010230235144128126 19 22 22 6123 405       
0621261108…2021031010230215148128120 16 25 30 74             
0621261109…2021031000130214145135126 19 14 21 55             
0621261110…2021031011030215140128119 23 18 25 6422 3A3       
0621261111…2021031011030245155130118  7 14 24 49             
0621261112…2021031010230225144128125 20 25 25 70             
0621261113…2021031010230214144132126 20 18 24 5723 516       
0621261114…2021031000120914139130124 25 19 23 66             
0621261115…2021031010230215140132127 24 22 23 66             
0621261201…2021031000130234144130126 19 18 19 56             
0621261202–Ø2021031100130214143132126 23 15 23 6222 5A3       
0621261203…2021031010230215144132126 20 20 24 6323 305       
0621261204…2021031000130214145148138 19  1  9 25             
0621261205…2021031010220934140138128 23 14 20 49             
0621261206…2021031000130214138128133 26 17 14 52             
0621261207…2021031010330214153136124 11 17 25 52             
0621261208…2021031010220915142134125 22 17 25 62             
0621261209…2021031010230215152133126 12 18 24 56             
0621261210…2021031000130214148134127 16 12 20 49             
0621261211…2021031000110414152128126 12 17 21 5421 305       
0621261212…2021031000130214145128126 19 21 21 62             
0621261213…2021031000110414148128125 16 17 22 57             
0621261214…2021031010230215152136129 12 17 21 51             
0621261215…2021031010230215153136125 11 18 25 572329         
0621261216…2021031000120914148136121 16 13 26 59             
0721220101…2021031001130214151138125 14  8 22 4711 305       
0721220102…2021031001130214145136129 20 14 18 51             
0721220103…2021031000121024152136128 12  9 19 422330         
0721220104…2021031000130214148150146 16  0  1 11             
0721220105…2021031001130214162138126  3  7 21 3913 3A3       
0721220106…2021031001130214143134128 22 12 19 521  3A3       
0721220107…2021031011230246152130128 12 19 14 4733 305       
0721220108…2021031001121034151131124 13 13 21 5111 3A3       
0721220109…2021031001130214159140123  6 10 24 47             
0721220110…2021031010220934148138120 15 14 28 5613 405       
0721220111…2021031010210415136132131 28 21 19 62             
0721220112…2021031000130244155132130  8 12 15 3823 3A3       
0721220113…2021031000130214154130127 10 19 20 53             
0721220114…2021031001110444156136125  8  8 20 4113 3A3       
0721220115…2021031010210415142136129 22 17 21 5623 3A3       
0721220116…2021031001110434152128122 12 17 23 5711 3A3       
0721220201…2021031010310415150130126 14 20 23 5811 3A3       
0721220202–Ø2021031101110414159143131  7  8 17 35             
0721220203…2021031000120914145130136 19 15 11 4232 305       
0721220204…2021031001110414153132128 12 18 19 52             
0721220205…2021031001130214152140132 13 10 15 39             
0721220206…2021031001110414135128132 30 17 15 5632 305       
0721220207“y202103130A1 16 0                                  
0721220208…2021031010230215150137128 14 16 22 52             
0721220209…2021031011230216143141134 22  9 10 3723 405       
0721220301…2021031001120914135130131 30 20 16 61             
0721220302…2021031011230254149153139 15  0  3  112 3A2       
0721220303…2021031000130214146136128 18  9 19 4631 3A3       
0721220304…2021031000110414144139125 20  6 22 4931 405       
0721220305…2021031000130214133128132 31 17 15 5623 3A3       
0721220306…2021031000130244148132135 15 16 10 39             
0721220307…2021031001120914145128128 20 22 19 61             
0721220308…2021031010730244152138138 13 12 10 3413 3A3       
0721220309…2021031000120914140138122 24 11 25 60             
0721220310…2021031000130214143136126 21 13 21 55             
0721220311…2021031000110414136126135 28 19 12 5333 305       
0721220312…2021031001120914146138127 19 12 20 52             
0721220313…2021031010330214154138134 10 13 15 3422 3A3       
0721220314…2021031011030234153132124  9 13 18 37             
0721220315…2021031001110414147134133 18 12 14 4311 3A3       
0721220316…2021031010230215143139130 21 13 20 51             
0721220401…2021031000130214136126126 28 19 21 65322405       
0721220402…2021031000130224147136133 17 13 14 43             
0721220403…2021031011230244154146126 10  3 16 19             
0721220404–Ø2021031101130234152134125 13 16 21 52             
0721220405…2021031001120914152139122 13 11 25 54             
0721220406–Ø2021031110230214151136128 15 18 24 5423 6OP       
0721220407…2021031011210446154131121 10 19 21 5523 5OP       
0721220408…2021031011230226147132121 18 18 23 62             
0721220409…2021031000110454145126128 18 22 17 57             
0721220410…2021031011710446139129120 23 16 18 5523 3A3       
0721220411…2021031001120914153130124 12 20 23 60             
0721220412…2021031010210435155145137  8  5 11 22             
0721220413…2021031001130214147138128 18  7 19 4533 4A3       
0721220414…2021031001110444151136126 13 13 19 48             
0721220415…2021031001110414150136131 15  9 16 4111 3A3       
0721220501…2021031011220955150136120 14 13 22 4623 405       
0721220502…2021031001130214145132129 20 13 18 5131 3A3       
0721220503…2021031001130234147127131 17 17 14 4711 3A3       
0721220504…2021031011730236140129120 22 17 18 5521 3         
0721220505…2021031001110414136124128 29 22 19 6611 605       
0721220506…2021031011230244164142121  0  7 21 24             
0721220507…2021031001110414150136128 15 10 19 4621 3A3       
0721220508…2021031001110434153134125 11 10 20 4511 3A2       
0721220509…2021031001110414146125123 19 21 24 6631 305       
0721220601…2021031001110434137134130 27 15 15 52             
0721220602…2021031011020914144131119 19 17 25 57             
0721220603…2021031011211016145130125 20 21 19 6023 610       
0721220604…2021031010230215140134136 24 19 14 50             
0721220605…2021031001120934141126122 23 23 23 69             
0721220606…2021031010230215142135128 22 17 22 5823 5OP       
0721220607…2021031001110434139126127 25 23 18 63             
0721220608…2021031001121034139128125 25 17 20 6011 3A3       
0721220609…2021031001120914154133125 11 12 22 503  510       
0721220610…2021031000121014145129128 19 16 19 5312 3A3       
0721220611…2021031001110444139130128 25 15 17 5411 3A3       
0721220701…2021031001130234150138127 14  7 18 4113 3A3       
0721220702…2021031011230215152136123 13 15 21 4623 610       
0721220703–Ø2021031110730214163139127  2 12 23 45             
0721220704…2021031000110414146138122 18 11 25 57             
0721220705…2021031010220914141122134 23 29 16 58             
0721220706…2021031010730215154130125 12 21 25 63             
0721220707–Ø2021031101110414148134128 18 17 20 55             
0721220708…2021031001110414152128130 13 17 17 4911 405       
0721220709…2021031011230216151140133 14  9 11 33             
0721220710…2021031001130214155144129 10  6 18 37             
0721220711–Ø2021031111220916135134130 33 19 16 61             
0721220712…2021031010230225147142129 17 11 21 4713 3A3       
0721220713…2021031000130254139134132 24 14 13 47             
0721220714…2021031011010415144134120 19 14 24 56             
0721220801…2021031011210436146129122 18 19 20 5911 516       
0721220802…2021031000130214154132124 10 17 23 55             
0721220803…2021031011710415146130114 17 17 26 60             
0721220804…2021031010220945144146125 19  4 23 45             
0721220805…2021031001110414150139127 15 11 20 48             
0721220806“y202103130A1 16 0                                  
0721220807“ú2021030700130214140137123 23  8 23 5322 305       
0721220808…2021031001110414142122124 23 28 23 74             
0721220901–Ø2021031101130244150136133 15 14 13 40             
0721220902–Ø2021031101130234147132127 18 18 19 54             
0721220903…2021031011221035143133123 21 16 19 49             
0721220904…2021031011030224143126117 20 21 27 6423 3A3       
0721220905…2021031010220946152128128 11 23 20 5823 5OP       
0721220906…2021031010220945144123132 19 27 16 5833 510       
0721220907…2021031010210415145123144 19 28  6 4511 3A2       
0721220908…2021031001110414135124129 30 21 18 6531 3A3       
0721220909…2021031000120914149134122 15 15 25 59             
0721220910…2021031001130234143136125 21 13 20 54             
0721220911…2021031010220915152130132 12 20 18 50             
0721221001…2021031001110444153132126 11 17 19 50             
0721221002…2021031010230215153129127 11 19 23 5523 3A2       
0721221003…2021031000110414151139123 13 10 24 51             
0721221004…2021031001120914150138135 15 12 12 38             
0721221005…2021031001130244141132125 23 17 20 59             
0721221006…2021031000120914148130123 16 19 24 62             
0721221007…2021031001130214147125127 18 25 20 64             
0721221008…2021031001130214154136130 11 14 17 45             
0721221009…2021031001120914154133124 11 13 23 521  305       
0721221010…2021031001110444114121143 50 28  2 61             
0721221011…2021031011230216145130125 20 20 19 5921 305       
0721221012…2021031001130214145128126 20 22 21 64             
0721221101…2021031001130234146130122 18 19 23 62             
0721221102…2021031001110414140137124 25  8 23 5611 410       
0721221103…2021031011730216147132119 16 16 21 55             
0721221104…2021031010230245141129127 22 23 21 6223 6OP       
0721221105…2021031011230235161134131  3 14 11 24             
0721221106–Ø2021031110230214151134128 15 19 24 5623 3A3       
0721221107…2021031001120914145128128 20 17 19 5612 410       
0721221108…2021031011211016142130121 23 21 23 68             
0721221109…2021031010221015138118124 26 30 26 79             
0721221110…2021031011630235150131121 14  9 17 4123 305       
0721221201…2021031001110444137123127 27 26 18 68             
0721221202–Ø2021031101120914158136125  8 15 23 51             
0721221203…2021031001130214162147136  3  0 11 1733 3A3       
0721221204…2021031001110414146128129 19 22 18 59             
0721221205…2021031011230215153132123 12 18 21 4823 405       
0721221206…2021031000120914148131125 16 18 22 58             
0721221207–Ø2021031110230214153140126 13 16 26 54             
0721221208…2021031011030215147129121 16 19 23 58             
0721221209…2021031000130244160138129  3 10 16 34             
0721221210…2021031010230245137130133 26 23 15 57             
0721221211…2021031001110414141131128 24 15 19 5612 4A3       
0721221212…2021031001110414138127128 27 23 19 66             
0721221213…2021031001110414139126120 26 24 27 78             
0721221214…2021031000130214157132126  7 17 21 51             
0721221215…2021031001120914144133122 21 17 25 65             
09211a0101…2021031001110434136125124 28 24 21 70             
09211a0102…2021031001130214153134129 12 11 18 4423 705       
09211a0103…2021031001130214152142127 13  8 20 44             
09211a0104…2021031001130244144136124 20  8 21 5013 610       
09211a0105…2021031011210416146136136 19 14  8 37             
09211a0106…2021031001130214146152139 19  0  8 23             
09211a0107–Ø2021031101130214149129134 17 22 14 51             
09211a0108…2021031001130214146138133 19 12 14 43             
09211a0109…2021031001130214146135124 19 15 23 59             
09211a0110…2021031011210416146125130 19 22 14 54             
09211a0111…2021031001121034144132122 20 17 23 61             
09211a0112…2021031001110414137130131 28 15 16 5531 305       
09211a0113–Ø2021031101110414139126127 27 25 21 70             
09211a0114…2021031001121014153136125 12 10 22 4812 3A3       
09211a0115…2021031001130234156137126  8  8 19 4031 3A3       
09211a0116…2021031011720915142124116 21 23 24 6611 3A3       
09211a0201“y202103130A1 16 0                                  
09211a0202…2021031001110414151132129 14 13 18 4731 305       
09211a0203…2021031001120914156138125  9 12 22 48             
09211a0204…2021031001110414149130130 16 15 17 4931 405       
09211a0205…2021031011210416145125132 20 24 12 5411 3A3       
09211a0206–Ø2021031101130214170146142  0  5  6 13             
09211a0207–Ø2021031101110414147128126 19 19 22 6012 405       
09211a0208…2021031011210436141128132 23 19 10 4711 3A3       
09211a0209…2021031011710415140134125 23 13 15 44             
09211a0301…2021031001110434144127123 20 18 22 6111 705       
09211a0302…2021031001110414151133129 14 17 18 51             
09211a0303–Ø2021031101130234152133124 13 13 22 5122 3A3       
09211a0304…2021031001130234147135127 17 10 18 4623 3A3       
09211a0305…2021031001110414145136134 20 10 13 4031 3A3       
09211a0306…2021031001130214149134129 16 12 18 4731 3A3       
09211a0307…2021031001130214146134130 19 11 17 4712 3A3       
09211a0308…2021031001110414141134123 24 16 24 64             
09211a0309…2021031001120914149134134 16 12 13 4033 3A3       
09211a0310…2021031001110434148135120 16  9 25 5413 3A3       
09211a0311…2021031001110414141138125 24 12 22 57             
09211a0312…2021031001110414143134131 22 16 16 52             
09211a0313…2021031001110444151131147 13 14  0 2232 3A3       
09211a0314…2021031011230226152128124 13 23 20 59             
09211a0315…2021031001110414141129130 24 21 17 59             
09211a0316…2021031001130214149134126 16 16 21 55             
09211a0401…2021031001110414148128127 17 18 20 5621 6OP       
09211a0402“y202103130A1 16 0                                  
09211a0403…2021031011410435152126112 14 24 27 69             
09211a0404…2021031001110414145132128 20 14 19 5313 3A3       
09211a0405…2021031001110414145134134 20 12 13 4232 3A3       
09211a0406“y202103130B1 16 0                                  
09211a0407…2021031001121014161132127  4 13 20 4413 3A3       
09211a0408“y202103130A1 16 0                                  
09211a0409…2021031001110414156138144  9  8  3 1831 3A3       
09211a0501…2021031001130234159134128  5 10 17 3723 305       
09211a0502…2021031011220926152128128 13 22 16 5333 510       
09211a0503…2021031011230216142128135 23 20  9 4723 610       
09211a0504…2021031011220944140132126 24 17 16 42             
09211a0505…2021031001130214154135124 11 11 23 5031 3A3       
09211a0506…2021031011230234131126123 33 23 19 572  305       
09211a0507…2021031001110434148137132 16  8 13 3613 3A3       
09211a0508…2021031001130214141132125 24 18 22 63             
09211a0509–Ø2021031101120914152130121 14 21 27 66             
09211a0510…2021031001120934143131130 21 18 15 52             
09211a0511…2021031001130214145136130 20 14 17 50             
09211a0512…2021031011210435147132122 17 17 20 4911 3A2       
09211a0513…2021031001130214148140120 17 10 27 58             
09211a0514…2021031001130214157130129  8 20 18 50             
09211a0515…2021031001130214158140126  7 10 21 44             
09211a0516…2021031001120914153138129 12  7 18 40             
09211a0601–Ø2021031101130214144131126 22 20 22 63             
09211a0602…2021031001130244149134131 15 11 14 4022 3A3       
09211a0603…2021031001120914156131126  9 19 21 54             
09211a0604…2021031011230215150136120 15 15 24 5122 3A3       
09211a0605…2021031001130214167157146  0  0  1  1             
09211a0606…2021031011210436150130128 14 18 14 4613 3A3       
09211a0607…2021031001120914143128126 22 17 21 6011 616       
09211a0701…2021031001130234136124125 28 25 20 70             
09211a0702…2021031011210446158126123  6 22 19 53             
09211a0703…2021031000121014142125128 22 24 19 64             
09211a0704…2021031001130214142142134 23  8 13 40             
09211a0705–Ø2021031101110434152130124 13 20 22 58             
09211a0706…2021031001130244136128125 28 17 20 6222 3OP       
09211a0707–Ø2021031101110414135123127 31 28 21 75             
09211a0708“y202103130B1 16 0                                  
09211a0709…2021031000120914139134122 25 11 25 6123 3A3       
09211a0710…2021031001130214144130129 21 20 18 58             
09211a0711…2021031010230215144136129 20 15 21 54             
09211a0712…2021031011210416148133126 17 17 18 5311 3A3       
09211a0713…2021031010230215136133129 28 20 21 63             
09211a0714…2021031000130214157154157  7  0  0  4             
09211a0715…2021031001130244150142121 14  7 24 49             
09211a0716…2021031011230256150130128 14 20 14 4911 3A3       
09211a0801…2021031001130244151136132 13 13 13 39             
09211a0802…2021031011220936146128126 18 20 16 5413 305       
09211a0803…2021031001130214156140125  9  5 22 4223 3A3       
09211a0804…2021031000120914150129130 14 17 17 49             
09211a0805…2021031001120914146142125 19  8 22 50             
09211a0806–Ø2021031101121014146128127 20 18 21 5931 3A3       
09211a0807…2021031011210416135134129 30 15 15 55             
09211a0808…2021031011210446145132121 19 17 21 59             
09211a0809…2021031001110434150134127 14 15 18 49             
09211a0901…2021031001110414135123122 30 23 25 7621 405       
09211a0902…2021031001110434149140121 15  9 24 52             
09211a0903…2021031011230214138132127 27 17 17 44             
09211a0904…2021031011220914137124128 28 23 16 50             
09211a0905…2021031001110414145124124 20 26 23 70             
09211a0906…2021031001110414155128122 10 22 25 63             
09211a0907–Ø2021031101130214145136123 21 15 25 62             
09211a1001…2021031001130254142131128 22 18 17 55             
09211a1002…2021031001110414142130128 23 20 19 61             
09211a1003…2021031001120934153132123 11 17 22 55             
09211a1004…2021031011210446135124123 29 24 19 68             
09211a1005…2021031011210446153133132 11 17 10 38             
09211a1006…2021031001120914157135122  8 15 25 55             
09211a1007–Ø2021031111210436147128121 20 22 23 66             
09211a1008…2021031011410435152126113 14 25 26 69             
09211a1009…2021031011210416146129122 19 21 22 6431 4A3       
09211a1010…2021031011230246149126128 15 23 14 52             
09211a1011…2021031001110414143128129 22 18 18 573  4A3       
09211a1012…2021031001120914153132128 12 13 19 4731 510       
09211a1013…2021031001110414138132127 27 14 20 5831 3A2       
09211a1101…2021031011230224137126126 28 19 18 49             
09211a1102…2021031001110434144123124 20 26 21 68             
09211a1103…2021031011730235148134111 14 12 27 5623 3A3       
09211a1104…2021031001121034153134120 11 15 25 57             
09211a1105…2021031001121024142134121 23 16 26 66             
09211a1106…2021031001110434150132125 14 17 20 54             
09211a1107…2021031001130234141127128 23 17 17 5512 516       
09211a1108…2021031001120934144126121 20 23 24 69             
09211a1109…2021031001110414158132125  7 18 22 53             
09211a1110…2021031011220936154133122 10 17 20 52             
09211a1111…2021031011230236152127126 12 23 16 53             
09211a1112…2021031000130234139128122 24 20 23 67             
09211a1113…2021031001130214141127134 24 23 13 56             
09211a1114…2021031010220915136127128 28 23 22 68             
09211a1115…2021031011230216157134123  8 14 21 49             
09211a1116…2021031011220946156137117  8 12 25 5332 410       
09211a1117…2021031001130214146127122 19 23 25 70             
09211a1118…2021031001110414147134126 18 16 21 56             
09211a1201…2021031001130214146128126 19 22 21 63             
09211a1202…2021031011230234146146141 18  3  1  3             
09211a1203…2021031001120914146126128 19 24 19 62             
09211a1204…2021031001110414140128130 25 18 17 5731 3A3       
09211a1205…2021031011221036144134128 20 15 14 47             
09211a1206…2021031001120914146128123 19 22 24 67             
09211a1207…2021031011210416137128131 28 21 13 56             
09211a1208…2021031001110434142129121 22 20 24 67             
09211a1209…2021031000130214143128123 21 21 24 67             
09211a1210…2021031001110414156132124  9 14 23 522327         
09211a1211…2021031011210416144132130 21 19 14 52             
09211a1212…2021031001130214148127132 17 18 15 5011 405       
09211a1213…2021031001130214143140135 22 10 12 40             
09211a1214…2021031001110414155136126 10 14 21 50             
09211a1215…2021031001110444138131127 26 13 18 5411 716       
09211a1216…2021031011230233121121123 43 27 19 60             
