0621310101…2021032410230215144133128 19 17 21 5523 3A3       
0621310102…2021032410230215144132128 19 18 21 5623 3A3       
0621310103…2021032410221014143136126 20 15 23 5233 305       
0621310104…2021032410730215148125127 17 25 22 6623 305       
0621310105…2021032410220915144137131 19 13 18 4633 3A3       
0621310106…2021032410730235148136128 16 13 19 4923 3A3       
0621310107…2021032410230215143135127 20 16 22 5512 3A3       
0621310108…2021032400130214146132130 24 25 25 75             
0621310109…2021032410730215142136131 23 15 18 5423 605       
0621310110…2021032400110414148135138 21 15 14 4823 3A3       
0621310111…2021032410230215142132132 21 20 17 5411 3A2       
0621310112…2021032400110414146134134 24 18 21 6321 3A3       
0621310113…2021032410230245142132133 20 17 14 4521 3A3       
0621310114…2021032410210415146141130 17 10 19 43             
0621310115…2021032410220915154138130  9 10 19 3923 510       
0621310116…2021032410210435139134128 23 16 19 5433 3A3       
0621310201…2021032400110414145132135 24 18 17 5733 3A3       
0621310202…2021032410210415146140126 17 11 23 5011 3A3       
0621310203…2021032400110414140131140 29 20 12 55             
0621310204–Ø2021032510230245150140127 15 12 23 5121 3A3       
0621310205…2021032400130234156146132 12  8 18 41             
0621310206…2021032400110414156134135 14 18 20 5532 305       
0621310207…2021032400120914143136129 27 21 26 74             
0621310208…2021032410330236148132122 17 22 29 72             
0621310209…2021032410210415140128126 23 19 23 6222 3A3       
0621310210…2021032410230245146130124 16 19 23 5823 610       
0621310211…2021032400121024148148130 21  2 22 4612 505       
0621310212…2021032410230215144136128 19 15 21 52             
0621310213…2021032410230244148134137 14 16 10 32             
0621310214…2021032411030225148127121 18 22 26 66             
0621310215…2021032400130214153138136 16 17 16 50             
0621310216…2021032400130234146140132 22  9 18 4811 3A3       
0621310301…2021032410230245148138126 14 11 21 46             
0621310302…2021032410210415147135129 16 15 20 4933 3A3       
0621310303…2021032410230215150140136 13 12 13 3523 3A3       
0621310304…2021032410310435144131127 21 23 24 6631 305       
0621310305…2021032410230235138134127 24 16 20 55             
0621310306…2021032400120914139131133 31 26 22 76             
0621310307…2021032410230235146134131 16 15 16 4433 3A3       
0621310308…2021032410230235142136128 20 14 19 5023 3A3       
0621310309…2021032400130214151132131 19 21 24 6723 510       
0621310310…2021032400110414144130136 26 27 19 70             
0621310311…2021032410210435150137127 12 13 20 45             
0621310312…2021032410220915142133129 21 18 20 5622 610       
0621310313…2021032410210415136132131 27 18 18 56             
0621310314…2021032400120914155137137 15 20 18 55             
0621310315…2021032410230215144134128 19 16 21 54             
0621310316…2021032400120914145136132 24 15 20 5833 3A3       
0621310401…2021032410210415146134128 17 15 21 5211 3A3       
0621310402…2021032410731433128140    20  8                   
0621310403…2021032410710415138128138 27 23 11 5432 3A2       
0621310404…2021032411010415138122133 28 26 14 593  405       
0621310405…2021032400130234156128131 12 26 19 61             
0621310406…2021032410230225141138123 22 13 26 6023 7A3       
0621310407…2021032400120914142133136 28 24 19 68             
0621310408…2021032410220944143134142 19 16  5 27             
0621310409…2021032410210435136137135 26 13 12 42             
0621310410…2021032410230215137122130 26 25 19 65             
0621310411…2021032410230214142136125 21 15 24 54             
0621310412…2021032410230215144132122 19 19 27 65             
0621310413“ú2021032100130214158136128 10 18 24 58             
0621310414…2021032400110414161142135  8  9 17 38             
0621310415…2021032410221015146130134 17 22 15 5023 3A3       
0621310416…2021032400110414144137142 25 13 10 4311 405       
0621310501…2021032400110414139134134 30 21 18 65             
0621310502…2021032410220935142128126 20 22 21 6111 405       
0621310503…2021032410720936146128129 18 22 18 5811 3A3       
0621310504…2021032400121014151140134 19 17 21 59             
0621310505…2021032410230235146146139 16  4  8 21             
0621310506…2021032410310415154126134 11 26 16 5231 3A3       
0621310507…2021032400130214162136132  8 21 23 59             
0621310508…2021032400130214156134128 14 18 27 6523 405       
0621310509…2021032410220915146124130 17 24 19 5823 410       
0621310510…2021032400110454146142125 23 14 28 68             
0621310511…2021032410230216144134132 19 15 17 50             
0621310601…2021032410230245142130125 20 20 22 6023 3A3       
0621310602…2021032410230215142136124 21 14 25 5823           
0621310603…2021032400130214155133124 15 24 31 77             
0621310604…2021032400120934142134125 26 20 25 71             
0621310605…2021032410220915146138124 17 10 25 52             
0621310606…2021032400130234146137130 23 19 23 66             
0621310607…2021032401130214146135122 19 15 25 61             
0621310608…2021032410230214146144155 17  5  0  8             
0621310701…2021032410230215141138123 22 12 26 58             
0621310702…2021032410230215144138128 19 13 21 51             
0621310703…2021032400120914153136128 16 19 24 63             
0621310704…2021032410220915144132127 19 20 22 59             
0621310705…2021032410210415146126132 17 25 17 5613 305       
0621310706…2021032410230215140140132 23 11 17 46             
0621310707…2021032410730215142136131 23 15 18 5423 3A3       
0621310708…2021032400110414144134140 25 18 12 50             
0621310709…2021032410210415140136127 23 15 22 57             
0621310710…2021032410230215142128129 21 23 20 6031 3A3       
0621310711…2021032410230225147137127 16 13 22 5023 4OP       
0621310712…2021032410230215144132126 19 20 23 61             
0621310713…2021032410230225148142133 15  6 16 35             
0621310714…2021032410230235148127129 14 23 18 5423 505       
0621310715…2021032400121044150130130 18 20 20 6011 3A3       
0621310716…2021032410230215141140127 22 11 22 52             
0621310801…2021032400121014132127136 37 28 16 73             
0621310802…2021032410210415130130137 33 21 12 55             
0621310803…2021032411020934152142127 13  6 18 32             
0621310804…2021032410330215152126128 13 25 22 6023 3A3       
0621310805…2021032410720936143131127 21 19 20 59             
0621310806…2021032400120914135127150 35 26  5 5521 405       
0621310807–Ø2021032500130234148132134 17 19 13 48             
0621310808…2021032400120914149132132 21 25 23 71             
0621310809…2021032410220915143129131 20 19 18 53             
0621310810…2021032410230214144134132 19 17 17 46             
0621310811…2021032410310415142128133 24 27 20 66             
0621310812…2021032410230215132132127 31 19 22 6611 3A3       
0621310813…2021032411020915147131128 19 19 19 54             
0621310814…2021032400130214152132123 18 21 32 7722 416       
0621310815…2021032400110414140134124 29 21 28 78             
0621310816…2021032410330225148126132 18 29 21 66             
0621310901…2021032401110414140124124 25 26 23 73             
0621310902…2021032410230235144139127 18 10 20 46             
0621310903‹à202103260A1 16 0                                  
0621310904…2021032401110414139125127 26 25 20 69             
0621310905…2021032401130234143127126 21 17 19 5612 5A3       
0621310906…2021032410730226143131125 22 19 24 66             
0621310907…2021032401110414159127133  6 23 14 46             
0621310908…2021032401110414141128127 24 17 20 603  516       
0621310909…2021032410330215146128124 19 24 26 68             
0621310910…2021032401120914143126124 22 24 23 69             
0621310911…2021032401110414149136119 16 14 28 63             
0621310912…2021032401130214161139127  4 11 20 41             
0621310913…2021032410230215146134127 17 17 22 5523 405       
0621310914…2021032410230215140139125 23 12 24 56             
0621310915…2021032410230225148133127 15 20 22 572  3OP       
0621310916…2021032401120914147140123 18 10 24 54             
0621311001…2021032411230216152128131 14 22 14 50             
0621311002…2021032410230235144135126 18 15 21 52             
0621311003…2021032401130214163155134  2  0 13 19             
0621311004…2021032401121044146132119 18 17 26 64             
0621311005…2021032401120934137131121 27 18 24 68             
0621311006…2021032401120914149132128 16 13 19 4922 3A3       
0621311007…2021032401130214139130129 26 20 18 61             
0621311008…2021032401130214152132127 13 18 20 54             
0621311009…2021032410230215149138125 14 12 24 5123 505       
0621311010…2021032410230215144144128 19  7 21 44             
0621311011…2021032401121014151138128 14 12 19 47             
0621311012…2021032401120914150134125 15 16 22 56             
0621311013…2021032401121034145137128 19  7 17 4212 516       
0621311014…2021032410230245142130127 20 20 20 5723 616       
0621311101…2021032410210445148134118 14 17 29 6311 3A3       
0621311102…2021032411220946151128121 14 23 22 62             
0621311103…2021032401130234149134124 15 15 21 53             
0621311104…2021032410230245150134128 12 17 19 48             
0621311105…2021032410230245148138125 14 13 22 49             
0621311106…2021032410230235152140124 10 11 23 46             
0621311107…2021032400120914139126130 30 24 22 7423 516       
0621311108…2021032410230235138133126 24 17 21 57             
0621311109…2021032401110414143130124 22 20 23 65             
0621311110…2021032411210416151130127 15 21 18 55             
0621311111…2021032410220915142130127 21 20 22 6011 3A3       
0621311112…2021032401130234139127125 25 18 20 6111 6OP       
0621311113…2021032411030235141129118 24 20 27 6923 405       
0621311114…2021032410230245135138127 27 12 20 5423 5OP       
0621311115…2021032411230215144131120 22 20 25 6111 616       
0621311201…2021032410230214148136124 15 11 25 48             
0621311202…2021032411430246153130116 13 21 23 60             
0621311203…2021032410230215136122132 27 25 17 62             
0621311204‹à202103260A1 16 0                                  
0621311205…2021032400130214150136135 19 19 17 55             
0621311206…2021032401130214157134131  8 16 16 43             
0621311207…2021032410230215146132124 17 19 25 6123 3A3       
0621311208…2021032410230215148136127 15 15 22 52             
0621311209…2021032400120934146128135 22 26 15 61             
0621311210…2021032400130234144134127 24 20 23 67             
0621311211‹à202103260A1 16 0                                  
0721250101…2021032401130214147132129 18 13 18 4922 4A3       
0721250102…2021032401130214158138129  7 12 18 41             
0721250103…2021032400130214154132137 15 18 15 4923 3A2       
0721250104…2021032401130234155142125  9  3 20 3622 3A3       
0721250105…2021032400110414149132133 21 20 22 6432 505       
0721250106…2021032410210415146130139 17 19 10 4031 405       
0721250107…2021032411230215144137128 22 15 17 44             
0721250108…2021032401121014156143125  9  7 22 43             
0721250109…2021032401130214148139134 17 11 13 39             
0721250110…2021032401130214150137125 15  9 22 4911 3A2       
0721250111…2021032401130214142127126 23 19 21 6211 505       
0721250112…2021032400121014155139137 15 13 18 4811 3A3       
0721250113…2021032410220945140134127 22 16 20 5422 3A3       
0721250114…2021031710421045148127112 14 16 24 55             
0721250115…2021032401130234155132124  9 12 21 4711 3A3       
0721250116…2021032401130214152136136 13 14 11 37             
0721250201…2021032401110414152136133 13 14 14 41             
0721250202…2021032410310415154126130 12 28 23 6311 3         
0721250203…2021032410230215142137128 21 15 21 54             
0721250204…2021032411230215156132123 10 18 22 4823 405       
0721250205…2021032410221014148140124 15  9 25 46             
0721250206…2021032411210416139126128 27 24 17 64             
0721250207…2021032401130214154144132 11  1 15 2923 3A2       
0721250208…2021032401130214151136128 14 14 19 49             
0721250209…2021032401110414146134138 19 12  9 3612 3A3       
0721250210…2021032401110414149136130 16 14 17 47             
0721250211…2021032400110414147140137 23 12 18 5233 3A3       
0721250212…2021032410230235150139132 12 11 15 36             
0721250213…2021032400110414154134128 16 23 27 71             
0721250214…2021032411210416160138115  6 14 30 5923 405       
0721250215…2021032401110414148136125 17 10 22 5112 3A3       
0721250301…2021032401110434145132122 19 17 23 61             
0721250302…2021032401130214149138126 16 12 21 51             
0721250303…2021032411430214150143124 17  8 17 41             
0721250304…2021032401110414152138126 13  7 21 4433 3A2       
0721250305…2021032411210436144129125 21 18 18 55             
0721250306…2021032400130214160140136  9 15 16 44             
0721250307…2021032411410436146130115 20 20 24 6511 3A3       
0721250308…2021032411230245146133124 19 17 19 48             
0721250309…2021032401130244170148143  0  1  2  4             
0721250310…2021032401130244144132128 20 17 17 53             
0721250311…2021032400120914147134135 22 18 17 56             
0721250312…2021031710310415146134128 15 14 18 4621 3A2       
0721250313…2021032401121014149133133 16 13 14 4232 3A3       
0721250314…2021032401130234157133130  7 16 15 41             
0721250315…2021032401130214142136126 23 14 21 57             
0721250316…2021032401130214167134129  0 16 18 41             
0721250401…2021032401130214147144141 18  6  6 25             
0721250402…2021032401130214156140130  9 10 17 39             
0721250403…2021032411210446145130125 20 19 18 563122         
0721250404…2021032401110414142132131 23 14 16 5031 3A2       
0721250405–Ø2021032510330213138138128 26 10 21 45             
0721250406…2021032400110414156140141 14 13 14 4232 3A3       
0721250407…2021032401110444158140128  6  5 17 3231 3A3       
0721250408…2021032401120914132130134 33 20 13 58             
0721250409…2021032410730235146131132 18 18 15 50             
0721250410…2021032401130214136126131 29 19 16 5921 3         
0721250411…2021032400130214147140131 23 13 24 6111 3A3       
0721250412…2021032401110434150134129 14 10 16 4113 3A3       
0721250413…2021032411210436138130135 27 21  8 4821 3A3       
0721250414…2021032410210445136139129 26 11 18 49             
0721250501…2021032401130214153132128 12 13 19 4712 410       
0721250502…2021032410220915146137131 17 14 18 46             
0721250503…2021032410220914142136125 21 14 24 53             
0721250504…2021032401130214154128130 11 22 17 52             
0721250505…2021032400110414148132127 22 21 28 74             
0721250506…2021032401120914152134134 13 11 13 3723 3A3       
0721250507…2021032411230215146133124 20 17 21 51             
0721250508…2021032401120914153136128 12 14 19 48             
0721250509…2021032400130214144138141 25 13 11 4421 3A2       
0721250510…2021032401120914149138127 16 12 20 50             
0721250511‹à202103260A1 16 0                                  
0721250512…2021032411210436136130128 29 20 15 58             
0721250513…2021032411021045156135115  9 14 30 59             
0721250514…2021032401110444142130123 22 14 22 5811 405       
0721250515…2021032411720916150139118 13  8 22 4633           
0721250516…2021032401130234174148129  0  1 16 23             
0721250601…2021032411021015150136122 16 14 25 5523 4A3       
0721250602…2021032410210415146130129 17 20 20 5511 3A3       
0721250603…2021032401120914144132129 21 14 18 5223 3A3       
0721250604…2021032400110414136130138 34 27 17 72             
0721250605…2021032401130214147139133 18 11 14 41             
0721250606…2021032401120914146130126 19 16 21 5721 3A3       
0721250607…2021032410730215156137128  9 14 21 4823 7OP       
0721250608…2021032410210445136126132 26 25 15 5923 405       
0721250609…2021032410330234151138132 13 13 16 35             
0721250610…2021032411210415152130128 14 22 17 47             
0721250611…2021032410220935137132123 25 19 24 65             
0721250612…2021032401130234147132122 17 17 23 59             
0721250613…2021032411030215148124123 18 26 24 6723 3A3       
0721250614…2021032401110414144132124 21 14 23 5931 3A3       
0721250615…2021032410230225143136134 20 15 15 45             
0721250616…2021032401130214142137133 23 13 14 46             
0721250701…2021032410230215140135136 23 16 13 45             
0721250702…2021032411020915150131124 16 17 23 56             
0721250703…2021032411230236159137115  6 13 28 5521 3A3       
0721250704…2021032401121034143128121 21 21 24 67             
0721250705…2021032400120924136131133 33 24 19 71             
0721250706…2021032401110414148130122 17 20 25 65             
0721250707…2021032410230235151130126 11 21 21 54             
0721250708…2021032411211016147132122 19 19 23 62             
0721250709…2021032410230214142136127 21 13 22 49             
0721250710…2021032410730215151130126 14 20 23 6023 505       
0721250711…2021032410220915142128127 21 23 22 64             
0721250712…2021032400110414155134132 15 23 23 65             
0721250713…2021032400130214148134126 22 20 29 74             
0721250714…2021032400130214145132134 24 23 18 63             
0721250715…2021032401130214152136132 13 14 15 43             
0721250716‹à2021031911230216152138133 16 12 13 40             
0721250717…2021032401110414139126129 26 19 18 6033 3A3       
0721250718…2021032401110414154124121 11 26 26 69             
0721250801‹à202103260A1 16 0                                  
0721250802…2021032401130214160142131  5  8 16 33             
0721250803…2021032401130214154134125 11 16 22 53             
0721250804…2021032401110414143128129 22 22 18 60             
0721250805…2021032411210446147129127 18 19 16 52             
0721250806…2021032410230213146146131 17  4 18 29             
0721250807…2021032401110414142126129 23 19 18 5811 3A3       
0721250808…2021032410220915147136126 16 15 23 54             
0721250809…2021032401130214144126133 21 19 14 5121 3A3       
0721250810…2021032401120914153136127 12 10 20 4531 6OP       
0721250811…2021032401121014155132126 10 18 21 53             
0721250812…2021032400120914151136133 18 19 19 57             
0721250901…2021032411230234148143122 17  5 21 3223 3A3       
0721250902‹à202103260A1 16 0                                  
0721250903…2021032411030215146135122 20 14 25 5822 5A3       
0721250904…2021032411730235136125127 26 20 11 48             
0721250905‹à202103260A1 16 0                                  
0721250906…2021032400130214143134130 27 19 25 7133 510       
0721250907…2021032410220914133123126 30 24 23 68             
0721250908…2021032401110444114122138 50 27  7 67             
0721250909…2021032401110434151132124 13 17 21 54             
0721250910‹à202103260A1 16 0                                  
0721250911…2021032401120914148138126 17 12 21 52             
0721250912…2021032411230216142128120 24 20 25 70             
0721250913…2021032411230214144130122 22 22 23 54             
0721250914…2021032401121034138133124 26 16 21 61             
0721250915…2021032410730216154138132 11 12 17 42             
0721251001…2021032401110434164139127  0 10 18 35             
0721251002…2021032401110414144129124 21 16 23 6131 616       
0721251003…2021032401121044141129127 23 15 18 5413 710       
0721251004…2021032401110444144130129 20 19 16 53             
0721251005…2021032411210436146126126 19 24 17 59             
0721251006…2021032401130214149136125 16 14 22 54             
0721251007…2021032410230215144136127 19 16 22 5523 3A3       
0721251008…2021032411210416143124139 23 27  6 4932 305       
0721251009…2021032401130234170154129  0  0 16 22             
0721251010…2021032411220936151126122 14 24 21 6111 6OP       
0721251101‹à202103260A1 16 0                                  
0721251102…2021032401110414156128120  9 22 27 65             
0721251103…2021032411230215160146127  6  4 18 26             
0721251104…2021032400130214144130134 25 25 18 66             
0721251105…2021032401130214142134123 23 12 24 5931 3A2       
0721251106…2021032410220915148132128 15 19 21 54             
0721251107…2021032401110434143130127 21 15 18 5331 3A3       
0721251108…2021032400130244134130128 34 24 22 76             
0721251109…2021032401110414140130126 25 16 21 6011 3A3       
0721251110…2021032401120914143132126 22 13 21 5622 3A3       
0721251111…2021032401121034148134121 16 15 24 58             
0721251112…2021032410220915148142125 15  9 24 49             
0721251113…2021032411230216156136125 10 14 20 48             
0721251114…2021032401120914156135120  9 15 27 58             
0721251115…2021032401110414141123123 24 27 24 75             
0721251116…2021032401110414153130125 12 20 22 58             
0721251201…2021032401130214157140127  8 10 20 43             
0721251202…2021032411230216152133129 14 19 16 49             
0721251203…2021032400130214151134131 19 18 24 6423 3A3       
0721251204…2021032400130214149132126 21 25 29 79             
0721251205…2021032410210415150135127 13 15 22 50             
0721251206…2021032410210415145132129 18 18 20 5432 305       
0721251207…2021032411221016140132132 26 20 13 53             
0721251208…2021032401110414162142125  3  8 22 41             
0721251209…2021032411210415138124127 28 24 18 5921 3A3       
0721251210…2021032411430216156139116 11 13 25 54             
0721251211…2021032411210416144128130 22 21 15 5521 516       
0721251212‹à202103260A1 16 0                                  
0721251213…2021032411210445144132126 21 16 17 45             
0721251214…2021032401130234157136125  7 13 20 45             
0921210101…2021032411230236148126130 17 24 13 52             
0921210102…2021032410730235146134138 18 16  9 39             
0921210103“ú20210321011302 4138124131 30 30 21 78             
0921210104…2021032401120914146129128 19 16 19 5433 3A3       
0921210105…2021032411810434146122118 22 19 22 62             
0921210106…2021032410230235148136133 14 12 14 37             
0921210107…2021032411230235140130128 25 21 15 49             
0921210108…2021032410730235149138133 15 11 14 39             
0921210109…2021032410720935144138130 20 12 17 48             
0921210110–Ø2021031816120937156122131 18 20 15 51             
0921210111…2021032401121014141129124 24 17 23 6431 805       
0921210112…2021032411210436147132126 18 17 17 51             
0921210201…2021032401121014148133127 17 17 20 55             
0921210202…2021032401110414148135127 17 15 20 53             
0921210203…2021032411210415149134122 17 18 23 5321 3A2       
0921210204…2021032411230214161153128  5  0 17 14             
0921210205…2021032401130214157131128  8 15 19 4623 3A2       
0921210206…2021032401130214153139122 12  6 25 4823 305       
0921210207…2021032401120934152132120 12 17 25 59             
0921210208…2021032401121014141138127 24 12 20 54             
0921210209…2021032411220945142123128 23 24 15 512  405       
0921210210…2021032401130234140138135 24 11 10 39             
0921210211…2021032401121014152136131 13 14 16 44             
0921210212…2021032401130244146140127 18  9 18 45             
0921210213…2021032411230236155122129 10 29 14 54             
0921210214…2021032401110414154130122 11 20 25 62             
0921210215…2021032401120934151130125 13 14 20 5023 3A3       
0921210216…2021032411230226149132121 17 20 24 63             
0921210217…2021032411230235146138121 19 11 22 46             
0921210301…2021032411230234145136122 20 13 21 4123 410       
0921210302…2021032401110414150134130 15 11 17 4413 3A3       
0921210303…2021032401130214144130127 21 20 20 61             
0921210304…2021032401110414153135126 12 11 21 4822 3A3       
0921210305…2021032411230216148132134 18 19 11 45             
0921210306–Ø2021032501130214162148139  5  4 10 21             
0921210307…2021032411210414142129124 24 23 21 53             
0921210308…2021032401130234148139128 16  6 17 3923 4         
0921210309…2021032401110414147132124 18 18 23 61             
0921210310…2021032401130214138136134 27 14 13 48             
0921210311…2021032411230214154143122 12  7 23 3323 405       
0921210312…2021032401110414143133123 22 13 24 6011 3A3       
0921210313…2021032401130214155146145 10  4  2 13             
0921210314…2021032411210416154136121 12 16 24 56             
0921210315…2021032401110414141128131 24 22 16 59             
0921210316…2021032401110434135120130 29 29 15 67             
0921210401…2021032411830234151125122 17 16 18 51             
0921210402…2021032401120934144130128 20 15 17 5133 616       
0921210403…2021032411830235145120124 23 21 16 56             
0921210404…2021032401110434146132122 18 17 23 60             
0921210405…2021032411230236153134126 12 16 17 47             
0921210406…2021032411230236152131126 13 17 17 49             
0921210407“y2021032011230216153142128 15 10 18 45             
0921210408…2021032411210436135129136 30 22  7 49             
0921210409…2021032411220936151131121 14 20 22 59             
0921210410…2021032411210436147130121 18 21 22 62             
0921210411…2021032411230235158144122  7  7 21 33             
0921210501…2021032411230225151130123 15 18 22 51             
0921210502…2021032401121014146135128 19 15 19 53             
0921210503…2021032401120914149132129 16 14 18 4922 3OP       
0921210504…2021032411230234132126124 33 21 19 5512 3A3       
0921210505…2021032401120914135132127 30 18 20 64             
0921210506…2021032401130214148135131 17 15 16 48             
0921210507…2021032401130214143133128 22 17 19 57             
0921210508…2021032401130214159140133  6 10 14 33             
0921210509…2021032401110414137129122 28 21 25 73             
0921210510…2021032401120914140128125 25 18 22 6423 3A3       
0921210511…2021032401120914150132126 15 13 21 5222 3A2       
0921210512…2021032411531435124114127 20 30 16 64             
0921210513…2021032401110434159138124  5  6 21 3923 3A3       
0921210514…2021032401130234143130134 21 14 11 4211 3A3       
0921210515…2021032411410416148130118 19 20 23 6331 3A3       
0921210516…2021032401110414145138135 20  7 12 3632 3A3       
0921210601…2021032401110414146138125 19 12 22 54             
0921210602…2021032401120914154140124 11  5 23 4423 3A2       
0921210603…2021032401110414145133128 20 13 19 5223 3A3       
0921210604…2021032401130234147141126 17  3 19 4013 405       
0921210605‹à202103260A1 16 0                                  
0921210606…2021032401110414155140133 10  6 14 3223 305       
0921210607…2021032411210436151134129 14 17 14 4431 3A2       
0921210608…2021032411220936149128123 16 23 20 601  305       
0921210609…2021032401110414142133128 23 12 19 5322 3A3       
0921210610…2021032401120914150133127 15 12 20 4931 3A2       
0921210611‹à202103260A1 16 0                                  
0921210612…2021032401110414159132136  6 18 11 37             
0921210613…2021032401110434144132128 20 17 17 53             
0921210614…2021032401120914143130124 22 20 23 65             
0921210701…2021032401130214152140121 13  6 26 5023 3A3       
0921210702…2021032401130214143136128 22 14 19 54             
0921210703…2021032401130214149129117 16 21 30 73             
0921210704…2021032401130214147134126 18 11 21 5111 3A2       
0921210705…2021032410220915142132125 21 19 24 63             
0921210706…2021032401121034158139123  6 10 22 44             
0921210707…2021032401130214155138125 10  8 22 4523 305       
0921210708…2021032401121014154136136 11 14 11 36             
0921210709…2021032401130214156135123  9 15 24 54             
0921210710…2021032401110414156136124  9 14 23 52             
0921210711…2021032401130214166136125  0 14 22 45             
0921210801…2021032401110414147134126 18 16 21 56             
0921210802‹à202103260B1 16 0                                  
0921210803‹à202103260A1 16 0                                  
0921210804…2021032401130214142143130 23  7 17 45             
0921210805…2021032401110414149134124 16 16 23 58             
0921210806…2021032401120914149138125 16  7 22 4822 516       
0921210807…2021032411210416151134125 15 17 20 5411 3A2       
0921210808…2021032411210416142124124 24 27 21 7033 3OP       
0921210809‰Î2021032311210414141136125 28 17 24 5433 3A3       
0921210810–Ø2021032501130214153140134 14 12 15 42             
0921210811…2021032401130214150140127 15 10 20 47             
0921210812…2021032411730226149144116 14  3 24 45             
0921210901…2021032411230216147142140 19 10  5 28             
0921210902…2021032401130214152139125 13  6 22 4523 305       
0921210903…2021032401130214149142131 16  8 16 40             
0921210904…2021032401130234159134122  5 15 23 50             
0921210905…2021032411630216146126115 19 14 25 60             
0921210906…2021032401130234141130123 23 19 22 64             
0921210907…2021032401130214154132124 11 18 23 57             
0921210908…2021032401120934143126124 21 23 21 65             
0921210909‰Î2021032311220916144134124 25 21 25 71             
0921210910…2021032401120914140135127 25 15 20 58             
0921211001…2021032401121014137131126 28 19 21 65             
0921211002…2021032401130214145136125 20  9 22 5213 516       
0921211003…2021032401130214152135127 13 15 20 51             
0921211004…2021032401110434138128120 26 16 25 6712 8A3       
0921211005…2021032411230216149126122 17 24 23 6621 510       
0921211006…2021032401130214148134127 17 16 20 54             
0921211007…2021032401121014153132126 12 18 21 55             
0921211008…2021032400130244154142129 15  9 24 5313 3A3       
0921211009…2021032411210415142122119 24 28 26 72             
0921211010…2021032401121014151134125 14 16 22 55             
0921211011…2021032411230214140142122 26 10 23 44             
0921211101…2021032411210435148136123 17 13 20 443121A3       
0921211102…2021032400130224138134136 31 18 16 60             
0921211103…2021032411230235142124121 23 27 22 64             
0921211104…2021032411230216142128126 24 22 19 6323 305       
0921211105…2021032411230216154136120 12 15 25 5723 305       
0921211106…2021032401130244151135125 13 14 20 50             
0921211107…2021032400120914138130129 32 27 26 83             
0921211108…2021032401130234149132123 15 12 22 5223 610       
0921211109…2021032410230214143132126 20 17 23 5413 305       
0921211201…2021032401110414144131129 21 19 18 57             
0921211202…2021032401120934137128126 27 21 19 64             
0921211203…2021032401121014147128126 18 22 21 62             
0921211204…2021032411230215156130123 10 21 22 5023 3A2       
0921211205…2021032400110414145140136 25 13 19 5523 3A3       
0921211206…2021032401110414139127132 26 23 15 60             
0921211207…2021032401120934167136123  0  8 22 3912 305       
0921211208…2021032401120914143125130 22 25 17 62             
0921211209…2021032411230246155137128 10 13 15 40             
0921211210…2021032411230216144133122 22 19 23 64             
0921211211…2021032410230245136124132 26 26 15 6021 505       
0921211212…2021032411030215149129128 17 20 19 54             
0921211213…2021032401130214149139129 16 11 18 46             
0921211214…2021032400110444144134138 25 18 15 55             
