0421230101…2021051200110434152138132 14 13 16 43             
0421230102…2021051200130244144133125 22 14 23 5823 3A3       
0421230103…2021051210730235132124127 34 27 22 78             
0421230104…2021051200130214143134130 24 18 20 60             
0421230105…2021051200110414149140127 18 12 23 55             
0421230106…2021051200130214152136125 15 12 25 5523 3A3       
0421230107…2021051201130234143132127 22 13 19 5213 3A3       
0421230108…2021051200130234148136131 18 12 17 46             
0421230109…2021051210230245142140128 20 10 19 4623 3A3       
0421230110…2021051201110414157134125  9 17 23 54             
0421230111…2021051200121014145130126 22 18 24 6423 405       
0421230112…2021051200130214145134128 22 18 22 62             
0421230113…2021051201110444158134126  7 16 20 47             
0421230114…2021051201130214162144128  4  7 20 36             
0421230115…2021051200130214142131131 25 17 19 5822 610       
0421230201…2021051201130234143132128 22 14 18 5133 3A3       
0421230202…2021051200130234146134125 20 17 23 61             
0421230203…2021051200120914145132140 22 16 10 4323 4A3       
0421230204…2021051201110414145127128 21 20 20 6011 3A3       
0421230205…2021051200110414145127130 22 25 20 66             
0421230206…2021051211210456159134123  6 16 19 4631 410       
0421230207‹à202105140A1 16 0                                  
0421230208…2021051211220945149132127 16 17 15 4122 3A3       
0421230209…2021051210710415140127128 27 25 23 7311 3A3       
0421230210…2021051201121034144138122 21 12 24 57             
0421230211…2021051200110414145138128 22 10 22 5423 3A3       
0421230212…2021051211030214148134131 16 14 14 36             
0421230213…2021051200130244141130130 25 17 18 5623 610       
0421230214…2021051210310435146140123 17 11 24 5223 405       
0421230301…2021051200130214148146137 19  6 13 35             
0421230302…2021051210230215145136128 18 15 21 5211 3A3       
0421230303…2021051211030215154126129 10 22 16 47             
0421230304…2021051200120914139135133 28 13 17 5222 3A3       
0421230305…2021051201110414147132130 19 15 18 5111 3A3       
0421230306…2021051211210415154140124 12  9 20 3821 4OP       
0421230307…2021051210230255134135124 28 15 23 60             
0421230308…2021051201130214150140133 16 11 15 41             
0421230309…2021051210230235146139125 16 11 22 4921 3A3       
0421230310…2021051210230215140128127 23 22 22 6323 3A3       
0421230311…2021051201120944137132128 28 13 18 5432 3A3       
0421230312…2021051210220915147132124 16 18 25 5923 405       
0421230313…2021051201110414145138134 21  9 14 403123A3       
0421230314…2021051211730236145132111 17 14 27 6223 5OP       
0421230315…2021051201130214155138124 11 13 24 52             
0421230401…2021051210320915149140121 15 10 28 56             
0421230402…2021051210230215142135127 21 16 22 57             
0421230403…2021051210230215140142127 23  9 22 5013 3A3       
0421230404…2021051200110414155136126 12 16 24 56             
0421230405…2021051200121044149138128 17 13 20 51             
0421230406…2021051201121014154128135 12 23 13 47             
0421230407…2021051201110434154134127 11 16 19 48             
0421230408…2021051201130214136138133 30  8 15 4613 3A2       
0421230409…2021051210220915148134129 15 17 20 512  5OP       
0421230410…2021051201110414155134128 11 17 20 51             
0421230411…2021051201120914146128130 20 18 18 5421 305       
0421230412…2021051201130244135130131 30 20 15 58             
0421230413…2021051210230215147136129 16 15 20 50             
0421230414…2021051200130234138126127 28 25 21 71             
0421230415…2021051210210435146134130 16 16 17 47             
0421230501…2021051210230235146142127 16  9 20 44             
0421230502…2021051210210435145134130 17 16 17 4633 3A3       
0421230503…2021051211210416143134124 23 17 20 59             
0421230504…2021051201120934141136129 24 14 17 51             
0421230505…2021051201110414155138129 11 13 19 45             
0421230506‹à202105140B1 16 0                                  
0421230507…2021051201110414144134132 22 13 16 4821 3A3       
0421230508…2021051200130214152140131 15 12 19 47             
0421230509…2021051210221045135140127 27 10 20 51             
0421230510…2021051211210436148132125 17 18 17 5223 3OP       
0421230511…2021051211210416146130127 20 20 17 56             
0421230512…2021051211730215142132118 21 15 22 5523 3A2       
0421230513…2021051210230235152134126 10 15 21 4723 305       
0421230601–Ø2021051310330214153150129 11  1 20 29             
0421230602…2021051200120914144134133 23 14 17 5012 3A3       
0421230603…2021051210230245142132134 20 18 13 45             
0421230604…2021051210230235145128125 17 23 22 61             
0421230605…2021051211210446146129125 19 21 17 5611 3A3       
0421230606…2021051200120934157142130  9  5 18 3523 505       
0421230607…2021051210220945141131128 21 19 19 55             
0421230608…2021051210230215146128123 17 21 26 64             
0421230609…2021051211730234143131114 19 15 24 53             
0421230610…2021051200130214148136124 19 12 26 5923 3A3       
0421230611…2021051200130214147136132 20 16 18 53             
0421230612…2021051200130254150138124 16  9 24 5232 3A3       
0421230613…2021051201121014141134124 25 17 24 65             
0421230614…2021051200130214145142130 22  6 20 4623 3A3       
0421230615…2021051200130214140140141 27 12  9 40             
0421230616‰Î20210511001302 4150144147 16  8  2 21             
0421230701…2021051210220915150132135 13 19 14 43             
0421230702…2021051200130214153142130 14 10 20 46             
0421230703…2021051211210436154134123 11 15 19 49             
0421230704–Ø2021051310730215154146133 12  8 20 4323 3A3       
0421230705…2021051201130214153138124 13 13 24 53             
0421230706…2021051211230235136142117 29  7 25 5321 405       
0421230707…2021051210330215148144130 16  8 19 42             
0421230708…2021051201130214152132124 14 19 24 60             
0421230709…2021051210210414127126134 36 22 15 58             
0421230710…2021051210230215140132127 23 19 22 6023 3A3       
0421230711…2021051201130234150132129 15 13 17 4533 410       
0421230712…2021051200130214154141134 13 11 16 41             
0421230713…2021051200130214150132128 17 20 22 61             
0421230714…2021051210230214144133127 19 18 22 5323 410       
0421230715…2021051201130214173149135  0  2 13 19             
0421230801…2021051210230215140136129 23 16 20 55             
0421230802…2021051201130214167140140  0 11  8 21             
0421230803…2021051200130224142130135 25 18 15 5323 816       
0421230804…2021051210230215137143124 26  5 25 53             
0421230805…2021051210230215156132123  7 21 26 58             
0421230806…2021051211710415136126123 27 21 17 5831 3A3       
0421230807…2021051201130234147128129 18 22 17 56             
0421230808…2021051210730215143133136 24 20 15 56             
0421230809…2021051211220915141129117 25 22 27 682  505       
0421230810…2021051200130214152140129 15  8 21 4522 3A3       
0421230901…2021051210220915144124125 19 25 24 67             
0421230902…2021051211230236149130134 16 18  8 39             
0421230903…2021051201130234144124124 21 26 22 68             
0421230904…2021051200130224142131140 25 17 10 4522 3A3       
0421230905…2021051201130214151138128 15 13 20 49             
0421230906…2021051210330235158142122  5  9 25 4423 3A3       
0421230907…20210512107   35143124127 23 27 22 71             
0421230908‹à202105140A1 16 0                                  
0421230909…2021051200121014145120127 22 32 23 77             
0421230910…2021051210230215144130126 19 17 23 58             
0421230911…2021051201110414142127130 24 20 18 5921 3A3       
0421230912…2021051201120934163134127  2 16 19 43             
0421231001…2021051210230215144136132 19 15 17 47             
0421231002…2021051211210416146132121 20 19 23 6321 3A2       
0421231003…2021051211730235132128117 30 19 21 64             
0421231004…2021051210230235144132131 18 19 16 4912 510       
0421231005…2021051201120914148134123 18 12 25 573143A2       
0421231006…2021051211210416146140122 20 11 22 54             
0421231007…2021051201110414151129123 15 22 25 65             
0421231008…2021051200130214153136139 14 12 11 3511 3A3       
0421231009…2021051201130254151139136 14 11 10 32             
0421231010…2021051200120914137138135 30 10 15 49232210       
0421231011…2021051200130214149136127 18 16 23 59             
0421231012…2021051201110414144134130 22 17 18 54             
0421231013…2021051210230215142130127 21 18 22 5821 410       
0421231014…2021051201130234142136128 23 14 18 52             
0421231015…2021051211230234144132122 21 16 20 44             
0421231101…2021051201110414144128130 22 23 18 60             
0421231102…2021051211220914145126123 21 23 21 52             
0421231103…2021051201130214148136133 18 15 15 46             
0421231104…2021051201130214162125139  4 26  9 40             
0421231105…2021051211230246139130124 26 20 18 61             
0421231106…2021051211230214136126122 30 24 22 60             
0421231107…2021051201110414149130127 17 21 21 60             
0421231108…2021051201130214160132127  6 19 21 51             
0421231109…2021051201121014149128122 17 23 26 69             
0421231110…2021051201130214151134123 15 17 25 60             
0421231111…2021051201130214151135117 15 16 31 67             
0421231112…2021051200130214151141128 16  8 22 48             
0421231113…2021051201130214159143128  7  8 20 39             
0421231114…2021051201130244142130131 23 20 15 54             
0421231115…2021051201121014143127121 23 24 27 75             
0421231201…2021051210210415141136129 22 17 20 5523 405       
0421231202…2021051211010414144130118 20 18 27 602  3A3       
0421231203…2021051211230216154132125 12 19 19 53             
0421231204…2021051201110414150134124 16 17 24 59             
0421231205…2021051211230245148126121 17 22 21 5423 305       
0421231206…2021051201130234153130121 12 16 25 5721 405       
0421231207…2021051210230214150141133 13 11 16 3423 3OP       
0421231208…2021051201130214162136129  4 15 19 43             
0521270101…2021051200130214153132132 14 20 18 53             
0521270102…2021051210230214156140122  7  9 27 44             
0521270103…2021051210230215153132133 10 16 16 41             
0521270104…2021051210230244154140137  8  8 10 20             
0521270105…2021051210230215150133128 13 16 21 50             
0521270106…2021051200130214154136129 13 12 21 49             
0521270107…2021051210220914143124133 20 27 16 55             
0521270108…2021051210230215147150136 16  1 13 25             
0521270109…2021051210310415150140123 14 13 26 5532 305       
0521270110…2021051200120944148135123 18 12 25 5713 3A3       
0521270111…2021051210330215141130122 23 20 27 6921 3A3       
0521270112…2021051211030255142132124 21 13 19 49             
0521270113…2021051200130214144128141 23 24  9 50             
0521270114…2021051200120924136133128 31 19 22 68             
0521270115…2021051210220915147134145 16 16  4 2831 3A3       
0521270116…2021051210220915146132127 17 19 22 5623 410       
0521270201…2021051210210415144132127 19 21 22 6023 3A3       
0521270202…2021051210210415146136131 17 15 18 47             
0521270203…2021051210210434146126130 16 23 17 4933 3A3       
0521270204…2021051210230234141133124 21 14 23 5222 3OP       
0521270205…2021051210730225142136135 25 17 16 5413 305       
0521270206…2021051210330214156136122  8 14 27 50             
0521270207…2021051210220915142127126 21 21 23 63             
0521270208…2021051210210445148141125 14 10 22 4623 3A3       
0521270209…2021051210220915150132126 13 18 23 55             
0521270210…2021051210220915145132131 18 18 18 512225A3       
0521270211…2021051200130234147132126 19 19 22 61             
0521270212‹à202105140A1 16 0                                  
0521270213‹à202105140A1 16 0                                  
0521270214…2021051210230215142135128 21 16 21 5411 3A3       
0521270215…2021051210220935144128129 18 21 18 54             
0521270216…2021051200120914148135134 19 13 16 4622 3A3       
0521270301…2021051200120944140136131 26 11 17 5022 3A3       
0521270302–Ø2021051310230215146132132 20 21 20 59             
0521270303‹à202105140A1 16 0                                  
0521270304…2021051210320914146132122 18 19 27 6112 3A3       
0521270305…2021051210230215149139128 14 12 21 4611 3A3       
0521270306…2021051200130214138131136 29 21 14 58             
0521270307…2021051200110434140128132 26 23 16 61             
0521270308…2021051210220915144128120 19 22 29 7111 305       
0521270309…2021051200130214142138128 25 10 22 5521 3A3       
0521270310…2021051200110414160142121  7 10 29 54             
0521270311…2021051210220914138136127 25 15 22 5422 3A3       
0521270312…2021051211030215153134131 11 12 14 35             
0521270313…2021051200130214140132135 27 16 15 5222 305       
0521270314…2021051200130214139133132 28 16 18 57             
0521270315…2021051210220915141130134 22 21 15 52             
0521270316…2021051200130234147134126 19 17 22 59             
0521270401…2021051210230215140139127 23 12 22 5423 3A3       
0521270402…2021051210430245150125130 12 19  6 3223 3A3       
0521270403…2021051200120914141134124 26 14 26 6621 7A3       
0521270404…2021051200130234146138132 20  9 16 4223 3A3       
0521270405…2021051210230235142134128 20 16 19 52             
0521270406…2021051210230214140140121 23  9 28 5523 416       
0521270407…2021051210230235144140131 18 10 16 40             
0521270408…2021051200130244146131126 20 20 22 62             
0521270409…2021051200130214151146141 16  6  9 28             
0521270410…2021051210230215148132129 15 19 20 52             
0521270411…2021051210230215145133120 18 16 29 6423 4OP       
0521270412…2021051210220915146131130 17 19 19 5212 3A3       
0521270413…2021051210230214148140130 15 11 19 39             
0521270414…2021051210230235148134129 14 16 18 46             
0521270415…2021051210230215146138135 17 14 14 41             
0521270416…2021051210230215146137127 17 15 22 5322 2A1       
0521270417…2021051210220915140132127 23 19 22 6023 3A3       
0521270418…2021051210230245154140132  8 10 15 32             
0521270501…2021051210220945145137122 17 13 25 5533 616       
0521270502…2021051210320915140131128 24 21 21 62             
0521270503…2021051210230215150138127 13 12 22 4723 4OP       
0521270504‹à202105140A1 16 0                                  
0521270505‹à202105140A1 16 0                                  
0521270506…2021051200130244155136126 11 15 22 52             
0521270507‹à202105140A1 16 0                                  
0521270508‹à202105140A1 16 0                                  
0521270509…2021051210230215149138127 14 12 22 48             
0521270510…2021051210210415156135126  7 16 23 5011 3A3       
0521270511‹à202105140A1 16 0                                  
0521270512…2021051200130224147140132 20  8 18 4523 3A2       
0521270513…2021051200130214154144135 13  8 15 36             
0521270514…2021051200130214154136129 13 13 21 50             
0521270515…2021051210230215142132132 21 21 17 5423 4A3       
0521270516…2021051210230214148139127 15 12 22 4423 616       
0521270601…2021051201130214149150146 17  1  2 13             
0521270602…2021051200120914141129129 26 23 21 68             
0521270603…2021051201120914142128133 24 23 15 57             
0521270604…2021051200120914130124136 37 24 14 6533 3A2       
0521270605…2021051210710416146147147 21  6  4 24             
0521270606…2021051210720915148129127 19 24 24 6812 3A3       
0521270607…2021051200130214153127125 14 22 25 65             
0521270608…2021051201120914157133122  9 18 26 59             
0521270609…2021051210230244152136132 10 14 15 34             
0521270610…2021051210230235138138123 24  9 24 54             
0521270611…2021051200120914142126133 25 26 17 64             
0521270612…2021051211230214160134125  6 14 19 31             
0521270613…2021051200120914139128127 28 24 23 73             
0521270614…2021051210320945150138121 13 13 26 5511 3A3       
0521270615…2021051211020915154128121 10 19 24 55             
0521270616…2021051211030214146132125 18 16 20 4723 516       
0521270701‹à202105140B1 16 0                                  
0521270702‹à202105140A1 16 0                                  
0521270703‹à202105140A1 16 0                                  
0521270704…2021051200130244155134131 11 13 17 4321 3A3       
0521270705…2021051201110414145129126 21 18 22 6011 3A3       
0521270706…2021051210230244144134121 18 16 26 5611 405       
0521270707…2021051210210415140131127 23 19 22 60             
0521270708…2021051201110414142130127 24 21 21 64             
0521270801…2021051200130214146136130 21 16 20 56             
0521270802…2021051200130214148134128 19 18 22 60             
0521270803…2021051210220915151131117 12 18 32 67             
0521270804…2021051210210415147140128 16  9 21 45             
0521270805…2021051200130214158130124  9 18 26 5923 616       
0521270806…2021051210221045137128126 25 22 21 6323 305       
0521270807…2021051200130214149137125 18 15 25 60             
0521270808…2021051201130214142130129 24 21 19 61             
0521270809…2021051210220935152134120 10 14 27 55             
0521270810…2021051210330214148147130 16  5 19 35             
0521270811…2021051210210415144130129 19 18 20 5433 3A3       
0521270812…2021051210220914156132122  7 15 27 50             
0521270813…2021051210220915143127126 20 24 23 653  305       
0521270814…2021051210230215146154135 17  0 14 27             
0521270815…2021051210230215137134128 26 15 21 57             
0521270816…2021051210210435142134127 20 15 20 5221 3A3       
0521270901…2021051210230215149135124 14 18 25 5823 305       
0521270902…2021051201121014145136132 21 15 16 49             
0521270903…2021051210230245146130125 16 19 22 56             
0521270904…2021051201130214163138129  3 13 19 40             
0521270905…2021051200130214149140126 18  8 24 51             
0521270906…2021051210730214148134130 19 19 21 59             
0521270907…2021051210230245133128125 29 22 22 6721 3OP       
0521270908…2021051200120914143137131 24 15 19 56             
0521270909…2021051201130214148133125 18 18 23 60             
0521270910…2021051210230235140136145 22 14  2 26             
0521270911…2021051210230225146137128 17 15 21 52             
0521270912…2021051210220915143124139 20 27 10 5033 3OP       
0521270913…2021051210220915144134132 19 19 17 5133 305       
0521270914…2021051200110414145128134 22 24 16 59             
0521270915…2021051200130214133125132 34 23 18 68             
0521271001…2021051210230215143130126 20 18 23 5923 3OP       
0521271002…2021051211210416147130127 19 19 17 54             
0521271003…2021051201120944150131124 15 19 22 58             
0521271004…2021051201130214146128128 20 23 20 62             
0521271005…2021051210230234148139127 14 10 20 3923 3A3       
0521271006…2021051211220914142134124 24 17 20 4733 3A3       
0521271007…2021051200130214149136129 18 12 21 5221 3OP       
0521271008…2021051201120914160148125  6  3 23 38             
0521271009…2021051210210415141126132 22 24 17 5823 3A3       
0521271010…2021051201120914157139118  9  7 30 5411 3A3       
0521271011…2021051201130214146138125 20 13 23 56             
0521271101…2021051201130214155142115 11  9 33 61             
0521271102…2021051210230235142129128 20 20 19 55             
0521271103…2021051201110414148130121 18 21 27 69             
0521271104…2021051201121034166130118  0 20 28 58             
0521271105…2021051201121014142129122 24 22 26 72             
0521271106…2021051210220915138132124 25 20 25 67             
0521271107…2021051210230215152136127 11 14 22 48             
0521271108…2021051210230215148133128 15 19 21 54             
0521271109…2021051211210445154138124 11 10 18 3521 3A3       
0521271110…2021051211230235160148138  5  2  4  4             
0521271111…2021051201110434133122127 32 28 19 73             
0521271112…2021051201130214152136121 14 15 27 60             
0521271113…2021051201130214156138123 10 13 25 53             
0521271114…2021051211210414138122117 28 28 27 70             
0521271115…2021051211230216151131123 15 18 21 5611 3A3       
0521271116…2021051210230235154128122  8 22 25 58             
0521271117…2021051210230235149138130 13 12 17 40             
0521271201‹à202105140A1 16 0                                  
0521271202…2021051211230214160138136  6 12  8 14             
0521271203…2021051210730235145128127 21 23 22 662136A2       
0521271204…2021051201110414147128126 19 19 22 6011 3A3       
0521271205…2021051200130214153134129 14 14 21 51232405       
0521271206…2021051201110414146131131 20 20 17 55             
0521271207…2021051201130244150132133 15 18 13 44             
0521271208…2021051210220915144128127 19 23 22 62             
0521271209…2021051211030245148135127 15 10 16 37             
0521271210…2021051200120914141134123 26 18 27 71             
0521271211‹à202105140A1 16 0                                  
0521271212…2021051211230244141131123 24 19 19 47             
0721330101…2021051201110414149136128 17 11 20 4821 3A3       
0721330102…2021051201110414147128130 19 19 18 5533 305       
0721330103…2021051201130234149132124 16 18 22 57             
0721330104…2021051201110414176136121  0 11 27 4831 3A3       
0721330105–Ø2021051301120914171156123  0  0 26 37             
0721330106‰Î2021051111230235158144126  9  7 18 31             
0721330107…2021051211210416146136127 20 15 17 51             
0721330108…2021051211210416149132128 17 18 16 5131 3A3       
0721330109…2021051201120914138138123 28 13 25 64             
0721330110…2021051201110414154138130 12  8 18 4023 2A1       
0721330111…2021051211210456145132119 20 17 23 6222 510       
0721330112…2021051201110434140126125 25 20 21 6331 716       
0721330113–Ø2021051301130214160146135  8  8 17 37             
0721330114…2021051211210436151136119 14 14 23 5513 3A3       
0721330115…2021051201110414155136137 11 15 11 36             
0721330116…2021051201110414145131133 21 20 15 53             
0721330201…2021051201110414154132127 12 19 21 55             
0721330202‹à202105140B1 16 0                                  
0721330203…2021051201130234147135132 18 15 14 44             
0721330204…2021051201110414146132123 20 15 25 6111 505       
0721330205…2021051211210416140125127 26 25 17 65             
0721330206…2021051201110414156141119 10  6 29 523  516       
0721330207…2021051201110414147136123 19 15 25 60             
0721330208…2021051201110434152131130 13 15 16 4411 3A3       
0721330209…2021051211420916150136129 17 15 12 41             
0721330210…2021051201110414144130126 22 21 22 64             
0721330211‰Î2021051101130214156130124 11 22 25 64             
0721330212…2021051201110414148140133 18 11 15 42             
0721330213…2021051201120934145132123 20 18 23 61             
0721330214…2021051211410416146131120 21 20 21 61             
0721330215…2021051201121014144137126 22 14 22 57             
0721330216…2021051201120914161133127  5 14 21 4523 3A3       
0721330301…2021051201121014150132122 16 14 26 5923 3A2       
0721330302…2021051211230216154138133 12 12 11 3531 3A3       
0721330303…2021051211430215155146128 12  6 13 30             
0721330304…2021051201120914152138126 14  9 22 4722 3A3       
0721330305…2021051201120914149132122 17 19 26 65             
0721330306…2021051201110414146136132 20 15 16 48             
0721330307…2021051211221016142140124 24 11 20 5422 305       
0721330308…2021051211230216145142128 21  9 16 441  3A3       
0721330309…2021051211230235164137116  1 10 26 4023 305       
0721330310…2021051201130214156137128 10 14 20 47             
0721330311…2021051201120944154134127 11 16 19 48             
0721330312…2021051211210416141136125 25 12 19 54             
0721330313…2021051211230236157133127  8 16 15 42             
0721330314…2021051201130214150137137 16 14 11 38             
0721330401…2021051211221016143135128 23 14 16 5011 616       
0721330402…2021051211210416151130126 15 21 18 5523 3A3       
0721330403…2021051211210416143140129 23 11 15 46             
0721330404…2021051211230236152136115 13 14 27 6023 305       
0721330405…2021051201110414144134132 22 12 16 4721 3A3       
0721330406…2021051201110414149140132 17 11 16 43             
0721330407…2021051211220936152130134 13 20  8 3923 3A3       
0721330408…2021051201110414146129127 20 17 21 5831 305       
0721330501…2021051201120914141138130 25 13 18 52             
0721330502…2021051201110434144128124 21 17 22 6013 510       
0721330503…2021051211230216150128126 16 22 18 5721 3A3       
0721330504…2021051211230236152130134 13 19  8 382 23A3       
0721330505…2021051201120914147127128 19 24 20 62             
0721330506…2021051201121014145135128 21 16 20 56             
0721330507“ú2021050911430215144138132 23 13  9 39             
0721330508…2021051201110414148135123 18 16 25 61             
0721330509…2021051201120914149136118 17 15 30 66             
0721330510…2021051201130234159132127  6 13 19 4222 3A3       
0721330511…2021051201110414163132126  3 15 22 4733 516       
0721330512…2021051201110414144132131 22 15 17 5133 3A3       
0721330513…2021051201130214146134130 20 12 18 4821 3A3       
0721330514…2021051201130214155130129 11 21 19 53             
0721330515…2021051201120914151136125 15 15 23 55             
0721330516…2021051201120944144133126 21 12 20 522  305       
0721330517…2021051211230234148143125 17  6 17 27             
0721330518…2021051201121014148133125 18 14 23 5632 3A3       
0721330601…2021051211210416135124131 31 25 13 6213 3OP       
0721330602‹à202105140A1 16 0                                  
0721330603…2021051211230214150135117 16 16 27 51             
0721330604…2021051211210446142130117 23 18 25 6723 505       
0721330605…2021051201120914143128125 23 23 23 68             
0721330606–Ø2021051311730215154130116  9 18 24 54             
0721330607…2021051210221015144131128 19 21 21 5912 505       
0721330701…2021051211230216151132127 15 19 17 52             
0721330702…2021051211210436143130129 22 18 13 49             
0721330703…2021051201121014151142124 15  9 24 51             
0721330704‹à202105140A1 16 0                                  
0721330705…2021051201120934139127129 26 23 17 61             
0721330706…2021051201130214140133127 26 18 21 62             
0721330707…2021051201110434146138122 19  7 24 5111 3A3       
0721330708…2021051201110414160134126  6 13 22 4631 610       
0721330709…2021051201110414148128125 18 23 23 65             
0721330710…2021051201130214158136126  8 15 22 50             
0721330711…2021051201121034147126122 18 19 24 6333 305       
0721330712…2021051201110414137126126 29 21 22 6832 516       
0721330713…2021051201110414154132123 12 15 25 5621 405       
0721330714…2021051201130214146137127 20 14 21 54             
0721330715…2021051201110414150134131 16 17 17 49             
0721330716…2021051211230235148132132 17 15 10 32             
0721330801…2021051211230236158125124  7 25 18 55             
0721330802…2021051210230235143138126 19 13 21 51             
0721330803…2021051200130224144134128 23 18 22 62             
0721330804…2021051211210425152132116 14 18 28 5921 505       
0721330805…2021051211210446128132138 37 16  4 44             
0721330806…2021051211210436149140122 16  9 20 47             
0721330807…2021051211210436151134116 14 15 26 601136A2       
0721330808…2021051210230235144134128 18 16 19 51             
0721330809…2021051201110434151139125 14 11 21 48             
0721330810…2021051210730235162132131  4 20 18 47             
0721330811…2021051201130234161150128  4  0 18 27             
0721330901…2021051211230236152134115 13 15 27 6123 3A3       
0721330902…2021051201110414144136133 22 15 15 48             
0721330903…20210512114   35138123118 28 25 21 71             
0721330904…2021051201110414131126130 35 25 18 70             
0721330905…2021051211210436144126122 21 23 20 6421 6OP       
0721330906…2021051201121014157134122  9 12 26 5312 3A3       
0721330907…2021051201120934144134126 21 12 20 522 28         
0721330908…2021051201120934147133124 18 12 22 5322 716       
0721330909…2021051201130214148144121 18  7 27 55             
0721331001…2021051201120914152134124 14 13 24 5422 305       
0721331002…2021051211210416147130123 19 19 21 6023 3A3       
0721331003…2021051201130244146132129 19 14 17 4822 3A3       
0721331004…2021051211710415123125123 40 22 17 67             
0721331005…2021051201110414137132127 29 19 21 65             
0721331006…2021051201110414145132125 21 19 23 63             
0721331007…2021051201110444151132130 14 18 16 48             
0721331008…2021051210230215148134128 15 17 21 5323 410       
0721331009…2021051211730215158153121  5  0 19 26             
0721331010…2021051201110434147130117 18 20 29 70             
0721331011…2021051210230225148138128 15 14 21 4923 405       
0721331012…2021051211210416137127128 29 23 16 63             
0721331013…2021051211230216140130126 26 20 18 61             
0721331014…2021051201121014157134121  9 17 27 59             
0721331015…2021051201110434139124122 26 21 24 6911 3A3       
0721331016‰Î2021051111411016154129118 13 23 23 62             
0721331101…2021051210230215150138127 13 13 22 4823 3A3       
0721331102…2021051201130234140136127 25  9 19 5022 405       
0721331103…2021051201110444148137129 17  9 17 4213 716       
0721331104…2021051201121034159136121  6 14 25 52             
0721331105‹à202105140A1 16 0                                  
0721331106…2021051201120934139126133 26 19 13 5211 510       
0721331107…2021051211210416152126126 14 23 18 56             
0721331108…2021051211230216139141132 27 10 12 43             
0721331109…2021051211430256150138121 16 12 18 46             
0721331110…2021051211220916150134117 16 17 27 65             
0721331111…2021051201110414143136129 23 15 19 54             
0721331112…2021051211210414145134118 21 17 26 533  305       
0721331201…2021051201110414159137122  7 14 26 54             
0721331202…2021051201121044146128125 19 22 21 62             
0721331203…2021051201130214150135125 16 16 23 57             
0721331204…2021051201121014144136119 22 15 29 68             
0721331205…2021051211230226141132119 25 19 25 69             
0721331206…2021051201121014157136125  9 15 23 52             
0721331207…2021051201130214145136134 21 15 14 46             
0721331208…2021051201110434146130127 19 20 19 57             
0721331209…2021051201120934148134126 17 16 20 53             
0721331210…2021051201110434137134128 28 11 18 5212 3A3       
0721331211…2021051210720915145128128 22 25 23 71             
0721331212…2021051201110414149134126 17 17 22 57             
0721331213…2021051201110414147124131 19 27 17 61             
0721331214…2021051211210416139125139 27 22  5 45             
0721331215…2021051201130214154132129 12 19 19 52             
0721331216…2021051201120914153144126 13  7 22 45             
