0421530101…2021101310230235154136127  6 13 18 38             
0421530102…2021101311230236144129134 21 21  9 45             
0421530103…2021101310210415149136127 12 10 20 4131 516       
0421530104…2021101311230235151134132 14 14 11 30             
0421530105…2021101311030235150144124 14  2 20 35             
0421530106…2021101311210436142130121 23 20 22 64             
0421530107…2021101300130234144136123 19  8 22 5113           
0421530108…2021101310730235153138134 12 13 17 44             
0421530109…2021101311210436139126128 26 21 15 57             
0421530110…2021101301130234155142131 11  8 15 36             
0421530111…2021101301130234133122131 33 28 15 70             
0421530201…2021101300130234151132132 13 19 16 50             
0421530202…2021101310230215153132125  9 17 25 5312 2A1       
0421530203…2021101310221015149140120 12  5 27 46             
0421530204…2021101300110434144128133 20 19 15 5331 2A3       
0421530205…2021101301110414157141129 10 10 19 43             
0421530206…2021101311230235160142124  5  7 19 2913 516       
0421530207…2021101310221035151132126  9 18 19 4623 305       
0421530208…2021101300120914148134129 17 18 21 59             
0421530209…2021101301120914139136127 28 15 21 62             
0421530210…2021101300130214155136129 10 11 21 4823 305       
0421530211…2021101300110414141132128 24 16 22 6221 2A1       
0421530301…2021101310230215148132124 13 17 23 5323 716       
0421530302…2021101301130214157146136 10  5 12 29             
0421530303…2021101300121014147134125 18 18 25 65             
0421530304…2021101310730215152130134 13 21 16 51             
0421530305‹à202110150A1 16 0                                  
0421530306…2021101301130214141128143 26 23  5 46             
0421530307…2021101311030215142136118 23 12 28 61             
0421530308…2021101301130214157132127 10 19 21 55             
0421530309…2021101310220915158130117  3 20 30 60             
0421530310…2021101300110414144130139 20 20  8 44             
0421530311…2021101310330214148146136 17  3 16 29             
0421530312…2021101310230215157137122  5 15 28 5323 410       
0421530401…2021101311030235145135125 19 11 19 46             
0421530402…2021101311811034160133115  8  8 25 47             
0421530403…2021101310230235149130122 12 21 26 612332A2       
0421530404…2021101310830233136136143 22 10 11 39             
0421530405…2021101310230216144137134 18 14 16 46             
0421530406…2021101311220936143125131 22 23 12 52             
0421530407…2021101301110434135128134 31 18 12 5333 616       
0421530408…2021101311810434160133116  8  8 24 46             
0421530409…2021101310230236155134126  6 14 22 48             
0421530410…2021101301110414134123139 33 28  9 61             
0421530411…2021101300130234148131128 16 20 20 59             
0421530501…2021101310210435151128123  9 20 22 5223 6OP       
0421530502…2021101310730225144127138 21 23 12 5223 305       
0421530503…2021101301130234143127131 23 19 15 5511           
0421530504…2021101311210446158130123  7 16 20 4831 2A1       
0421530505…2021101310210446147129127 13 18 18 5033 7A3       
0421530506…2021101310220915152136123  9 10 24 45             
0421530507…2021101311210435152136115 13 14 28 5311 2A1       
0421530508…2021101310210445145127125 15 21 20 5423           
0421530509…2021101310230235152136118  8 11 27 502  510       
0421530510…2021101301130244164143128  2  7 18 34             
0421530601…2021101300130214145136123 19 14 24 60             
0421530602…2021101301130214154134132 13 13 16 4332 2A1       
0421530603…2021101301110414147137129 20 10 19 4932 2A3       
0421530604‰Î2021101211220916154130126 14 22 20 5933 416       
0421530605…2021101300130244154136129 10 11 19 4522 2A1       
0421530606…2021101311230234152143118 13  7 25 3723 2A3       
0421530607…2021101301130214164141134  3 10 14 32             
0421530608…2021101310221014146134123 16 17 27 5723 2A3       
0421530609…2021101310230215155130119  6 18 28 5723 305       
0421530610…2021101310230215155144133  7  8 17 32             
0421530611…2021101300120914130127128 35 25 22 78             
0421530612…2021101311230246148138122 17 12 21 51             
0421530613…2021101301110414148142124 19  9 24 55             
0421530614…2021101301120934163128123  3 22 23 57             
0421530615…2021101300130234148134125 15 15 20 53             
0421530701…2021101301130234159138130  7  8 16 3513 305       
0421530702…2021101310220935152130119  8 19 26 5623 4OP       
0421530703…2021101310421015140127117 24 19 24 6533 2A3       
0421530704…2021101310230215154132125  7 15 22 4731 2A3       
0421530705…2021101311230235161144124  4  6 19 2713 516       
0421530706…2021101310220945158144129  2  6 16 25             
0421530707…2021101311030235156135126  8 11 18 38             
0421530708…2021101300120914145130127 20 22 23 67             
0421530709…2021101301110414147138125 20 13 23 58             
0421530710…2021101311230236147142128 18  8 15 39             
0421530711…2021101301110444149132121 17 18 25 64             
0421530712…2021101301130214152132125 15 19 23 61             
0421530801…2021101301121014148138124 19 13 24 59             
0421530802…2021101310210425146134128 15 16 19 4811 405       
0421530803…2021101300121014153135125 12 13 25 5622 2A1       
0421530804…2021101310220944165136117  0 15 31 5123 516       
0421530805…2021101301120914144133139 23 14  9 4133 205       
0421530806…2021101311730245144136114 18 10 24 5211 2A3       
0421530807‰Î2021101211230214140134132 28 19 14 43             
0421530808…2021101311210415149137120 17 14 25 5231 2A1       
0421530809…2021101310210416149132120 13 17 30 6633 3OP       
0421530901…2021101311010415138127120 27 19 26 6811           
0421530902…2021101301130214160139132  7 12 16 39             
0421530903…2021101301130240                                  
0421530904…2021101301130214137136130 30 15 18 59             
0421530905…2021101310230215156133119  5 14 28 53             
0421530906…2021101300130214146138125 19 14 25 61             
0421530907…2021101301110414149128123 18 23 25 70             
0421530908…2021101310220915148142123 14  9 27 5122 310       
0421530909…2021101311230234123129129 42 17 14 49             
0421530910…2021101301130214140137128 27 14 20 59             
0421530911…2021101301121034159139123  7  7 23 4322 3A3       
0421530912…2021101301121014146129123 21 18 25 6611 205       
0421530913…2021101300130214141134124 23 11 23 5812 516       
0421530914…2021101301130214144137130 23 14 18 54             
0421530915…2021101301121014157136122 10 15 26 58             
0421530916…2021101311230215162136119  4 15 26 46             
0421530917…2021101300110414151128124 14 24 26 70             
0421530918…2021101310230215157128124  5 22 26 5823 516       
0421531001…2021101300130214153137125 12 15 25 58             
0421531002…2021101310730215152135141 13 17  9 37             
0421531003…2021101301121014158140124  9  7 24 4722 405       
0421531004…2021101310230245147136119 13 12 26 5223 8OP       
0421531005…2021101310230225151135125 10 15 22 481  2A1       
0421531006…2021101301110414148132134 19 19 14 51             
0421531007…2021101311430215158150131  9  2 10 20             
0421531008…2021101301110414136118131 31 33 17 76             
0421531009…2021101310220915151128123 10 21 24 5733 416       
0421531010…2021101301110444156137129 10 13 17 44             
0421531011…2021101310230225155134125  7 18 25 5311 510       
0421531012…2021101300130214149134126 15 12 21 512331         
0421531013…2021101301110414139130138 28 17 10 4813 516       
0421531101…2021101301120914148136129 19 15 19 54             
0421531102…2021101310220915149132122 13 17 28 603  2A1       
0421531103…2021101310230214161132114  1 21 36 64             
0421531104‹à202110150A1 16 0                                  
0421531105…2021101301130214145136131 22 15 17 53             
0421531106‹à202110150A1 16 0                                  
0421531107…2021101310230235156135119  5 14 29 54             
0421531108…2021101310220914162134124  0 15 26 4432 405       
0421531109…2021101311230236151130135 14 17  8 36             
0421531110…2021101301110414152130126 15 21 22 62             
0421531111…2021101301120914144128121 23 23 27 75             
0421531112…2021101310220916152136135  9 13 12 34             
0421531113…2021101301121014160131129  7 16 19 4723 305       
0421531114…2021101301130214139128129 28 23 19 67             
0421531115…2021101301130214150146140 17  5  8 27             
0421531201…2021101310330224143132125 22 19 27 6321 510       
0421531202…2021101300130214145136128 20 16 22 60             
0421531203…2021101310230214154122119  8 28 31 69             
0421531204…2021101310220915154138118  8 13 32 5923 2A1       
0421531205…2021101300130214150141132 15 11 18 46             
0421531206…2021101310230215154136123  7 15 24 49             
0421531207…2021101301130214168145129  0  6 19 34             
0421531208…2021101301121014151134122 16 17 26 64             
0421531209…2021101310230214159133119  3 18 31 5512 2A1       
0421531210…2021101310730214152122127 13 28 23 67             
0421531211…2021101310220935152126114  8 18 31 62             
0421531212…2021101310230216141132122 20 19 25 65             
0421531213…2021101300110414140134130 25 18 20 62             
0421531214…2021101300130214150133127 15 19 23 61             
0421531215‹à202110150A1 16 0                                  
0421531216…2021101301130234165145123  1  5 23 39             
0421531217…2021101310230215146134124 15 14 23 5212 2A1       
0421531218…2021101300110434135122125 28 27 20 73             
0521430101…2021101311630244143131117 21 10 21 5223 2A1       
0521430102…2021101310230215150134125 12 16 25 5533 405       
0521430103…2021101310220915150134126 11 14 21 4612           
0521430104…2021101300130214149140128 15 10 19 47             
0521430105…2021101300130214138134126 27 14 24 6523 2A3       
0521430106…2021101300120914145134125 20 14 25 6223 2A1       
0521430107…2021101310211015153134124  9 14 26 52             
0521430108‹à202110150A1 16 0                                  
0521430109…2021101310230245152134120  9 16 28 5712 2A3       
0521430110…2021101300110434136130141 28 17  7 4531 2A1       
0521430111…2021101310210415156134121  5 13 26 4821 2A3       
0521430112…2021101300130214144142140 21  5 10 3323 2A1       
0521430113…2021101310230215156137126  6 16 24 49             
0521430114…2021101310210413146146122 16  2 28 40             
0521430115…2021101310330214140135120 25 14 32 6722 2A1       
0521430116…2021101310230215162136120  0 17 30 5523 2A1       
0521430201…2021101300130214150135124 15 12 26 5912 2A1       
0521430202…2021101310230214157127122  5 22 28 56             
0521430203…2021101310220916152131123 10 21 27 64             
0521430204…2021101300130244153142133 11  9 15 38             
0521430205…2021101310230215150125136 12 23 14 46             
0521430206…2021101310230215152135129  9 15 18 4213 2A1       
0521430207…2021101310220945146132127 15 19 21 5312 2A3       
0521430208…2021101310230235149130125 11 15 20 46             
0521430209…2021101310230215140134132 21 14 15 4412 2A1       
0521430210…2021101300110414148137121 16  9 26 5622 3         
0521430211…2021101300110414136125136 29 22 14 6011 2A1       
0521430212…2021101310230215145130128 17 23 22 6011 2A3       
0521430213…2021101310230215158139130  4 13 20 3921 2A1       
0521430301…2021101310220915155134125  6 13 22 4423 2A1       
0521430302…2021101310230245154139122  6  8 23 4032 2A1       
0521430303…2021101310221015156134124  5 16 23 4713 2A1       
0521430304…2021101300110414144138126 20  7 21 5023 2A3       
0521430305…2021101301130214151138124 16 13 24 57             
0521430306…2021101310220945156132117  4 16 28 5423 2A3       
0521430307…2021101300130214145134124 19 11 23 5623 2A3       
0521430308…2021101310220915151133119 10 12 28 5313 2A1       
0521430309…2021101311230216142142123 24  8 22 5211 2A1       
0521430310…2021101310210436151131123  9 13 22 4821 405       
0521430311…2021101301110444147130127 19 16 19 5522 2A1       
0521430312…2021101310230235147130122 13 15 23 5123 305       
0521430313…2021101300130214159130125  5 20 22 55             
0521430314…2021101310230215152134133  9 15 14 3633 2A3       
0521430315…2021101310430215140127115 23 17 23 6012 4A3       
0521430316…2021101310420915148124119 15 20 19 5423 5A3       
0521430317…2021101300110414146129135 18 16 12 4532 2A3       
0521430318…2021101310230235150132124 10 14 21 4523 2A1       
0521430401…2021101300120914148124132 16 26 15 58             
0521430402…2021101301120914156136131 11 15 17 46             
0521430403…2021101300130214145138128 19 12 19 51             
0521430404…2021101310220915152134118 10 13 32 60             
0521430405…2021101300130214146133130 19 19 20 59             
0521430406…2021101310730255146127126 18 23 22 6423 410       
0521430407…2021101300110414139128131 26 24 19 67             
0521430408…2021101310230215154132118  8 18 32 6423           
0521430409…2021101300110454143131127 20 13 18 5123 305       
0521430410…2021101310230215148124126 14 25 24 6423 6OP       
0521430411…2021101310230215160140120  2 10 30 5023 416       
0521430412…2021101310230245144130122 17 21 26 6411 205       
0521430413…2021101300130234155135129  9 16 19 49             
0521430414…2021101300130214142128135 23 24 15 60             
0521430415‹à202110150B1    0                                  
0521430501…2021101300120914149134129 15 12 18 4732 305       
0521430502…2021101311030215146126121 19 20 25 6321 2A1       
0521430503…2021101301110414142136129 25 11 19 5331 2A1       
0521430504…2021101310210415150136125 11 14 22 4723 6A3       
0521430505…2021101310410415146124129 17 20  9 4131 2A1       
0521430506…2021101300130214147133127 17 12 20 5123 305       
0521430507…2021101310230235152133118  8 12 27 5123 305       
0521430508…2021101310220945153138118  7  8 27 4713 2A1       
0521430509…2021101310410415146124121 17 21 17 5311 2A1       
0521430510…2021101300110414140132137 24 13 10 433228         
0521430511…2021101301110444150132126 16 14 20 5213 416       
0521430512…2021101300130214144138140 21 14 10 42             
0521430513…2021101310230235160134120  0 15 25 4623 2A3       
0521430514…2021101300121034137134126 26 10 19 5321 2A3       
0521430515…2021101310230255146130123 14 20 22 5513 2A1       
0521430516…2021101310730236132142141 32  7  7 35             
0521430517…2021101300130234144130125 19 14 20 5522 2A3       
0521430518…2021101310730214150134133 15 16 17 4833 310       
0521430601…2021101311030215157136130  8 11 16 35             
0521430602…2021101310210415148124122 13 24 25 6333 405       
0521430603…2021101310220915152135125  9 14 22 4633           
0521430604…2021101310220915154137121  7 13 26 5023 3         
0521430605…2021101310230215156130118  6 21 32 6623 2A3       
0521430606…2021101310230234152133123  9 16 25 492329         
0521430607…2021101310220915155134121  7 19 29 6033 3OP       
0521430608…2021101310230215144136130 18 16 20 51             
0521430609…2021101300130214145136128 20 12 22 5622 2A1       
0521430610…2021101300120934148133125 16 13 23 5612 2A1       
0521430611…2021101311030215141124131 24 24 15 56             
0521430612…2021101310730255150132124 14 17 24 59             
0521430613…2021101310730215150134126 15 17 24 5913 410       
0521430614…2021101310210415147125127 15 26 23 633  205       
0521430615…2021101310230225153133119  9 19 31 642  2A3       
0521430616…2021101300110414148132128 17 20 22 62             
0521430701‰Î20211012110   10                                  
0521430702…2021101300120914139129127 25 16 20 6023 816       
0521430703…2021101300130244158134123  6 17 25 57             
0521430704…2021101310230245148129120 12 19 25 572332A2       
0521430705…2021101300130214145128131 19 19 16 5411 2A3       
0521430706…2021101310230245149136125 12 15 23 50             
0521430707…2021101300120934144132123 19 13 22 5621 416       
0521430708…2021101300130214148140126 17  8 24 5322 2A1       
0521430709…2021101300120944146136125 18 15 23 59             
0521430710…2021101300130234147132132 16 17 13 46             
0521430711…2021101311030215152136124 13 12 22 47             
0521430712…2021101310230215152139118 10  8 32 5523           
0521430713…2021101310230226150133128 11 17 19 49             
0521430714…2021101300110414141135122 24 17 28 72             
0521430801…2021101310220915150130126 11 17 21 49             
0521430802…2021101310230215150135122 12 18 28 6023 516       
0521430803…2021101310220915148126122 14 22 28 6633 5OP       
0521430804…2021101310210415147136125 15 16 25 5631 2A1       
0521430805…2021101310221016151135119 10 11 28 5523 416       
0521430806…2021101301130214163144135  4  7 13 28             
0521430807…2021101310230245147132119 13 13 26 53             
0521430808…2021101310230215161128119  0 22 28 5722 2A3       
0521430901…2021101310230225158138121  4 14 29 5323 5OP       
0521430902…2021101300130214144133130 21 16 20 5723 305       
0521430903…2021101300120914147130128 17 20 19 58             
0521430904…2021101310221024152122118 10 26 32 6933           
0521430905…2021101301110414142126123 25 21 25 7222 305       
0521430906…2021101310210415144130122 18 21 28 6733 305       
0521430907…2021101310230215147134124 14 13 23 5021 305       
0521430908…2021101300130214148135130 16 15 17 49             
0521430909…2021101311210415152139117 14 12 28 5231 410       
0521431001…2021101310230216150134118 11 11 29 5723           
0521431002…2021101311220945142122119 23 25 24 6511 416       
0521431003…2021101310220915159134117  2 12 30 512333A2       
0521431004…2021101301110414170143119  0  8 29 50             
0521431005…2021101300130214142127124 23 20 26 712238A2       
0521431006…2021101310230215146131124 15 17 23 5523 305       
0521431007…2021101300130214145132130 19 18 17 54             
0521431008…2021101310230215156130124  5 19 23 5023 4A3       
0521431009…2021101310730215146134127 20 18 26 66             
0521431010‹à202110150A1 16 0                                  
0521431011…2021101310230235142128126 19 18 22 5623           
0521431012…2021101300120914139137127 25  9 20 5311 4A3       
0521431013…2021101301130244147124128 19 22 18 5911 305       
0521431014…2021101310230215147136122 15 16 28 60             
0521431015…2021101310230235147130129 14 18 19 49             
0521431016…2021101301120914163130122  4 21 26 61             
0521431017…2021101311730215147126118 16 21 22 58             
0521431018…2021101301121054154126123 12 20 23 5921 416       
0521431101…2021101310230215157136121  5 15 29 5523 205       
0521431102…2021101311230215151140126 15 11 19 39             
0521431103…2021101301110414156132120 11 19 28 66             
0521431104…2021101311210446157132117  8 18 26 59             
0521431105…2021101301121024155136118 12 15 30 65             
0521431106…2021101311210416144133125 22 16 20 57             
0521431107…2021101300130214142128123 22 17 24 6523 310       
0521431108…2021101310230215158134126  3 15 21 42             
0521431109…2021101310230215156135123  5 15 24 4822 2A1       
0521431110…2021101301130214145139124 22 12 24 60             
0521431111…2021101301110414146138120 21 13 28 66             
0521431112…2021101310230236156136127  5 15 21 4633 516       
0521431113…2021101300120914146129122 18 16 25 6323           
0521431114…2021101310220915149132121 12 17 26 57             
0521431115…2021101310230215151129118 10 17 29 6023 3OP       
0521431116…2021101301110414149123129 18 28 19 66             
0521431117…2021101311230214143136124 23 15 21 45             
0521431118…2021101301110414143129122 24 18 26 7021 4OP       
0521431201…2021101310230215146134125 16 19 25 5921 5OP       
0521431202…2021101300120944154134127  9 15 18 47             
0521431203…2021101310230215150128121 11 20 26 59             
0521431204…2021101310211015143133124 19 19 26 63             
0521431205…2021101310230215149133119 13 14 31 6123 416       
0521431206…2021101300130214139127132 26 25 18 67             
0521431207…2021101310220945148130127 13 20 21 5333 510       
0521431208…2021101301130214153127129 14 24 19 60             
0521431209…2021101301130214154148137 13  3 11 27             
0521431210…2021101310210415146132126 16 19 24 5811           
0521431211…2021101310330214140121118 24 26 31 77             
0521431212…2021101311210426148130125 18 21 20 6011 2A1       
0521431213…2021101310230215152131118  9 18 29 601  205       
0521431214…2021101311210455159132119  6 18 24 4831 305       
0521431215…2021101310220936145132128 16 18 20 5523 310       
0521431216…2021101310230236159135119  2 16 29 5733 2A1       
0921430101…2021101301130234165141133  1  9 13 29             
0921430102‹à202110150A1 16 0                                  
0921430103…2021101301110414151136126 16 11 22 5123 2A1       
0921430104…2021101301110414143134133 24 17 15 53             
0921430105‹à202110150A1 16 0                                  
0921430106…2021101311210415146136118 20 15 27 5711 2A1       
0921430107…2021101301130214158136131  9 11 17 4013 2A3       
0921430108…2021101301120914150138124 17 13 24 58             
0921430109…2021101311230214142131130 24 18 15 40             
0921430110…2021101301130214158147148  9  4  0 10             
0921430201…2021101301121014163143131  4  8 17 35             
0921430202“y2021100911730215152144123 11  4 17 32             
0921430203…2021101301130244159137128  7 13 18 43             
0921430204…2021101301120914145130136 22 21 12 52             
0921430205…2021101300110414148136131 17 16 19 54             
0921430206‹à202110150A1 16 0                                  
0921430207…2021101311730234156139124  6  7 14 24             
0921430208‹à202110150A1 16 0                                  
0921430209…2021101301120944139121126 27 29 20 74             
0921430210…2021101301110414148133123 19 14 25 6122 416       
0921430211‹à202110150A1 16 0                                  
0921430212…2021101301130234145134128 21 12 18 5123 205       
0921430301…2021101311230216148128118 18 23 27 7122 510       
0921430302…2021101301120934147137125 19  9 21 5011 2A1       
0921430303‹à202110150B1 16 0                                  
0921430304…2021101301121014153132123 14 19 25 63             
0921430305…2021101301110414150134127 17 13 21 5311 2A1       
0921430306…2021101311210415147130125 19 19 20 5111 2A1       
0921430307…2021101301110414145130127 22 17 21 6031 2A1       
0921430308…2021101301110414157136129 10 11 19 4431 316       
0921430309…2021101311210435151139115 14 11 28 5111 410       
0921430401…2021101301110434146131130 20 15 16 5033 5OP       
0921430402…2021101311210436135129142 30 21  1 3911 2A1       
0921430403…2021101301120914149134126 18 13 22 5511 2A1       
0921430404…2021101311630235133133126 31  6 12 41             
0921430405…2021101311210436149130127 16 19 16 5011 2A3       
0921430406…2021101311720935150134114 12 12 24 4913 516       
0921430407‰Î2021101201130214154132124 13 20 25 63             
0921430408…2021101301110434161136131  5 10 15 3411 305       
0921430501…2021101311230236153130123 12 19 20 5323 405       
0921430502…2021101311630245144129114 20 10 24 5611           
0921430503…2021101311230214135132132 31 19 13 4213 2A1       
0921430504…2021101301120934167137127  0  9 19 361  8OP       
0921430505…2021101311630235140125119 24 15 19 5633 2A1       
0921430506…2021101301121014150128124 17 19 24 6323 2A1       
0921430507…2021101301110414148130125 19 17 23 6123 716       
0921430508…2021101311630236137122120 27 19 18 6011 2A1       
0921430509…2021101301130214157140128 10 11 20 46             
0921430510…2021101311230236153124134 12 26  9 4523 610       
0921430511‰Î2021101211220946160135118  7 17 26 582  2A1       
0921430512…2021101311210436150135122 15 15 21 5321 2A1       
0921430513…2021101311620944138129120 26 10 18 511  2A1       
0921430514…2021101311210415145130127 21 18 18 4831 2A1       
0921430515…2021101301130214147144137 20  7 11 35             
0921430601…2021101311230236154130123 11 20 20 5423 2A1       
0921430602…2021101301130214151147147 16  4  1 16             
0921430603–Ø2021101401130214164142132  3 10 17 36             
0921430604…2021101301120914144130128 23 21 20 64             
0921430605…2021101301130214164142133  3  9 15 33             
0921430606…2021101301130234162138125  4 12 21 45             
0921430607…2021101301120914145128133 22 19 15 5311 2A1       
0921430608…2021101301120914150134125 17 13 23 5621 2A3       
0921430609…2021101311210414142132119 24 19 26 57             
0921430610…2021101311230216156130130 10 17 15 44             
0921430611…2021101301130214155130125 12 21 23 61             
0921430701…2021101311230226155134120 11 17 25 5823 4OP       
0921430702…2021101301120914151132127 16 19 21 59             
0921430703…2021101301121014150136129 17 11 19 4812 2A3       
0921430704…2021101301110414143136129 24 11 19 5331 2A3       
0921430705…2021101311210416132132136 34 18  9 5031 2A1       
0921430706…2021101301110414140136131 27 15 17 56             
0921430707‰Î2021101201130214148130125 19 22 24 67             
0921430708…2021101301110414141128130 26 23 18 65             
0921430709…2021101301110414145130128 22 21 20 63             
0921430710…2021101301110414140132131 27 19 17 60             
0921430711…2021101311230216140134131 26 17 14 51             
0921430712…2021101311230214152135130 14 16 15 31             
0921430801…2021101301121014144126120 23 25 28 79             
0921430802‹à202110150A1 16 0                                  
0921430803…2021101301130214141130129 26 21 19 64             
0921430804‹à202110150B1 16 0                                  
0921430805…2021101311230235152130127 13 20 16 4223 2A1       
0921430806…2021101301130214157137131 10 14 17 45             
0921430807…2021101301130234155141128 11  9 18 42             
0921430808…2021101301130214151129128 16 22 20 60             
0921430809–Ø20211014161   47163122128 11 20 18 51             
0921430810…2021101301110414139134126 28 17 22 65             
0921430811…2021101301110434146129129 20 17 17 5311 305       
0921430901…2021101301110414147130123 20 21 25 69             
0921430902…2021101310230215142129137 19 20 10 4211 305       
0921430903‹à202110150A1 16 0                                  
0921430904‹à202110150A1 16 0                                  
0921430905‹à202110150A1 16 0                                  
0921430906‹à202110150A1 16 0                                  
0921430907…2021101301120914151134130 16 17 18 53             
0921431001…2021101301110414141135128 26 16 20 60             
0921431002…2021101301110414147130120 20 21 28 73             
0921431003‹à202110150A1 16 0                                  
0921431004…2021101310230215147129125 14 18 22 53             
0921431005…2021101301110414137136131 30 15 17 58             
0921431006‹à202110150B1 16 0                                  
0921431007…2021101301130214149130129 18 17 19 5411 305       
0921431008…2021101311210416145130124 21 21 21 62             
0921431009…2021101311210416150125123 16 26 22 66             
0921431010…2021101311230215159141116  7 10 29 48             
0921431011…2021101301110444148137122 18 13 24 58             
0921431101…2021101301120934143128128 23 22 18 62             
0921431102…2021101301130234140134126 26 12 20 5613 416       
0921431103…2021101301120914146135127 21 16 21 59             
0921431104…2021101311710416137130118 26 18 22 65             
0921431105…2021101311230214151146139 15  3  6  7             
0921431106…2021101301120914143138124 24 13 24 62             
0921431107…2021101311210436155134118 10 16 25 57             
0921431108…2021101301120914149132126 18 19 22 61             
0921431109…2021101301110434155135130 11 15 16 45             
0921431110‰Î20211012011302 4158138122  9 14 27 57             
0921431111…2021101301120934149136122 17 14 24 59             
0921431112…2021101311230235152143121 13  7 22 3813 2A1       
0921431113…2021101301130214142136134 25 11 14 4613 305       
0921431114…2021101311210416148131121 18 20 24 6331 305       
0921431115…2021101311730245150126118 12 20 20 5212 2A3       
0921431116…2021101311210416154142121 12  9 24 4933 2A1       
0921431201…2021101301110414151128120 16 23 28 73             
0921431202…2021101311230214144127121 22 20 24 54             
0921431203…2021101301130214163142127  4  5 21 3723 5OP       
0921431204…2021101311230236157134121  8 16 22 51             
0921431205…2021101301121014149126122 18 25 26 73             
0921431206…2021101301110414151130127 16 21 21 61             
0921431207…2021101300130244140124129 24 24 19 6611 2A3       
0921431208…2021101301130244151133127 15 17 19 53             
0921431209…2021101301120934155139126 11 11 20 46             
0921431210…2021101301121014144125125 23 22 23 6821 205       
0921431211…2021101311410416142119123 25 32 18 71             
0921431212…2021101311210415143139121 23 11 24 5131           
0921431213…2021101301120914148128127 19 23 21 65             
0921431214…2021101301130214145132127 22 19 21 62             
0921431215…2021101301130214148133125 19 14 23 5832 205       
