0521130101…2021020310230215141134130 28 22 25 7123 3A3       
0521130102…2021020310320914151136128 15 15 23 4922 3A1       
0521130103…2021020300120914150140127 15 12 23 53             
0521130104…2021020310230215143145143 26 12 12 42             
0521130105…2021020310230235151144132 18 16 24 5823 3A3       
0521130106…2021020310221035144138128 24 17 25 6323 3A3       
0521130107…2021020300130214150132130 15 16 20 5322 3A3       
0521130108…2021020310230234143140123 26 16 33 7123 405       
0521130109…2021020310210445143137134 26 21 22 6511 3A3       
0521130110…2021020311030215148133119 17 14 27 59             
0521130111…2021020310230214154139139 16 20 19 5022 305       
0521130112…2021020311010435148142156 16  3  0 1023 4A3       
0521130113…2021020300120914145132129 20 20 21 61             
0521130114…2021020300130214151128131 13 18 16 4833 3A3       
0521130115…2021020300110414146130129 19 17 21 5823 3A3       
0521130116…2021020310221015138134128 32 25 30 8323 510       
0521130201…2021020310230215152140131 18 17 27 6321 305       
0521130202…2021020300130214146138127 19 10 23 5322 3A3       
0521130203…2021020310330214149157134 17  0 17 27             
0521130204…2021020300120914136132120 28 18 27 72             
0521130205…2021020310310415142131130 24 21 21 6121 405       
0521130206…2021020310230255141138136 27 18 17 5623 3A3       
0521130207…2021020310210435141140128 28 18 28 7111 3A3       
0521130208…2021020300130214171142135  0  5 15 2623 3A3       
0521130209…2021020310220915148141141 22 19 17 53             
0521130210…2021020310220915144134138 26 23 20 6423 3A3       
0521130211…2021020311030215146130118 19 17 28 64             
0521130212…2021020300110414142138159 23 10  0 2331 3A1       
0521130213…2021020300130244145138128 18 11 17 45             
0521130214…2021020300130254143133128 21 18 20 58             
0521130215…2021020311010415144132120 21 17 26 6233 305       
0521130216…2021020300110414151130124 14 17 26 6222 716       
0521130301…2021020310210415140142135 29 13 20 56             
0521130302…2021020311020915146132130 19 14 16 45             
0521130303…2021020310230245142133137 27 25 19 6511 505       
0521130304…2021020310210415150135130 19 22 25 6621 3A1       
0521130305…2021020310230235148133132 21 25 24 69             
0521130306…2021020300130244142129127 22 18 21 6022 3A3       
0521130307…2021020310210415143137136 27 22 22 6631 3A3       
0521130308…2021020300120914156136132  9 12 18 4223 305       
0521130309…2021020300130234148136125 15  9 20 4623 405       
0521130310…2021020310220935148138134 20 18 19 53             
0521130311…2021020300110444135130128 28 19 17 59             
0521130312…2021020310221015145132132 25 27 26 7523 405       
0521130313…2021020300110414146132128 19 20 22 62             
0521130314…2021020310230214143132131 27 25 27 7233 510       
0521130315…2021020311030215146126142 19 20  4 34             
0521130316…2021020310230215144138132 26 21 26 71             
0521130401…2021020300120914146134132 18 12 15 4322 3A3       
0521130402…2021020300120914152134132 12 16 15 44             
0521130403…2021020300130214149132132 15 14 15 4423 3A3       
0521130404…2021020310330234142145130 23  7 19 4023 3A3       
0521130405…2021020300110414138132133 26 13 14 4823 3A3       
0521130406…2021020310320914151132128 15 21 23 55             
0521130407…2021020310210435141138132 27 17 21 6031 3A3       
0521130408…2021020310230235145138134 23 18 19 55             
0521130409…2021020300120914144128128 20 17 19 5523 3A1       
0521130410…2021020300130214143132131 21 18 16 53             
0521130411…2021020310320915155140124 11 14 27 5522 3A1       
0521130412…2021020300130214153134124 11 12 23 5022 3A3       
0521130413…2021020311020915148133119 17 15 27 59             
0521130414…2021020300110414145134136 19 12 11 39             
0521130415…2021020310220935148148134 20  8 19 4311 3A1       
0521130416…2021020300130244144137128 19  8 17 4323 405       
0521130501…2021020310220915140130132 29 27 23 7333 3A3       
0521130502…2021020300120914144132136 21 15 14 4723 3A3       
0521130503…2021020310230215139142138 31 17 20 61             
0521130504…2021020300120914138121133 27 31 17 71             
0521130505…2021020310230215146139132 24 22 26 70             
0521130506…2021020310230235144140128 25 18 28 6922 3A3       
0521130507–Ø2021020410730214145147133 20  3 17 39             
0521130508…2021020310230215144136130 26 23 28 7523 3A3       
0521130509…2021020310210415146136138 24 23 20 6232 510       
0521130510…2021020300130214143124126 22 23 24 7012 305       
0521130511…2021020310230234147136131 22 23 25 65             
0521130512…2021020310230215158142138 12 17 20 49             
0521130513…2021020310210415146144127 24 15 31 70             
0521130514…2021020310230215142134131 28 23 27 7523 305       
0521130515…2021020310210415146131133 23 25 22 6723 3A3       
0521130516…2021020310220915142136138 27 21 17 5932 3A3       
0521130601…2021020300120934143134125 20 11 20 51             
0521130602…2021020300110414140132136 24 18 11 47             
0521130603…2021020310220915150140136 19 17 19 52             
0521130604…2021020310210415146134144 23 21 11 47             
0521130605–Ø2021020400120914146138130 20  9 19 482330         
0521130606…2021020300130244154134125  9 10 20 4323 5OP       
0521130607…2021020311230246153131122 13 21 22 59             
0521130608…2021020311620945154134111 10  6 27 5013 3A1       
0521130609…2021020300130214148129129 16 21 18 55             
0521130610…2021020300130214144134125 20 12 22 55             
0521130611…2021020310230215143132128 26 23 27 7423 3A1       
0521130612…2021020310230235143128128 25 25 25 7223 3A1       
0521130613…2021020301110444147130127 18 15 19 5123 3A1       
0521130701…2021020310230215146137135 23 21 20 60             
0521130702…2021020311030215134130126 31 17 20 6023 405       
0521130703…2021020310230215148147129 21  8 26 54             
0521130704…2021020310230234143138123 26 17 33 7223 3A3       
0521130705…2021020310230215146128124 23 25 31 8023 3A1       
0521130706…2021020310210415144138131 26 21 27 7132 3A3       
0521130707…2021020310220915148129137 22 30 21 6922 705       
0521130708…2021020310230214146144135 24 15 23 5423 616       
0521130709…2021020311030235139133124 25 15 20 5423 716       
0521130710…2021020300130234145141131 19 10 17 45             
0521130711…2021020310221035151142128 17 14 25 5723 405       
0521130712…2021020310330215140140124 27 15 30 7013 405       
0521130713…2021020310230215142140132 27 17 23 62             
0521130714…2021020310230215153139132 17 17 26 61             
0521130715…2021020310230215146136129 24 20 29 7223 405       
0521130716…2021020300130214149136128 15 14 19 49             
0521130801…2021020310220915142140135 27 17 20 59             
0521130802…2021020310220945146130136 22 23 17 57             
0521130803…2021020300121014144136131 21 16 19 55             
0521130804…2021020300130214140132129 25 16 21 61             
0521130805…2021020310630255160140130  6 11 25 49             
0521130806…2021020300121014146130126 19 22 24 67             
0521130807…2021020300110414138122131 26 28 16 66             
0521130808…2021020310210435146142132 22 14 21 54232116       
0521130809…2021020300120914150132129 14 14 18 48             
0521130810…2021020311030235136128124 28 17 20 59             
0521130811…2021020310230245143131134 26 25 22 6913 510       
0521130812…2021020310220935146143126 22 13 27 61             
0521130813…2021020300130214156138124  9 10 26 5121 3A3       
0521130814…2021020310230214149146134 20 11 21 4512 3A1       
0521130815…2021020300130214135120130 29 30 17 71             
0521130816“ú2021013110230214150146147 16  5  5 15             
0521130901…2021020310230235138131126 31 24 30 8223 510       
0521130902…2021020310220915151142126 19 14 32 68             
0521130903…2021020300120914141126125 24 26 25 75             
0521130904…2021020310230215146142127 24 17 31 72             
0521130905…2021020310220955153146138 15 10 15 373  405       
0521130906…2021020310210435140131141 28 25 12 55             
0521130907…2021020310220915144135139 26 23 19 623  305       
0521130908…2021020300121014148134128 17 14 22 5522 3A3       
0521130909…2021020301110414150132121 16 14 27 6013 3A3       
0521130910…2021020310230215144144136 25 13 19 5223 510       
0521130911…2021020310210415142136136 28 20 22 6521 3A3       
0521130912…2021020310230214153138130 17 21 28 6323 3A3       
0521130913…2021020310220915144133129 26 22 29 76             
0521130914…2021020300130214142134127 23 18 23 64             
0521130915…2021020310230215146148136 24 11 22 53             
0521130916…2021020300130214150129122 15 18 28 6612 305       
0521131001…2021020310230214145134130 24 22 25 6413 3A3       
0521131002…2021020300120914140124124 24 26 23 72             
0521131003…2021020300130214145133124 19 17 23 60             
0521131004…2021020300130210                                  
0521131005…2021020300130214142133127 22 12 20 53             
0521131006…2021020300130244156132127  8 14 21 4823 3A3       
0521131007…2021020310310416144132122 23 23 32 81             
0521131008…2021020311030215144130122 21 17 24 6023 410       
0521131009…2021020310230245143136138 26 22 18 60             
0521131010…2021020300130214143135124 22 13 26 6223 5OP       
0521131011…2021020300130234145129127 18 20 18 56             
0521131012…2021020311030215137132120 28 16 26 66             
0521131013…2021020310230215140142126 30 18 32 7823 3A3       
0521131014…2021020310230215141134133 28 24 22 69             
0521131015…2021020310230215137127125 32 26 30 8523 516       
0521131016…2021020310220915146142136 23 15 19 53             
0521131101…2021020310230215144130129 25 26 26 74             
0521131102…2021020311720915146126112 17 21 28 68             
0521131103…2021020311030215148127124 17 21 22 5822 3A3       
0521131104…2021020310230215138129125 32 27 33 9023 410       
0521131105…2021020310230215142135128 27 22 27 74             
0521131106…2021020310230214146142135 23 14 20 4923 405       
0521131107…2021020301110414144128130 22 19 18 5631 4OP       
0521131108…2021020310220915146136133 23 21 22 62             
0521131109…2021020310230214131140133 38 17 22 6423 3A1       
0521131110…2021020310230215146140141 24 19 17 54             
0521131111…2021020301110444149135121 16 10 25 5431 3A3       
0521131112…2021020301110414143128129 23 23 19 62             
0521131113…2021020310230215143142129 26 12 26 61             
0521131114…2021020301130214147130128 20 18 23 6111 3         
0521131115…2021020301110414145134130 21 13 18 5022 505       
0521131116…2021020310220955147132132 21 23 21 62             
0521131201…2021020300130214149134131 16 18 19 54             
0521131202…2021020300130214139132127 25 18 20 61             
0521131203…2021020300130214152131129 13 17 21 5412 3A3       
0521131204…2021020300130214161138131  3 12 16 36             
0521131205…2021020310230245142130129 27 26 27 77             
0521131206…2021020310230215148140130 22 20 28 70             
0521131207…2021020301121014150129125 17 24 26 69             
0521131208…2021020300120934148129123 16 18 25 6211 3A1       
0521131209…2021020310230235149135131 19 19 22 58             
0521131210…2021020301110414149138132 17 13 16 44             
0521131211…2021020301121014157140131 10 13 20 46             
0521131212…2021020300130224146130127 18 20 20 58             
0521131213…2021020300130214144132127 21 16 23 6023 405       
0521131214…2021020300110414142130126 23 22 24 69             
07211b0101…2021020300120954144130124 19 19 21 59             
07211b0102…2021020311230215158141123 10 14 26 4913 510       
07211b0103…2021020301110414154140127 12  7 21 4232 3A3       
07211b0104…2021020301110414157138127 10 10 24 4931 3A3       
07211b0105…2021020301130214139140138 28 13 13 47             
07211b0106…2021020301120914155142129 11  5 19 3723 3A3       
07211b0107‰Î20210202011302 4145134131 22 18 18 57             
07211b0108…2021020301121014154138129 13 10 22 4823 510       
07211b0109…2021020301110414153148130 13  3 18 35             
07211b0110…2021020300120914149138128 16 10 22 5023 305       
07211b0111‹à202102050A1 16 0                                  
07211b0112…2021020301130214152142126 14  4 22 422126A3       
07211b0113…2021020311210416148134122 20 20 27 70             
07211b0114…2021020311010415149137125 16 10 21 4632 3A3       
07211b0115…2021020301130214152138135 15 15 16 45             
07211b0201…2021020301110414148134122 18 17 26 63             
07211b0202…2021020311710436118128125 44 18 13 63             
07211b0203…2021020301110414155146124 11  0 24 3921 3A3       
07211b0204‰Î20210202011302 4145140124 22 12 25 60             
07211b0205…2021020301120934149130123 16 20 23 61             
07211b0206…2021020301110414150133128 16 18 20 54             
07211b0207…2021020301130214155142131 11  9 17 38             
07211b0208…2021020311710445142128115 20 19 23 6011 3A1       
07211b0209…2021020301110414156134127 11 15 24 543326         
07211b0210…2021020301110414144130128 23 19 23 6433 3A1       
07211b0211…2021020301130234147134133 18 16 13 44             
07211b0212‹à202102050A1 16 0                                  
07211b0213…2021020311230245166146137  0  6  7  9             
07211b0214…2021020311730216151130120 12 17 20 5333 3A1       
07211b0215…2021020311230236142130128 25 22 19 6423 6A3       
07211b0216…2021020301110414148134129 18 13 19 4933 3A1       
07211b0301…2021020301110454144133132 21 17 14 48             
07211b0302…2021020301110414150134126 17 15 25 5932 510       
07211b0303…2021020311210416153134124 14 19 22 5811 510       
07211b0304…2021020301110414160127126  6 20 22 5331 305       
07211b0305…2021020311210436146122137 20 30  7 52             
07211b0306…2021020301110434143136126 23 12 23 5711 3A3       
07211b0307…2021020301110414155135125 11 12 23 5011 3A3       
07211b0308‹à202102050A1 16 0                                  
07211b0309…2021020301130214154142129 13  6 22 4422 3A3       
07211b0310…2021020311210436150130123 17 23 24 6721 405       
07211b0311…2021020311210415152134126 16 19 23 5431 3A3       
07211b0312…2021020301110414140133130 26 13 18 5323 3A3       
07211b0313…2021020301120914139134129 27 17 19 59             
07211b0314…2021020301130234155137127 10  9 19 4021 3A3       
07211b0401…2021020301110444148132127 17 13 19 4911 3A1       
07211b0402…2021020311210436154139125 12 12 19 461127         
07211b0403…2021020311230236149127127 17 23 17 5713 3A3       
07211b0404‰Î2021020211210410                                  
07211b0405…2021020311210456143134131 23 16 13 48             
07211b0406…2021020301121034141128125 24 17 21 6021 3A3       
07211b0407…2021020311210415150133137 17 19  9 3531 3A3       
07211b0408…2021020301130214147134128 19 12 20 5011 3A3       
07211b0409…2021020311230236152150130 14  0 14 2813 3A1       
07211b0410…2021020301110434155138128 10  8 18 3823 3A3       
07211b0411…2021020301110414145132123 21 15 25 6111 3A1       
07211b0412…2021020311230216158142124  9  9 22 4523 3A1       
07211b0413…2021020301130234139134130 26 11 16 4821 3A3       
07211b0414…2021020311230236149138121 17 12 23 5523 3A3       
07211b0415…2021020301110414141140138 25 11 10 39             
07211b0416…2021020301130214141138130 25 13 18 52             
07211b0501…2021020311710446146132125 16 15 13 4333 3A1       
07211b0502…2021020311230236154134129 13 20 18 5333 405       
07211b0503…2021020311730236142126119 20 20 19 5911 6OP       
07211b0504…2021020301121014145133124 21 18 24 63             
07211b0505…2021020311210415154135128 13 18 18 4411 3A1       
07211b0506…2021020301120914156138128 11 15 23 53             
07211b0507…2021020311220916157133125 10 18 21 5431 3A1       
07211b0508…2021020301110414139126122 28 22 29 7811 610       
07211b0509…2021020301110434135131134 30 19 12 53             
07211b0510…2021020311420915148136126 19 16 15 48             
07211b0511…2021020301130214153139124 14 14 27 59             
07211b0512…2021020311210416154142119 13 11 27 56             
07211b0513…2021020311220916162136118  5 17 28 5912 3A1       
07211b0514…2021020301110444144137129 21  8 17 43312416       
07211b0515…2021020301110414138125131 28 26 17 65             
07211b0516…2021020301130254145136135 20  9 11 35             
07211b0601…2021020301110414153130121 14 19 30 6822 405       
07211b0602…2021020301110414139128132 28 25 19 67             
07211b0603…2021020301121014162132133  5 21 18 48             
07211b0604…2021020301110414160144121  7  9 30 54             
07211b0605…2021020301110414146134130 21 19 21 60             
07211b0606…2021020301130214142127130 24 20 18 5823 405       
07211b0607…2021020301130214152140126 14 11 22 49             
07211b0608…2021020311220916147136129 21 17 20 58             
07211b0609…2021020301110414144142130 23 11 21 53             
07211b0701…2021020301110414146132124 20 19 24 63             
07211b0702…2021020311210416145130125 22 22 21 6521 4A3       
07211b0703–Ø2021020401120914149133123 18 19 26 66             
07211b0704…2021020301110414152137130 15 12 21 4931 610       
07211b0705…2021020311210456151130123 15 22 21 6021 3A3       
07211b0706…2021020310220915142127137 27 29 18 6722 605       
07211b0707…2021020301110414153132129 14 21 22 59             
07211b0708…2021020310220915146131138 23 25 17 6032 3A3       
07211b0709…2021020310230215144138130 25 18 25 65             
07211b0801…2021020301110414153130123 13 21 25 63             
07211b0802…2021020310220915150142137 19 15 18 49             
07211b0803‹à202102050A1    0                                  
07211b0804…2021020311210416146131124 21 21 22 6411 3A3       
07211b0805…2021020301110414143134122 24 15 29 6923 405       
07211b0806…2021020311730214160133113  3 14 27 4723 510       
07211b0901…2021020301120944158131130  8 17 19 4723 405       
07211b0902…2021020301110414143133128 24 20 23 65             
07211b0903…2021020300120914137130131 27 20 16 58             
07211b0904…2021020301130214146142130 21 11 21 52             
07211b0905…2021020301130214152140123 14  6 25 4821 3A3       
07211b0906…2021020301110414140125129 27 24 22 7011 3A1       
07211b0907…2021020310230215140134131 29 23 24 7122 410       
07211b0908‹à202102050A1 16 0                                  
07211b0909…2021020311030215144131117 21 16 29 66             
07211b0910‹à202102050A1 16 0                                  
07211b0911…2021020301110414147126127 19 20 21 6011 810       
07211b0912…2021020301130214156144130 10  7 18 37             
07211b0913‹à202102050A1 16 0                                  
07211b0914…2021020301110414141133123 26 20 28 74             
07211b0915…2021020310330214154148128 12  4 23 36             
07211b0916…2021020311530243121121120 38 20 22 73             
07211b1001…2021020301110414157133129  9 18 19 49             
07211b1002…2021020301110414153136123 14 17 28 63             
07211b1003…2021020301110414154130122 12 21 26 63             
07211b1004…2021020301121014145136126 22 17 25 64             
07211b1005…2021020301130214146136127 21 17 24 62             
07211b1006…2021020311230216151127132 17 25 17 59             
07211b1007‰Î2021020211220910                                  
07211b1008…2021020301110414154132127 12 19 21 54             
07211b1009…2021020301120914156134124 10 12 24 5123 405       
07211b1010…2021020301110434148130123 18 18 26 6431 3OP       
07211b1011…2021020311230236146130125 21 23 22 66             
07211b1012…2021020301130214158136125  8 15 23 51             
07211b1101…2021020301110414149130123 18 23 28 72             
07211b1102…2021020311210415154128120 13 24 26 6121 3A3       
07211b1103…2021020310230215145133134 25 26 24 72             
07211b1104…2021020301110414142126130 24 25 18 63             
07211b1105…2021020310230245144133135 24 23 18 59             
07211b1106…2021020310230215146146127 23 11 28 62             
07211b1107…2021020301110414145128125 21 18 23 6221 5OP       
07211b1108…2021020300130214152130122 12 20 25 62             
07211b1109…2021020301121014158126130  9 27 21 61             
07211b1110…2021020301120934149132125 16 18 21 56             
07211b1111…2021020311210416146126134 22 29 15 6331 3A3       
07211b1112…2021020300110414148127124 17 25 26 71             
07211b1113…2021020310230215146130132 24 29 26 77             
07211b1114…2021020311230246144124118 23 29 29 8313 4A3       
07211b1115…2021020301130214144142135 22  9 13 39             
07211b1116…2021020301110434143126124 23 26 25 74             
07211b1201–Ø2021020401130234159142123  8 11 27 54             
07211b1202…2021020301130214137125134 30 24 17 6513 3A3       
07211b1203…2021020301120944145130127 21 22 22 64             
07211b1204…2021020301110414140124127 27 29 24 78             
07211b1205…2021020311210436148128127 19 24 20 64             
07211b1206…2021020301130214138128128 28 18 20 6221 3A3       
07211b1207…2021020300130214151126129 14 26 21 63             
07211b1208…2021020300130214148140134 16 10 13 37             
07211b1209…2021020301110414135125130 31 21 18 6431 510       
07211b1210…2021020301110414154134123 13 19 28 65             
07211b1211…2021020301121014144136124 23 17 27 67             
07211b1212…2021020300120914144131132 20 19 15 52             
07211b1213…2021020301110414138124123 29 25 28 8011 410       
07211b1214…2021020300120914156134122  9 18 28 62             
07211b1215…2021020311210416153137125 14 16 21 5423 305       
07211b1216…2021020300130214153141129 11  9 18 40             
1021170101…2021020301130234164149138  1  1  8 12             
1021170102…2021020301110434155144124 10  2 22 3821 3A3       
1021170103…2021020314120915163147130  7  8 15 32             
1021170104…2021020311210416146131134 21 20 12 5031 510       
1021170105…2021020301110414154136127 13 17 24 57             
1021170106…2021020314130245147138130 23 18 16 54             
1021170107…2021020311210416156139128 12 16 21 5231 3A1       
1021170108…2021020314130235144136129 26 20 17 59             
1021170109…2021020314130234132137124 38 21 22 74             
1021170110…2021020311210456151140134 16 11 13 3931 3A3       
1021170111…2021020314130235154142127 16 14 19 5023 705       
1021170112…2021020314130234155145135 14  9  8 27             
1021170113…2021020314120935150140129 20 16 17 50             
1021170114…2021020301121014180144125  0  7 23 38             
1021170115…2021020314130245142136127 27 18 16 5523 3A3       
1021170116…2021020301130214162150146  5  3  5 12             
1021170201…2021020310230214156134134 14 23 24 58             
1021170202…2021020314130235138136120 31 18 23 68             
1021170203…2021020301110414146143127 21 10 24 55             
1021170204…2021020300121044146136125 18 15 23 58             
1021170205…2021020314130235150142137 19 12  6 30             
1021170206…2021020301110414142126132 25 27 19 67             
1021170207…2021020301121034141135128 25 17 21 60             
1021170208…2021020311230236149132126 18 21 21 6111 405       
1021170209…2021020301110414156133127 11 20 24 59             
1021170210–Ø2021020401130214171149132  0  5 20 33             
1021170211…2021020314120934152146126 17  8 17 41             
1021170212…2021020301130214157133128 10 15 23 5211 3A3       
1021170213…2021020301130214144130129 23 23 22 66             
1021170214…2021020301121014144132124 23 21 27 71             
1021170215…2021020301110414144134131 22 13 17 4932 3A3       
1021170216…2021020311210446146128123 20 20 21 6111 3A3       
1021170217…2021020301120914148131125 19 17 26 6423 3A3       
1021170218…2021020314130235155146136 14  9  7 26             
1021170301…2021020301120944152132123 13 18 23 57             
1021170302…2021020301110434144129130 21 21 16 55             
1021170303…2021020301110434141126132 24 24 14 57             
1021170304…2021020301121014152138123 14  8 25 5011 3A3       
1021170305…2021020301130214177147124  0  1 27 3823 3A3       
1021170306…2021020314130215153150125 17  7 20 44             
1021170307…2021020300120914142137137 23 15 13 47             
1021170308…2021020301120914147136127 19 15 21 55             
1021170309…2021020314121035146144130 23 10 13 41             
1021170310…2021020311710415144136117 19 12 23 5323 3A1       
1021170311…2021020301130214137124135 30 24 16 6333 510       
1021170312…2021020301120914149124132 18 29 19 65             
1021170313…2021020301130234151140130 15 12 19 46             
1021170314…2021020314130234145137126 24 17 17 55             
1021170401…2021020311810444170138118  0  3 22 33             
1021170402…2021020311220935150126127 17 28 20 59             
1021170403…2021020311830234164132127  4  9 13 29             
1021170404…2021020311230216148132132 19 20 14 51             
1021170405…2021020314130244161157144  8  0  0  5             
1021170406…2021020301110434134124131 31 26 15 64             
1021170407‰Î2021020211211036147136124 20 15 20 55             
1021170408…2021020314130235142136128 28 21 18 62             
1021170409…2021020311210435149129124 18 22 23 58             
1021170410…2021020301110434148132121 18 20 28 69             
1021170411…2021020311230236154142140 12  5  4 18             
1021170412…2021020301130234158148130  7  2 16 27             
1021170413…2021020311210436141124124 26 28 23 76             
1021170414…2021020311210436154132125 13 20 22 59             
1021170501…2021020314130245149138127 20 17 16 5123 3A3       
1021170502…2021020311230236141126122 26 26 25 77             
1021170503…2021020311210436145126125 22 26 22 7021 6A3       
1021170504…2021020314120915148140125 23 17 23 62             
1021170505…2021020314130214167151142  3  2  3  7             
1021170506…2021020314130214156142130 15 16 18 49             
1021170507…2021020314930234150135140                         
1021170508…2021020301130234152147137 14  5 12 29             
1021170509…2021020314121045154148131 16  8 15 37             
1021170510…2021020300120914164139133  1 13 17 37             
1021170511…2021020311820934143120115 25 21 25 70             
1021170512…2021020314120945145134123 24 19 20 60             
1021170601…2021020301110414145130129 22 19 22 6211 3A1       
1021170602…2021020311230216143134127 25 21 22 67             
1021170603…2021020301110444151130130 14 15 16 4511 3A1       
1021170604…2021020301130214140132130 26 19 18 59             
1021170605…2021020311230236153132125 14 20 22 5923 410       
1021170606…2021020301110414150132127 17 21 24 64             
1021170607…2021020301120934153136125 13 16 24 56             
1021170608…2021020314130215158142133 12 13 12 36             
1021170609…2021020300130214151145140 14  7 10 29             
1021170610…2021020301130214145137136 21 14 12 42             
1021170611…2021020311230226150130124 17 20 22 6123 3A3       
1021170612…2021020301130234146140131 20 12 18 48             
1021170613…2021020314130235142138127 28 18 19 6123 3A3       
1021170614…2021020314130235157144130 13 12 16 41             
1021170615…2021020301130234152139125 13 11 21 47             
1021170616…2021020301130214149136128 17 11 20 4811 3A3       
1021170701…2021020300130214144136125 21 16 25 63             
1021170702…2021020301130214140132127 26 15 21 5911 5OP       
1021170703…2021020301110444140128132 25 17 14 5123 3A3       
1021170704…2021020301120914142132133 24 15 15 4911 3A3       
1021170705…2021020311230216139136140 29 18  9 48             
1021170706…2021020314130235154140127 15 15 16 4623 3A3       
1021170707…2021020310310415147146145 20  9  9 31             
1021170708…2021020301130244159132130  7 15 19 4522 505       
1021170709…2021020314130235147133125 23 22 21 64             
1021170710…2021020311430215156134114 11 18 27 62             
1021170711…2021020301110414131128130 36 20 21 7032 305       
1021170712…2021020314130235152140130 17 14 13 42             
1021170713…2021020301120914154143122 13 10 29 57             
1021170714…2021020301110434140128129 26 19 20 6231 3A3       
1021170715–Ø2021020410210415146129136 20 24 16 56             
1021170716…2021020301130214148136124 19 17 27 65             
1021170717…2021020301130214162150124  4  1 24 36             
1021170718…2021020314130235158140130 11 14 13 37             
1021170801…2021020314130245148138129 22 17 17 53             
1021170802‹à202102050A1 16 0                                  
1021170803…2021020311210415144134132 23 18 14 44             
1021170804…2021020314110445153140119 16 14 24 56             
1021170805…2021020314130234156131128 13 22 15 50             
1021170806‹à202102050A1 16 0                                  
1021170807…2021020301121014142133127 25 20 24 67             
1021170808…2021020314130235154142128 15 12 15 41             
1021170809…2021020314120935141133120 28 21 23 69             
1021170810…2021020301130214149131126 17 20 22 60             
1021170811…2021020314120914164147125  7  9 23 44             
1021170812…2021020314120935144140121 26 16 25 6512 3A3       
1021170813…2021020311220916151134124 16 19 22 59             
1021170814…2021020314130214159134126 11 21 19 53             
1021170901…2021020314130215152145125 18 10 20 48             
1021170902…2021020300130244150143142 14  8  6 24             
1021170903…2021020301121014155150129 11  1 19 33             
1021170904…2021020314130215148142128 22 13 17 4922 3A3       
1021170905…2021020311210415150126125 17 25 21 58             
1021170906…2021020311210416149132125 19 23 24 6821 405       
1021170907…2021020311210446141130126 26 24 21 69             
1021170908“y2021013010221015142130122 24 26 30 8012 405       
1021170909‰Î2021020211210410                                  
1021171001…2021020301130214150144135 17  9 16 40             
1021171002…2021020314120915156133135 14 21 10 42             
1021171003…2021020314130235154138121 15 15 22 5423 405       
1021171004…2021020301130214142132127 25 21 24 68             
1021171005…2021020301130234165142125  1 10 24 43             
1021171006…2021020301110414150137121 17 16 30 67             
1021171007…2021020301130214154132128 12 19 20 53             
1021171008…2021020301110414138121131 28 30 17 69             
1021171009…2021020314130235149146132 20  8 11 34             
1021171010…2021020314130214155146129 15 12 16 42             
1021171011‹à202102050A1 16 0                                  
1021171012…2021020314130235144136129 25 18 14 52             
1021171013‹à202102050B1 16 0                                  
1021171101…2021020301120914148126127 19 27 24 71             
1021171102…2021020311230216153134125 14 18 21 5623 3A3       
1021171103…2021020314120935148134123 21 20 20 59             
1021171104…2021020314130215154134120 16 22 25 66             
1021171105…2021020311210416148136124 19 16 22 58             
1021171106…2021020314130235151146121 19 10 25 56             
1021171107‹à202102050B1 16 0                                  
1021171108…2021020301130234160134126  5 16 20 46             
1021171109…2021020301110414143137123 23 14 25 62             
1021171110‹à202102050A1 16 0                                  
1021171201…2021020310730215156136140 10 16 13 40             
1021171202…2021020301110414154136122 13 17 29 64             
1021171203‹à202102050A1 16 0                                  
1021171204…2021020301130214142128137 25 25 14 58             
1021171205…2021020301121014150134128 17 19 23 60             
1021171206…2021020311210416151140124 17 14 25 5931 3A3       
1021171207…2021020314130215148136126 23 21 22 64             
1021171208…2021020311210435148136126 19 15 21 48             
1021171209…2021020301130244160138126  5 12 20 42             
1021171210…2021020301110414154128128 13 25 23 64             
1021171211…2021020314130245158144127 11 12 16 40             
1021171212…2021020314120915135135125 35 21 20 69             
1021171213…2021020314121014169161122  2  0 26 37             
