0622240101…2022030200130234154138129 12 13 19 47             
0622240102…2022030210230216165140124  0  5 21 3523 3A3       
0622240103…2022030200130234155132130 11 15 18 4622 3A3       
0622240104…2022030200110414154136134 13 12 16 4233 3A3       
0622240105…2022030200120914143134128 24 18 22 63             
0622240106…2022030210210416159136119  1 13 26 5031 3A2       
0622240107…2022030210230216157130127  3 18 18 4611 3A3       
0622240108…2022030210230236168132116  0 14 27 5313 3A3       
0622240109…2022030210330234143134126 21 13 21 4823 410       
0622240110…2022030210220916152132122  8 14 23 5223 3A3       
0622240111…2022030211030215150138124 15  9 21 4422 3A3       
0622240112…2022030210210436155129117  4 16 26 5611           
0622240113…2022030210221036155132117  4 13 26 5213 305       
0622240114…2022030210230236157130119  2 17 24 5222 3A3       
0622240115…2022030210210436146125120 13 19 23 59             
0622240116…2022030200110434135130127 31 17 21 6512 405       
0622240201…2022030210230216151141138  9  6  7 22             
0622240202…2022030210230246154124122  5 21 21 5422 3A3       
0622240203…2022030210330215146144130 19  4 19 3923 3A3       
0622240204…2022030210710415146122139 20 30 11 5731 405       
0622240205…2022030200110414145143138 22  5 12 3423 3A3       
0622240206…2022030210230216160136125  0 12 20 41             
0622240207–Ø2022030310330235152128122 12 18 25 5723 3A3       
0622240208‹à2022022500130234137134142 29 17  5 42             
0622240209…2022030210330214150142135 15  5 14 26             
0622240210…2022030210330234146142128 18  9 19 39             
0622240211…2022030210220916160128127  0 22 18 4711 3A3       
0622240212…2022030210221046164134116  0 11 27 5023           
0622240213…2022030200130214158140129  9  8 21 4213 3A3       
0622240214…2022030200121024141136127 26 12 23 6023 3A3       
0622240215…2022030200120954150132129 16 19 19 55             
0622240216…2022030200120934151138127 15  9 21 4723 305       
0622240301…2022030200130214142134128 25 14 22 5922 3A3       
0622240302…2022030210230236151132121  8 13 22 4923           
0622240303…2022030211020935157139118  7  8 25 44             
0622240304…2022030200120914152132126 15 16 24 5822 705       
0622240305…2022030210221016154130124  6 20 21 54             
0622240306…2022030200120914144134124 23 18 26 68             
0622240307…2022030210220916167132123  0 14 22 4633           
0622240308…2022030210230216156132125  4 15 20 4633           
0622240309…2022030210210446154134123  5 14 20 4531 5OP       
0622240310…2022030200130244149132123 17 15 25 5923 3A3       
0622240311…2022030210230216162146121  0  3 24 3723 516       
0622240312…2022030200130234141132131 25 19 17 58             
0622240313…2022030200110454153140135 13 11 13 37             
0622240314…2022030200110414150133132 17 19 18 54             
0622240315…2022030200130214153134127 14 14 23 5411 3A2       
0622240316…2022030210210436145128123 14 17 20 5433 610       
0622240401…2022030200110414126132150 41 20  0 45             
0622240402…2022030210230216159124125  1 24 20 5323 510       
0622240403…2022030200120914135124125 32 28 25 82             
0622240404“ú2022022710230216167138130  0 12 17 36             
0622240405…2022030210230236158140118  1  9 25 4623 5OP       
0622240406…2022030200120914149134119 18 14 31 6712 4OP       
0622240407…2022030210221016174138112  0 12 33 58             
0622240408…2022030200130224143141141 24 11  9 38             
0622240409…2022030200110414152139128 15  9 22 4933 305       
0622240410…2022030210230236163134117  0 12 26 49             
0622240411…2022030210730255148130126 17 20 22 6123 305       
0622240412…2022030210720935145132133 20 18 15 51             
0622240413…2022030210710415150123125 16 28 25 7211 3A3       
0622240414…2022030211030215147135130 18 12 15 40             
0622240415…2022030210230216167132126  0 14 19 42             
0622240416…2022030210230216172144123  0  6 22 3723 3A3       
0622240501…2022030200120914137131128 30 21 22 70             
0622240502…2022030200130254148136129 18 11 19 4812 505       
0622240503…2022030210221016154129119  6 17 26 5811           
0622240504…2022030210210416151128120  9 19 25 6021 405       
0622240505…2022030210230214156134124  4 12 21 37             
0622240506…2022030200120914150136125 17 12 25 5733 305       
0622240507…2022030210210416160137118  0 13 27 5131 3A2       
0622240508…2022030210230236167130116  0 15 27 5413           
0622240509…2022030210210416154128133  6 18 12 3932 3A3       
0622240510…2022030210210436162132116  0 15 27 5331 3A3       
0622240511…2022030200130244154144134 12  3 14 3023 3A2       
0622240512–Ø2022030310230216172134119  0 12 25 4723 3A3       
0622240513…2022030210220916159136118  1 14 27 5323 3A3       
0622240514…2022030210220946160140121  0  8 22 3933 405       
0622240515…2022030200110434138130137 28 17 11 4932 7OP       
0622240516…2022030210210416165130124  0 18 21 4823 3A3       
0622240601…2022030210230216164133120  0 13 25 48             
0622240602…2022030210210436160136117  0 13 26 5011 4A3       
0622240603…2022030210230216177132119  0 17 26 5433 305       
0622240604…2022030200110414132120135 35 28 15 7033 410       
0622240605…2022030200130214151130127 16 22 23 64             
0622240606…2022030210220936156124119  3 21 24 5723 305       
0622240607–Ø2022030310230236153132122  4 10 20 40             
0622240608…2022030210230216160130120  0 19 25 5432 405       
0622240609…2022030200130214152138126 15 10 24 5211 405       
0622240610…2022030210230216172128116  0 18 29 60             
0622240701…2022030210230216158132123  2 18 22 50             
0622240702…2022030210210416159132120  1 16 25 5211 305       
0622240703…2022030210230216159134116  1 15 29 5713 3A3       
0622240704…2022030210330216151141134 14  7 15 3623 3A2       
0622240705–Ø2022030310230236161138123  0  6 19 32             
0622240706…2022030200120914150134126 17 14 24 5721 3A3       
0622240707…2022030210220916150130128 10 18 17 48             
0622240708…2022030210230216165128121  0 20 24 5412 3A3       
0622240709…2022030210210416149128119 11 18 26 6221 3A3       
0622240710…2022030210210446158126115  1 19 28 5933 3A3       
0622240711…2022030200110414140128128 27 20 22 6633 605       
0622240712…2022030210220916155130118  5 19 27 6033 405       
0622240713…2022030210210436159139123  0  8 20 3733 505       
0622240714…2022030210230236158130116  1 18 27 5723 510       
0622240715…2022030200130214151134135 16 18 15 48             
0622240716…2022030200130234143133127 23 14 21 5723 605       
0622240801…2022030210230216160138119  0 11 26 4823 5OP       
0622240802…2022030210210416157136118  3 13 27 5322 5OP       
0622240803…2022030210210416154124120  6 21 25 603325A3       
0622240804…2022030211030215152132119 13 14 26 5523 510       
0622240805…2022030210230246157131120  2 18 23 5233 405       
0622240806…2022030210230216158128120  2 22 25 5813 6OP       
0622240807…2022030210230216147126124 13 20 21 5811 3A3       
0622240808…2022030200130214138130123 29 22 27 77             
0622240809…2022030200130214143136133 24 16 17 54             
0622240810…2022030210220916147126118 13 19 27 65             
0622240901…2022030210220916160134121  0 12 24 47232405       
0622240902…2022030211030215134116128 31 30 17 69             
0622240903…2022030201120914149134125 18 17 23 61             
0622240904…2022030211210416150128114 15 19 30 7033 416       
0622240905…2022030211210416164130120  1 20 24 54             
0622240906…2022030210230216156126119  4 20 26 6023 5OP       
0622240907…2022030210230216163132120  0 14 25 5023 516       
0622240908…2022030210220916148136117 12 12 28 592  510       
0622240909…2022030201130214151139123 17 14 28 64             
0622240910…2022030211210446152126120 13 25 25 6831 410       
0622240911…2022030210230216147133121 13 16 24 5822 3A3       
0622240912…2022030210220916162134122  0 15 23 48             
0622240913…2022030210221016158127117  2 22 28 63             
0622240914…2022030201110414148126124 19 21 24 6613 3A3       
0622240915…2022030210230216163132120  0 15 25 5123 416       
0622240916…2022030211210416144125119 21 25 25 7211 4OP       
0622241001…2022030210230236160138117  0  9 26 4623 610       
0622241002…2022030211210416153128115 13 21 32 7322 3A3       
0622241003…2022030211210446143124120 21 24 22 6731           
0622241004–Ø2022030301130234148128126 17 23 21 62             
0622241005…2022030210210416157126117  3 22 28 6432 7OP       
0622241006…2022030211220916154132117 12 21 30 70             
0622241007…2022030200120944137127130 29 20 18 6211 3A2       
0622241008…2022030211230256158136114  6 10 28 53             
0622241009…2022030200110414144129128 23 19 22 6321           
0622241010‰Î2022030101130214156134124 11 18 25 59             
0622241011…2022030210220936157128117  2 17 26 55             
0622241012…2022030210230216159136119  1 12 26 5023 510       
0622241013…2022030200120914145128127 22 24 23 69             
0622241014…2022030210230226148131116 12 19 29 6723 410       
0622241101…2022030201120934148137131 18  9 15 4112 5OP       
0622241102…2022030211210436151123114 13 27 28 74             
0622241103…2022030211220936162128113  2 18 29 60             
0622241104…2022030210221016147126125 13 20 20 5612 410       
0622241105…2022030201120914160137123  7 10 25 4923 305       
0622241106…2022030210230236153122118  6 25 25 6413           
0622241107…2022030211230216149126120 17 24 27 7223 3OP       
0622241108…2022030210230236160132113  0 15 30 5813 6OP       
0622241109…2022030210230216152127118  8 21 27 64             
0622241110…2022030210220916152126116  8 23 29 69             
0622241111…2022030210230236158132117  1 13 26 502  516       
0622241201…2022030200110414146122128 21 26 22 6821           
0622241202…2022030200110414148130128 19 18 22 6032 416       
0622241203…2022030200130234116128164 50 23  0 53             
0622241204…2022030200130234132120128 34 27 20 7411 305       
0622241205…2022030210230216162130117  0 17 28 57             
0622241206…2022030210230216154130117  6 20 28 63             
0622241207…2022030200130214139122128 28 30 22 77             
0622241208…2022030200130234145126127 21 21 21 6223 816       
0622241209…2022030210220916160132118  0 15 27 5432 305       
0622241210…2022030210230216158132119  2 17 26 55             
0622241211…2022030200110414129130143 38 19  7 513337A2       
0622241212…2022030201120914152132126 16 17 25 6212 3A3       
0622241213…2022030210330214143132126 22 15 23 5323 3A3       
0622241214…2022030210220956153126117  6 21 26 62             
0622241215…2022030210230216172136119  0 14 26 5122 305       
0622241216–Ø2022030301120934133122128 32 29 19 75             
0922180101…2022030201110434155138126 11  8 20 4211 3A3       
0922180102…2022030211210436162136122  2 13 20 42             
0922180103…2022030201130214158142134  9  9 14 35             
0922180104…2022030211210416149134144 16 16  0 2633 3A2       
0922180105…2022030201110414152136125 16 13 26 6021 3A2       
0922180106…2022030201130214155136132 12 11 16 4112 3A2       
0922180107…2022030211710416140128124 24 20 17 5831 3A2       
0922180108…2022030211210426149129120 16 18 24 6233 305       
0922180109…2022030211230216150138138 15 13  6 3011 3A3       
0922180110…2022030201120914148138132 19  9 16 4323 505       
0922180111…2022030201110414141134142 27 19  9 48             
0922180112…2022030201120914143130124 24 17 24 6611 3A3       
0922180113…2022030201120914144141128 23 10 20 52             
0922180114…2022030201121014149133127 18 18 21 59             
0922180115…2022030201110424151130140 16 17  8 3831 3A3       
0922180116…2022030201130234140137127 26 13 19 56             
0922180201…2022030201110414149130127 19 19 24 6431 3A3       
0922180202…2022030211210436156134114  9 18 31 6611 305       
0922180203…2022030201110444147137123 20 11 26 6021 305       
0922180204…2022030201110414158130136 10 19 15 4711 3A3       
0922180205…2022030211210446151130114 14 20 31 7211 305       
0922180206…2022030201121014154144133 13  7 15 36             
0922180207–Ø2022030311220936163128116  0 19 26 55             
0922180208…2022030211230246158132114  7 20 31 6713 4OP       
0922180209…2022030211210446154136122 10 13 20 4731 3A3       
0922180210…2022030211230236149130126 16 19 19 5513 3A3       
0922180211…2022030201110444154136125 12 10 21 4721 505       
0922180212…2022030211210416145127134 20 20 10 4631           
0922180213…2022030211210416149130124 16 19 20 5731 3A2       
0922180214…2022030201120914149132129 18 19 19 57             
0922180301…2022030211210416145124130 20 23 14 5531 3A3       
0922180302…2022030201120914157130127 11 23 24 64             
0922180303…2022030211210416162125123  4 28 24 6431 3A3       
0922180304…2022030201130234148137129 19 11 20 5011 3A3       
0922180305…2022030201121034144132125 22 18 21 61             
0922180306…2022030211210416146126124 19 24 20 6331 305       
0922180307…2022030211210416153129118 12 19 26 63             
0922180308…2022030201130214150152145 17  0  3 15             
0922180309…2022030201110414157137124 10 14 24 54             
0922180310…2022030201130214163138131  5 15 20 47             
0922180311…2022030211710436160129122  3 19 17 4533 3A3       
0922180312…2022030211210416155133120 10 17 24 5621 405       
0922180313…2022030201110414153129125 15 20 26 6522 3A3       
0922180314–Ø2022030301130214143126134 22 20 12 5023 3A3       
0922180315…2022030201110414153140123 15 13 28 62             
0922180316…2022030211210416146132135 19 17  9 4131 3A3       
0922180401…2022030211230246165135119  0 16 26 52             
0922180402…2022030211230236150136134 15 11 11 35             
0922180403…2022030211230236148142123 17 10 22 51             
0922180404…2022030211210436150132120 14 17 22 56             
0922180405…2022030211830234140120122 29 21 18 64             
0922180406…2022030211810434140120124 29 21 16 61             
0922180407…2022030210210416159131127  1 17 18 4331 3A3       
0922180501…2022030211220916155128120 11 25 27 69             
0922180502…2022030211221034157133118  8 16 27 46             
0922180503…2022030211220916153130122 12 21 22 5921 510       
0922180504…2022030201121034149136125 18 16 24 61             
0922180505…2022030201130214154140130 13  7 18 4123 305       
0922180506…2022030201110434150137129 16 13 17 47             
0922180507…2022030211230216150136124 15 15 20 52             
0922180508…2022030211220936155130114  9 20 28 64             
0922180509…2022030211210416148132123 17 19 21 58             
0922180510…2022030211210446144123126 20 24 16 5911 3A3       
0922180511–Ø2022030301120914149136129 16 14 17 47             
0922180512…2022030211210416144129127 22 23 20 6411 3A3       
0922180513…2022030201130244156146129 11  6 20 41             
0922180514…2022030201110414162140126  5  7 22 4123 505       
0922180515…2022030211230216168137125  0 11 19 38             
0922180601…2022030211230226150131122 15 19 22 5923 716       
0922180602…2022030201110414139128138 29 21 13 5731 3A3       
0922180603…2022030211210436153134122 11 15 20 492  405       
0922180604…2022030211210436154132118 11 16 27 6111 610       
0922180605…2022030201130214154131120 13 20 28 68             
0922180606…2022030201130214161149146  6  2  2  9             
0922180607–Ø2022030301110444150131124 14 18 20 54             
0922180608…2022030211230216139136130 27 17 17 57             
0922180701…2022030201130244145136123 21 10 23 5523 7OP       
0922180702…2022030201130214151136129 16 15 19 52             
0922180703…2022030201110414143136131 24 15 17 54             
0922180704“y202203050A1 16 0                                  
0922180705…2022030201130214158136129  9 15 19 48             
0922180706…2022030200130214152144140 15  8 10 31             
0922180707…2022030201120944142126119 24 24 27 77             
0922180708…2022030201110414150126124 18 23 27 7132 410       
0922180709–Ø2022030301130214147142128 19 10 21 51             
0922180710…2022030210230214146124117 14 22 28 63             
0922180711…2022030201110414145138124 23 15 27 67             
0922180712…2022030201110414143134126 24 17 22 63             
0922180713…2022030200130214154144135 13  8 15 37             
0922180714…2022030211230216152134122 14 19 25 62             
0922180715…2022030201130234155132121 11 18 25 60             
0922180716…2022030211221036156130116  9 21 29 6722 505       
0922180717…2022030201110414137126128 31 27 23 78             
0922180801…2022030201130214152145128 16  8 23 50             
0922180802…2022030201120914141138128 26  9 20 5331 3A3       
0922180803…2022030211220916151128117 14 20 27 6621 3A2       
0922180804…2022030201120914143124130 25 29 21 74             
0922180805…2022030201130234153136124 14 16 25 60             
0922180806…2022030201110414142130130 26 23 21 69             
0922180807…2022030201130214175136127  0 17 24 51             
0922180808…2022030201120914153136126 14 15 22 55             
0922180809…2022030201130214146137129 21 10 19 5011 3A2       
0922180810…2022030211720935136126113 27 22 26 71             
0922180811…2022030211220946147124119 18 24 26 722  3A3       
0922180812…2022030201130214148144127 19  7 21 48             
0922180813…2022030201110434150132125 17 16 24 6021 3A3       
0922180814–Ø2022030311221044167132108  0 12 31 42             
0922180815–Ø2022030301130214141128131 25 24 18 64             
0922180816…2022030201130214161134129  7 19 22 55             
0922180901…2022030211230236162130117  3 19 28 60             
0922180902–Ø2022030301130214153140130 12 10 16 39             
0922180903…2022030211230246154130120 11 20 25 6233 3A3       
0922180904…2022030211220916156128121  9 22 23 5913 3A3       
0922180905…2022030201120914143136133 24 15 15 51             
0922180906–Ø2022030301130214151136122 14 14 24 56             
0922180907…2022030211230216154128118 11 20 26 6323 3A3       
0922181001…2022030201110434156128125 10 18 21 5323 516       
0922181002–Ø2022030311220916135122121 29 25 23 74             
0922181003…2022030201110414149124127 18 27 21 68             
0922181004…2022030211210446160132113  4 18 29 6131 3A2       
0922181005…2022030201110414157128126 10 23 22 60             
0922181006…2022030201110414143123126 25 30 25 81             
0922181007…2022030210230216162143125  0  1 20 30             
0922181008…2022030201130214148128128 19 23 20 63             
0922181009…2022030211230236151131117 14 17 28 65             
0922181010…2022030211230214160130117  5 18 27 4631 405       
0922181011…2022030210230216159130116  1 20 29 6133 3A3       
0922181101…2022030201110414156138119 11 13 29 61             
0922181102–Ø2022030311230236152128110 10 19 29 65             
0922181103…2022030211730215148139115 16 10 26 53             
0922181104…2022030201111034145130121 21 20 25 68             
0922181105…2022030211221016150135124 15 13 20 5011           
0922181106…2022030201130234144130123 22 16 23 6113 3A3       
0922181107…2022030200130214151126122 16 26 28 75             
0922181108…2022030201130234160138124  7 14 25 54             
0922181109…2022030211210446154139113 10  9 29 5611 3A3       
0922181110…2022030201130214150136129 17 15 19 52             
0922181111…2022030211210416146126119 19 25 25 7111 4OP       
0922181112…2022030201110414153132123 14 19 25 63             
0922181201…2022030211210416139122124 27 31 23 79112605       
0922181202…2022030200120914153135127 14 17 23 57             
0922181203…2022030201130214148128125 19 23 23 67             
0922181204–Ø2022030301130234153138128 12 13 19 47             
0922181205…2022030201110444148132123 19 20 26 68             
0922181206…2022030211730215124128120 40 20 21 70             
0922181207…2022030201120914157138125 11 15 26 59             
0922181208–Ø2022030301130234132130129 32 19 15 59             
0922181209…2022030201130214151136128 17 17 23 60             
0922181210…2022030201110434136125122 31 27 27 84             
0922181211…2022030201130214150131126 17 20 22 62             
0922181212…2022030201110414152128122 16 25 29 76             
0922181213…2022030201130214148128127 19 19 21 6011 3A2       
0922181214…2022030201120934156132124 11 20 25 62             
0922181215…2022030211210446156127120  8 23 22 5811 3A2       
0922181216…2022030200130214153134129 14 14 21 5123 3A3       
