0620560116 232.3  25.0 258.1  16.3 318.9  37.3  18.2 262.3  34.6 387.0 194.9 106.5 251.5  31.0 187.4             388.1 498.25164.3 404.36380.4 743.3 452.95247.8 689.77744.53899.52130.05030.9 618.73748.5              27.2 404.9 450.0  28.3 555.9  64.9  31.7 457.3  60.2 674.7 339.8 185.7 438.4  54.0 326.7             431.85170.2 554.4 449.97099.8 827.1 503.95839.4 767.48617.64339.12370.15598.1 688.44171.1              16.4 244.2  26.3 271.4 335.3  39.2  19.2 275.8  36.4 406.9 205.0 112.0 264.4  32.6 197.0             534.56400.3 686.37113.7 556.91023.8 623.87228.7 950.09999.85371.52934.06929.9 852.25163.5              58.5 698.5  75.0 776.4  60.9 959.2  68.2 788.9 103.81164.2 586.3 320.3 756.3  93.1 563.6              18.8 279.9  30.1 311.1  19.6 384.3  44.9 316.1  41.7 466.5 234.9 128.4 303.1  37.4 225.9             438.95254.7 563.45840.4 457.27215.7 840.6 512.2 780.08758.44410.02408.85689.5 699.74239.2              38.9 580.9  62.4 645.7  40.6 797.7  93.0  45.4 656.1 968.2 487.6 266.4 629.0  77.5 468.7             649.77780.0 834.28647.2 676.99999.81244.5 758.28787.01154.86529.43566.58423.81035.96276.6             325.03890.9 417.24324.6 338.65343.0 622.5 379.34394.5 577.66485.31783.74212.9 518.13139.0             175.62101.2 225.42335.4 182.92885.3 336.2 204.92373.1 312.03502.11763.42275.0 279.81695.1             420.65035.3 539.95596.5 438.16914.5 805.5 490.85687.0 747.48392.74225.92308.3 670.54062.3              34.6 515.6  55.4 573.1  36.0 708.0  82.6  40.3 582.4  76.6 859.4 432.8 236.4 558.3 416.0             312.33738.2 400.94154.9 325.35133.3 598.0 364.44222.1 554.96230.83137.31713.74047.6 497.8                                                                                                                                                                                                                                
0620560216 309.4 367.6 141.12600.2 350.5 534.51056.71144.02186.51030.81250.0 373.1 266.4 243.3 985.5             262.3  89.9  27.7 635.3  85.7 130.7 258.2 279.6 534.3 251.9 305.5  91.3  65.2  48.8 240.9             350.7 101.2  46.2 849.6 114.6 174.7 345.3 373.9 714.4 336.8 408.5 122.0  87.1  79.6 322.1              79.3  23.0  27.3 192.1  26.0  39.6  78.1  84.6 161.5  76.2  92.4  27.7  19.8  14.9  72.9            2636.9 760.1 903.2 346.5 861.21313.32596.62811.35373.22532.93071.6 916.7 654.5 597.62421.7             300.5  86.7 103.0  31.7 728.1 149.7 295.9 320.4 612.3 288.7 350.1 104.6  74.7  57.1 276.0             521.5 150.4 178.7  68.61263.7 170.4 513.6 556.01062.6 501.0 607.5 181.4 129.5 118.3 479.0            1056.3 304.5 361.9 138.92559.5 345.0 526.11126.12152.31014.61230.4 367.3 262.2 239.4 970.1            1145.7 330.3 392.5 150.62776.3 374.2 570.61128.22334.51100.51334.6 398.4 284.4 259.71052.2            2213.2 638.0 758.1 290.85363.3 722.81102.32179.42359.62125.92578.1 769.4 549.3 501.62032.6            1029.7 296.9 352.8 135.42495.2 336.3 512.91014.01097.82098.21199.5 358.0 255.6 233.4 945.7            1254.2 361.6 429.6 164.93039.2 409.7 624.71235.01337.12555.61204.7 436.1 311.3 284.31151.9             356.3 102.8 122.1  46.9 863.2 116.4 177.5 350.9 379.8 725.9 342.3 415.0  88.5  80.8 327.2             222.2  64.2  76.2  23.5 538.4  72.7 110.7 218.8 236.9 452.7 213.5 258.9  77.3  41.4 204.1             160.0  46.2  54.9  16.9 387.5  52.3  79.7 157.5 170.5 325.8 153.7 186.3  55.7  39.8 146.9             983.4 283.5 336.9 129.32382.9 321.2 489.8 968.41048.42003.8 944.61145.5 341.9 244.1 222.9                                                                                                                                                                                                                                
06205603164328.35598.7 970.4 666.01015.39999.8 940.31397.42935.03078.42391.87593.63819.85961.95186.3            4245.11244.3 215.8 148.1 225.72975.4 209.1 310.7 652.4 684.2 531.71687.7 849.01325.11152.7            5522.51251.5 280.6 192.7 293.63870.7 272.0 404.1 848.6 890.1 691.62195.51104.51723.81499.5             602.0 136.5 176.6  16.9  28.3 422.0  23.8  44.2  92.6  97.1  75.5 239.4 120.5 188.0 163.6             379.4  86.1 111.3  15.6  17.9 266.0  15.1  27.9  58.4  61.3  47.6 150.9  76.0 118.5 103.1             709.1 160.8 207.9  29.0  19.9 497.1  28.1  52.0 109.1 114.4  88.9 282.0 141.9 221.4 192.6            9999.83026.43914.7 678.5 465.7 709.9 657.5 977.12052.22152.41672.45309.52670.94168.63626.3             580.1 131.5 170.1  23.7  16.3  27.3 406.6  42.6  89.2  93.6  72.8 230.7 116.1 181.1 157.6            1169.9 265.2 343.0  47.7  32.8  54.8 820.0  46.2 179.9 188.6 146.6 465.2 234.1 365.2 317.7            2843.8 644.5 833.6 144.6  99.3 151.31993.2 140.1 208.2 458.4 356.21130.6 568.8 887.7 772.2            2988.0 677.2 875.9 151.9 104.3 158.92094.3 147.2 218.7 459.2 374.31187.9 597.6 932.7 811.4            2297.6 520.7 673.5 116.8  80.2 122.21610.4 113.2 168.2 353.1 370.4 913.5 459.6 717.2 623.9            7528.71706.12206.8 382.5 262.6 400.35276.8 370.7 550.91156.91213.4 942.81505.62349.92044.2            3733.6 846.11094.4 189.8 130.3 198.62616.9 183.9 273.3 573.8 601.8 467.61484.41165.41013.8            5887.81334.31725.8 299.2 205.4 313.04126.8 289.9 430.8 904.8 949.0 737.42340.71177.51598.7            5107.81157.51497.2 259.6 178.2 271.63580.1 251.5 373.8 784.9 823.3 639.72030.61021.51594.3                                                                                                                                                                                                                                
06205604181215.11225.79999.83085.73529.79999.82817.11003.96889.1 831.62060.41744.21957.86682.8 868.23302.5 866.11020.5  91.1 742.9 229.2 262.2 764.2 209.3  74.7 511.6  49.5 153.1 129.6 145.5 496.3  55.6 245.3  51.61030.3  91.2 750.0 231.4 264.7 771.5 211.3  75.4 516.5  50.0 154.6 130.9 146.9 501.0  56.1 247.6  52.19980.3 882.3 890.02240.62563.07472.92045.6 729.05002.4 603.91496.21266.51421.64852.5 630.52398.0 628.93014.8 266.6 268.92194.6 774.32257.4 618.0 220.31511.1 182.5 452.0 382.7 429.51465.9 190.5 724.5 190.13461.7 306.1 308.82520.0 777.22592.0 709.6 252.91735.2 209.5 519.0 439.4 493.21683.2 218.8 831.8 218.29999.8 907.8 915.77474.82305.32637.02104.7 750.05146.8 621.31539.31303.11462.74992.6 648.72467.3 647.12744.5 242.7 244.81997.8 616.2 704.92055.0 200.51375.6 166.1 411.5 348.4 391.01334.4 173.5 659.5 173.0 827.3  73.3  73.9 602.2 185.8 212.5 619.5 169.7 414.7  40.2 124.1 105.1 117.9 402.3  45.1 198.9  41.86843.5 605.0 610.34981.71536.41757.55124.21402.7 499.9 414.11026.0 868.5 974.93327.4 432.41644.4 431.3 517.4  45.9  46.3 376.7 116.3 133.0 387.5 106.2  37.9 259.4  77.7  65.8  73.8 251.6  28.2 124.4  26.21982.7 175.4 176.91443.3 445.2 509.31484.6 406.5 144.9 993.8 120.1 251.7 282.5 964.1 125.4 476.5 125.11664.4 147.2 148.51211.6 373.8 427.51246.3 341.2 121.7 834.3 100.8 249.6 237.2 809.3 105.3 400.0 105.01879.4 166.3 167.71368.1 422.0 482.71407.3 385.3 137.4 942.1 113.8 281.8 238.6 913.8 118.8 451.7 118.56635.8 586.7 591.84830.41489.81704.14968.61360.1 484.73326.0 401.5 994.8 842.2 945.3 419.21594.5 418.2 591.9  52.5  52.9 430.9 133.0 152.1 443.3 121.4  43.4 296.8  28.8  88.9  75.2  84.4 287.9 142.3  30.03233.0 285.9 288.42353.5 725.9 830.32420.8 662.7 236.21620.5 195.7 484.7 410.4 460.61572.0 204.3 203.8 542.7  48.1  48.5 395.1 121.9 139.5 406.4 111.3  39.8 272.1  26.4  81.5  69.0  77.4 263.9  29.6 130.5        
0620560516 767.5 152.9 543.6 205.4  96.7 261.8  72.4 375.4 220.1 132.6 255.7 114.0 756.7 612.22195.1             796.7 548.41950.3 736.8 346.6 939.2 259.41346.5 789.3 475.5 917.0 408.82714.82196.17875.8             149.2 515.5 365.2 138.0  65.0 175.9  48.7 252.2 147.9  89.1 171.8  76.6 508.3 411.21474.3             560.81938.3 386.1 518.7 244.0 661.1 182.6 947.9 555.7 334.8 645.5 287.81911.01545.95544.0             204.6 706.7 140.8 500.6  89.0 241.1  66.7 345.7 202.7 122.1 235.4 105.0 696.8 563.72021.2              62.2 214.8  42.9 152.2  57.6  73.3  16.3 105.1  61.7  37.2  71.6  32.0 211.8 171.3 614.1             264.0 912.1 181.7 646.1 244.1 114.9  86.0 446.1 261.5 157.6 303.8 135.5 899.3 727.52608.7              43.6 150.4  30.1 106.6  40.3  15.3  51.4  73.6  43.2  26.1  50.2  22.4 148.3 120.0 429.9             383.61325.5 264.1 938.9 354.7 166.9 452.2 124.9 380.0 229.0 441.5 196.91306.91057.23791.3             220.0 760.0 151.5 538.3 203.5  95.8 259.3  71.7 371.7 131.3 253.2 112.9 749.4 606.22173.7             115.2 397.7  79.3 281.7 106.5  40.2 135.7  30.1 194.5 114.1 132.5  59.2 392.1 317.21137.3             257.4 889.6 177.2 630.1 238.1 112.1 303.5  83.9 435.1 255.1 153.7 132.2 877.1 709.52544.2              97.3 336.1  67.0 238.1  90.0  34.0 114.7  25.4 164.4  96.4  58.2 112.0 331.4 268.1 961.2             785.32714.2 540.61922.4 726.3 341.6 925.8 255.71327.3 778.1 468.8 903.9 403.02164.87763.5             633.02187.8 435.81549.6 585.5 275.4 746.3 206.11069.9 627.2 377.9 728.6 324.92157.16257.8            2300.77952.31583.65632.42127.71000.72712.2 748.83888.72279.51373.22648.11180.57840.56342.5                                                                                                                                                                                                                                
0620560615 360.11315.11126.84903.1 686.3 275.5 387.9 318.71023.51252.8  99.3 242.81464.81910.0                   342.7 412.5 353.51537.7 215.3  86.5 121.7 100.0 321.1 393.0  31.3  76.3 459.5 599.1                  1320.4 435.21362.05926.7 829.6 333.0 468.8 385.21237.11514.3 120.1 293.51770.62308.7                  1127.6 371.71357.55061.2 708.4 284.4 400.4 328.91056.51293.1 102.5 250.71512.01971.6                  4993.81645.86012.05151.13137.31259.01772.81456.44678.95727.1 453.71109.86696.58731.9                   676.6 223.1 814.6 698.03037.0 170.7 240.3 197.4 634.0 776.0  61.6 150.5 907.31183.1                   230.4  76.0 277.4 237.71033.9 144.8  81.9  67.3 215.9 264.2  16.9  42.1 309.0 402.8                   371.1 122.4 446.7 382.81665.4 233.2  93.7 108.3 347.7 425.6  33.8  82.6 497.6 648.8                   270.6  89.3 325.8 279.11214.3 170.1  68.3  96.2 253.5 310.3  19.8  49.4 362.8 473.1                  1021.8 336.91230.21054.04586.6 642.0 257.7 362.8 298.11171.9  92.9 227.21370.21786.7                  1256.6 414.21512.81296.15640.2 789.5 316.9 446.2 366.51177.3 114.3 279.31685.02197.1                    48.0  15.9  57.8  49.5 215.1  30.2  12.2  17.1  14.1  45.0  55.1   8.9  64.3  83.9                   159.4  52.6 191.9 164.4 715.0 100.2  40.3  56.7  46.6 149.3 182.8  11.7 213.7 278.6                  1473.7 485.71774.11520.16614.7 925.8 371.6 523.2 429.91380.71690.0 134.0 327.62576.7                  1929.4 636.02322.81990.28660.71212.2 486.5 685.0 562.81807.82212.7 175.4 428.92587.3                                                                                                                                                                                                                                                                                                                                            
0620560716  75.5 711.8  77.8  86.3  39.1  96.0 102.8  18.3  37.6  87.4 172.9 124.5 194.8 908.8 502.5              97.71787.5 195.2 216.5  97.9 240.9 257.9  57.3  96.2 219.3 433.9 312.6 489.12282.21261.8             969.61880.41937.62148.6 971.12391.72560.4 567.7 954.72176.74308.73103.24856.59999.89999.8             100.9 195.51845.1 223.4 101.0 248.7 266.2  59.1  99.3 226.3 447.9 322.6 504.82355.71302.4             112.5 218.02057.4 224.7 112.7 277.3 296.8  65.9 110.8 252.4 499.4 359.7 562.92626.71452.2              39.5  83.2 784.2  85.7  95.0 105.8 113.2  20.2  41.5  96.3 190.4 137.2 214.61001.2 553.6             125.8 243.92301.8 251.3 278.7 126.0 332.1  73.7 123.9 282.3 558.7 402.4 629.82938.81624.8             135.1 261.92471.5 269.8 299.2 135.3 333.1  79.2 133.0 303.1 599.9 432.1 676.23155.41744.5              15.8  33.1 311.5  34.1  37.8  17.2  42.1  45.0  16.5  38.3  75.7  54.6  85.3 397.7 219.9              37.9  79.7 751.7  82.2  91.1  41.2 101.4 108.5  19.4  92.3 182.5 131.5 205.7 959.7 530.6             114.0 221.02085.6 227.7 252.5 114.2 281.1 300.9  66.8 112.3 506.3 364.7 570.62662.71472.2             231.1 448.14230.0 461.8 512.0 231.5 569.9 610.1 135.4 227.6 518.7 739.51157.25400.62985.8             164.9 319.73017.5 329.4 365.3 165.2 406.6 435.3  96.6 162.4 370.1 732.4 825.53852.62130.0             261.2 506.54781.0 521.9 578.7 261.6 644.2 689.6 153.0 257.2 586.31160.4 835.86104.13374.7            1239.42403.89999.82476.92746.71241.43057.43273.0 725.71220.42782.65508.03967.06208.39999.8             682.71324.19999.81364.41513.0 683.81684.11802.9 399.8 672.31532.73033.92185.13419.69999.8                                                                                                                                                                                                                                
06205608162332.5 570.9 167.0 395.42230.4 464.5 681.21236.1 181.2 728.5 125.7 819.9 397.3 336.21156.1            2376.01729.6 505.81197.96758.31407.32064.13745.5 548.72207.3 380.72484.31203.51018.43503.0             564.91680.0 120.3 284.81606.5 334.6 490.7 890.4 130.5 524.8  90.6 590.6 286.2 242.2 832.7             102.9 305.7  74.9  51.9 292.3  61.0  89.4 162.1  19.1  95.6  13.3 107.5  52.2  44.2 151.6             384.51143.4 279.9  81.91093.3 227.8 334.0 606.0  88.9 357.2  61.7 402.0 194.8 164.9 566.8            2271.16755.51653.2 483.51145.01345.21972.93580.0 524.42109.8 363.92374.51150.4 973.43348.2             455.51354.8 331.6  97.1 229.71295.5 395.7 718.0 105.3 423.2  73.1 476.3 230.8 195.3 671.5             678.32017.6 493.8 144.5 342.01929.3 401.81069.2 156.7 630.2 108.8 709.2 343.7 290.81000.0            1248.83714.6 909.1 265.9 629.63552.0 739.71084.9 288.41160.1 200.11305.7 632.6 535.31841.1             113.4 337.2  82.6  19.4  57.3 322.4  67.2  98.6 178.7 105.4  14.7 118.6  57.5  48.7 167.2             726.92162.2 529.2 154.8 366.52067.5 430.6 631.51145.9 167.9 116.6 760.1 368.3 311.61071.7              72.0 213.8  52.4  12.4  36.4 204.5  42.7  62.5 113.4  13.4  66.9  75.3  36.5  30.9 106.1             820.92441.7 597.6 174.8 413.92334.8 486.3 713.11294.0 189.6 762.6 131.6 415.9 351.91210.2             386.41149.1 281.3  82.3 194.91098.8 228.9 335.7 609.0  89.3 359.0  62.0 404.0 165.7 569.6             323.6 962.3 235.6  69.0 163.2 920.1 191.7 281.1 510.0  74.8 300.6  51.9 338.3 164.0 477.0            1166.63469.9 849.2 248.4 588.23318.0 691.01013.41838.8 269.41083.7 187.01219.7 590.9 500.1                                                                                                                                                                                                                                
0620560911  57.3  59.1 108.4 205.4  12.8  61.7  32.0  29.1  64.4  55.7                                            87.9 178.7 327.7 621.6  48.1 186.6  96.7  93.6 194.7 168.5                                            90.8 179.0 338.5 642.1  49.7 192.8  99.9  96.6 201.1 174.0                                           171.0 337.1 347.61209.5  93.5 363.0 188.1 181.9 378.7 327.7                                           329.0 648.9 669.01227.3 179.8 698.7 361.9 350.1 728.9 630.7                                            10.9  26.6  27.4  50.2  95.2  28.6  14.9  13.6  29.9  25.9                                            95.1 187.4 193.2 354.4 672.2  52.0 104.6 101.2 210.5 182.2                                            33.6  82.7  85.3 156.4 296.5  18.4  89.1  42.0  92.9  80.4                                            30.2  74.3  76.6 140.4 266.3  16.6  80.0  41.5  83.5  72.2                                            99.4 196.0 202.1 370.6 703.0  54.4 211.0 109.3 105.8 190.5                                            85.3 168.2 173.4 318.0 603.2  46.7 181.1  93.8  90.8 188.9                                                                                                                                                                                                                                                                                                                                                                                                                                                                                                                                                                                                                                                                                                                                                                                            
06205610161166.1  96.6 482.11504.0 154.4 372.2 370.6 104.0 232.8 239.8 229.7 497.2 520.4 599.9  54.2            1218.4 555.62776.58662.4 888.82143.32134.3 598.31340.11380.81322.72863.32996.93455.0 311.3              62.5 344.0 142.3 443.6  45.6 109.9 109.4  27.1  68.7  70.8  67.8 146.7 153.6 177.0  12.9             497.02738.9 226.63532.6 362.5 874.1 870.5 244.1 546.6 563.2 539.51167.71222.21409.0 127.0            1574.98681.0 718.13588.71148.82770.32758.7 773.31732.11784.71709.73700.93873.74465.8 402.3             139.4 768.0  53.1 317.6 990.6 245.2 244.2  62.8 153.3 158.0 151.4 327.5 342.8 395.2  29.8             381.02099.8 173.8 868.12708.2 278.0 667.3 187.2 419.0 431.8 413.6 895.2 937.01080.2  97.4             379.42090.6 173.0 864.32696.5 276.8 667.3 186.3 417.2 429.9 411.8 891.4 933.01075.5  97.0              76.2 419.3  27.9 173.4 540.7  55.6 133.9 133.3  83.8  86.3  82.7 178.8 187.2 215.8  15.7             233.91288.9 106.7 532.91662.3 170.7 411.4 409.7 114.9 265.1 253.9 549.5 575.2 663.1  59.8             241.41329.9 110.1 549.91715.3 176.1 424.5 422.7 118.6 265.5 262.0 567.0 593.5 684.2  61.7             230.71271.3 105.3 525.61639.7 168.3 405.8 404.1 113.4 253.8 261.5 542.1 567.4 654.1  59.0             512.92826.6 233.91168.63645.7 374.1 902.1 898.3 251.9 564.1 581.2 556.81261.31454.1 131.1             537.32961.5 245.11224.33819.7 392.0 945.2 941.2 263.9 591.0 608.9 583.31262.61523.5 137.3             621.23424.0 283.31415.54416.2 453.21092.71088.1 305.1 683.2 704.0 674.41459.81527.9 158.7              30.0 164.6  11.0  68.1 212.2  21.9  52.6  52.4  13.0  32.9  33.9  32.5  70.2  73.5  84.7                                                                                                                                                                                                                                
0620561115  19.4 114.4  50.3  52.2 116.2 108.9 182.0 147.2  10.2  44.9 103.6  29.3  31.6 353.9                    21.3 204.9  90.1  93.5 208.1 195.1 326.0 263.6  18.2  80.4 185.5  52.3  56.4 634.0                   195.2 281.9 662.1 687.41531.61435.52399.01940.1 166.4 590.91365.1 384.5 414.74667.2                    83.6 120.7 645.1 294.2 655.4 614.31026.6 830.2  71.3 252.9 584.2 164.6 177.51997.1                    86.9 125.5 670.8 294.7 681.6 638.81067.6 863.4  74.1 263.0 607.5 171.2 184.62076.9                   198.4 286.51532.1 673.0 698.71459.02438.31971.9 169.2 600.51387.5 390.8 421.54743.6                   185.7 268.21434.0 629.9 654.01457.02282.31845.7 158.3 562.11298.7 365.8 394.54440.1                   312.9 451.92417.11061.71102.22455.92301.83111.0 266.8 947.42188.9 616.4 664.97484.0                   252.3 364.41948.8 856.0 888.71980.11855.93101.7 215.1 763.91764.9 497.0 536.16034.2                     9.8  15.8  93.1  40.9  42.5  94.5  88.6 148.0 119.7  36.6  84.3  23.8  25.7 287.8                    74.2 107.1 572.3 251.5 261.1 581.5 545.0 910.8 736.6  63.3 518.3 146.0 157.51771.9                   176.4 254.81362.2 598.4 621.21384.11297.32168.01753.3 150.4 534.0 347.5 374.84217.8                    33.9  55.0 326.1 143.3 148.8 331.4 310.6 519.0 419.7  28.9 127.9 295.4  89.81009.5                    50.9  73.5 392.6 172.5 179.1 398.9 373.9 624.8 505.3  43.4 154.0 355.6 100.21215.5                   612.4 884.54731.12078.02157.44807.04505.47529.96089.3 522.11854.34284.51206.51301.4                                                                                                                                                                                                                                                                                                                                            
06205612161463.49999.8 995.81618.9 755.73799.69999.81632.42096.0 573.62067.2 435.82539.31249.82960.2            1397.51843.2 141.6 230.1 107.5 539.82246.3 232.0 297.9  81.6 293.8  62.0 360.8 177.7 420.6            9999.81933.81315.92139.3 998.65020.99999.82157.12769.8 758.02731.7 575.93355.61651.63911.7             835.0 124.31101.3 137.5  64.3 322.61342.1 138.7 178.0  39.1 175.6  29.7 215.6 106.2 251.4            1554.3 231.32050.0 157.4 119.5 600.42498.3 258.0 331.3  90.7 326.7  69.0 401.3 197.6 467.8             615.0  91.6 811.1  62.4 101.3 237.6 988.5 102.2 131.1  28.8 129.3  21.9 158.9  78.3 185.2            3752.1 558.24948.8 379.9 617.6 288.36030.9 622.7 799.5 218.9 788.5 166.3 968.6 476.81129.1            9999.82359.19999.81605.32609.91218.26125.42631.63379.1 924.73332.6 702.54093.82014.94772.2            1567.8 233.32067.9 158.8 258.1 120.5 605.62520.0 334.2  91.5 329.6  69.6 404.8 199.3 471.9            2035.2 302.82684.2 206.1 335.0 156.4 786.13271.2 337.8 118.8 427.8  90.3 525.4 258.7 612.5             343.1  51.2 452.5  34.9  56.6  26.5 132.6 551.5  57.1  73.2  72.2  12.3  88.7  43.7 103.3            2006.1 298.52645.9 203.2 330.2 154.2 774.93224.5 333.0 427.5 117.1  89.0 517.9 255.0 603.7             242.1  36.1 319.3  24.6  40.0  18.7  93.6 389.1  40.3  51.7  11.4  51.0  62.6  30.9  72.9            2481.9 369.33273.5 251.3 408.5 190.8 958.73989.4 411.9 528.9 144.8 521.6 110.1 315.4 746.9            1182.3 176.01559.4 119.8 194.7  90.9 456.71900.3 196.3 252.0  69.1 248.5  52.5 305.3 355.9            2906.1 432.43832.9 294.3 478.3 223.31122.54671.1 482.3 619.3 169.6 610.8 128.8 750.2 369.3                                                                                                                                                                                                                                
0720360116  66.8  26.7  22.5 114.6 216.3 268.6  61.3 354.8 214.2 336.1 119.5 325.5 230.9 187.0  38.7              79.7  65.1  54.8 224.1 423.2 525.7 119.9 694.3 419.1 657.8 233.8 637.0 451.9 365.9  80.5              24.8  41.5  14.0  71.1 134.2 166.7  38.1 220.1 132.9 208.5  74.2 201.9 143.3 116.0  24.1              20.1  33.5  13.4  57.4 108.3 134.5  30.8 177.7 107.3 168.3  59.9 163.0 115.7  93.7  19.5             140.7 230.7 114.8  96.7 747.5 928.4 211.71226.3 740.21161.8 412.91125.1 798.1 646.2 142.1             270.6 443.8 220.8 186.0 761.51786.3 407.22359.41424.12235.2 794.42164.61535.51243.2 273.2             337.4 553.5 275.4 232.0 949.71793.5 507.92942.61776.12787.7 990.82699.71915.01550.5 340.7              76.3 109.8  45.6  38.4 188.4 355.7 441.8 583.5 352.2 552.8 196.5 535.3 379.8 307.5  70.7             447.4 734.0 365.1 307.61259.42378.52954.5 673.52355.43697.01313.93580.22539.72056.2 451.8             267.9 439.4 218.6 184.2 753.91423.81768.6 403.22336.12213.1 786.62143.21520.31230.9 270.5             423.6 694.8 345.7 291.21192.32251.72797.0 637.63694.42229.91243.93389.42404.31946.6 427.7             147.0 241.1 120.0 101.1 413.6 781.1 970.2 221.21281.5 773.51214.01175.7 834.0 675.3 148.4             410.0 672.6 334.6 281.91154.12179.62707.5 617.23576.22158.53388.01204.12327.41884.3 414.0             289.3 474.5 236.1 198.9 814.11537.51909.9 435.42522.61522.62389.8 849.42314.41329.2 292.1             233.2 382.4 190.3 160.3 656.21239.21539.3 350.92033.11227.21926.1 684.61865.31323.2 235.4              38.6  64.4  25.7  21.7 110.5 208.6 259.0  59.1 342.1 206.5 324.1 115.3 313.9 222.7 180.3                                                                                                                                                                                                                                
0720360216  41.4  79.2  36.9  13.1  79.2  34.4  35.3  88.0  90.8  17.6  69.4  38.6  21.6  78.2   9.5              80.41107.3 515.7 181.71107.3 480.5 493.41231.11270.8 245.2 970.4 539.5 300.41094.1 164.3             156.11124.61001.8 352.82151.2 933.5 958.42391.62468.7 476.21885.11048.0 583.42125.5 319.1              71.4 513.6 982.3 161.2 982.3 426.3 437.71092.11127.4 217.5 860.9 478.6 266.5 970.6 145.8              16.9 151.6 289.8 135.0 289.8 125.8 129.2 322.2 332.6  64.3 254.0 141.3  78.7 286.4  34.5             156.11124.62151.21001.8 352.8 933.5 958.42391.62468.7 476.21885.11048.0 583.42125.5 319.1              66.3 477.3 912.9 425.2 149.8 912.9 406.81014.91047.7 202.2 800.0 444.8 247.7 902.0 135.5              68.2 490.6 938.3 437.0 154.0 938.3 407.21043.11076.8 207.8 822.3 457.2 254.5 927.1 139.3             173.81252.52395.71115.6 392.92395.71039.61067.32749.3 530.32099.41167.1 649.72367.1 355.4             179.51293.52474.11152.1 405.82474.11073.61102.32750.6 547.72168.11205.4 671.02444.6 367.0              23.6 211.2 403.9 188.2  66.3 403.9 175.3 180.0 449.0 463.5 354.0 196.8 109.6 399.1  48.0             136.5 983.21880.6 875.8 308.51880.6 816.1 837.92090.82158.3 416.3 916.3 510.11858.2 279.0              74.8 538.21029.4 479.4 168.91029.4 446.7 458.71144.41181.4 227.9 902.1 279.21017.1 152.8              40.5 291.2 556.9 259.4  91.4 556.9 241.7 248.2 619.2 639.2 123.4 488.1 271.4 550.3  82.7             154.21111.02125.1 989.6 348.52125.1 922.1 946.82362.62438.8 470.41862.31035.3 576.4 315.2              11.7 104.5 199.7  93.1  32.9 199.7  86.7  89.0 222.0 229.2  44.3 175.0  97.4  54.3 197.3                                                                                                                                                                                                                                
07203603161899.8 268.2 625.2  94.0 132.4 170.2 117.3 243.3 154.51899.8 697.0 240.9 795.41660.6 112.9            1978.81967.14587.6 688.8 971.11248.4 860.01784.61133.29999.85114.31766.75836.39999.8 827.7             268.11888.0 621.3  93.4 131.6 169.2 116.6 241.8 153.61888.0 692.7 239.4 790.41650.3 112.2             642.44525.8 638.7 223.7 315.3 405.3 279.3 579.4 368.04525.81660.3 573.61894.73955.9 268.8              58.6 412.3  58.3 135.7  28.8  37.0  23.0  52.9  33.6 412.3 151.3  52.4 172.7 360.4  19.7             113.2 796.6 112.5 262.2  31.6  71.4  44.3 102.1  64.9 796.6 292.3 101.1 333.5 696.3  38.0             165.41164.6 164.4 383.3  57.7  81.2  72.0 149.2  94.81164.6 427.3 147.7 487.61017.9  69.3              87.6 616.2  87.1 202.9  24.5  43.0  55.3  79.0  50.2 616.2 226.1  78.2 258.1 538.7  29.4             242.01704.3 240.6 560.9  84.3 118.8 152.7 105.2 138.61704.3 625.3 216.1 713.61489.7 101.3             134.2 945.0 133.4 311.0  37.5  65.9  84.7  52.6 121.1 945.0 346.7 119.9 395.7 826.0  45.0            1978.89999.81967.14587.6 688.8 971.11248.4 860.01784.61133.25114.31766.75836.39999.8 827.7             717.75056.0 713.51663.8 249.9 352.2 452.8 312.0 647.3 411.15056.0 640.82116.64419.3 300.2             239.51686.4 238.0 555.0  83.4 117.6 151.1 104.1 216.0 137.21686.4 618.7 706.01474.0 100.2             820.85782.8 816.01902.9 285.8 402.9 517.9 356.8 740.3 470.15782.82121.4 732.95054.6 343.4            1728.09999.81717.74006.1 601.5 848.01090.1 751.01558.4 989.69999.84466.01542.85096.5 722.8              73.1 513.9  72.6 169.2  20.4  35.9  46.1  28.7  65.9  41.9 513.9 188.6  65.2 215.2 449.2                                                                                                                                                                                                                                
0720360413 183.4  54.6 252.1  72.1 127.1 471.9 170.5  23.9 185.4 348.9 113.0 136.3                               210.8 144.3 547.1 156.4 275.81024.2 370.1  64.7 402.3 757.3 245.1 295.8                                50.9  96.1 132.0  37.8  66.6 247.0  89.3  12.6  97.1 182.7  59.2  71.4                               292.9 553.1 200.4 217.2 383.21423.2 514.2  89.9 558.91052.3 340.5 411.0                                69.9 132.0  39.3 181.4  91.5 339.5 122.7  17.3 133.4 251.0  81.3  98.1                               143.5 271.0  98.3 372.5 106.5 697.2 251.9  44.1 273.9 515.5 166.9 201.4                               555.41049.1 380.11442.1 411.9 726.9 975.3 170.41060.21996.2 645.8 779.5                               195.4 369.0 133.7 507.1 144.9 255.7 949.3  60.0 372.9 702.0 227.2 274.2                                17.6  33.2  10.0  45.5  13.1  23.0  85.1  30.8  33.5  63.0  20.5  24.7                               213.1 402.4 145.9 553.2 158.1 278.91035.5 374.2  65.4 765.7 247.8 299.0                               408.5 771.6 279.61060.7 303.0 534.71985.6 717.3 125.3 779.8 475.0 573.3                               126.6 239.0  86.7 328.5  93.9 165.6 614.9 222.2  38.9 241.5 454.7 177.6                               154.5 291.7 105.8 401.0 114.6 202.2 750.6 271.2  47.5 294.8 555.0 179.6                                                                                                                                                                                                                                                                                                                                                                                                                                                                                                                                                                    
07203605184831.6 947.61767.34929.21094.92855.92446.72700.8 950.63197.83890.21096.37747.36021.2 578.58474.1 779.24779.0 367.8 686.01913.2 425.01108.5 949.71048.3 369.01241.21509.9 425.63006.92337.0 224.63289.0 302.5 781.0 306.5 112.2 312.7  69.6 181.2 155.3 171.4  60.4 202.9 246.8  69.6 491.4 382.0  29.5 537.5  39.71693.2 664.5 130.4 677.9 150.7 392.8 336.5 371.5 130.8 439.8 535.0 150.91065.4 828.0  79.71165.3 107.34877.31913.9 375.4 700.1 433.81131.3 969.21069.9 376.61266.71541.0 434.33068.82385.1 229.23356.6 308.7 915.9 359.5  70.6 131.6 366.7 212.5 182.1 201.0  70.8 238.0 289.4  81.7 576.3 447.9  34.5 630.4  46.52789.41094.6 214.8 400.51116.7 248.1 554.4 611.9 215.5 724.5 881.4 248.41755.11364.1 131.21919.8 176.62377.3 932.9 183.1 341.3 951.8 211.5 551.5 521.5 183.6 617.5 751.2 211.81495.81162.6 111.81636.1 150.52633.21033.3 202.7 378.01054.2 234.3 610.8 523.3 203.4 683.9 832.0 234.51656.81287.7 123.81812.3 166.7 783.8 307.6  60.4 112.6 313.8  69.8 181.9 155.8 172.0 203.6 247.7  69.9 493.2 383.3  29.6 539.4  39.83133.71229.7 241.3 449.91254.5 278.8 726.9 622.8 687.4 242.0 990.1 279.11971.81532.5 147.32156.7 198.43831.01503.3 294.9 549.91533.7 340.8 888.6 761.3 840.4 295.9 995.0 341.22410.51873.4 180.12636.6 242.5 917.1 359.9  70.7 131.7 367.2  81.7 212.8 182.3 201.3  70.9 238.3 289.8 577.1 448.5  34.6 631.2  46.67715.33027.4 593.81107.43088.6 686.11789.51533.11692.3 595.72003.72437.6 687.03772.8 362.55309.8 488.35977.02345.4 460.0 857.92392.7 531.61386.31187.71311.1 461.51552.31888.4 532.23760.7 280.94113.5 378.3 337.2 132.4  26.1  48.5 135.1  30.1  78.3  67.1  74.1  26.2  87.7 106.6  30.1 212.2 165.0 232.1  17.28447.13314.6 650.11212.43381.5 751.21959.21678.51852.8 652.22193.82668.8 752.15314.94130.7 396.9 534.6 484.2 190.1  37.4  69.6 193.9  43.2 112.4  96.3 106.3  37.5 125.8 153.1  43.2 304.7 236.8  18.3 333.3        
0720360613 347.3 626.7  53.9 110.3 103.4 121.1 578.0 205.5 255.8 318.9 253.8 141.9                               354.61042.1  89.5 183.3 171.9 201.3 961.0 341.7 425.3 530.1 422.0 235.8                               649.31057.3 163.8 335.7 314.7 368.51759.8 625.6 778.7 970.7 772.8 431.8                                29.7  48.3  87.0  15.4  13.6  16.9  80.3  28.6  35.6  44.3  35.3  19.8                                94.1 153.2 276.4  19.1  42.9  53.5 254.9  90.7 112.9 140.7 112.0  62.6                                81.6 132.8 239.5  16.6  42.2  46.3 220.9  78.6  97.8 121.9  97.1  54.3                               104.5 170.0 306.8  21.2  54.1  47.7 282.9 100.7 125.3 156.1 124.3  69.5                               597.9 973.61757.2 150.8 309.1 289.8 339.3 576.1 717.1 893.9 711.5 397.6                               205.1 333.9 602.6  51.8 106.1  99.4 116.4 555.7 246.0 306.6 244.1 136.4                               258.1 420.3 758.5  65.2 133.5 125.1 146.5 699.4 248.7 385.9 307.2 171.7                               324.6 528.6 953.9  81.9 167.8 157.4 184.3 879.7 312.8 389.3 386.3 215.9                               256.1 416.9 752.4  64.6 132.4 124.1 145.4 693.8 246.7 307.1 382.8 170.3                               124.4 202.5 365.3  25.2  64.3  56.7  70.6 336.9 119.8 149.1 185.9 148.0                                                                                                                                                                                                                                                                                                                                                                                                                                                                                                                                                                    
0720360718  49.8 219.8 136.4 220.3  15.6 209.5  70.4 128.7  45.8 115.4  33.7  63.1 185.1 338.1  22.7 164.0 106.5  77.9 742.7 460.8 744.4  65.6 707.9 237.6 434.6 154.6 389.6 113.7 212.8 625.41142.4  93.2 554.1 359.5 360.5 778.22135.23450.1 303.43280.71100.72013.8 716.21805.5 526.3 986.02898.35294.8 431.72567.81665.9 221.9 478.92117.82122.7 186.72018.5 677.31239.1 440.71110.9 323.9 606.71783.33257.7 265.71579.91025.0 361.4 780.13450.22140.3 304.13288.51103.32018.6 717.91809.8 527.6 988.32905.25307.4 432.72573.91669.9  15.0  40.3 177.7 110.3 178.1 169.4  56.9 104.0  37.1  93.3  27.3  51.0 149.7 273.3  18.4 132.6  86.1 343.4 741.33278.52033.83286.2 289.01048.51918.2 682.21719.7 501.3 939.12760.75043.3 411.22445.81586.8 112.1 241.91069.5 663.51072.0  94.41019.4 625.8 222.6 561.1 163.6 306.4 900.61645.2 134.2 797.9 517.7 209.0 451.01994.81237.51999.5 175.91901.3 638.0 415.11046.4 305.1 571.41679.73068.5 250.21488.1 965.5  71.3 153.8 679.9 421.8 681.5  60.0 648.0 217.5 397.8 356.7 104.1 194.8 572.51045.8  85.4 507.2 329.1 186.9 403.31783.71106.51787.9 157.31700.1 570.51043.6 371.2 272.8 511.01502.02743.8 223.81330.7 863.3  36.9  99.3 439.0 272.4 440.0  31.1 418.4 140.5 256.9  91.4 230.3 125.8 369.7 675.2  45.3 327.5 212.5  99.9 215.6 953.2 591.3 955.4  84.1 908.5 304.9 557.7 198.4 500.1 145.8 802.71466.3 119.6 711.1 461.4 302.8 653.72891.11793.52897.9 254.82755.6 924.61691.5 601.61516.5 442.1 828.24447.4 362.62156.81399.3 557.11202.65319.53299.95332.0 468.85070.21701.13112.31106.82790.3 813.31523.74479.3 667.13968.42574.6  23.6  63.5 280.2 173.9 280.9  19.9 267.1  89.7 164.0  58.4 147.1  43.0  80.4 236.0 431.0 209.1 135.7 267.8 577.92556.11585.72562.1 225.32436.3 817.51495.5 531.91340.8 390.9 732.22152.43932.0 320.61237.2 172.1 371.41642.21018.81646.1 144.81565.3 525.2 960.9 341.8 861.5 251.2 470.51382.92526.2 206.01225.1        
0720360818 343.8  29.2  91.1 309.0 108.8 224.0  98.1 351.0 126.8 203.1 436.7 281.0 881.2  88.5  80.1 227.0 877.7 403.3 158.3 395.51342.7 472.5 972.9 425.91525.0 550.6 882.31897.61220.73829.2 384.0 347.7 986.33814.0  23.6  87.1  23.2  78.3  27.7  56.8  24.9  89.0  32.2  51.5 110.7  71.2 223.2  22.5  20.4  57.6 222.3  90.9 336.5  28.6 302.5 106.5 219.2  96.0 343.6 124.1 198.8 427.5 275.0 862.5  86.6  78.4 222.2 859.1 361.71339.6 141.9 354.7 423.7 872.6 382.01367.7 493.8 791.31701.91094.83434.3 344.4 311.8 884.63420.6 122.0 451.7  47.9 119.7 406.1 294.3 128.9 461.2 166.6 266.9 573.8 369.21157.9 116.2 105.2 298.31153.3 259.9 962.3 102.0 254.8 865.1 304.4 274.4 982.5 354.8 568.51222.5 786.42466.9 247.4 224.0 635.52457.2 109.2 404.2  42.9 107.1 363.4 127.9 263.3 412.7 149.1 238.8 513.5 330.41036.1 104.0  94.2 266.91032.0 412.01525.7 161.6 403.91371.4 482.6 993.7 435.0 562.4 901.21938.21246.83911.2 392.2 355.11007.43895.7 143.6 531.4  56.4 140.8 477.7 168.2 346.2 151.6 542.6 314.0 675.1 434.31362.2 136.7 123.8 350.91356.8 234.9 869.9  92.2 230.4 782.0 275.2 566.6 248.1 888.2 320.71105.1 710.92230.0 223.7 202.5 574.42221.1 514.61905.8 201.9 504.61713.1 602.81241.3 543.41945.8 702.51125.71557.44885.7 489.9 443.61258.44866.3 328.11215.1 128.8 321.71092.3 384.4 791.5 346.51240.6 447.9 717.81543.73115.1 312.4 282.9 802.43102.71046.63876.7 410.51026.23484.81226.02525.01105.23958.01428.82289.84925.03168.0 996.4 902.22559.79899.1  88.1 325.8  27.7  86.4 292.9 103.1 212.3  93.0 332.7 120.2 192.5 413.9 266.3 835.2  75.9 215.2 831.9  79.0 292.2  24.9  77.4 262.6  92.5 190.3  83.4 298.3 107.8 172.6 371.1 238.8 748.8  75.2 193.0 745.8 263.6 976.0 103.4 258.4 877.3 308.7 635.7 278.3 996.5 359.8 576.51239.9 797.62502.0 250.9 227.22492.11042.43861.1 408.91022.13470.81221.12514.91100.83942.21423.12280.74905.33155.49898.8 992.4 898.52549.5        
07203609181112.6 342.41433.61271.7 321.31053.81151.6 275.1 428.71663.3 962.6 487.33024.71800.5 590.83183.82091.41094.3 169.4 708.9 628.9 158.9 521.1 569.5 136.1 212.0 822.5 476.0 241.01495.7 890.3 292.21574.31034.2 216.3 108.8 140.2 124.4  25.2 103.1 112.6  21.6  42.0 162.6  94.2  47.7 295.6 176.0  57.8 311.2 204.41420.6 714.3 219.8 816.4 206.3 676.5 739.3 176.6 275.21067.8 618.0 312.91941.71155.8 379.32043.81342.61256.1 631.5 194.4 813.7 182.4 598.2 653.7 156.2 243.4 944.1 546.4 276.61716.81021.9 335.41807.01187.0 200.7 101.0  25.0 130.1 115.4  95.7 104.5  20.1  39.0 150.9  87.4  44.3 274.3 163.3  53.7 288.7 189.71034.5 520.2 160.1 670.2 594.5 150.3 538.4 128.6 200.5 777.6 450.0 227.91413.9 841.7 276.21488.3 977.71133.9 570.1 175.5 734.6 651.7 164.7 540.0 141.0 219.7 852.3 493.3 249.71549.8 922.6 302.81631.31071.6 166.6  83.8  20.7 107.9  95.8  19.5  79.4  86.7  32.4 125.2  72.5  36.8 227.6 135.5  44.6 239.6 157.4 359.4 180.7  44.6 232.8 206.6  41.8 171.2 187.1  35.8 270.1 156.4  79.2 491.1 292.4  96.0 517.0 339.61654.2 831.7 255.91071.6 950.6 240.2 787.7 860.8 205.6 320.5 719.6 364.32260.91345.8 441.62379.81563.3 941.8 473.5 145.8 610.1 541.2 136.8 448.5 490.1 117.1 182.5 707.9 207.41287.2 766.2 251.51354.9 890.0 458.6 230.6  71.0 297.1 263.6  66.7 218.4 238.7  57.1  88.9 344.7 199.5 626.7 373.1 122.5 659.7 433.43038.21527.5 470.01968.21746.0 441.11446.81581.0 377.6 588.52283.61321.5 669.02471.9 811.14371.12871.31793.6 901.8 277.51161.91030.7 260.4 854.1 933.4 223.0 347.51348.1 780.2 395.02451.5 478.92580.41695.1 563.8 283.5  87.3 365.3 324.0  81.9 268.5 293.4  70.2 109.3 423.8 245.3 124.2 770.5 458.7 811.1 532.83200.01608.8 495.02073.01838.9 464.51523.81665.2 397.7 619.82405.11391.9 704.64373.72603.5 854.33024.12089.41050.5 323.31353.51200.7 303.4 995.01087.3 259.7 404.81570.4 908.8 460.12855.81699.9 557.83005.9        
0720361016  94.5  66.3 364.4 297.3 482.6  94.7 210.7 369.0 525.4 371.1 125.3 265.9 259.4 415.4 138.4              62.5  19.4 132.9 108.4 175.9  29.1  76.9 134.5 191.5 135.3  45.7  97.0  94.6 151.5  50.5              40.7  18.0  86.5  70.6 114.6  19.0  50.1  87.6 124.7  88.1  29.8  63.2  61.6  98.6  32.9             376.3 207.5 145.5 653.41060.8 208.0 463.1 811.01154.7 815.6 275.3 584.3 570.0 913.0 304.0             305.1 168.3 118.0 649.3 860.0 168.6 375.5 657.5 936.2 661.3 223.2 473.7 462.1 740.2 246.5             501.7 276.7 194.01068.0 871.3 277.3 617.51081.41539.81087.7 367.1 779.1 760.11217.5 405.3              66.3  29.3  20.6 141.0 115.0 186.7  81.6 142.7 203.2 143.5  48.5 102.9 100.3 160.7  53.6             213.2 117.6  82.5 453.7 370.2 600.9 117.8 459.4 654.1 462.0 156.0 331.0 322.9 517.2 172.2             381.1 210.2 147.4 811.3 661.91074.5 210.6 469.11169.7 826.2 278.9 591.8 577.4 924.8 307.9             547.1 301.7 211.61164.6 950.11542.5 302.3 673.31179.21186.0 400.3 849.6 828.81327.6 442.0             383.4 211.4 148.3 816.1 665.81080.8 211.9 471.8 826.31176.6 280.5 595.3 580.8 930.3 309.7             110.4  48.8  34.3 235.0 191.7 311.2  51.3 135.9 237.9 338.7 239.3 171.4 167.2 267.8  89.2             271.7 149.9 105.1 578.3 471.8 765.9 150.2 334.4 585.5 833.7 588.9 198.8 411.5 659.2 219.5             264.8 146.1 102.4 563.6 459.8 746.4 146.4 325.9 570.6 812.5 573.9 193.7 411.1 642.4 213.9             430.4 237.4 166.5 916.1 747.41213.4 237.9 529.7 927.71320.9 933.0 314.9 668.3 652.0 347.7             136.4  75.2  52.8 290.1 236.7 384.3  75.4 167.8 293.8 418.3 295.5  99.8 211.7 206.5 330.7                                                                                                                                                                                                                                
0720361116 391.2 168.7 781.7 219.8 169.8 254.0 235.7 754.6 543.4 723.4 245.1 431.4 672.2 169.51119.9             385.6 117.1 542.4 152.6 117.8 176.3 163.6 523.6 377.1 501.9 170.1 299.3 466.4 117.6 777.0             133.6  94.0 187.8  52.9  36.0  61.1  56.7 181.3 130.6 173.8  59.0 103.7 161.5  32.7 269.0             789.3 555.5 239.5 312.1 241.1 360.7 334.71071.6 771.71027.3 348.1 612.6 954.6 240.71590.4             187.9 132.3  54.8 264.3  50.6  85.9  79.8 255.1 183.7 244.6  82.9 145.9 227.3  45.9 378.6             121.8  85.7  35.6 171.2  48.2  55.7  51.7 165.3 119.1 158.5  53.8  94.5 147.3  29.8 245.3             229.6 161.6  72.8 322.9  90.9  61.8  97.4 311.7 224.5 298.8 101.3 178.2 277.7  61.0 462.6             202.9 142.8  59.2 285.3  80.3  54.6  92.8 275.4 198.3 264.0  89.5 157.5 245.4  49.6 408.7             761.2 535.7 231.01070.7 301.0 232.5 347.9 322.8 744.3 990.8 335.7 590.8 920.7 232.11533.9             543.0 382.2 164.8 763.7 214.8 165.9 248.2 230.3 737.2 706.7 239.5 421.4 656.7 165.61094.1             729.0 513.1 221.31025.4 288.3 222.7 333.2 309.2 989.8 712.8 321.5 565.8 881.7 222.31469.0             211.7 149.0  61.8 297.7  83.8  57.0  96.8  89.8 287.4 207.0 275.5 164.3 256.0  51.7 426.5             427.2 300.7 129.7 600.8 169.0 130.5 195.3 181.2 580.0 417.7 556.0 188.4 516.7 130.3 860.7             676.1 475.9 205.2 951.0 267.4 206.5 309.0 286.8 918.0 661.1 880.0 298.2 524.7 206.21362.4             108.8  76.6  31.8 153.0  43.1  29.3  49.8  46.2 147.7 106.4 141.6  48.1  84.5 131.6 219.2            1138.8 801.4 345.61601.7 450.3 347.8 520.4 482.91546.11113.41482.2 502.2 883.81377.4 347.2                                                                                                                                                                                                                                
0720361211 215.0 133.6 230.9  54.9 463.3  77.0 370.0  84.8 151.3 456.9                                           216.3 149.9 259.0  61.6 519.7  86.3 415.0  95.0 169.7 512.5                                           117.4 130.9 140.6  26.8 282.0  37.5 225.2  41.3  92.1 278.1                                           233.1 259.9 161.5  66.3 560.2  93.1 447.3 102.4 182.9 552.5                                            31.2  34.7  21.6  37.3  74.7  10.0  59.7  11.0  24.5  73.7                                           478.9 534.0 331.8 573.5 136.2 191.1 919.1 210.4 375.81135.1                                            48.2  53.7  33.4  57.6  11.1 115.6  92.3  17.0  37.8 114.0                                           380.2 423.9 263.4 455.3 108.1 913.7 151.7 167.0 298.3 901.2                                            54.1  60.3  37.5  64.8  12.4 129.9  17.4 103.8  42.5 128.1                                           148.9 166.0 103.2 178.3  42.4 357.8  59.5 285.7  65.5 352.9                                           472.1 526.4 327.1 565.5 134.31134.7 188.4 906.2 207.4 370.5                                                                                                                                                                                                                                                                                                                                                                                                                                                                                                                                                                                                                                                                                                                                                                                            
0920660116 410.8  76.2  57.0  48.8 288.7  91.3  36.5  11.8  49.3  64.5 377.9 224.4 155.7 105.9  73.1             667.51873.51400.71199.47109.32245.9 896.1 357.81211.21585.49306.75525.33833.12604.91798.6             119.51809.6 250.7 214.71271.7 401.8 160.4  64.1 216.8 283.71664.8 988.4 685.7 466.0 321.8              88.11333.2 247.0 158.2 936.9 296.1 118.2  47.3 159.7 209.01226.4 728.2 505.2 343.4 237.1              74.71130.3 209.4 156.6 794.3 251.0 100.2  40.1 135.4 177.21039.8 617.4 428.3 291.1 201.1             467.67086.01312.3 981.2 840.21573.1 627.7 250.7 848.41110.56518.83870.22684.91824.61259.9             144.32184.8 404.7 302.6 259.11535.4 193.6  77.4 261.7 342.52009.91193.3 827.9 562.6 388.5              39.3 742.5 137.6 102.9  88.1 521.8 164.9  21.1  89.0 116.5 683.1 405.6 281.4 191.3 132.1               9.8 183.8  34.2  25.6  21.9 129.2  40.9  16.4  22.1  28.9 169.1 100.5  69.7  47.4  32.8              75.51142.1 211.6 158.2 135.5 802.7 253.6 101.3  40.5 179.11050.7 623.9 432.8 294.2 203.2             100.31519.3 281.5 210.5 180.21067.7 337.4 134.7  53.9 182.01397.7 829.8 575.7 391.3 270.2             613.69300.51722.41287.81102.76535.82064.7 823.8 329.01113.51457.65079.63523.92394.81653.6             362.35489.71016.7 760.2 650.93857.91218.8 486.3 194.2 657.3 860.45050.32080.11413.6 976.1             249.83784.4 700.9 524.1 448.82659.5 840.2 335.3 133.9 453.2 593.23481.52066.9 974.5 672.9             168.12546.6 471.7 352.7 302.01789.7 565.4 225.7  90.2 305.0 399.22342.81390.9 965.0 452.9             114.51734.1 321.2 240.2 205.71218.7 385.1 153.7  61.5 207.7 271.91595.3 947.2 657.1 446.6                                                                                                                                                                                                                                
0920660216 708.91246.71349.72110.4 901.4 235.6 481.42931.22132.37084.3 201.4 281.33546.81863.5 477.2             686.1 425.1 460.2 719.5 307.4  80.4 164.2 999.3 727.02415.0  68.7  96.01209.1 635.3 162.7            1233.4 434.5 827.21293.4 552.5 144.5 295.11796.31306.84341.5 123.4 172.42173.61142.0 292.5            1338.2 471.4 829.01403.3 599.4 156.7 320.11949.01417.84710.4 133.9 187.12358.31239.1 317.3            2112.1 744.01308.51416.6 946.0 247.3 505.23076.32237.97435.0 211.3 295.23722.41955.7 500.8             882.0 310.7 546.4 591.6 924.9 103.3 211.01284.6 934.53104.6  88.3 123.31554.4 816.7 209.2             139.2  49.1  86.3  93.4 146.0  62.4  33.4 202.7 147.5 489.8  11.3  15.7 245.3 128.9  33.1             414.6 146.1 256.9 278.1 434.7 185.8  39.7 603.8 439.21459.1  34.0  47.4 730.5 383.9  98.4            2947.21038.11825.81976.63090.61320.0 345.0 704.93122.79999.8 294.8 411.85194.12729.0 698.7            2134.4 751.81322.31431.52238.3 956.0 249.9 510.53108.77513.4 213.5 298.33761.61976.3 506.0            7172.92526.44443.54810.67521.93212.6 839.51715.59999.87600.0 717.31002.29999.86641.71700.4             113.9  40.2  70.6  76.4 119.4  51.1  10.8  27.3 165.8 120.6 400.5  12.9 200.6 105.4  27.1             173.0  61.0 107.2 116.1 181.4  77.6  16.3  41.5 251.9 183.3 608.7  14.0 304.8 160.2  41.1            3573.61258.72213.82396.73747.51600.6 418.3 854.75204.93786.39999.8 357.4 499.33308.9 847.2            1860.9 655.51152.81248.01951.4 833.5 217.9 445.12710.31971.76550.5 186.2 260.13279.5 441.2             406.2 143.2 251.7 272.5 426.0 182.0  38.2  97.2 591.6 430.41429.6  32.6  45.5 715.8 376.1                                                                                                                                                                                                                                
0920660316 754.71532.33562.22864.54551.84608.0 628.41428.9 354.72487.41857.59454.99242.21837.2 450.7             624.2 125.9 292.5 235.3 373.8 378.4  41.4 117.4  23.4 204.3 152.6 776.3 758.8 150.9  29.7            1478.0 146.8 692.6 556.9 884.9 895.8 122.3 277.9  69.1 483.6 361.21838.01796.7 357.2  87.7            3526.1 350.1 710.71328.62111.12137.1 291.5 662.8 164.61153.7 861.54385.04286.4 852.1 209.1            2822.1 280.2 568.91322.31689.61710.5 233.3 530.5 131.8 923.4 689.53509.63430.7 682.0 167.4            4524.4 449.2 911.92119.91704.72742.2 374.0 850.4 211.21480.31105.45626.75500.11093.4 268.3            4581.1 454.8 923.42146.51726.12742.7 378.7 861.1 213.81498.91119.35697.25569.01107.1 271.6             393.1  39.1  79.3 184.3 148.2 235.4 238.3  74.0  14.8 128.7  96.1 488.8 477.8  95.1  18.8            1373.6 136.5 277.0 643.7 517.6 822.4 832.6 113.6  64.2 449.5 335.71708.31669.8 332.0  81.5             192.3  19.2  38.9  90.2  72.5 115.2 116.6  12.8  36.2  63.0  47.1 239.1 233.7  46.6   9.2            2441.6 242.5 492.21144.1 920.01461.81479.9 201.9 459.0 114.0 596.63036.42968.1 590.1 144.8            1806.0 179.4 364.1 846.3 680.51081.31094.7 149.4 339.5  84.4 591.02246.02195.5 436.5 107.2            9471.5 940.21909.04437.83568.65670.55740.6 782.81780.1 441.93098.82314.09999.82288.7 561.4            9256.9 918.91865.74337.33487.85542.15610.5 765.11739.8 431.93028.62261.69999.82236.9 548.7            1785.6 177.4 360.0 836.7 672.81069.11082.3 147.7 335.7  83.4 584.3 436.32220.52170.6 105.9             262.7  26.2  53.1 123.2  99.1 157.3 159.3  17.5  49.5   9.9  86.0  64.3 326.7 319.3  63.6                                                                                                                                                                                                                                
0920660418  92.6  55.4  26.0  64.8 177.0  99.5 147.2  18.3  34.5 106.6  12.0  31.6 236.3  36.0  77.2  54.9  69.7 165.2 878.2 410.81028.22810.51579.82336.6 288.1 546.91691.1 236.6 500.13753.5 569.41224.5 870.01105.8  97.5 866.1 242.3 606.31657.2 931.61377.8 170.0 322.5 997.2 139.6 294.92213.3 335.8 722.1 513.1 652.1  43.9 389.1 232.7 272.4 744.5 418.6 619.0  76.4 145.0 448.0  62.8 132.6 994.3 150.9 324.4 230.5 293.0 114.71019.2 609.4 285.11950.11096.21621.3 200.0 379.51173.4 164.2 347.02604.4 395.1 849.7 603.7 767.3 319.12838.01696.8 793.71986.63052.54514.9 556.61056.63267.6 457.1 966.27252.61100.12365.91681.02136.6 177.91582.1 946.0 442.51107.53027.32516.9 310.4 589.11821.6 254.9 538.74043.0 613.31318.9 937.11191.1 264.72354.41407.7 658.51648.14505.22532.4 461.8 876.62710.8 379.2 801.66016.8 912.61962.81394.61772.5  21.5 237.2 141.9  66.4 166.1 453.8 255.2 377.3  88.4 273.1  30.7  80.9 606.1  92.0 197.8 140.6 178.6  59.5 528.0 315.7 147.7 369.61010.2 567.9 839.9 103.7 607.9  85.1 179.81349.2 204.7 440.2 312.8 397.5 190.71695.71013.9 474.31187.03244.61823.82697.6 332.6 631.3 273.2 577.34333.3 657.31413.61004.41276.6  13.2 145.6  87.1  40.8 101.9 278.4 156.6 231.5  28.7  54.3 167.6  49.6 371.8  56.5 121.4  86.3 109.6  54.1 480.3 287.2 134.4 336.2 918.9 516.6 764.0  94.3 178.9 552.9  77.51227.2 186.2 400.4 284.5 361.6 427.23800.32272.21062.82660.27271.94087.56045.9 745.31414.84375.6 612.11293.81473.03168.22250.92861.0  62.0 551.0 329.5 154.2 385.71054.2 592.6 876.4 108.2 205.2 634.3  88.8 187.71407.8 459.3 326.4 414.8 137.21219.5 729.2 341.1 853.72333.41311.71940.0 239.2 454.11404.1 196.5 415.23116.4 472.7 722.4 918.1  96.5 857.7 512.9 240.0 600.51641.2 922.61364.5 168.3 319.4 987.6 138.2 292.12191.9 332.5 715.1 645.8 123.61098.4 656.7 307.2 768.92101.61181.41747.3 215.5 409.01264.6 177.0 374.02806.8 425.8 915.7 650.6        
092066059   56.5  13.6  55.1 107.5  28.6  21.6  17.2   8.6                                                        99.5 162.2 528.31032.4 273.5 206.9 163.9 102.0                                                        15.3 103.6 101.0 197.3  52.4  39.6  31.4  15.7                                                        97.0 527.9 158.01005.7 266.5 201.5 159.7  99.4                                                       192.61049.0 313.91022.8 529.5 400.4 317.3 197.4                                                        48.6 264.4  79.2 257.8 503.7 101.0  80.0  49.8                                                        26.0 176.1  42.2 171.7 335.4  88.9  53.3  26.6                                                        20.0 135.7  32.6 132.3 258.4  68.6  51.9  20.5                                                         8.7  58.3  14.1  56.9 111.1  29.5  22.4  17.7                                                                                                                                                                                                                                                                                                                                                                                                                                                                                                                                                                                                                                                                                                                                                                                                                                                                                                                                                                                                                    
09206606181989.5 987.01770.8 234.9 981.3 663.5 425.01642.2 652.71399.0 968.6 436.31588.14298.3 357.43526.1 171.01996.71216.12181.9 289.31209.1 817.5 523.62023.3 804.11723.81193.4 537.61956.75296.0 440.34344.6 210.7 974.71196.61065.1 141.3 590.2 399.1 255.7 987.7 392.6 841.5 582.6 262.5 955.22585.1 215.02120.7 102.91773.82177.61080.4 257.01074.1 726.2 465.21797.5 714.41531.31060.2 477.61738.34704.8 391.23859.6 187.2 142.6 175.0  86.9 155.8  86.4  58.5  37.5 144.5  57.5 123.1  85.3  38.5 139.7 378.0  31.5 310.1  12.2 968.91189.4 590.11058.7 140.5 396.7 254.1 981.8 390.3 836.5 579.1 260.9 949.52569.8 213.72108.1 102.3 644.8 791.6 392.8 704.6  93.5 390.5 169.2 653.4 259.8 556.7 385.5 173.7 631.91710.2 142.31403.0  68.1 362.3 444.8 220.7 395.9  42.1 219.5 148.4 367.2 146.0 312.8 216.6  97.6 355.1 960.9  80.0 788.3  30.71642.62016.51000.51794.9 238.0 994.7 672.5 430.8 661.61418.1 981.8 442.31609.74356.8 362.23574.1 173.4 633.8 778.1 386.1 692.6  91.9 383.8 259.5 166.3 642.3 547.2 378.9 170.7 621.11681.0 139.81379.0  67.01394.71712.3 849.51524.1 202.1 844.6 571.0 365.81413.3 561.7 833.7 375.51366.83699.4 307.63034.8 147.2 955.91173.5 582.21044.6 138.6 578.9 391.4 250.7 968.7 385.0 825.3 257.4 936.82535.4 210.82079.9 100.9 384.9 472.6 234.5 420.6  47.6 233.1 157.7 101.0 390.1 155.1 332.3 230.1 377.21020.8  85.0 837.5  34.71587.51948.9 966.91734.7 230.1 961.3 649.9 416.31608.7 639.41370.5 948.9 427.44210.6 350.13454.1 167.64350.55341.02649.74754.1 630.32634.41781.11140.84408.61752.03755.92600.31171.24263.4 959.29466.5 459.0 299.6 367.8 182.5 327.4  34.8 181.5 122.7  78.7 303.6 120.7 258.7 179.1  80.8 293.6 794.6 651.8  25.43563.24374.52170.23893.8 516.22157.71458.8 934.43610.81435.03076.22129.8 959.33491.99451.5 785.7 376.0  95.3 116.9  58.1 104.1  11.2  57.7  39.1  25.1  96.5  38.5  82.3  57.0  25.7  93.4 252.5  21.1 207.2        
0920660716 229.6  53.0  70.8 231.9 271.2 408.1 184.1  28.7 600.7 107.3  53.8 344.0 302.5 612.6 477.5             267.2 192.0 210.6 690.5 807.71215.2 548.2 106.61788.9 319.3 190.41024.4 900.91824.41422.2              49.7 126.9  39.2 128.1 149.9 225.4 101.8  15.9 331.8  59.3  29.8 190.1 167.2 338.4 263.8              69.1 176.6  40.8 178.3 208.6 313.8 141.6  22.1 461.9  82.5  41.4 264.5 232.6 471.0 367.2             269.9 690.7 194.0 212.7 815.91227.6 553.8 107.71807.1 322.5 192.31034.9 910.11843.01436.7             317.1 811.4 227.9 249.9 819.51442.2 650.6 126.52123.1 378.9 226.01215.81069.22165.21687.9             481.11231.2 345.8 379.11243.41454.5 987.2 191.93221.7 574.9 342.81844.91622.53285.62561.3             212.7 544.1 152.9 167.6 549.5 642.8 967.1  84.91423.7 254.1 151.6 815.3 717.01451.91131.8              23.3  59.3  13.8  18.4  59.9  70.0 105.3  47.6 155.0  27.8  14.0  88.8  78.1 158.0 123.2             712.01822.2 511.7 561.01840.32152.73239.01461.1 284.0 850.8 507.32730.52401.34862.83790.8             120.5 308.3  86.6  95.0 311.3 364.2 547.9 247.2  48.1 806.5  85.9 461.9 406.2 822.5 641.2              50.6 129.2  29.8  39.9 130.5 152.6 229.5 103.6  16.2 337.9  60.4 193.5 170.2 344.6 268.6             404.31034.7 290.6 318.61045.01222.41839.2 829.7 161.32707.4 483.1 288.11363.52761.12152.4             354.6 907.5 254.9 279.4 916.51072.11613.0 727.6 141.52374.5 423.7 252.71359.82421.51887.7             726.31858.8 521.9 572.31877.22195.93304.01490.4 289.74863.8 867.9 517.52785.32449.43866.8             564.41444.5 405.6 444.71458.81706.42567.51158.2 225.23779.7 674.4 402.22164.41903.43854.6                                                                                                                                                                                                                                
09206608141516.8 723.3 213.1 827.8 148.5 118.8 308.2 689.51304.1 481.6 216.01076.5 789.3                        1536.01354.0 398.81549.5 278.0 222.2 576.81290.62441.3 901.5 404.32015.11477.5                         720.61332.2 187.1 727.0 130.5 104.3 270.7 605.51145.4 423.0 189.7 945.4 693.2                         176.5 326.1 155.6 178.0  25.7  20.5  66.3 148.3 280.4 103.6  46.5 231.5 169.8                         828.01530.6 729.9 215.0 149.9 119.9 311.0 695.71316.0 486.0 218.01086.2 796.4                          88.5 163.5  78.0  23.1  89.3  10.4  33.3  74.4 140.6  52.0  23.4 116.0  85.1                          66.2 122.3  58.4  17.3  66.8   9.7  25.0  55.7 105.2  38.9  17.5  86.8  63.7                         273.9 506.3 241.5  71.2 276.4  42.3  33.8 230.2 435.3 160.8  72.2 359.3 263.5                         685.91267.9 604.6 178.1 691.9 124.2  99.3 257.61090.1 402.6 180.6 899.8 659.8                        1317.42435.51161.3 342.01329.1 238.4 190.6 494.71107.0 773.2 346.81728.41267.3                         472.3 873.0 416.3 122.7 476.4  85.5  68.4 177.4 396.9 750.6 124.4 619.6 454.3                         179.2 331.2 158.0  46.6 180.8  26.1  20.9  67.4 150.6 284.8 105.2 235.1 172.4                        1083.52003.0 955.1 281.31093.1 196.1 156.8 406.9 910.41722.1 635.9 285.21042.2                         788.41457.5 695.0 204.7 795.4 142.7 114.1 296.1 662.51253.1 462.8 207.61034.3                                                                                                                                                                                                                                                                                                                                                                                                                                                        
0920660918 132.4 333.1 240.0 593.8 896.3 863.2 131.5 197.7 302.3 826.2 515.0 914.6 376.2 270.4 198.5 131.6 171.8 108.3 104.7  75.4 186.5 281.5 271.1  38.9  62.2  95.0 259.5 161.8 287.3 118.2  85.0  62.4  41.4  54.0 332.7 127.8 231.7 573.3 865.4 833.4 126.9 190.9 291.9 797.7 497.3 883.1 363.2 261.1 191.6 127.0 165.9 235.5  90.5 227.7 405.8 612.5 589.9  89.9 135.2 206.6 564.6 352.0 625.1 257.1 184.8 135.7  89.9 117.5 604.4 232.2 584.4 420.91572.61514.5 230.5 346.9 530.41449.6 903.61604.8 659.9 474.4 348.2 230.7 301.4 919.9 353.3 889.5 640.61585.52305.0 350.8 527.9 807.22206.31375.22442.51004.4 721.9 529.9 351.1 458.7 885.4 340.1 856.1 616.61526.02303.6 337.7 508.0 776.92123.41323.62350.7 966.6 694.8 510.0 337.9 441.4 102.4  38.6  99.0  71.4 176.4 266.3 256.5  58.8  89.9 245.5 153.1 271.7 111.8  80.4  59.1  39.2  51.1 182.1  74.6 176.1 126.8 313.8 473.6 456.1  68.1 159.8 436.6 272.2 483.3 198.8 142.9 104.9  77.3  90.8 300.5 115.5 290.6 209.3 517.9 781.8 752.9 114.7 172.5 720.7 449.2 797.8 328.1 235.9 173.1 114.8 149.9 846.8 325.3 818.8 589.71459.52203.32121.8 323.0 485.9 743.11265.92248.3 924.5 664.6 487.8 323.2 422.2 522.3 200.7 505.0 363.8 900.21358.91308.7 199.2 299.7 458.31252.61386.7 570.3 409.9 300.9 199.4 260.5 939.0 360.7 907.9 653.91618.52443.22352.9 358.1 538.8 824.02252.11403.81025.2 736.9 540.9 358.4 468.2 377.5 145.1 365.0 262.9 650.6 982.1 945.8 144.0 216.7 331.3 905.3 564.31002.2 296.3 217.5 144.1 188.3 267.2 102.7 258.4 186.1 460.5 695.2 669.5 102.0 153.4 234.5 640.8 399.5 709.4 291.8 154.0 102.1 133.3 179.1  76.7 173.2 124.7 308.6 465.8 448.6  69.9 102.8 157.2 429.4 267.7 475.3 195.5 140.6  79.5  89.3 110.0  41.5 106.4  76.6 189.5 286.0 275.4  39.5  63.2  96.5 263.6 164.4 291.8 120.1  86.3  63.4  54.9 148.2  55.8 143.3 103.2 255.3 385.3 371.1  53.2  85.1 130.0 355.2 221.4 393.2 161.8 116.3  85.4  56.6        
0920661016 449.9 168.3 364.8  48.4 366.7 250.5 201.0 903.8  42.9 120.4  83.3 130.2 241.3  74.7 177.8             523.1 885.61920.8 311.21930.91318.51058.24759.2 276.1 633.4 437.9 685.01270.3 352.1 936.0             190.3 861.7 698.7 113.3 702.3 479.6 384.91731.0 100.5 230.4 159.4 249.2 462.1 128.1 340.5             422.61913.6 715.3 251.41559.71065.0 854.83844.2 223.1 511.6 353.8 553.31026.1 284.4 756.1              42.5 191.9  71.8 155.6 156.4 106.8  85.8 385.3  18.0  51.4  35.6  55.6 102.9  27.5  75.9             424.81923.8 719.11559.8 252.71070.7 859.33864.7 224.3 514.4 355.7 556.21031.5 286.0 760.1             287.51301.6 486.61055.3 171.01060.9 581.42614.7 151.8 348.0 240.7 376.4 697.9 193.5 514.3             229.11037.1 387.7 840.9 136.3 845.3 577.22083.3 120.9 277.3 191.8 299.9 556.1 154.2 409.8            1059.34797.61793.33889.9 630.03910.22670.12142.9 559.11282.6 886.81387.02572.4 713.01895.5              36.7 166.0  62.1 134.6  17.6 135.3  92.4  74.2 333.3  44.5  30.8  48.1  89.0  23.8  65.6             133.8 605.4 226.4 490.9  79.6 493.5 337.0 270.51216.2  70.7 112.0 175.1 324.7  90.1 239.3              81.0 366.4 137.0 297.1  38.6 298.7 204.0 163.7 736.0  34.3  98.1 106.0 196.5  52.4 144.8             145.3 657.9 246.0 533.4  86.5 536.2 366.2 293.91321.5  76.8 176.0 121.7 352.8  97.9 260.0             276.61252.6 468.31015.6 164.61020.9 697.2 559.52516.3 146.1 334.9 231.6 362.2 186.2 494.9              60.6 274.1 102.6 222.3  28.9 223.5 152.6 122.5 550.6  25.7  73.4  50.8  79.3 147.0 108.4             201.7 912.9 341.3 740.2 120.0 744.1 508.1 407.81833.9 106.5 244.1 168.8 264.0 489.6 135.8                                                                                                                                                                                                                                
0920661116 342.93754.5 334.4 406.91343.2 229.3 174.81455.1 754.4 621.6 402.8 234.8 313.1 681.4 551.5             304.01131.9 100.9 122.8 405.0  73.8  44.9 438.7 227.5 187.5 121.5  70.9  94.5 205.5 166.4            3822.51299.71267.41542.55092.7 869.1 662.45516.92860.32356.71526.9 889.91186.92583.22091.0             317.7 108.11182.7 128.3 423.2  72.3  55.2 458.4 237.7 195.9 127.0  74.1  98.7 214.7 173.8             392.0 133.41459.6 130.1 522.2  89.2  68.0 565.7 293.4 241.7 156.7  91.4 121.8 265.0 214.5            1351.5 459.65032.9 448.2 545.4 307.3 234.31950.51011.3 833.3 539.9 314.7 419.7 913.3 739.3             180.1  61.3 670.4  59.8  72.8 239.9  25.1 259.9 134.8 111.1  72.0  42.0  56.0 121.8  98.6             105.3  35.9 391.9  35.0  42.6 140.3  23.1 152.0  78.9  65.0  42.2  24.6  32.8  71.2  57.7            1466.1 498.55459.9 486.2 591.71953.3 333.4 254.11097.1 904.0 585.7 341.4 455.3 990.8 802.0             748.1 254.42786.0 248.1 302.0 996.7 170.2 129.71079.7 461.3 298.9 174.3 232.4 505.6 409.3             612.1 208.22279.1 203.0 247.1 815.4 139.2 106.2 883.3 458.0 244.6 142.6 190.1 413.7 334.9             387.8 131.91443.9 128.7 156.6 516.6  88.3  67.3 559.6 290.2 239.1  90.4 120.5 262.1 212.2             193.8  66.0 721.3  64.3  78.3 258.1  42.4  27.0 279.6 145.0 119.5  77.5  60.3 131.0 106.1             266.7  90.8 993.1  88.5 107.7 355.3  58.3  37.1 384.9 199.6 164.5 106.6  62.2 180.3 146.0             673.3 229.02507.1 223.3 271.8 896.9 153.2 116.8 971.7 503.8 415.1 269.0 156.8 209.1 368.3             540.2 183.82011.6 179.2 218.1 719.7 122.9  93.7 779.7 404.3 333.1 215.9 125.9 167.8 365.1                                                                                                                                                                                                                                
0920661216 551.2 382.6 300.71044.1 405.1 143.9 418.1 829.2 983.7 869.91119.32012.23025.1 257.0 392.4             535.7 164.3 129.1 448.1 173.9  61.8 179.5 355.9 422.2 373.4 480.4 863.61298.2 110.3 168.5             342.0 151.1  82.5 286.1 111.1  34.4 114.6 227.2 269.6 238.4 306.7 551.3 828.7  64.7 107.6             251.7 111.2  77.2 210.5  81.8  23.3  84.4 167.2 198.4 175.4 225.7 405.7 609.8  46.7  79.2            1039.6 459.1 318.7 250.4 337.4 119.8 348.2 690.6 819.3 724.5 932.31675.92519.5 214.0 326.8             386.4 170.7 118.5  93.1 323.2  44.6 129.5 256.7 304.5 269.3 346.5 622.8 936.2  79.6 121.5              79.2  35.1  24.4  19.2  66.3  25.8  26.6  52.7  62.5  55.3  71.1 127.7 191.9  14.8  25.0             399.6 176.5 122.6  96.3 334.3 129.8  46.1 265.5 315.0 278.5 358.4 644.2 968.4  82.3 125.7             819.8 362.1 251.3 197.5 685.8 266.1  94.5 274.6 646.1 571.4 735.21321.61986.9 168.8 257.8             977.8 431.8 299.7 235.6 818.0 317.4 112.7 327.5 649.6 681.5 876.91576.32369.8 201.3 307.4             861.5 380.5 264.1 207.6 720.7 279.6  99.3 288.6 572.3 678.9 772.51388.82087.8 177.4 270.8            1116.5 493.0 342.2 268.9 933.9 362.4 128.7 374.0 741.6 879.9 778.11799.82705.8 229.8 351.0            2029.2 896.1 621.9 488.71697.5 658.5 233.8 679.61347.91599.21414.21819.74918.0 417.7 637.8            3064.61353.2 939.2 738.12563.5 994.5 353.11026.42035.72415.22135.72748.14940.6 630.7 963.2             187.2  82.7  57.5  45.2 156.6  60.8  17.4  62.8 124.4 147.5 130.5 167.9 301.7 453.5  58.9             373.3 164.9 114.5  90.0 312.3 121.2  43.1 125.1 248.0 294.3 260.2 334.8 601.8 904.7  76.9                                                                                                                                                                                                                                
