0421210114 223.6 133.3 104.8  46.7 279.8 121.3  64.4  83.5 210.6 149.2  59.3  62.7  20.6                         271.5 786.3 618.1 275.21650.6 714.9 379.6 492.11242.0 879.6 349.5 369.4 151.1                         159.5 774.7 363.1 161.7 969.4 419.9 223.0 289.1 729.5 516.7 205.3 217.0  88.8                         124.2 602.9 359.4 125.8 754.4 326.8 173.6 225.0 567.7 402.1 159.8 168.9  69.1                          46.8 227.0 135.4 106.4 284.1 123.1  65.4  84.8 213.8 151.4  60.2  63.7  20.9                         341.21657.8 988.1 776.8 345.8 898.5 477.0 618.41560.91105.5 439.2 464.3 189.9                         144.5 701.8 418.4 328.9 146.5 878.2 202.0 261.9 660.8 468.0 186.0 196.6  80.5                          66.8 324.0 193.2 151.9  67.7 405.5 175.7 121.0 305.1 216.1  85.9  90.8  29.8                          97.7 474.2 282.7 222.2  99.0 593.4 257.0 136.5 446.5 316.2 125.7 132.9  54.4                         255.31240.3 739.3 581.2 258.71552.0 672.2 356.9 462.7 827.1 328.6 347.4 142.1                         179.1 870.1 518.7 407.7 181.51088.8 471.6 250.4 324.6 819.3 230.6 243.7  99.7                          61.0 296.1 176.5 138.8  61.8 370.4 160.5  85.3 110.5 278.8 197.5  83.0  27.2                          64.8 314.6 187.6 147.5  65.7 393.7 170.6  90.6 117.4 296.2 209.8  83.4  28.9                          17.3  83.8  50.0  39.3  17.6 104.8  45.5  24.2  31.3  78.9  55.9  22.3  23.6                                                                                                                                                                                                                                                                                                                                                                                                                                                        
04212102151437.73137.42112.92288.5 511.82320.7 766.51394.42777.03747.66054.32488.7 253.7 313.9                  1398.2 873.9 588.6 637.5 142.6 646.5 213.6 388.5 773.51043.91686.3 693.2  70.8  87.5                  3116.6 892.61311.81420.9 317.81440.9 476.0 865.81724.22326.83758.91545.2 157.6 194.9                  2080.8 596.01300.5 948.7 212.2 962.0 317.8 578.11151.21553.52509.61031.7 105.2 130.2                  2258.4 646.91411.5 950.6 230.31044.1 344.9 627.41249.41686.12723.81119.7 114.2 141.3                   321.0  92.0 200.7 135.2 146.4 148.5  49.1  89.3 177.6 239.7 387.1 159.2  13.1  16.2                  2291.0 656.21431.9 964.31044.5 233.6 349.9 636.51267.41710.42763.11135.9 115.9 143.3                   719.6 206.2 449.8 303.0 328.2  73.5 332.8 200.0 398.2 537.3 867.9 356.8  36.5  45.1                  1354.4 388.0 846.6 570.1 617.5 138.2 626.2 206.9 749.31011.21633.6 671.6  68.5  84.8                  2752.3 788.31720.21158.51254.8 280.71272.5 420.3 764.62054.83319.51364.6 139.2 172.2                  3733.61069.32333.51571.51702.2 380.71726.1 570.21037.22065.54503.11851.1 188.7 233.5                  6065.71737.23791.12553.12765.4 618.42804.3 926.21684.93355.64528.53007.2 306.5 379.3                  2460.8 704.81538.01035.81121.9 251.01137.7 375.8 683.61361.41837.22967.9 124.4 153.9                   131.2  37.7  82.1  55.3  59.9  10.8  60.7  20.2  36.5  72.7  98.0 158.2  65.1   6.7                   175.5  50.4 109.7  73.9  80.1  14.4  81.2  26.9  48.8  97.1 131.0 211.6  87.1   7.2                                                                                                                                                                                                                                                                                                                                            
0421210315 234.1 482.7 700.5 822.1 710.7 598.6 750.1  84.0 265.7 157.5 570.6 352.7 134.61055.1                   212.1 214.7 311.6 365.6 316.1 266.3 333.6  32.6 118.2  56.7 253.8 156.9  52.1 469.3                   482.9 237.1 709.4 832.6 719.7 606.3 759.7  85.0 269.1 159.5 577.9 357.2 136.31068.6                   708.6 347.9 717.31221.61056.0 889.51114.7 124.7 394.7 234.0 847.9 524.0 200.01567.9                   834.6 409.7 844.91226.01243.91047.71313.0 146.9 464.9 275.6 998.7 617.2 235.51846.8                   719.1 353.1 728.01056.41239.8 902.81131.3 126.6 400.6 237.5 860.5 531.9 202.91591.3                   603.0 296.1 610.5 885.91039.7 898.7 948.7 106.2 336.0 199.2 721.6 446.0 170.21334.4                   760.0 373.1 769.41116.51310.41132.8 954.2 133.8 423.4 251.0 909.5 562.1 214.51681.9                    46.0  22.7  46.6  67.6  79.3  68.6  57.8  72.4  25.7  12.9  55.1  34.1  10.5 101.7                   258.0 126.7 261.2 379.0 444.8 384.5 323.9 405.9  45.5  85.3 308.7 190.9  72.9 570.8                   107.4  52.8 108.7 157.7 185.1 160.0 134.8 168.9  15.2  59.9 128.5  79.5  24.3 237.5                   574.0 281.8 581.1 843.2 989.6 855.5 720.6 903.0 101.1 319.8 189.6 424.5 162.01270.1                   348.2 171.0 352.5 511.4 600.2 518.9 437.1 547.7  61.3 194.0 115.0 416.6  98.3 770.4                    84.2  41.4  85.2 123.6 145.1 125.4 105.7 132.4  12.0  47.0  23.5 100.7  62.3 186.2                  1076.1 528.31089.31580.81855.31603.81350.91692.9 189.3 599.4 355.31287.7 795.8 303.6                                                                                                                                                                                                                                                                                                                                            
0421210413 170.1 171.32041.4 329.7 510.6 975.6 865.1 646.71739.0 850.5 201.61496.0                                97.8  10.2 149.7  24.3  37.5  71.6  63.5  47.5 127.5  62.4  11.9 109.7                                98.6  10.2 151.0  24.5  37.9  72.2  64.1  47.9 128.7  63.0  12.1 110.7                              2056.6 262.5 264.3 508.8 788.01505.71335.2 998.02683.91312.6 311.12308.8                               277.5  28.5  28.6 425.1 106.4 203.2 180.2 134.7 362.2 177.2  33.7 311.6                               493.0  63.0  63.4 755.1 122.0 360.9 320.1 239.3 643.3 314.7  74.6 553.4                               967.9 123.6 124.51482.8 239.5 370.9 628.4 469.71263.2 617.8 146.51086.6                               855.1 109.2 110.01309.9 211.6 327.7 626.1 415.01115.9 545.8 129.4 959.9                               631.9  80.7  81.3 968.0 156.4 242.2 462.7 410.3 824.6 403.3  95.7 709.4                              1747.8 223.1 224.62677.4 432.4 669.71279.61134.7 848.11115.5 264.41962.1                               840.1 107.3 108.01287.0 207.9 322.0 615.1 545.5 407.71096.4 127.1 943.1                               121.1  12.5  12.6 185.5  30.1  46.5  88.7  78.7  58.8 158.0  77.4 136.0                              1499.5 191.4 192.72297.0 371.0 574.61097.8 973.5 727.71956.8 957.0 226.8                                                                                                                                                                                                                                                                                                                                                                                                                                                                                                                                                                    
0421210516 317.0 940.9 903.21136.2 435.71832.5 279.21011.7 181.1 195.2 159.2 544.4 249.11134.31057.1             303.9 365.0 350.4 440.7 169.1 710.8 108.4 392.5  70.3  75.8  61.8 211.2  96.7 440.0 410.1             945.4 382.61090.11371.2 525.92211.6 336.91221.0 218.6 235.6 192.1 657.0 300.61368.91275.8             906.6 366.91089.01315.0 504.32120.8 323.11170.9 209.6 225.9 184.2 630.0 288.31312.81223.5            1146.1 463.81376.71321.5 637.52681.2 408.41480.3 265.0 285.6 232.9 796.5 364.51659.61546.7             425.9 172.4 511.6 491.1 617.8 996.3 151.8 550.1  98.5 106.2  86.6 296.0 135.5 616.7 574.8            1862.0 753.42236.72147.02700.81035.6 663.52405.0 430.5 463.9 378.31293.9 592.12696.32512.9             238.9  96.7 287.0 275.5 346.5 132.9 558.7 308.5  44.3  47.7  38.9 166.1  76.0 345.9 322.4            1018.2 412.01223.01174.01476.8 566.32381.9 362.8 235.4 253.7 206.9 707.6 323.81474.31374.1             113.4  46.0 136.2 130.8 164.5  63.2 265.2  40.5 146.5  22.7  18.5  78.9  36.2 164.2 153.0             124.0  50.2 148.9 142.9 179.8  69.0 289.8  44.3 160.1  23.0  20.3  86.2  39.5 179.4 167.3              97.0  39.3 116.5 111.9 140.7  54.0 226.8  34.7 125.3  18.1  19.4  67.5  30.9 140.4 130.9             537.6 217.6 645.8 619.9 779.8 299.11257.7 191.6 694.4 124.4 134.0 109.3 171.0 778.5 725.6             210.8  85.4 253.2 243.1 305.7 117.3 493.0  75.2 272.3  39.1  42.1  34.4 146.5 305.2 284.5            1144.1 463.01374.41319.31659.5 636.42676.6 407.71477.8 264.5 285.1 232.5 795.1 363.81544.1            1064.8 430.91279.11227.81544.5 592.32491.1 379.51375.3 246.2 265.4 216.4 740.0 338.61541.9                                                                                                                                                                                                                                
0421210616 655.8 191.5 595.2 498.51268.11278.2 663.2 139.0  77.4 956.1 105.3 183.7 785.5 127.7 267.4             672.2 430.21337.31120.02849.42872.11490.1 312.3 173.72148.4 236.4 412.61765.0 286.8 600.8             186.6 408.9 371.1 310.8 790.6 796.9 413.5  86.7  48.3 596.1  65.7 114.6 489.8  79.7 166.8             608.81334.5 389.71014.42580.72601.21349.5 282.8 157.31945.8 214.1 373.71598.6 259.8 544.1             507.61112.8 324.91009.92151.82168.91125.3 235.9 131.21622.4 178.6 311.61332.9 216.6 453.7            1312.62877.6 840.12611.62187.25608.92909.9 609.7 339.14195.6 461.6 805.73446.9 560.01173.1            1323.22900.7 846.82632.62204.85609.42933.3 614.6 341.84229.3 465.3 812.13474.5 564.51182.6             679.91490.4 435.21352.71132.82882.12905.0 315.9 175.72173.0 239.1 417.31785.2 290.1 607.6             118.5 259.6  75.9 235.6 197.3 501.8 505.8 262.5  24.6 378.4  33.4  72.8 310.9  50.6 105.9              45.1  98.8  28.9  89.7  75.1 190.9 192.5  99.9  21.0 144.0  12.8  27.8 118.3  19.3  40.4             986.32162.2 631.31962.41643.54181.34214.52186.5 458.2 254.8 346.9 605.42589.9 420.8 881.5              66.4 145.4  42.5 131.9 110.5 281.0 283.2 147.0  30.9  13.8 211.9  40.8 174.1  28.4  59.3             167.9 367.9 107.5 334.0 279.7 711.4 717.1 372.1  78.1  37.8 536.4  51.4 440.7  71.7 150.1             807.91771.0 517.11607.31346.13424.73451.91790.9 375.3 208.72582.1 284.1 495.9 344.7 722.0             107.7 236.0  69.0 214.2 179.4 456.2 459.8 238.6  50.1  22.4 344.0  30.4  66.2 282.6  96.3             266.0 582.9 170.3 529.1 443.11127.21136.1 589.5 123.6  68.8 849.9  93.6 163.3 698.2 113.5                                                                                                                                                                                                                                
042121079   22.5  14.8  51.1 101.5 136.3  81.5  80.8  40.8                                                        20.7   8.9  30.7  60.9  81.7  48.9  48.5  24.5                                                        11.9   7.8  17.5  34.7  46.6  27.9  27.6  14.0                                                        53.5  34.9  22.9 157.7 211.6 126.5 125.5  63.2                                                       136.9 100.3  65.7 182.5 487.6 291.5 289.0 145.6                                                       185.6 136.0  89.1 247.5 492.7 395.3 392.0 197.4                                                       108.7  79.7  52.2 144.9 288.5 387.2 229.5 115.6                                                       107.7  79.0  51.8 143.6 285.9 383.8 229.4 114.6                                                        41.7  27.2  17.9  61.7 122.8 164.7  98.5  97.7                                                                                                                                                                                                                                                                                                                                                                                                                                                                                                                                                                                                                                                                                                                                                                                                                                                                                                                                                                                                                    
0421210811 848.3 137.3 355.4 456.0 240.8  83.9 607.3 317.7 161.1 187.7                                           860.1 231.2 598.5 768.0 405.6 141.31022.7 535.0 271.2 316.1                                            85.5 142.0  59.6  76.4  40.4  11.4 101.7  53.3  21.7  31.5                                           350.0 581.3  94.1 312.5 165.1  57.5 416.1 217.7 110.4 128.6                                           454.1 754.2 122.1 316.0 214.1  74.6 539.9 282.4 143.2 166.9                                           231.4 384.3  62.3 161.0 206.6  38.1 275.1 144.0  73.0  85.1                                            45.3  75.2   9.9  31.6  40.5  21.4  53.9  28.2  11.5  16.7                                           610.61014.3 164.2 424.9 545.2 287.9 100.3 379.8 192.6 224.4                                           310.9 516.4  83.6 216.4 277.6 146.6  51.1 369.7  98.1 114.3                                           103.4 171.7  22.3  72.0  92.3  48.8  13.7 122.9  64.4  38.1                                           158.8 263.6  34.2 110.5 141.8  74.9  21.0 188.7  98.8  40.1                                                                                                                                                                                                                                                                                                                                                                                                                                                                                                                                                                                                                                                                                                                                                                                            
0421210915 842.8 735.2 494.5 122.6 203.8 525.91318.71230.1 388.81080.3 126.4 262.2 518.2 175.7                   850.41033.2 695.0 172.3 286.3 739.01853.11728.6 546.31518.1 177.5 368.5 728.3 246.9                   739.41029.7 604.2 149.8 249.0 642.51611.21503.0 475.01319.9 154.4 320.4 633.2 214.7                   491.0 683.8 596.5  99.5 165.4 426.71069.9 998.0 315.5 876.5 102.6 212.8 420.5 142.6                    72.7 101.1  88.3  59.4  24.6  63.2 158.2 147.6  46.7 129.6  12.2  31.6  62.2  20.8                   171.8 239.2 208.7 140.4  27.9 149.3 374.2 349.1 110.4 306.6  28.8  74.5 147.1  49.0                   523.3 728.8 635.8 427.7 106.1 176.21140.31063.7 336.2 934.2 109.3 226.8 448.2 152.0                  1341.61868.41629.91096.3 271.7 451.61165.82727.1 861.92395.0 280.0 581.21148.9 389.4                  1250.11741.11518.81021.6 253.2 420.91086.32724.3 803.12231.8 260.9 541.61070.6 362.9                   381.9 531.8 463.9 312.1  77.4 128.6 331.8 832.0 776.1 681.6  79.8 165.5 327.0 110.9                  1095.51525.71331.0 895.3 221.9 368.8 952.02387.32226.9 703.8 228.7 474.7 938.2 318.0                    75.5 105.1  91.7  61.7  12.3  25.5  65.6 164.3 153.3  48.5 134.6  32.8  64.7  21.6                   231.5 322.4 281.3 189.2  39.2  78.0 201.2 504.5 470.6 148.8 413.3  40.4 198.3  76.7                   515.5 717.9 626.2 421.3 104.5 173.6 447.91123.21047.7 331.2 920.1 107.7 223.4 149.7                   142.2 197.9 172.7 116.2  23.1  47.9 123.6 309.7 288.9  91.4 253.7  23.8  61.7 121.8                                                                                                                                                                                                                                                                                                                                            
0421211016 109.3 306.6  36.1  47.4  32.9  36.1 128.4  50.5  53.2 250.4  35.2  76.4  41.7  39.3  74.9             177.32410.3 283.2 371.7 257.9 282.61009.1 396.1 417.21967.9 275.7 599.8 326.6 308.1 587.8             505.82452.0 808.31060.9 736.0 806.62880.91130.81190.85618.2 786.81712.2 932.3 879.41677.9              39.9 241.3 677.0 104.5  72.5  79.5 283.5 111.4 117.3 552.8  77.5 168.5  91.8  86.6 165.2              74.1 358.61006.1 118.3 107.7 118.0 421.3 165.4 174.2 821.5 115.1 250.4 136.4 128.7 245.4              36.0 217.7 610.6  71.8  94.2  71.7 255.7 100.4 105.8 498.5  69.9 152.0  82.8  78.1 149.0              39.8 240.8 675.4  79.5 104.2  72.4 282.8 111.1 117.0 551.5  77.3 168.2  91.6  86.4 164.8             209.11013.22843.2 334.1 438.4 304.2 333.4 467.3 492.12321.4 325.2 707.5 385.3 363.4 693.4              79.3 383.71076.6 126.6 166.1 115.3 126.3 450.8 186.4 879.0 123.2 268.0 146.0 137.7 262.6              83.7 405.31137.2 133.7 175.4 121.7 133.4 476.2 187.0 928.5 130.1 283.0 154.2 145.4 277.4             412.11997.75606.3 658.6 864.3 599.6 657.22347.1 921.3 970.2 641.11395.0 759.6 716.51367.1              38.8 234.3 657.3  77.3 101.4  70.4  77.2 275.2 108.1 113.8 536.6 163.6  89.2  84.1 160.4             122.4 592.81663.5 195.5 256.6 178.0 195.1 696.5 273.4 287.91358.2 190.3 225.5 212.7 405.7              64.5 312.3 876.3 103.0 135.2  93.8 102.8 366.9 144.1 151.7 715.5 100.3 218.1 112.1 213.8              43.8 264.6 742.2  87.3 114.5  79.5  87.1 310.8 122.1 128.5 606.0  85.0 184.8 100.7 181.1             119.8 580.51629.0 191.4 251.2 174.3 191.0 682.0 267.8 282.01330.0 186.4 405.4 220.8 208.3                                                                                                                                                                                                                                
042121119   12.4 119.4  27.6  47.0  30.2  36.1  24.0  70.9                                                        11.1  71.7  16.6  28.3  18.2  21.7  14.5  42.7                                                       193.7 129.8 233.1 397.8 254.9 305.2 230.1 600.9                                                        29.5  19.8 192.2  75.6  48.5  58.1  38.6 114.2                                                        73.3  49.1 382.6  88.2  96.4 115.5  87.1 227.3                                                        32.6  21.9 212.4  49.0  83.6  64.2  42.6 126.2                                                        39.8  26.7 259.3  59.8 102.0  65.4  52.0 154.1                                                        25.2  16.9 163.7  37.8  64.4  41.3  49.5  97.2                                                       113.1  75.8 590.8 136.2 232.3 148.9 178.3 134.4                                                                                                                                                                                                                                                                                                                                                                                                                                                                                                                                                                                                                                                                                                                                                                                                                                                                                                                                                                                                                    
0421211213  44.1  20.0 268.8 146.5  70.1  81.7 128.3 226.7 317.6  34.6 240.1 176.1                                43.1  16.4 220.0 119.9  57.4  66.9 105.0 185.6 260.0  28.3 196.5 144.1                                16.1  13.5  81.8  44.6  21.4  24.9  39.1  69.0  96.7  10.6  73.1  53.6                               324.6 295.6 153.5 905.4 433.1 504.8 792.81401.71964.0 266.51484.31088.2                               174.1 158.5  82.3 890.9 232.2 270.7 425.0 751.41052.7 142.9 795.7 583.3                                72.2  60.5  27.4 369.3 201.2 112.3 176.2 311.5 436.4  47.5 329.8 241.8                                94.3  85.9  44.7 482.6 262.9 125.8 230.2 407.0 570.2  77.5 431.0 316.0                               151.6 138.1  71.7 776.0 422.8 202.3 235.8 654.5 917.0 124.5 693.1 508.2                               272.8 248.5 129.01396.7 760.9 364.0 424.3 666.31650.5 224.01247.5 914.5                               384.7 350.3 181.91969.81073.1 513.3 598.3 939.61661.3 315.91759.31289.8                                32.5  27.2  12.4 165.6  90.3  43.3  50.4  79.1 139.7 195.7 148.0 108.5                               289.3 263.4 136.81480.9 806.8 385.9 449.9 706.41249.01750.0 237.5 969.7                               210.4 191.6  99.51077.2 586.9 280.7 327.2 513.8 908.51272.9 172.8 962.1                                                                                                                                                                                                                                                                                                                                                                                                                                                                                                                                                                    
05212501141189.44941.0 461.0 414.71897.9 488.0 505.31662.62476.61221.7 261.8 380.32847.0                        1161.21770.1 165.2 148.6 680.0 174.9 181.1 595.7 887.3 437.8  93.9 136.31020.0                        4964.31821.7 706.1 635.12906.9 747.4 773.82546.43793.21871.2 400.9 582.44360.6                         380.3 139.7 579.7  42.9 222.8  57.4  59.4 195.2 290.7 143.4  24.7  35.8 334.1                         291.8 107.2 444.8  41.6 170.9  44.0  45.6 149.7 223.0 110.1  19.0  27.5 256.3                        1879.4 689.72865.1 267.4 240.5 283.0 293.0 964.11436.1 708.5 151.9 220.61650.9                         405.2 148.8 617.7  57.7  45.7 237.3  63.3 207.9 309.7 152.8  26.3  38.2 356.0                         421.1 154.6 641.9  60.0  47.5 246.6  63.5 216.1 321.8 158.8  27.3  39.6 369.9                        1640.9 602.22501.4 233.5 210.0 960.9 247.1 255.91253.8 618.6 132.6 192.61441.3                        2466.1 905.03759.3 350.8 315.61444.0 371.3 384.51265.0 929.6 199.2 289.42166.2                        1194.0 438.21820.1 169.9 152.8 699.2 179.8 186.2 612.5 912.3  96.5 140.21048.8                         148.5  54.6 226.3  21.2  16.8  87.0  22.5  23.3  76.2 113.5  56.1  14.1 130.5                         235.9  86.6 359.5  33.7  26.7 138.2  35.6  36.9 121.1 180.3  89.0  15.4 207.2                        2841.61042.84331.8 404.2 363.61663.9 427.9 443.01457.62171.21071.1 229.5 333.4                                                                                                                                                                                                                                                                                                                                                                                                                                                        
05212502163254.0 408.02955.93992.4 552.06162.33261.39999.81117.0 994.1 397.82504.52601.92587.89999.8            3210.0 155.31124.91519.4 210.12345.21241.24693.1 425.2 378.4 151.5 953.2 990.2 984.95672.7             227.6  87.9  79.8 107.8  12.0 166.3  88.1 332.7  30.3  26.9   8.7  67.7  70.3  69.9 402.1            2909.31122.4 140.81377.1 190.52125.51124.94253.5 385.4 343.0 137.3 863.9 897.5 892.75141.3            3954.71525.7 191.31385.9 258.92889.21529.15781.9 523.8 466.2 186.61174.31219.91213.46988.8             333.2 128.6  13.0 116.9 157.8 243.5 128.9 487.1  44.2  39.4  12.7  99.0 102.9 102.3 588.8            6143.02369.9 297.22152.82907.7 402.02375.28981.4 813.5 724.0 289.81824.01894.91884.79999.8            3217.31241.2 155.71127.51522.9 210.62350.54703.8 426.1 379.3 151.8 955.4 992.5 987.15685.7            9999.84770.2 598.04333.25852.8 809.19033.84780.91637.41457.3 583.23671.53814.23793.79999.8            1054.8 407.0  51.1 369.7 499.3  69.1 770.7 407.91542.2 124.4  49.9 313.3 325.5 323.71864.0             885.3 341.6  38.2 310.3 419.1  51.6 646.8 342.41294.3 117.3  37.2 263.0 273.2 271.71564.5             220.2  85.0   8.7  77.2 104.3  11.7 160.9  85.2 321.8  29.3  26.1  65.5  68.0  67.6 389.0            2454.1 946.8 118.8 860.11161.7 160.71792.9 948.93588.0 325.1 289.3 115.8 757.1 753.04336.9            2552.3 984.7 123.5 894.51208.1 167.11864.7 986.93731.5 338.1 300.9 120.5 757.9 783.14510.4            2538.1 979.2 122.9 889.51201.4 166.21854.3 981.43710.9 336.2 299.2 119.8 753.7 783.04485.4            9999.85771.7 723.55242.97081.5 979.09999.85784.69999.81981.21763.2 705.64442.34615.04590.1                                                                                                                                                                                                                                
05212503162894.8 797.35113.38982.2 656.51106.55547.7 662.0 338.56744.91487.2 974.23330.71597.01847.4            2849.5 279.31790.73145.5 230.0 387.61942.8 231.9 118.62362.1 520.9 341.31166.5 559.4 647.0             660.7 235.1 415.3 729.3  49.2  90.0 450.5  47.4  22.1 547.7 120.9  79.2 270.5 129.8 150.1            5087.21809.9 498.55615.7 410.5 691.83468.5 413.9 211.74217.0 929.9 609.12082.4 998.51155.1            8989.53198.2 880.85649.2 725.31222.46129.1 731.3 374.07451.71643.11076.33679.81764.42041.0             483.5 172.1  47.5 303.9 533.7  65.9 329.7  34.7  16.2 400.8  88.5  58.0 198.0  95.0 109.9            1045.7 372.1 102.6 657.21154.3  84.5 713.0  85.2  43.6 866.8 191.2 125.3 428.1 205.3 237.5            5525.31965.8 541.53472.36099.4 445.9 751.4 449.6 229.94580.21010.0 661.62261.81084.51254.5             463.8 165.1  45.6 291.5 512.0  34.6  63.2 316.3  15.6 384.5  84.9  55.6 189.9  91.1 105.4             178.0  63.4  17.6 111.9 196.4  13.3  24.3 121.4  12.9 147.5  32.6  21.4  72.9  35.0  40.5            6732.82395.4 659.84231.17432.4 543.3 915.64590.5 547.8 280.11230.7 806.22756.11321.51528.7            1429.7 508.7 140.2 898.51578.2 115.5 194.5 974.8 116.4  59.61185.2 171.3 585.3 280.7 324.7             912.3 324.6  89.5 573.31007.0  73.7 124.2 622.0  74.3  38.1 756.2 166.8 373.5 179.2 207.2            3289.21170.3 322.42067.03630.9 265.5 447.42242.6 267.7 136.92726.5 601.3 393.9 645.6 746.8            1540.4 548.1 151.0 968.11700.5 124.4 209.61050.3 125.4  64.21277.0 281.7 184.5 630.6 349.8            1793.0 638.0 175.81126.81979.3 144.8 243.91222.5 146.0  74.71486.3 327.8 214.8 734.0 352.0                                                                                                                                                                                                                                
05212504121011.8 362.3 369.71373.6 737.7 177.6 166.91519.2 246.8 661.9 255.3                                    1007.9 309.5 315.81173.1 630.0 151.7 142.61297.5 210.8 565.3 218.1                                     343.6 294.6 107.7 399.9 214.8  51.8  48.7 442.3  72.0 192.8  74.4                                     351.2 301.1 107.9 408.7 219.5  52.9  49.8 452.0  73.5 197.0  76.0                                    1378.01181.4 423.1 431.7 861.3 207.4 194.91773.8 288.2 772.9 298.1                                     727.5 623.8 223.4 227.9 846.8 109.6 103.0 936.5 152.2 408.1 157.4                                     105.2  90.2  32.4  33.0 122.4  65.8  12.0 135.4  19.9  59.1  18.3                                      97.2  83.4  29.9  30.5 113.1  60.8  11.8 125.1  18.4  54.6  16.9                                    1526.91309.1 468.8 478.31777.2 954.4 229.8 216.0 319.3 856.4 330.3                                     179.6 154.0  55.2  56.3 209.0 112.3  21.7  20.4 231.2 100.8  31.2                                     650.1 557.3 199.6 203.7 756.6 406.3  97.9  92.0 836.8 136.0 140.7                                     163.0 139.7  50.1  51.1 189.7 101.9  19.7  18.6 209.7  30.8  91.5                                                                                                                                                                                                                                                                                                                                                                                                                                                                                                                                                                                                                                                                                
0521250516 112.6 206.1  41.0  36.9 469.5  40.2 164.7 164.7 147.5  57.8  20.8  19.6  44.8  11.0 200.0             195.13047.7 604.8 543.96943.4 593.22434.52434.52179.6 853.7 305.7 293.8 660.8 201.92956.5             360.23074.31117.01004.69999.81095.74496.84496.84026.01576.8 564.5 542.61220.5 372.85461.0              68.6 584.41070.0 191.02437.5 208.3 854.7 854.7 765.2 299.8 107.4 103.2 232.1  71.01038.0              61.3 522.4 956.5 189.92178.9 186.3 764.1 764.1 684.1 268.0  96.0  92.3 207.5  63.4 927.8             825.37044.99999.82559.42302.02510.79999.89999.89225.73613.21293.41243.32796.7 854.19999.8              67.2 572.61048.5 208.1 187.22388.6 837.5 837.5 749.9 293.8 105.2 101.2 227.4  69.51017.1             287.02449.34485.0 889.9 800.49999.8 873.03582.63207.51256.3 449.8 432.3 972.4 297.04350.7             287.02449.34485.0 889.9 800.49999.8 873.03582.63207.51256.3 449.8 432.3 972.4 297.04350.7             256.62189.54009.3 795.5 715.59134.1 780.43202.63202.61123.0 402.1 386.5 869.3 265.53889.2              98.3 838.11534.6 304.6 273.93496.1 298.81225.91225.91097.5 154.0 148.0 332.8 101.71488.7              23.7 251.2 459.9  91.4  82.21047.7  89.6 367.4 367.4 329.0 128.9  43.6  99.8  24.5 446.2              22.1 234.8 429.9  85.4  76.8 979.2  83.8 343.4 343.4 307.5 120.5  43.2  93.3  22.9 417.0              75.3 641.51174.6 233.1 209.72675.9 228.7 938.3 938.3 840.1 329.1 117.9 113.3  77.91139.4              11.2 117.7 215.4  42.8  38.5 490.5  42.0 172.1 172.1 154.1  60.4  21.7  20.5  46.8 208.9             349.32981.35459.21083.2 974.29999.81062.54360.84360.83904.21529.1 547.4 526.21183.6 361.5                                                                                                                                                                                                                                
0521250615 895.23118.21176.3 223.0 734.91063.6 895.2 888.3 708.2 852.2 180.9 229.8 128.4 600.9                   893.32864.61080.7 204.8 675.2 977.1 822.4 816.1 650.6 782.9 166.2 211.1 118.0 552.0                  3172.32920.73838.0 727.22397.73470.22920.72898.32310.32780.5 590.0 749.4 418.71960.3                  1181.51087.83789.0 270.9 893.01292.41087.81079.4 860.51035.5 219.8 279.2 156.0 730.1                   166.7 153.5 534.2 201.6 126.0 182.3 153.5 152.3 121.4 146.1  24.9  31.6  17.7 103.0                   728.9 671.12337.5 881.9 167.2 797.4 671.1 666.0 530.9 638.9 135.6 172.3  96.3 450.5                  1065.9 981.43418.31289.6 244.4 805.7 981.4 973.8 776.3 934.3 198.3 251.9 140.8 658.7                   893.3 822.42864.61080.7 204.8 675.2 977.1 816.1 650.6 782.9 166.2 211.1 118.0 552.0                   886.2 815.92842.01072.1 203.2 669.8 969.4 815.9 645.4 776.8 164.9 209.4 117.1 547.7                   701.5 645.92249.5 848.7 160.9 530.2 767.3 645.9 640.9 614.9 130.5 165.8  92.7 433.5                   849.2 781.92723.31027.4 194.7 641.9 928.9 781.9 775.8 618.5 158.0 200.7 112.2 524.8                   110.4 101.6 353.7 133.5  23.4  83.5 120.7 101.6 100.9  80.4  96.8  21.0  11.8  68.3                   146.8 135.2 470.6 177.6  31.1 111.0 160.6 135.2 134.2 107.0 128.7  22.0  15.6  90.8                    71.3  65.6 228.2  86.2  15.1  53.9  77.9  65.6  65.1  51.9  62.5  10.7  13.6  44.1                   591.5 544.61896.7 715.6 135.7 447.1 647.0 544.6 540.4 430.8 518.4 110.1 139.8  78.2                                                                                                                                                                                                                                                                                                                                            
0521250713  45.7 429.0  91.7 140.3 374.1 389.2  52.2 119.9 357.1 684.0 120.6 831.9                                26.1  81.4  17.5  26.7  71.0  73.9   8.0  22.8  67.8 129.7  23.0 157.7                               449.0 149.2 299.4 458.51222.91272.3 170.4 391.81167.42236.4 394.02720.1                                79.6  21.3 248.5  81.3 216.7 225.5  24.3  69.5 206.9 396.3  69.9 481.9                               140.5  46.7 438.7  93.7 382.5 398.0  53.4 122.6 365.2 699.5 123.3 850.8                               390.3 129.71219.1 260.3 398.61105.9 148.1 340.61014.81944.0 342.52364.5                               406.4 135.01269.5 271.1 415.01107.0 154.2 354.61056.72024.4 356.72462.2                                31.2   8.4  97.1  20.8  31.8  84.7  88.1  27.2  80.9 154.8  27.4 188.3                               107.1  28.5 334.2  71.4 109.3 291.4 303.2  32.6 278.2 532.9  94.0 648.2                               372.2 123.71162.5 248.2 380.11013.61054.5 141.2 324.81853.7 326.62254.6                               721.5 239.72253.9 481.2 736.81965.32044.6 273.8 629.61876.1 633.24371.6                               119.4  39.8 372.9  79.7 122.0 325.1 338.3  45.4 104.2 310.4 594.5 723.1                               879.5 292.12747.7 586.6 898.22395.82492.6 333.7 767.52287.24381.7 771.9                                                                                                                                                                                                                                                                                                                                                                                                                                                                                                                                                                    
0521250812 116.5  97.2  24.7  21.3  51.8  43.6  50.5  41.6  78.9  51.2 154.1                                     182.4 550.5 174.1 150.0 292.9 246.5 285.9 235.3 447.1 289.6 873.5                                     151.2 547.2 144.3 124.3 242.8 204.3 237.0 195.0 370.5 240.0 723.9                                      24.5 110.3  92.0  20.1  49.0  41.2  47.8  39.4  74.7  48.4 145.8                                      20.5  92.2  76.9  19.5  41.0  34.5  40.0  32.9  62.5  40.5 121.9                                      77.9 281.7 234.9  74.3  64.0 105.2 122.0 100.4 190.7 123.6 372.6                                      46.7 210.7 175.7  44.5  38.4  93.5  91.3  75.1 142.7  92.5 278.7                                      75.9 274.4 228.9  72.4  62.4 121.8 102.5  97.9 185.8 120.4 363.0                                      44.3 200.2 167.0  42.3  36.5  88.9  74.8  86.8 135.6  87.9 264.8                                     121.7 440.5 367.3 116.2 100.1 195.5 164.5 190.8 157.0 193.2 582.7                                      76.9 278.2 232.0  73.4  63.2 123.5 103.9 120.5  99.2 188.4 368.0                                     243.1 880.0 733.8 232.0 199.8 390.4 328.5 381.1 313.6 595.8 385.9                                                                                                                                                                                                                                                                                                                                                                                                                                                                                                                                                                                                                                                                                
05212509161457.5 566.44054.3 742.11398.91677.51098.1 627.8 368.02884.8 231.2 722.2 162.6 529.64109.6            1449.3 428.13064.3 560.91057.31267.9 830.0 474.5 278.22180.4 174.8 545.8 122.9 400.33106.1             542.2 412.21146.4 209.9 395.6 474.4 310.6 177.6 104.2 815.7  65.5 204.3  46.1 149.81162.0            4092.63110.81208.81583.72985.73580.42343.71339.9 785.46157.4 493.41541.2 346.91130.28771.6             721.0 548.1 213.01524.4 526.0 630.8 413.0 236.1 138.51084.7  87.0 271.6  61.2 199.21545.2            1389.61056.3 410.52938.1 537.81215.7 795.8 455.0 266.72090.6 167.6 523.4 117.9 383.82978.2            1673.21271.8 494.33537.9 647.61220.7 958.2 547.9 321.22517.4 201.8 630.2 141.9 462.13586.1            1083.4 823.5 320.12290.8 419.3 790.4 947.9 354.8 208.01630.0 130.7 408.1  91.9 299.32322.0             604.7 459.7 178.71278.5 234.1 441.2 529.1 346.4 116.1 909.8  73.0 227.8  51.4 167.11296.0             306.2 232.8  90.5 647.4 118.6 223.4 267.9 175.4 100.3 460.7  29.7 115.4  20.9  84.7 656.2            2902.22206.0 857.26136.41123.12117.22539.01662.0 950.2 557.0 349.91093.0 246.0 801.56220.2             136.9 104.1  40.5 289.3  53.1  99.9 119.8  78.4  44.9  26.4 205.9  51.6   9.4  37.9 293.2             700.8 532.7 207.11481.6 271.3 511.3 613.1 401.4 229.5 134.61054.3  84.6  59.5 193.61501.8              86.1  65.5  25.5 181.8  33.4  62.8  75.3  49.3  28.3  16.6 129.4   8.4  32.5  23.9 184.3             504.7 383.7 149.21067.1 195.4 368.2 441.6 289.1 165.3  97.0 759.3  61.0 190.2  42.91081.6            4148.93153.61225.58772.61605.53026.83629.72375.91358.3 796.26242.1 500.21562.5 351.61145.7                                                                                                                                                                                                                                
0521251011  52.9  40.0 222.2  92.6 145.4 100.4 305.6 108.8 151.6 427.7                                            32.9   9.5  65.0  27.1  42.5  29.4  89.3  31.9  44.4 125.0                                            22.8   8.7  45.0  18.8  29.5  20.4  61.9  22.1  30.7  86.6                                           230.5 108.5  82.1 190.2 298.5 206.0 627.6 223.5 311.2 878.5                                            82.1  31.0  23.4 162.4 106.3  73.4 223.3  79.6 110.8 312.6                                           147.9  69.6  52.7 292.7 122.0 132.2 402.5 143.3 199.6 563.4                                            89.6  33.8  25.6 177.4  74.0 116.1 243.9  86.9 121.0 341.4                                           320.3 150.7 114.0 634.0 264.2 414.7 286.2 310.4 432.41220.7                                            97.9  36.9  28.0 193.8  80.8 126.8  87.5 266.5 132.2 373.0                                           154.5  72.8  55.0 305.9 127.5 200.1 138.1 420.7 149.8 588.8                                           451.7 212.6 160.7 894.2 372.6 584.9 403.71230.0 437.8 609.9                                                                                                                                                                                                                                                                                                                                                                                                                                                                                                                                                                                                                                                                                                                                                                                            
0521251114  40.9 338.8 311.9 153.6  50.8 355.0  28.3  88.1 110.4  86.1 193.9 291.3 228.1                          37.5 167.8 154.5  76.1  25.2 175.8  14.1  43.7  54.7  42.7  96.0 144.2 113.0                         401.9 271.41660.6 817.6 313.61890.1 187.9 468.8 587.4 457.81031.91550.71214.1                         369.4 249.51658.0 751.4 288.21737.0 172.7 430.9 539.8 420.7 948.31425.11115.7                         178.2 120.3 799.4 735.8 139.0 837.5  83.3 207.8 260.3 202.9 457.3 687.1 538.0                          48.3  26.2 216.4 199.2  98.1 226.7  18.1  56.3  70.5  55.0 123.8 186.0 145.7                         421.4 284.61891.71741.2 857.3 328.8 197.0 491.6 615.9 480.01082.01625.91273.0                          23.7  12.9 105.9  97.5  48.1  15.9 111.0  27.6  34.6  27.0  60.6  91.1  71.3                          99.0  66.9 444.2 408.9 201.4  77.3 465.4  46.4 144.7 112.8 254.1 381.8 299.0                         125.9  85.1 564.9 520.0 256.1  98.3 591.8  58.9 146.9 143.4 323.2 485.6 380.2                          96.5  65.2 432.9 398.5 196.3  75.3 453.5  45.2 112.6 141.0 247.7 372.1 291.4                         226.8 153.21017.7 936.7 461.2 176.91066.2 106.0 264.5 331.4 258.3 874.7 684.9                         344.4 232.61546.01423.0 700.6 268.71619.7 161.0 401.8 503.4 392.3 884.31040.4                         268.1 181.11203.21107.5 545.3 209.21260.5 125.4 312.7 391.8 305.3 688.21034.2                                                                                                                                                                                                                                                                                                                                                                                                                                                        
0521251216 228.2 480.6 103.41243.1 101.3 129.6 111.7 261.5 177.0 646.9 480.6 109.8 711.2 268.2 155.8             228.8 506.3 108.91309.4 106.7 136.5 117.7 275.5 186.4 681.4 506.3 115.7 749.1 282.5 164.1             494.9 520.0 235.52832.9 230.8 295.1 254.4 595.8 403.21474.11095.2 250.11620.7 611.0 355.0              87.3  91.8 193.1 499.4  32.7  52.1  45.0 105.1  71.2 259.9 193.1  44.2 285.7 107.8  62.7            1298.61364.32874.1 617.8 605.5 774.3 667.51563.41057.93868.42874.1 656.04253.11603.2 931.4              66.0  69.3 145.9  31.5 377.1  39.4  34.0  79.4  53.8 196.3 145.9  33.4 215.8  81.4  47.4             112.4 118.1 248.7  53.5 643.0  42.0  57.8 135.3  91.6 334.6 248.7  56.9 367.9 138.8  80.7              95.3 100.1 210.8  45.4 545.0  35.6  56.9 114.7  77.7 283.6 210.8  48.2 311.8 117.6  68.4             263.9 277.3 583.9 125.61510.3 123.1 157.4 135.7 215.0 785.9 583.9 133.4 864.1 325.8 189.3             174.8 183.7 386.7  83.21000.2  81.6 104.3  89.9 210.4 520.5 386.7  88.4 572.2 215.8 125.4             670.1 704.11483.1 318.83836.1 312.5 399.6 344.5 806.8 545.91483.1 338.62194.6 827.3 480.6             494.9 520.01095.2 235.52832.9 230.8 295.1 254.4 595.8 403.21474.1 250.11620.7 611.0 355.0              93.5  98.2 206.7  44.5 534.5  35.0  55.8  48.1 112.5  76.2 278.2 206.7 305.8 115.4  67.1             737.9 775.31633.2 351.14224.3 344.1 440.0 379.3 888.4 601.22198.11633.2 372.8 911.0 529.3             270.9 284.6 599.5 128.91550.4 126.4 161.6 139.3 326.1 220.7 806.8 599.5 136.9 887.0 194.3             140.6 147.7 311.0  79.7 804.2  54.7  83.9  72.3 169.2 114.5 418.5 311.0  71.1 460.1 173.5                                                                                                                                                                                                                                
0721310114 584.6 329.71068.8 736.1 228.61486.51501.8 406.2 361.6 305.01024.6 781.7  82.2                         575.1 197.8 641.2 441.6 137.2 891.7 900.9 243.7 217.0 183.0 614.7 469.0  49.3                         313.7 191.4 349.8 240.9  74.9 486.4 491.4 133.0 118.4  99.9 335.3 255.8  27.0                        1071.6 653.5 368.6 822.8 255.51661.61678.7 454.0 404.2 340.91145.3 873.8  91.8                         730.4 445.4 251.2 814.3 174.21132.51144.2 309.5 275.6 232.4 780.7 595.6  62.6                         188.8 115.2  65.0 210.4 145.0 292.6 295.6  80.0  71.3  60.1 201.7 153.9  13.1                        1499.9 914.7 515.81672.21151.6 357.62349.7 635.5 565.8 477.11603.11223.0 128.5                        1515.6 924.2 521.21689.81163.7 361.42350.1 642.1 571.7 482.11619.91235.9 129.8                         392.2 239.2 134.9 437.2 301.1  93.6 608.0 614.3 148.0 124.8 419.1 319.8  33.7                         346.5 211.3 119.2 386.3 266.0  82.7 537.2 542.7 146.9 110.3 370.3 282.5  29.8                         260.0 158.6  89.5 289.8 199.6  62.1 403.0 407.2 110.2  98.1 277.8 212.0  17.9                        1026.3 625.9 353.01144.2 788.0 244.71591.41607.8 434.9 387.2 326.5 836.9  88.0                         777.2 474.0 267.3 866.5 596.8 185.41205.11217.6 329.3 293.2 247.3 830.7  66.6                          37.0  22.6  12.8  41.2  28.4   8.9  57.2  57.8  15.7  14.0  11.8  39.5  30.2                                                                                                                                                                                                                                                                                                                                                                                                                                                        
0721310216 538.3 571.8 458.7 123.2  81.2 163.7 189.1 599.0 283.8 768.5 342.1 360.2  86.5 457.4  33.9             567.52544.02040.8 547.7 360.8 727.8 841.02665.01262.33419.41521.61602.3 384.32034.6 150.5             603.52546.42170.1 582.4 383.7 773.9 894.32833.91342.33636.01618.01703.8 408.62163.5 160.0             482.32035.12162.0 465.5 306.7 618.5 714.82264.91072.82905.91293.11361.7 326.61729.1 127.9             122.9 518.1 550.4 441.6  78.2 157.6 182.0 576.6 273.2 739.8 329.3 346.7  83.2 440.3  32.7              54.2 228.3 242.6 194.6  52.3  69.5  80.3 254.1 120.4 326.0 145.1 152.8  36.8 194.0  11.6             166.2 701.1 744.8 597.5 160.4 105.7 246.3 780.2 369.61001.1 445.5 469.1 112.6 595.7  44.1             193.5 816.2 867.1 695.6 186.7 123.1 248.1 908.3 430.31165.4 518.6 546.1 131.1 693.5  51.4             632.62669.32835.82274.8 610.5 402.2 811.3 937.51407.13811.61696.11786.0 428.42268.0 167.7             294.91244.21321.81060.3 284.6 187.5 378.2 437.01384.61776.6 790.6 832.5 199.71057.1  78.2             814.23435.83650.02928.0 785.8 517.71044.21206.63823.61811.12183.12298.9 551.32919.2 215.8             357.31507.61601.61284.8 344.9 227.2 458.2 529.51677.8 794.72152.71008.8 242.01280.9  94.8             376.81589.61688.71354.7 363.6 239.6 483.1 558.31769.0 838.02269.81010.1 255.11350.6  99.9              75.1 316.6 336.4 269.9  72.5  38.3  96.3 111.3 352.4 167.0 452.1 201.2 211.9 269.0  16.0             480.82028.92155.41729.0 464.1 305.7 616.6 712.62257.91069.52897.01289.21357.5 325.6 127.5              17.4  72.9  77.4  62.1  16.8   8.9  22.2  25.7  81.1  38.5 104.0  46.4  48.8  11.8  61.9                                                                                                                                                                                                                                
0721310313 220.5 165.1  60.8 259.3 297.5  85.0  24.3  32.1 215.9 124.3 280.2 241.1                               259.2 574.7 211.3 902.61035.6 295.6 105.4 139.2 751.7 432.6 975.4 839.2                               192.2 569.2 156.8 669.3 768.0 219.3  78.2 103.3 557.4 320.8 723.3 622.3                                59.4 175.8 131.6 206.7 237.1  67.8  19.4  25.6 172.1  99.1 223.3 192.2                               306.0 906.4 678.6 249.61223.0 349.1 124.4 164.4 887.7 510.91151.8 991.0                               352.21043.3 781.1 287.21226.8 401.8 143.2 189.21021.7 588.01325.71140.6                                86.0 254.6 190.6  70.2 299.4 343.5  28.0  37.0 249.3 143.5 323.5 278.3                                19.3  57.0  42.7  15.8  67.0  76.9  22.0   8.4  55.8  32.2  72.4  62.3                                27.9  82.3  61.7  22.8  96.8 111.0  31.8   9.2  80.6  46.5 104.6  90.0                               253.7 751.3 562.5 206.9 883.41013.6 289.4 103.1 136.2 423.5 954.6 821.3                               142.9 423.1 316.8 116.5 497.5 570.9 163.0  58.1  76.8 414.4 537.6 462.6                               331.3 981.3 734.7 270.21153.91324.0 377.9 134.7 177.9 961.0 553.11072.8                               284.0 841.2 629.8 231.6 989.21135.0 324.0 115.5 152.5 823.8 474.11068.9                                                                                                                                                                                                                                                                                                                                                                                                                                                                                                                                                                    
0721310415 199.2 310.0 261.8 153.3 170.5 146.0 193.9  60.6  47.6  36.2 141.9 268.1  13.5  65.8                   274.12231.81884.31103.31226.91050.41395.5 435.7 341.7 270.71021.41930.3 120.3 472.7                   429.72248.32954.21729.71923.41646.82187.8 683.0 535.7 424.31601.23026.2 188.5 741.1                   362.01893.72947.01456.81620.01387.01842.7 575.3 451.2 357.41348.72548.9 158.8 624.2                   209.61096.41706.31440.6 938.0 803.11066.9 333.1 261.3 207.0 780.91475.8  92.0 361.5                   233.71222.61902.61606.4 940.5 895.51189.6 371.4 291.3 230.8 870.71645.5 102.6 403.0                   199.31042.41622.31369.7 802.0 891.81014.4 316.7 248.4 196.8 742.41403.1  87.5 343.7                   266.61394.72170.51832.61073.01193.11021.5 423.7 332.4 263.3 993.31877.2 117.0 459.8                    79.4 415.0 645.7 545.2 319.3 355.0 304.0 403.8  99.0  78.4 295.6 558.5  34.9 136.9                    49.5 287.4 447.2 377.6 221.1 245.9 210.5 279.7  87.4  52.2 204.7 386.8  19.4  94.8                    36.5 211.4 329.0 277.8 162.7 180.9 154.9 205.7  64.3  50.5 150.6 284.5  14.3  69.8                   193.61012.81576.11330.8 779.2 866.5 741.8 985.5 307.7 241.4 191.21363.2  85.0 333.9                   370.91940.53020.02549.81492.91660.11421.31888.3 589.5 462.4 366.31382.1 162.7 639.7                    10.4  59.6  92.7  78.3  45.9  51.0  43.7  58.0  18.2  14.3  10.9  42.5  80.2  19.7                    86.6 452.8 704.6 595.0 348.4 387.4 331.7 440.6 137.6 108.0  85.6 322.5 609.4  38.1                                                                                                                                                                                                                                                                                                                                            
0721310516  89.1 134.4 486.3 504.8 215.0 110.0 109.7 107.9 694.2 173.41043.8 482.9 678.4 348.9 410.3              56.1  32.7 118.0 122.5  52.2  21.4  26.7  25.2 168.4  42.1 253.1 117.2 164.5  84.7  99.5             116.5  36.0 245.1 254.4 108.4  44.4  55.3  52.3 349.8  87.5 526.0 243.4 341.9 175.9 206.8             499.7 192.6 290.61091.6 464.9 237.8 237.1 233.31501.2 375.02257.51044.31467.2 754.5 887.1             519.1 200.1 301.91092.6 483.0 247.1 246.3 242.41559.8 389.62345.51085.11524.4 783.9 921.7             214.2  82.6 124.6 450.7 467.8 102.0 101.7 100.0 643.4 160.7 967.4 447.6 628.8 323.4 380.2              72.1  22.3  42.0 151.7 157.4  67.1  34.3  32.4 216.5  54.2 325.5 150.6 211.6 108.9 128.0              92.9  28.7  54.0 195.3 202.7  86.4  35.4  41.7 278.8  69.7 419.1 194.0 272.4 140.2 164.8              87.0  26.9  50.7 183.0 190.0  81.0  33.2  41.4 261.3  65.3 392.8 181.8 255.3 131.4 154.4             718.5 276.8 417.81512.21569.7 668.5 341.9 340.9 335.4 539.13246.41501.82109.91085.01275.7             170.4  65.7  99.1 358.5 372.2 158.6  81.2  80.9  79.6 511.8 769.6 356.1 500.2 257.3 302.5            1086.5 418.6 631.82286.72373.81010.9 517.0 515.5 507.13264.7 815.32271.03190.61640.71929.2             496.1 191.2 288.51044.21083.9 461.6 236.1 235.4 231.61490.7 372.32241.61456.9 749.2 880.9             701.9 270.5 408.21477.31533.5 653.1 334.0 333.1 327.72109.0 526.73171.41467.11060.01246.3             355.1 136.9 206.5 747.3 775.8 330.4 169.0 168.5 165.81066.9 266.51604.3 742.21042.7 630.5             419.6 161.7 244.1 883.2 916.8 390.5 199.7 199.2 195.91260.8 314.91895.9 877.11232.2 633.7                                                                                                                                                                                                                                
072131069   97.3 179.5 142.7 119.4 113.8 410.2  75.6 354.1                                                        60.8  38.8  30.8  20.7  19.7  88.5  13.1  76.4                                                       162.7  47.9  82.4  58.7  56.0 236.8  37.2 204.4                                                       122.5  33.9  78.1  41.6  39.7 178.4  26.4 154.0                                                        77.6  21.5  49.5  39.4  25.2 113.0  16.8  97.6                                                        73.4  20.4  46.8  37.2  25.0 106.8  15.8  92.2                                                       416.3 143.7 265.2 210.8 176.4 168.1 111.7 523.3                                                        44.3  12.3  28.3  22.5  15.1  14.4  64.4  55.6                                                       357.5 123.4 227.7 181.1 151.5 144.4 520.6  95.9                                                                                                                                                                                                                                                                                                                                                                                                                                                                                                                                                                                                                                                                                                                                                                                                                                                                                                                                                                                                                    
072131076    9.5  26.3  41.8   5.3  20.8                                                                          10.5  40.5  64.4   8.1  32.0                                                                          46.3  64.5 228.8  35.6 113.4                                                                          75.5 105.3 234.5  58.1 185.1                                                                           4.7   6.6  18.1  28.7  14.3                                                                          25.9  36.1 100.4 159.9  20.0                                                                                                                                                                                                                                                                                                                                                                                                                                                                                                                                                                                                                                                                                                                                                                                                                                                                                                                                                                                                                                                                                                                                                                                                                                                                                                                                                        
0721310812 235.9 201.4 112.5 130.4  62.6  55.0  28.6 102.1 185.9  28.6 238.4                                     280.4 878.6 490.8 569.0 273.0 239.5 155.6 445.5 811.2 155.41040.3                                     238.3 874.9 417.1 483.5 232.0 203.6 132.3 378.6 689.4 132.0 884.1                                     130.1 477.6 407.6 264.0 126.7 111.2  72.3 206.7 376.4  72.1 482.7                                     151.9 557.7 475.9 265.9 147.9 129.8  84.3 241.3 439.4  84.2 563.6                                      62.5 229.1 195.5 109.3 126.6  53.4  27.8  99.2 180.5  27.8 231.5                                      54.0 197.8 168.9  94.4 109.4  52.6  24.0  85.7 155.9  24.0 199.9                                      24.8  90.7  77.5  43.3  50.2  24.2  21.2  39.3  71.5  11.1  91.7                                     117.5 431.1 368.0 205.6 238.3 114.4 100.4  65.2 339.7  65.1 435.7                                     219.5 805.8 687.7 384.2 445.4 213.7 187.5 121.8 348.7 121.6 814.3                                      24.8  90.6  77.3  43.2  50.1  24.1  21.2  11.1  39.3  71.4  91.5                                     283.41040.6 888.1 496.1 575.1 276.0 242.1 157.3 450.3 820.0 157.0                                                                                                                                                                                                                                                                                                                                                                                                                                                                                                                                                                                                                                                                                
0721310910 137.6  50.9  78.4 336.5 265.1 312.5  41.1 120.1 198.5                                                 138.2  54.1  83.4 358.1 282.1 332.5  43.8 127.8 211.3                                                  30.5  32.3  14.8  78.8  62.1  73.2   7.8  28.2  46.5                                                  51.9  55.0  16.3 134.4 105.9 124.8  13.2  48.0  79.3                                                 351.1 372.2 137.4 211.9 717.2 845.3 111.1 324.8 536.9                                                 274.7 291.1 107.5 165.8 712.1 661.2  86.9 254.1 420.0                                                 325.4 344.9 127.3 196.4 843.6 664.6 102.9 301.0 497.5                                                  22.9  24.3   7.3  11.1  59.2  46.6  54.9  21.2  34.9                                                 113.6 120.4  39.6  61.0 294.4 232.0 273.4  32.0 173.7                                                 203.4 215.6  79.6 122.8 527.2 415.3 489.5  64.4 188.1                                                                                                                                                                                                                                                                                                                                                                                                                                                                                                                                                                                                                                                                                                                                                                                                                                                                                                        
072131108    5.9  34.7  38.8  13.4  11.1   8.9  11.9                                                               7.9 101.0 113.0  38.8  32.0  25.7  34.4                                                              76.0 164.6 880.1 301.8 249.0 199.7 267.8                                                              85.2 184.6 882.8 338.6 279.3 224.1 300.4                                                              21.5  46.4 265.6 297.1  84.1  80.3  90.5                                                              16.4  35.3 210.6 235.6  80.8  53.5  71.7                                                              12.8  27.6 164.6 184.1  63.2  52.2  56.1                                                              17.7  38.3 228.2 255.2  87.6  72.3  58.0                                                                                                                                                                                                                                                                                                                                                                                                                                                                                                                                                                                                                                                                                                                                                                                                                                                                                                                                                                                                                                                                                                                                
0721311111 124.2 125.6  28.9 166.2 227.5 177.5  40.7  80.9  56.2 132.0                                           141.0 202.5  58.2 268.2 367.0 286.3  82.0 130.5 100.6 212.9                                           142.7 202.7  58.9 271.4 371.4 289.7  83.0 132.1 101.8 215.5                                            23.6  33.4  33.8  44.7  61.1  47.7  11.0  21.8  15.2  35.5                                           191.6 272.0 275.1  79.0 498.5 388.9 111.3 177.3 136.6 289.2                                           265.1 376.4 380.7 109.2 504.1 538.1 154.0 245.3 189.0 400.2                                           205.0 291.1 294.5  84.5 389.9 533.6 119.2 189.7 146.2 309.6                                            36.5  51.7  52.3  12.1  69.2  94.7  73.9  33.7  23.4  55.0                                            80.3 114.1 115.4  26.6 152.7 209.0 163.0  37.4  51.6 121.3                                            53.3  75.6  76.5  17.7 101.3 138.6 108.1  24.8  49.3  80.4                                           150.5 213.6 216.1  62.0 286.1 391.5 305.4  87.5 139.2 107.3                                                                                                                                                                                                                                                                                                                                                                                                                                                                                                                                                                                                                                                                                                                                                                                            
0721311216  58.3 297.9  79.9 200.7  56.0 207.8  61.6 199.0  59.1 170.7 208.7 431.5 178.7  18.3 103.2              60.3 422.6 113.4 284.7  79.4 294.7  87.3 282.3  83.7 242.2 296.1 612.2 253.6  26.0 146.4             365.6 500.7 687.41727.3 481.01788.3 529.31712.8 507.61469.31796.63715.61538.4 196.0 888.1              94.0 128.6 658.4 443.5 123.6 459.2 136.0 439.8 130.4 377.3 461.3 953.9 395.0  50.4 228.1             244.5 334.81714.4 459.6 321.71195.6 353.91145.2 339.4 982.31201.22484.11028.6 131.1 593.8              57.8  79.1 404.4 108.5 272.5 282.1  83.6 270.2  80.2 231.8 283.4 586.0 242.7  24.9 140.2             253.3 346.91776.3 476.21196.6 333.3 366.71186.5 351.71017.81244.62573.81065.7 135.8 615.3              64.1  87.8 448.9 120.4 302.5  84.3 313.1 299.9  89.0 257.3 314.6 650.5 269.4  27.6 155.6             242.4 331.91699.7 455.71144.9 318.91185.4 350.8 336.5 973.91190.92462.81019.7 130.0 588.7              61.3  83.9 429.0 115.1 289.0  80.6 299.2  88.6 286.6 245.8 300.6 621.5 257.4  26.4 148.7             207.1 283.61452.3 389.4 978.3 272.51012.9 299.8 970.1 287.61017.62104.4 871.3 111.1 503.1             254.5 348.51784.8 478.51202.3 334.91244.7 368.41192.2 353.31022.72586.11070.8 136.5 618.2             532.2 728.93733.41000.72514.9 700.32603.6 770.52493.7 739.02139.12615.82239.8 285.41293.0             217.1 297.31522.5 408.21025.6 285.71061.8 314.31017.0 301.4 872.41066.82206.1 116.5 527.4              15.1  20.6 105.2  28.3  70.9  19.8  73.4  21.8  70.3  20.9  60.3  73.7 152.3  63.1  36.5             123.0 168.4 862.2 231.2 580.8 161.8 601.3 178.0 576.0 170.8 494.1 604.11249.3 517.3  66.0                                                                                                                                                                                                                                
