0621540116  98.8  60.8  35.7 153.5  55.9 174.6 350.3 339.3  13.6 413.3 169.0 360.3 200.2  48.1 460.9             133.2 215.3 134.4 543.8 197.9 618.71241.61202.6  59.81465.0 599.01277.0 709.3 170.31633.8              79.8 209.5  80.5 325.5 118.5 370.3 743.1 719.8  35.8 876.8 358.5 764.3 424.6 102.0 977.9              36.0 104.9  64.6 162.9  59.3 185.4 371.9 360.2  14.4 438.8 179.5 382.5 212.5  51.1 489.4             210.1 552.0 339.4 211.9 312.0 975.71958.11896.6  94.22310.4 944.62014.01118.7 268.52576.7              72.9 191.4 117.7  73.5 297.3 338.3 678.7 657.4  32.7 800.8 327.5 698.1 387.8  93.2 893.2             239.8 630.1 387.5 241.9 978.9 356.12235.22165.1 107.52637.41078.32299.11277.0 306.52941.5             486.81279.4 786.7 491.11987.7 723.02261.74396.4 218.15355.62189.64668.52593.0 622.45973.0             471.31238.8 761.7 475.51924.5 700.02189.84394.7 211.25185.52120.04520.22510.7 602.65783.4              10.5  30.5  18.8  11.1  47.3  17.3  53.8 107.8 104.4 127.2  52.1 110.9  61.7  14.9 141.9             575.41512.2 929.8 580.52349.5 854.62673.35365.15196.7 257.82588.15518.33065.0 735.67060.3             232.0 609.5 374.8 234.0 947.0 344.51077.52162.32094.4 104.02551.42224.11235.3 296.62845.5             500.81316.3 809.4 505.32045.1 743.92327.04670.04523.4 224.45510.32252.82667.9 640.36145.6             275.7 724.6 445.5 278.21125.7 409.51280.82570.42489.8 123.63033.01240.02643.8 352.53382.6              50.3 146.6  90.2  53.0 227.7  82.9 259.0 519.7 503.4  20.1 613.2 250.8 534.5 297.0 683.9             642.31688.31038.1 648.02623.0 954.12984.65989.75801.7 287.77067.52889.46160.73421.8 821.2                                                                                                                                                                                                                                
0621540215 353.7 249.9  66.7  54.7 294.8  24.3  56.3  94.1 166.6  48.2  42.7 145.0 180.9  37.6                   491.33246.2 866.0 709.83829.9 393.4 730.51222.12163.8 625.0 553.41883.22349.3 486.5                   345.43230.6 608.8 499.02692.2 276.6 513.6 859.11521.1 439.4 389.11323.81651.5 342.0                    88.1 823.0 581.3 127.2 685.8  70.6 130.9 218.9 387.5 112.0  99.2 337.3 420.8  87.2                    57.8 599.7 423.7 113.1 499.8  41.2  95.4 159.6 282.4  81.7  72.3 245.8 306.6  63.6                   408.53821.12699.0 720.0 590.2 327.1 607.41016.11799.0 519.6 460.21565.81953.3 404.5                    22.9 236.5 167.1  44.7  36.6 197.1  37.7  63.0 111.4  32.3  28.6  97.0 121.0  25.2                    73.4 686.0 484.6 129.4 106.0 571.7  58.8 182.5 323.0  93.4  82.7 281.2 350.7  72.7                   126.61183.2 835.8 223.0 182.8 986.1 101.4 188.2 557.1 161.0 142.6 484.9 604.9 125.4                   228.42135.81508.6 402.5 329.91779.8 182.9 339.6 568.0 290.5 257.3 875.21091.8 226.2                    50.3 521.7 368.6  98.4  80.7 434.8  35.9  83.0 138.8 245.7  62.9 213.9 266.8  55.3                    44.0 456.0 322.1  86.0  70.5 380.0  31.3  72.6 121.3 214.7  62.1 186.9 233.1  48.4                   198.11851.91308.1 349.0 286.11543.3 158.6 294.5 492.5 872.0 251.9 223.1 946.7 196.1                   248.52323.41641.1 437.9 358.91936.2 199.0 369.4 617.91093.9 316.0 279.9 952.1 246.0                    38.1 394.4 278.6  74.4  61.0 328.7  27.1  62.8 105.0 185.8  53.7  47.6 161.7 201.7                                                                                                                                                                                                                                                                                                                                            
0621540316  36.3  82.6  50.4 879.7 191.0  60.5 373.7 354.4 421.6 545.8 237.1 147.6 200.0  77.0  14.6              35.9  76.5  46.6 814.6 176.9  56.0 346.0 328.2 390.3 505.4 219.6 136.7 185.2  71.3  13.5             102.3 104.3 127.52230.6 484.2 153.1 947.4 898.51068.81383.9 601.1 374.1 506.9 195.1  46.0              52.0  48.6 110.71179.2 256.0  81.0 500.9 475.0 565.0 731.6 317.8 197.8 268.0 103.2  19.5            1143.41166.32342.11425.55418.51712.79999.89999.89999.89999.86727.44186.45673.32182.0 513.4             243.8 248.7 499.3 303.95322.1 365.22260.32143.72549.93301.81434.0 892.41209.4 465.2 109.5              72.8  62.6 139.7  85.11488.5 323.1 632.3 599.6 713.2 923.5 401.2 249.7 338.3 130.2  26.2             482.4 492.1 988.1 601.49999.82285.9 722.64242.75046.66534.72838.11766.12393.4 920.6 216.6             457.3 466.4 936.6 570.09983.62166.6 684.94240.04783.26193.72690.01674.02268.5 872.6 205.3             545.0 555.91116.2 679.49999.82582.2 816.25053.34792.67381.63205.91995.02703.61039.9 244.7             707.3 721.41448.7 881.79999.83351.41059.46558.86220.47399.04161.02589.43509.01349.7 317.6             304.1 310.1 622.7 379.06637.51440.5 455.42819.02673.53180.14117.81113.01508.2 580.2 136.6             187.1 190.9 383.2 233.34083.9 886.3 280.21734.51645.01956.72533.61100.4 928.0 357.0  84.1             255.6 260.7 523.4 318.65578.21210.6 382.72369.12246.92672.63460.61503.0 935.4 487.6 114.8              94.9  96.8 194.3 118.32069.7 449.3 142.1 879.1 833.7 991.71284.1 557.7 347.1 470.4  42.7              11.2  10.5  23.8  14.5 252.1  54.8  17.4 107.2 101.6 120.9 156.5  68.0  42.4  57.4  22.2                                                                                                                                                                                                                                
0621540410 102.7 873.7 169.2 363.9 261.4 367.4 970.9 335.0 311.4                                                  51.5  44.4   7.0  18.6  13.4  18.7  49.3  17.1  15.9                                                 870.3  88.1 145.2 312.3 224.3 315.3 833.1 287.5 267.2                                                 101.1   8.3  87.1  36.4  26.1  36.7  96.8  33.5  31.1                                                 347.8  35.3 299.7  58.1  89.7 126.1 333.0 115.0 106.9                                                 218.4  17.8 188.2  29.3  78.4  79.2 209.1  72.2  67.1                                                 351.5  35.7 302.8  58.7 126.2  90.6 336.5 116.2 108.0                                                 969.8  98.2 835.5 161.8 348.0 249.9 351.4 320.4 297.8                                                 318.2  32.3 274.2  53.2 114.2  82.1 115.4 304.7  97.8                                                 265.1  21.6 228.4  35.5  95.2  68.4  96.1 253.7  87.6                                                                                                                                                                                                                                                                                                                                                                                                                                                                                                                                                                                                                                                                                                                                                                                                                                                                                                        
06215405162757.5 828.72732.5 335.71723.39999.8 629.92201.37542.3 931.61671.91676.7 627.12193.21313.3            2715.0 302.0 995.7 122.4 628.04499.5 229.6 802.12748.1 339.5 609.3 611.0 228.6 799.2 478.6             692.8 256.5 254.1  25.1 160.31148.2  50.5 204.8 701.3  86.7 155.6 156.0  56.1 204.0 122.2            2689.8 995.4 299.2 121.3 622.24457.8 227.5 794.72722.6 336.4 603.6 605.3 226.5 791.8 474.2             179.0  66.3  20.0  65.7  41.5 296.6  13.1  53.0 181.2  22.5  40.3  40.4  14.6  52.8  31.7            1671.5 618.6 186.0 613.0  75.42770.1 141.4 493.91691.9 209.1 375.1 376.2 140.8 492.1 294.7            9999.84586.31378.34544.7 558.32866.21047.63661.29999.81549.42780.82788.71043.03647.72184.3             429.6 159.0  47.9 157.6  15.6  99.4 711.8 127.0 434.8  53.8  96.5  96.8  34.8 126.5  75.8            2153.8 797.1 239.6 789.9  97.1 498.23569.4 182.22180.1 269.4 483.3 484.7 181.4 634.0 379.7            7543.12791.4 838.92766.1 339.91744.59999.8 637.62228.3 943.11692.51697.3 634.92220.21329.5             795.7 294.6  88.6 291.9  29.4 184.11318.7  60.4 235.2 805.5 178.6 179.2  74.9 234.3 140.4            1619.7 599.4 180.2 594.0  73.1 374.72684.2 137.0 478.61639.4 202.6 364.5 136.4 476.8 285.6            1624.5 601.2 180.8 595.8  73.3 375.82692.2 137.4 480.01644.3 203.2 364.6 136.8 478.2 286.4             484.9 179.5  54.0 177.9  17.6 112.2 803.6  35.4 143.3 490.8  60.7 108.9 109.2 142.8  85.6            2145.6 794.1 238.7 786.9  96.8 496.33555.9 181.5 633.92171.8 268.3 481.5 482.9 180.7 378.2            1257.8 465.5 140.0 461.3  56.8 291.02084.5 106.4 371.71273.1 157.4 282.3 283.1 106.0 370.3                                                                                                                                                                                                                                
0621540617 239.7  23.5 535.1 267.9  45.2 519.4 160.5 427.4 477.22055.4 107.2 327.0  49.7 399.6 162.8  98.9       282.0 108.51983.0 992.5 208.81924.6 594.61583.91768.27617.9 396.91211.6 218.81480.8 603.2 366.0        18.4  57.6 128.3  64.3  10.9 124.6  38.6 102.5 114.4 492.6  25.8  78.5  12.0  95.9  39.1  23.8       638.82011.9 245.62248.4 473.04360.01346.83588.24005.79999.8 899.02744.7 495.53354.61366.3 829.0       316.1 995.3 121.52222.3 234.02156.8 666.31775.01981.68537.2 444.81357.8 245.21659.5 676.0 410.2        42.1 132.5  13.1 295.6 148.0 286.9  88.7 236.2 263.61135.4  59.3 180.7  27.5 220.8  90.0  54.7       619.81952.0 238.34358.42181.4 458.91306.73481.33886.39999.8 872.22662.9 480.83254.61325.6 804.3       186.4 586.8  71.71310.1 655.8 138.01271.61046.51168.25033.0 262.3 800.5 144.6 978.4 398.6 241.9       508.71602.3 195.63577.61790.7 376.73472.31072.63190.19999.8 716.02185.9 394.72671.61088.2 660.3       568.81791.4 218.74000.02002.0 421.13882.21199.23195.09999.8 800.52443.9 441.22987.01216.6 738.2      2474.97795.7 951.29999.88712.21832.39999.85218.59999.89999.83483.19999.81919.79999.85294.23212.0       122.0 383.9  47.0 857.1 429.0  90.3 831.8 257.0 684.6 764.23292.3 523.7  94.6 640.0 260.8 158.3       387.41220.1 149.02724.31363.6 286.92644.1 816.82176.02429.29999.8 545.2 300.62034.4 828.6 502.8        47.1 148.1  14.6 330.5 165.5  28.0 320.7  99.2 264.0 294.71269.2  66.2 202.0 246.8 100.6  61.1       475.21496.5 182.73341.31672.4 351.83242.91001.82668.92979.49999.8 668.72041.5 368.61016.3 616.6       189.2 595.7  72.81329.9 665.7 140.11290.7 398.81062.31185.95108.8 266.2 812.6 146.8 993.1 245.5       111.9 352.2  43.1 786.3 393.6  82.9 763.2 235.8 628.1 701.13020.5 157.4 480.5  86.8 587.2 239.2                                                                                                                    
0621540710 102.0  99.7 617.9 298.9 134.6 165.3 140.6 240.7 502.8                                                  61.3  12.3  94.7  45.9  16.6  25.4  21.6  37.0  77.1                                                  59.6  12.3  92.0  44.6  16.1  24.7  21.0  35.9  74.9                                                 626.5 159.8 156.2 468.4 210.9 259.0 220.2 377.3 788.0                                                 294.9  75.3  73.6 455.8  99.3 122.0 103.7 177.6 370.9                                                  86.0  17.6  17.3 132.8  64.3  35.6  30.3  51.8 108.1                                                 140.4  28.7  28.1 216.9 105.0  37.9  49.4  84.6 176.5                                                 117.0  24.0  23.4 180.8  87.5  31.6  48.4  70.5 147.1                                                 234.4  59.9  58.5 362.3 175.3  79.0  97.0  82.5 294.8                                                 506.9 129.3 126.4 783.4 379.0 170.7 209.6 178.2 305.2                                                                                                                                                                                                                                                                                                                                                                                                                                                                                                                                                                                                                                                                                                                                                                                                                                                                                                        
0621540816 438.51284.0 565.8 487.81742.82015.32080.2 155.3 185.5 385.4 734.7 469.0 969.7 379.5 422.6             421.4 453.2 199.8 172.2 615.1 711.3 734.2  54.9  65.6 136.1 259.4 165.6 342.3 134.0 149.2            1286.1 472.5 609.6 525.61877.62171.22241.2 167.3 199.9 415.2 791.6 505.31044.7 408.8 455.3             551.6 202.7 593.3 225.4 805.2 931.1 961.1  71.8  85.8 178.1 339.5 216.8 448.0 175.4 195.3             471.8 173.4 507.5 223.7 688.7 796.4 822.1  61.5  73.4 152.4 290.4 185.4 383.2 150.0 167.1            1755.3 644.81888.1 832.0 717.32963.43058.8 228.3 272.7 566.61080.3 689.71425.8 557.9 621.3            2034.0 747.22187.9 964.1 831.22969.63544.6 264.5 316.0 656.61251.9 799.21652.2 646.5 720.0            2100.4 771.52259.3 995.6 858.33066.53546.1 273.2 326.3 678.01292.8 825.21706.1 667.6 743.5              88.4  32.6  95.1  42.0  36.2 129.0 149.1 154.0  11.1  28.6  54.5  34.8  71.8  28.2  31.4             110.9  40.8 119.3  52.6  45.4 161.8 187.1 193.1  11.7  35.9  68.3  43.6  90.1  35.3  39.3             367.0 134.9 394.8 174.0 150.0 535.7 619.5 639.5  47.8  57.1 225.9 144.3 298.1 116.7 130.0             724.3 266.1 779.1 343.4 296.01057.41222.81262.2  94.3 112.6 233.9 284.6 588.4 230.3 256.4             452.6 166.3 486.8 214.6 185.0 660.7 764.0 788.6  59.0  70.4 146.2 278.6 367.6 143.9 160.3             964.6 354.41037.5 457.2 394.21408.21628.41680.9 125.5 149.9 311.4 593.7 379.0 306.6 341.5             361.0 132.7 388.3 171.1 147.6 526.9 609.3 628.9  47.0  56.2 116.6 222.2 141.9 293.2 127.8             405.0 148.9 435.7 192.0 165.6 591.3 683.7 705.8  52.8  63.0 130.8 249.3 159.2 329.0 128.8                                                                                                                                                                                                                                
06215409162065.03640.71437.84042.32040.01129.53429.41280.9 393.1 443.81110.0 367.6 354.4 560.2 230.2            2057.72957.81168.23284.11657.4 917.72786.21040.7 319.4 360.6 901.8 298.7 288.0 455.1 187.0            3657.92982.32076.55838.02946.21631.34952.91849.9 567.6 640.91603.0 530.9 511.8 808.9 332.4            1420.81158.42042.22267.51144.4 633.61923.8 718.6 220.5 249.0 622.7 206.3 198.9 314.3 129.2            4065.83314.95844.32308.13274.71813.15505.22056.2 630.9 712.41781.8 590.1 568.9 899.1 369.4            2032.31657.02921.31153.73243.6 906.42751.81027.8 315.4 356.1 890.7 295.0 284.4 449.5 184.7            1107.7 903.11592.2 628.91767.8 892.21499.8 560.2 172.0 194.2 485.5 160.8 155.1 245.0 100.7            3443.42807.44949.61954.75495.62773.41535.61741.4 534.3 603.31509.0 499.8 481.8 761.5 312.9            1261.41028.51813.2 716.12013.21016.0 562.61708.0 195.8 221.1 552.9 183.2 176.6 279.0 114.7             323.5 263.8 465.0 183.7 516.2 260.6 144.3 438.0 163.7  56.8 141.8  41.4  36.3  71.6  23.6             370.3 302.0 532.3 210.3 591.0 298.3 165.2 501.4 187.4  57.6 162.4  47.4  41.6  82.0  27.0            1087.8 886.91563.6 617.61736.1 876.2 485.21472.9 550.2 168.9 190.7 158.0 152.3 240.7  98.9             259.3 211.4 372.7 147.3 413.8 208.9 115.7 351.0 131.2  40.3  45.5 113.7  29.1  57.4  19.0             222.4 181.4 319.6 126.3 354.9 179.2  99.3 301.1 112.5  34.6  39.1  97.5  28.5  49.3  16.3             529.5 431.7 761.0 300.6 844.9 426.5 236.2 716.9 267.8  82.3  92.9 232.1  76.9  74.2  48.2             130.6 106.5 187.7  74.2 208.4 105.2  58.3 176.8  66.1  20.4  23.0  57.3  16.8  14.7  29.0                                                                                                                                                                                                                                
0621541013 348.8 189.11206.5 954.3 183.5 954.3 412.1 183.0 277.2 471.1 373.4 110.1                               339.1  96.4 614.3 485.9  93.5 485.9 209.9  93.2 141.2 239.9 190.1  56.1                               121.4  63.7 219.9 174.0  32.9 174.0  75.2  32.1  50.6  85.9  68.1  16.2                              1223.1 640.5 347.31752.4 336.81752.4 756.7 335.9 509.1 865.0 685.6 202.0                               963.1 504.4 273.51744.7 265.21379.9 595.8 264.5 400.9 681.2 539.9 159.1                               148.1  77.6  33.7 268.2 212.2 212.2  91.7  39.1  61.7 104.8  83.1  19.7                               963.1 504.4 273.51744.71379.9 265.2 595.8 264.5 400.9 681.2 539.9 159.1                               404.3 211.8 114.9 732.4 579.3 111.4 579.3 111.1 168.3 286.0 226.7  66.9                               144.2  75.6  32.9 261.2 206.6  39.0 206.6  89.3  60.1 102.0  80.9  19.2                               242.0 126.8  54.0 438.3 346.7  77.8 346.7 149.8  74.3 171.2 135.7  32.7                               465.1 243.6 132.1 842.6 666.4 128.2 666.4 287.8 127.8 193.6 260.8  76.9                               364.4 190.9 103.5 660.1 522.1 100.4 522.1 225.5 100.2 151.7 257.8  60.3                                62.2  32.6  14.2 112.5  89.0  16.9  89.0  38.5  16.5  26.0  44.0  34.9                                                                                                                                                                                                                                                                                                                                                                                                                                                                                                                                                                    
0621541116 106.2  34.2  20.8  25.6  65.0 100.6 226.5  34.6 143.2 111.7  35.8 111.0  62.0 125.9  22.3             177.5 350.6 242.0 262.0 666.51032.52326.4 353.81470.61146.9 366.51139.2 635.61292.4 237.2              39.2 300.3  58.7  72.3 183.7 284.4 640.7  97.5 405.1 315.9 101.0 313.8 175.1 356.0  62.8              22.5 172.2  55.5  41.5 105.3 163.1 367.4  56.0 232.3 181.2  58.0 180.0 100.5 204.1  36.1              28.5 217.9  70.2  42.7 133.3 206.4 464.9  70.8 293.9 229.3  73.3 227.7 127.1 258.3  45.6             106.9 656.5 211.1 145.7 157.8 621.71400.7 213.1 885.4 690.5 220.7 685.9 382.7 778.1 142.9             167.81031.1 331.6 228.8 247.8 630.42200.2 334.61390.91084.7 346.61077.4 601.21222.3 224.4             383.32355.8 757.4 522.7 566.11440.22231.0 764.43177.72478.2 791.82461.51373.42792.5 512.5              43.5 313.2 100.8  62.5  75.4 191.5 296.6 668.2 422.5 329.5 105.4 327.3 182.7 371.3  72.8             240.81479.7 475.7 328.3 355.6 904.61401.33157.4 480.11556.5 497.41546.1 862.61753.9 321.9             186.91148.3 369.2 254.8 276.0 702.01087.42450.1 372.61548.8 386.01199.8 669.41361.1 249.8              56.9 349.3 112.4  77.6  84.0 213.6 330.8 745.2 113.4 471.1 367.4 364.9 203.7 414.0  76.1             185.61140.4 366.7 253.1 274.1 697.21079.92433.3 370.11538.21199.6 383.3 664.81351.7 248.1             101.8 624.8 200.9 138.7 150.2 382.0 591.71333.1 202.8 842.8 657.3 210.1 652.8 740.6 136.0             211.11297.2 417.1 287.9 311.8 793.01228.42767.9 420.91749.71364.5 436.01355.4 756.2 282.2              24.3 186.0  59.9  36.4  44.8 113.8 176.2 396.8  60.4 250.9 195.7  62.6 194.4 108.5 220.5                                                                                                                                                                                                                                
0621541213 216.5 314.6 623.5 583.6 482.7 131.6 214.3 276.2 114.51329.0 114.4 217.2                               192.7 148.3 293.8 275.0 227.5  51.7 101.1 130.2  45.1 626.2  45.0 102.4                               310.9 164.7 474.1 443.8 367.1 100.1 163.0 210.0  87.11010.7  87.0 165.2                               631.9 334.7 486.2 902.2 746.2 203.3 331.3 426.8 177.02054.5 176.8 335.7                               590.5 312.8 454.4 900.6 697.3 190.0 309.6 398.9 165.41919.9 165.2 313.7                               485.6 257.2 373.7 740.7 693.4 156.3 254.6 328.1 136.11579.0 135.9 258.0                                83.5  44.3  64.3 127.2 119.1  98.5  43.8  56.4  18.8 271.1  18.8  44.4                               186.5  98.8 143.5 284.4 266.2 220.2  48.1 126.0  41.9 606.1  41.8  99.1                               271.0 143.6 208.5 413.2 386.8 320.0  87.3 142.1  76.0 880.8  75.9 144.0                                70.6  37.4  54.3 107.6 100.7  83.3  18.3  37.1  47.7 229.2  15.9  37.6                              1365.1 723.01050.42082.21949.11612.1 439.2 715.6 922.1 382.3 381.9 725.2                                70.5  37.4  54.3 107.5 100.6  83.2  18.2  37.0  47.7  15.9 228.9  37.5                               197.4 104.6 151.9 301.0 281.8 233.1  55.3 103.5 133.4  48.2 641.6  48.1                                                                                                                                                                                                                                                                                                                                                                                                                                                                                                                                                                    
0721640114 783.5 457.92246.02444.1 791.82217.5 632.41910.4 297.5 282.8 995.61788.32712.0                         743.6  85.0 416.6 453.3 146.9 411.3 117.4 354.4  55.3  52.6 184.7 331.7 503.0                         329.8  64.5 184.8 201.1  65.2 182.5  52.1 157.2  19.7  18.7  82.0 147.2 223.1                        2224.2 434.6 254.11355.8 439.31230.1 350.91059.8 165.1 156.9 552.3 992.01504.4                        2424.8 473.8 277.01358.3 478.91341.1 382.51155.3 180.0 171.1 602.21081.51640.1                         752.0 147.0  86.0 421.3 458.5 416.0 118.7 358.4  55.9  53.2 186.8 335.5 508.7                        2195.4 429.0 250.81229.81338.3 433.6 346.31046.1 162.9 154.9 545.2 979.21485.0                         532.5 104.1  54.8 298.3 324.7 105.3 294.6 253.8  31.7  30.2 132.3 237.6 360.2                        1884.5 368.3 215.31055.61148.8 372.21042.3 297.3 139.9 133.0 468.0 840.51274.7                         169.6  33.2  17.5  95.0 103.4  33.6  93.8  26.9  80.9   9.7  42.2  75.7 114.7                         158.8  31.1  16.4  89.0  96.8  31.5  87.9  25.2  75.7   9.6  39.5  70.9 107.4                         958.4 187.4 109.6 536.9 584.3 189.3 530.1 151.3 456.7  71.2  67.7 427.5 648.3                        1760.9 344.1 201.2 986.41073.4 347.8 973.9 277.8 839.0 130.7 124.3 437.31191.1                        2696.0 526.8 307.91510.21643.4 532.41491.1 425.31284.6 200.1 190.2 669.51202.5                                                                                                                                                                                                                                                                                                                                                                                                                                                        
0721640216 367.4 308.4 192.1  69.7 172.5  66.2 115.1  86.0  25.5 222.8  22.8 392.7 146.8 133.5 376.4             448.22849.21774.3 643.01593.8 611.01062.8 793.8 292.92058.6 261.83628.91355.41233.03478.0             375.22841.91485.3 538.31334.2 511.5 889.7 664.5 245.21723.3 219.23037.81134.61032.22911.4             231.51752.51470.8 332.0 822.8 315.5 548.7 409.8 151.31062.7 135.21873.3 699.8 636.61795.4              80.1 606.1 508.7 316.8 284.6 109.2 189.8 141.8  52.4 367.6  46.8 647.8 242.0 220.2 620.9             207.31569.61317.3 820.4 297.4 282.5 491.4 367.1 135.5 951.8 121.11677.8 626.7 570.11608.0              75.8 573.6 481.4 299.8 108.7 269.3 179.7 134.2  49.6 347.9  44.3 613.1 229.1 208.4 587.6             136.31031.5 865.7 539.1 195.5 484.3 185.7 241.3  89.1 625.5  79.61102.6 411.9 374.71056.7             100.3 758.9 636.9 396.7 143.8 356.3 136.7 237.7  65.6 460.2  58.6 811.2 303.1 275.7 777.5              22.6 170.3 143.0  89.1  32.4  80.0  30.8  53.4  39.9 103.3  10.6 182.1  68.1  61.9 174.5             269.52040.71712.61066.5 386.6 958.0 367.3 638.9 477.2 176.1 157.42181.3 814.8 741.22090.6              19.6 147.4 123.7  77.1  28.0  69.3  26.6  46.2  34.6  10.3  89.4 157.6  58.9  53.6 151.0             479.63632.13048.21898.2 687.91705.1 653.71137.1 849.3 313.32202.4 280.11450.11319.23721.0             175.41328.11114.6 694.1 251.6 623.5 239.1 415.8 310.6 114.6 805.3 102.51419.6 482.41360.6             159.01204.01010.5 629.3 228.1 565.3 216.8 377.0 281.6 104.0 730.1  92.91287.0 480.81233.5             459.43479.12919.91818.3 659.01633.3 626.11089.2 813.5 300.12109.7 268.33719.01389.11263.6                                                                                                                                                                                                                                
0721640316 137.9 202.3 413.2  26.6 136.6  23.8 371.8 101.6 177.7  70.1  90.6 100.7 130.2  87.5 495.8             164.8 701.01432.4 114.9 473.3 102.61288.8 351.9 615.6 242.8 313.9 348.9 451.0 303.21718.9             244.4 709.12125.6 170.4 702.4 152.21912.6 522.1 913.5 360.3 465.8 517.7 669.3 449.92550.9             505.61466.92152.1 352.41453.0 314.83957.01080.11889.9 745.3 963.61070.91384.6 930.65277.5              24.0  69.3 101.6 207.5  68.6  12.0 186.7  51.1  89.2  35.3  45.6  50.6  65.4  44.0 249.0             163.1 473.2 694.11418.3 113.7 101.61276.2 348.4 609.6 240.4 310.8 345.4 446.6 300.21702.0              20.8  60.1  88.1 179.8  11.7  59.5 161.8  44.3  77.4  30.6  39.5  43.9  56.7  38.2 215.8             454.31318.21933.93951.8 316.71305.7 282.9 970.61698.3 669.7 865.9 962.31244.2 836.24742.3             119.8 347.3 509.51041.0  83.5 344.0  74.6 936.6 447.4 176.5 228.2 253.6 327.8 220.41249.2             213.9 620.6 910.51860.4 149.1 614.7 133.21674.0 457.0 315.4 407.7 453.1 585.8 393.72232.6              80.8 234.3 343.7 702.2  56.4 232.1  50.4 631.9 172.6 301.9 154.0 171.1 221.2 148.7 842.7             106.2 308.0 451.8 923.1  74.1 305.1  66.2 830.6 226.8 396.8 156.5 224.9 290.7 195.41107.8             118.7 344.2 504.91031.6  82.8 340.9  73.9 928.3 253.5 443.4 174.9 226.1 324.9 218.41238.0             155.2 450.1 660.31349.1 108.2 445.8  96.71213.9 331.4 579.8 228.7 295.7 328.6 285.61619.0             102.4 296.9 435.5 889.7  71.4 294.0  63.8 800.6 218.6 382.4 150.9 195.0 216.7 280.21067.7             607.91763.82587.75287.9 423.71747.1 378.54757.91298.72272.5 896.11158.61287.61664.91118.9                                                                                                                                                                                                                                
0721640418 333.6 150.5 108.1 480.9 557.9 354.5 263.1 773.9 107.4 101.1  73.61156.7 475.8 266.9 223.4 541.0  53.3 348.3 413.1 296.61321.01532.3 973.6 722.62125.7 294.8 277.5 202.03177.21306.9 732.8 613.41486.0 146.1 152.1 400.0 129.6 576.7 669.0 425.1 315.5 928.1 128.8 121.2  88.21387.1 570.6 320.0 267.9 648.8  63.8  96.2 252.9 114.1 364.6 422.9 268.7 199.5 586.6  81.4  76.7  44.7 876.8 360.7 202.3 169.4 410.1  32.4 506.21331.5 600.4 431.12227.01415.01050.23089.6 428.4 403.3 293.54618.01899.51065.1 891.52159.8 212.2 588.71548.3 698.1 501.32232.51645.51221.13592.7 498.1 468.9 341.35370.02208.81238.51036.72511.5 246.8 370.8 975.1 439.7 315.71406.01630.9 769.12262.6 313.7 295.4 215.03381.81391.0 780.0 652.91581.7 155.5 272.8 717.5 323.6 232.41034.61200.1 762.51664.9 230.9 217.4 158.22488.41023.6 574.0 480.51163.9 114.4 820.12157.2 972.6 698.43110.53608.12292.51701.3 693.9 653.3 475.47481.93077.41725.51444.33499.2 343.8  95.5 251.1 113.3  81.4 362.0 419.9 266.9 198.1 582.5  76.1  44.4 870.7 358.2 200.9 168.2 407.3  32.1  89.4 235.0 106.0  76.2 338.8 393.0 249.8 185.4 545.2  75.7  41.5 814.8 335.2 188.0 157.4 381.2  30.1  48.3 126.9  57.3  41.2 183.0 212.2 134.9 100.1 294.3  40.9  38.5 439.9 181.0 101.6  85.0 205.8  16.31230.33236.11459.01047.64666.35412.83439.22552.37509.21040.9 980.0 713.24616.62588.52166.75249.4 515.6 500.81317.0 593.8 426.41899.12202.91399.71038.83056.1 423.7 398.9 290.34567.91053.5 881.92136.4 209.9 276.9 728.1 328.3 235.81049.81217.7 773.7 574.21689.3 234.3 220.6 160.52525.01038.6 487.51181.0 116.1 230.3 605.5 273.1 196.1 873.11012.8 643.5 477.61405.0 194.9 183.5 133.52100.0 863.8 484.4 982.2  96.6 570.61500.8 676.7 485.92164.12510.31595.01183.73482.6 482.8 454.6 330.85205.42141.11200.51004.9 239.2  32.5  85.2  38.5  27.7 122.8 142.4  90.5  67.2 197.5  27.5  25.9  15.1 295.2 121.5  68.2  57.1 138.1        
0721640516 228.2 800.7  30.1 185.2  53.5  32.9 209.1 194.9 183.5  91.7 334.5 239.3 487.6 133.7  45.7             273.03815.0 178.9 882.2 254.4 195.4 996.1 928.2 873.9 436.71593.81139.72323.0 636.6 236.1             974.33880.1 638.23149.0 908.0 697.13555.73313.33119.51558.75689.44068.28292.72272.5 842.6              27.0 107.3 376.3  87.1  25.2  15.5  98.4  91.7  86.3  43.2 157.3 112.5 229.2  62.9  21.5             220.4 877.33079.0 144.4 205.4 157.7 803.9 749.1 705.3 352.51286.3 919.81874.8 513.8 190.6              53.1 210.9 740.0  27.9 171.2  30.4 193.3 180.1 169.6  84.8 309.2 221.1 450.6 123.6  42.2              30.1 119.6 419.4  15.9  97.1  28.1 109.6 102.1  96.2  48.1 175.3 125.4 255.4  70.1  24.0             249.7 993.93488.5 163.6 806.7 232.7 178.6 848.7 799.1 399.31457.41042.12124.2 582.2 215.9             232.2 924.43244.4 152.1 750.2 216.4 166.2 847.1 743.2 371.41355.4 969.21975.5 541.4 200.8             218.2 868.83049.3 143.0 705.1 203.4 156.2 796.2 741.9 349.11273.9 910.91856.7 508.9 188.8             105.9 421.21478.1  69.4 341.9  98.7  75.8 386.0 359.7 338.7 617.6 441.6 900.1 246.7  91.6             403.31605.95636.5 264.21303.3 375.9 288.61471.61371.31291.1 645.21683.73432.0 940.5 348.8             286.61140.94004.4 187.8 925.9 267.1 205.01045.5 974.3 917.3 458.41672.92438.3 668.2 247.8             590.72352.58257.2 387.01909.2 550.6 422.72155.82008.81891.3 945.13449.42466.51377.8 510.9             157.2 625.92196.7 103.1 508.0 146.6 112.5 573.6 534.5 503.2 251.5 917.7 656.21337.6 136.0              44.4 176.3 618.5  23.3 143.1  41.4  25.5 161.6 150.6 141.8  70.9 258.4 184.8 376.6 103.3                                                                                                                                                                                                                                
07216406131141.0 880.7 645.3 823.7 362.8 212.0 110.2 489.8 249.6 453.2 216.2 646.4                              1146.61093.8 801.41023.1 450.6 263.3 136.8 608.3 310.0 562.9 268.5 802.9                               879.61087.1 614.8 784.8 345.6 202.0 105.0 466.7 237.9 431.8 206.0 615.9                               638.1 788.6 608.7 569.3 250.8 146.5  76.2 338.5 172.6 313.3 149.4 446.8                               821.11014.8 783.3 573.9 322.7 188.6  98.0 435.7 222.1 403.1 192.3 575.0                               348.3 430.4 332.2 243.4 310.7  80.0  41.6 184.8  94.2 171.0  81.6 243.9                               134.3 165.9 128.1  93.9 119.8  52.8  12.9  71.3  36.4  66.0  31.5  94.1                                58.3  72.0  55.6  40.8  52.0  23.0  10.8  31.0  15.9  28.7  13.8  40.9                               478.6 591.5 456.5 334.5 427.0 188.1 109.9  57.2 129.5 235.0 112.1 335.1                               208.9 258.2 199.3 146.1 186.4  82.2  38.5  20.0 110.9 102.6  49.0 146.3                               441.0 545.1 420.7 308.3 393.5 173.4 101.3  52.7 234.0 119.3 103.3 308.9                               177.7 219.6 169.5 124.2 158.6  69.9  32.7  17.1  94.3  48.1  87.3 124.5                               639.3 790.1 609.8 446.8 570.4 251.2 146.8  76.3 339.2 172.9 313.9 149.7                                                                                                                                                                                                                                                                                                                                                                                                                                                                                                                                                                    
0721640716 166.51272.82625.11739.72250.01294.72999.0 466.8 497.5 305.4 563.7 467.71679.2 418.5 310.8              90.2  64.2 132.2  87.7 113.4  65.3 151.0  23.6  25.2  14.9  28.5  23.7  84.6  21.2  15.8            1263.3 117.61853.11228.11588.4 914.02117.0 329.6 351.2 215.6 397.9 330.21185.4 295.4 219.4            2640.5 245.61878.22567.13320.21910.54425.3 688.8 734.1 450.6 831.7 690.12477.8 617.4 458.5            1738.8 161.81236.82550.72186.31258.12914.0 453.6 483.4 296.8 547.7 454.51631.6 406.6 302.0            2258.6 210.11606.53313.22195.81634.23785.1 589.2 627.9 385.5 711.4 590.32119.4 528.1 392.2            1285.6 119.6 914.41885.81249.81616.42154.5 335.4 357.4 219.5 405.0 336.01206.4 300.7 223.3            3021.4 281.02149.04432.22937.33799.02186.0 788.1 839.9 515.6 951.6 789.62835.2 706.4 524.6             442.3  41.2 314.6 648.8 430.0 556.1 320.1 741.2 123.0  75.6 139.4 115.7 415.1 103.5  76.9             473.5  44.1 336.9 694.6 460.4 595.4 342.7 793.5 123.6  80.9 149.2 123.8 444.4 110.8  82.3             238.3  17.9 169.6 349.6 231.7 299.6 172.5 399.3  62.3  66.3  75.2  62.4 223.7  55.8  41.5             540.9  50.4 384.8 793.5 525.9 680.1 391.4 906.5 141.2 150.5  92.4 141.5 507.6 126.6  94.0             443.2  41.3 315.3 650.1 430.9 557.3 320.7 742.7 115.7 123.3  75.7 139.7 415.9 103.7  77.1            1677.2 156.01193.02460.31630.52108.81213.52810.7 437.5 466.3 286.3 528.3 438.4 392.2 291.3             354.3  26.5 252.0 519.7 344.5 445.5 256.4 593.7  92.5  98.6  58.1 111.7  92.7 332.5  61.6             254.6  19.1 181.1 373.4 247.5 320.1 184.2 426.6  66.5  70.9  41.8  80.3  66.6 238.9  59.6                                                                                                                                                                                                                                
0721640813 953.0  65.0 466.6 335.4 248.6 100.9 253.6 103.6 134.5 746.6 761.6 157.0                               988.9 261.51879.51350.71001.2 406.11021.5 416.9 541.53007.43068.0 632.1                                37.2 144.2  70.6  50.8  37.7  12.3  38.5  12.6  20.4 113.0 115.2  23.8                               477.81854.8 126.4 652.6 483.8 196.3 493.6 201.5 261.71453.01482.3 305.5                               339.91319.3  89.9 645.9 344.1 139.6 351.1 143.4 186.21033.51054.3 217.3                               248.8 965.4  65.8 472.7 339.7 102.2 256.9 104.9 136.2 756.3 771.5 159.0                                64.7 250.6  13.8 122.8  88.3  65.5  66.8  21.9  35.5 196.4 200.3  41.4                               254.1 985.9  67.2 482.7 347.0 257.2 104.4 107.2 139.2 772.4 787.9 162.4                                66.7 258.7  14.2 126.7  91.1  67.5  22.0  68.9  36.6 202.7 206.7  42.7                               116.0 450.0  24.6 220.4 158.4 117.5  38.2 119.8  39.2 352.6 359.7  74.2                               772.02996.9 204.11467.21054.4 781.6 317.0 797.5 325.5 422.72395.0 493.5                               787.83058.2 208.31497.31076.0 797.6 323.5 813.8 332.2 431.42395.8 503.6                               137.5 533.5  29.2 261.2 187.8 139.2  45.3 142.0  46.5  75.3 417.9 426.4                                                                                                                                                                                                                                                                                                                                                                                                                                                                                                                                                                    
0721640916 187.5 383.21057.5 358.6 386.0 312.0 629.7 544.4 164.8 104.0 130.8 826.4 155.2 286.3 164.4             163.5 190.2 524.7 178.0 191.6 154.9 312.5 270.2  81.8  41.4  57.2 410.1  77.1 142.1  81.6             385.6 219.41238.0 419.8 451.9 365.3 737.1 637.3 192.9 121.7 153.2 967.4 181.6 335.2 192.4            1089.4 619.91267.51186.01276.81032.02082.91800.7 544.8 343.8 432.62733.8 513.0 946.9 543.5             359.9 204.8 418.71155.4 421.8 340.9 687.9 594.8 180.0 113.6 142.9 902.9 169.5 312.8 179.6             388.5 221.1 452.01247.5 423.0 368.1 742.8 642.1 194.3 122.7 154.3 974.8 183.0 337.7 193.9             311.3 177.2 362.2 999.4 338.9 364.8 595.1 514.5 155.7  98.3 123.7 781.0 146.6 270.6 155.4             642.8 365.8 747.92064.2 699.8 753.4 609.01062.5 321.5 202.9 255.31613.0 302.8 558.8 320.7             553.8 315.2 644.31778.3 602.9 649.1 524.61058.8 277.0 174.8 219.91389.6 260.8 481.4 276.3             141.9  80.8 165.1 455.5 154.5 166.3 134.5 271.3 234.5  35.9  49.7 356.0  66.9 123.4  70.9              64.6  36.8  75.1 207.1  70.3  75.7  61.2 123.4 106.7  32.4  22.7 161.9  30.5  56.2  32.3              94.9  54.0 110.4 304.4 103.3 111.2  89.9 181.3 156.7  47.5  24.1 237.9  44.7  82.5  47.4             848.2 482.6 986.82723.7 923.4 994.1 803.51621.61401.9 424.1 267.7 336.8 399.4 737.2 423.2             132.8  75.6 154.5 426.3 144.6 155.7 125.8 253.9 219.5  66.5  33.6  46.5 333.2 115.5  66.3             284.4 161.9 330.9 913.2 309.6 333.4 269.5 543.7 470.1 142.3  89.8 113.0 713.6 134.0 142.0             141.6  80.6 164.7 454.4 154.1 165.9 134.1 270.6 233.9  70.9  35.8  49.6 355.1  66.7 123.1                                                                                                                                                                                                                                
0721641012 311.1 134.7 155.3 122.8 131.7 368.5 180.9 223.5  57.3 119.3  81.3                                     320.5 265.6 306.1 242.1 259.6 726.9 356.8 440.7 112.9 235.2 160.3                                     122.5 234.6 117.1  92.6  99.3 277.8 136.4 168.5  36.0  89.9  51.1                                     154.8 296.3 128.3 117.0 125.4 351.0 172.3 212.9  54.6 113.6  77.5                                     108.5 207.6  89.9 103.6  87.9 245.9 120.7 149.1  30.6  79.6  43.5                                     117.0 224.0  97.0 111.8  88.4 265.3 130.3 160.9  33.1  85.9  46.9                                     381.5 730.5 316.1 364.4 288.2 309.0 424.7 524.6 134.4 279.9 190.8                                     182.1 348.6 150.9 173.9 137.6 147.5 412.9 250.4  64.2 133.6  91.1                                     227.3 435.2 188.4 217.1 171.8 184.1 515.5 253.1  80.1 166.8 113.7                                      34.1  65.2  28.3  32.6  25.8  27.7  77.2  38.0  46.9  25.1  13.7                                     105.0 201.0  87.1 100.3  79.4  85.1 238.1 116.9 144.4  29.7  42.1                                      52.7 100.8  43.7  50.3  39.8  42.7 119.3  58.6  72.4  14.9  38.7                                                                                                                                                                                                                                                                                                                                                                                                                                                                                                                                                                                                                                                                                
07216411183621.72122.02966.1 710.21567.0 321.34085.4 709.55597.91710.6 374.32703.21511.61177.51297.5 480.72404.83613.41773.42478.7 593.51309.5 268.53414.1 592.94678.11429.5 312.82259.01263.3 984.01084.3 401.72009.62095.91755.51437.7 344.3 759.6 155.81980.3 344.02713.4 829.2 181.51310.3 732.8 570.8 629.0 233.11165.72949.92470.91447.8 484.61069.1 219.22787.3 484.13819.11167.0 255.41844.21031.3 803.4 885.3 328.01640.7 608.5 509.7 298.7 417.4 220.6  37.0 574.9  99.9 787.7 240.8  43.1 380.5 212.8 165.8 182.7  60.7 338.51534.21285.1 753.01052.5 252.1 114.11449.6 251.81986.3 607.0 132.9 959.2 536.4 417.9 460.5 170.6 853.3 185.1 155.1  90.9 127.0  30.5  67.2 174.9  30.5 239.6  73.3  12.9 115.8  64.8  50.5  55.6  17.8 103.04082.63419.62003.62800.6 670.61479.6 303.4 669.95285.61615.1 353.42552.41427.31111.81225.1 453.92270.6 620.8 520.0 304.8 425.9 102.1 225.1  39.4 586.6 803.7 245.7  45.8 388.2 217.1 169.2 186.4  59.5 345.35613.14701.62754.73850.4 922.02034.2 417.15303.6 921.02220.6 485.83509.21962.31528.51684.4 624.03121.81679.51406.8 824.31152.1 275.9 608.7 124.91586.9 275.72174.3 145.51050.0 587.2 457.4 504.1 186.8 934.1 224.1 187.7 110.0 153.7  36.9  81.3  13.4 211.7  36.9 290.1  88.7 140.1  78.4  61.1  67.3  21.5 124.72683.92248.11317.21841.1 440.9 972.7 199.52535.9 440.43474.81061.8 232.4 938.4 730.9 805.4 298.41492.71478.21238.2 725.51014.0 242.9 535.8 109.91396.7 242.61913.8 584.9 128.0 924.2 402.6 443.7 164.4 822.21140.1 955.0 559.6 782.1 187.4 413.2  84.81077.2 187.21476.0 451.1  98.8 712.8 398.6 342.2 126.8 634.11261.61056.7 619.2 865.4 207.3 457.3  93.81192.0 207.11633.3 499.1 109.3 788.7 441.1 343.6 140.3 701.7 328.9 275.5 161.5 225.7  54.1 119.3  19.7 310.8  54.1 425.8 130.2  22.9 205.7 115.1  89.7  98.8 183.02382.01995.21169.01634.0 391.3 863.3 177.12250.6 390.93083.8 942.4 206.21489.2 832.8 648.7 714.8 264.9        
0721641212 267.7 115.7 109.3  79.1  81.1 287.0 105.6  55.6 121.4 196.4 232.4                                     277.6 251.1 237.2 171.7 176.1 623.1 229.1 120.6 263.5 426.3 504.6                                     114.9 240.3  98.2  71.1  72.9 257.7  94.8  49.9 109.0 176.3 208.7                                      97.4 203.7  88.1  59.0  49.4 218.4  80.4  33.9  92.4 149.4 176.9                                      66.4 138.9  60.1  56.8  33.8 149.0  54.8  23.2  63.0 101.9 120.6                                      54.2 113.2  49.0  46.3  32.9 121.4  44.7  18.9  51.4  83.1  98.3                                     298.3 624.5 269.9 254.9 184.5 189.2 246.2 129.6 283.1 458.1 542.2                                      93.7 196.1  84.8  80.1  56.8  47.6 210.2  32.6  88.9 143.8 170.2                                      34.3  71.6  31.0  29.3  20.8  17.4  76.8  28.3  32.5  52.6  62.2                                     120.9 253.0 109.4 103.3  74.8  76.7 271.3  99.8  52.6 185.6 219.7                                     201.2 421.2 182.0 172.0 124.5 127.6 451.6 166.1  87.5 191.0 365.7                                     239.9 502.1 217.0 205.0 148.3 152.1 538.3 197.9 104.2 227.6 368.3                                                                                                                                                                                                                                                                                                                                                                                                                                                                                                                                                                                                                                                                                
092164018   51.5  53.6  41.8 209.0  60.6  22.2  24.8                                                              52.1  59.4  46.3 231.6  67.2  24.6  27.5                                                              54.5  59.7  48.5 242.4  70.3  25.7  28.8                                                              41.2  45.1  47.0 183.0  53.1  19.4  21.8                                                             253.0 277.3 288.9 239.4 326.5 148.8 166.8                                                              62.3  68.3  71.2  55.5 277.4  29.4  32.9                                                              19.0  20.9  21.7  17.0  84.4  24.5  10.1                                                              22.0  24.2  25.2  19.6  97.8  28.4  10.4                                                                                                                                                                                                                                                                                                                                                                                                                                                                                                                                                                                                                                                                                                                                                                                                                                                                                                                                                                                                                                                                                                                                
0921640212 407.0  39.2 192.8 248.5 283.9 138.8  45.0 303.1 102.4 235.3  42.6                                     457.2 198.8 852.61098.71255.6 613.7 228.21340.3 452.51040.3 216.1                                      29.1 114.1  54.1  69.7  79.6  39.0  11.7  85.0  28.8  66.0  11.1                                     212.2 835.1  92.3 509.8 582.6 284.8 105.9 621.9 210.0 482.7 100.3                                     275.91085.8 120.0 514.4 757.5 370.2 137.7 808.6 273.0 627.6 130.4                                     316.41245.5 137.6 590.0 760.4 424.7 157.9 927.5 313.2 719.9 149.6                                     150.4 591.7  65.5 280.4 361.3 412.8  75.1 440.7 148.8 342.0  71.1                                      34.6 135.8  12.1  64.4  82.9  94.8  46.4 101.1  34.2  78.5  13.2                                     338.31331.9 147.2 630.9 813.1 929.1 454.1 168.9 334.9 769.8 159.9                                     108.7 427.6  47.3 202.6 261.1 298.3 145.9  54.3 318.5 247.2  51.4                                     260.71026.2 113.4 486.2 626.5 715.9 349.9 130.1 764.2 258.1 123.3                                      32.3 126.8  11.3  60.2  77.5  88.5  43.3  13.0  94.5  32.0  73.4                                                                                                                                                                                                                                                                                                                                                                                                                                                                                                                                                                                                                                                                                
0921640312 137.8  39.5 100.6  13.2 159.6  34.3  30.0  56.4 188.8 157.0  56.5                                     217.9 281.5 718.4 117.01140.6 244.6 222.7 402.31349.01121.6 403.1                                      42.2 237.6 173.4  22.7 275.3  59.1  51.7  97.2 325.5 270.7  97.4                                     157.6 711.8 203.5  84.6 824.6 176.8 161.0 290.9 975.3 810.8 291.5                                      11.2  62.6  18.0  45.7  72.4  15.6  13.7  25.6  85.7  71.2  25.7                                     253.31144.5 327.2 835.2 136.0 284.3 258.9 467.71568.31303.9 468.6                                      36.1 203.2  58.2 148.3  19.4 235.4  44.2  83.1 278.4 231.5  83.3                                      31.0 174.6  50.0 127.4  16.7 202.2  43.4  71.4 239.1 198.8  71.5                                      85.9 387.7 110.9 283.0  46.1 449.2  96.4  87.8 531.2 441.7 158.8                                     300.61358.1 388.2 991.1 161.31573.5 337.3 307.2 555.01547.2 556.1                                     249.01125.0 321.6 821.0 133.61303.4 279.5 254.5 459.71541.5 460.6                                      86.1 388.5 111.1 283.6  46.2 450.1  96.6  88.0 158.8 532.3 442.6                                                                                                                                                                                                                                                                                                                                                                                                                                                                                                                                                                                                                                                                                
0921640410 162.9 246.7 239.7 272.9 135.8 182.6 280.8 569.1 179.8                                                 102.5  40.4  39.3  44.7  17.9  24.6  46.0  93.1  27.2                                                 211.6  44.1  81.0  92.2  36.8  50.7  94.9 192.2  56.0                                                 205.1  42.8  80.8  89.4  35.6  49.1  92.0 186.3  54.2                                                 261.8  68.1 103.1 100.2  56.8  76.4 117.4 237.8  75.2                                                  82.1  17.2  32.4  31.5  35.8  19.7  36.9  74.6  21.8                                                 120.7  25.2  47.6  46.3  52.6  21.0  54.2 109.7  32.0                                                 269.9  70.3 106.3 103.3 117.6  58.6  78.7 245.2  77.5                                                 567.3 147.5 223.4 217.1 247.1 122.9 165.4 254.3 162.9                                                 135.4  28.3  53.4  51.9  59.1  23.6  32.5  60.8 123.0                                                                                                                                                                                                                                                                                                                                                                                                                                                                                                                                                                                                                                                                                                                                                                                                                                                                                                        
0921640517 115.2  68.5  85.2  44.8  30.5 116.6 111.1  85.8 101.1  18.1  49.9 301.3  73.6 359.8  26.6 186.3       185.7 530.0 659.2 345.9 235.3 902.4 859.6 663.6 782.6 173.6 386.12333.8 569.52786.8 214.11442.4       108.5 520.4 385.0 202.0 137.4 526.9 501.9 387.5 457.0 101.4 225.51362.6 332.51627.1 125.0 842.2       136.1 653.1 388.4 253.5 172.4 661.3 629.9 486.3 573.5 127.3 282.91710.1 417.32042.0 156.91057.0        69.1 331.5 197.2 245.2  87.6 335.7 319.7 246.9 291.1  64.7 143.6 867.9 211.81036.4  79.7 536.5        32.8 196.0 116.6 145.0  76.1 198.5 189.1 146.0 172.1  30.6  85.0 513.1 125.3 612.6  45.3 317.2       188.1 902.7 536.8 667.7 350.3 238.3 870.6 672.2 792.7 175.9 391.02363.7 576.82822.6 216.81460.9       178.9 858.8 510.6 635.2 333.3 226.7 869.5 639.4 754.1 167.3 372.02248.6 548.72685.1 206.31389.8       137.0 657.6 391.0 486.4 255.2 173.6 665.9 634.3 577.4 128.2 284.91721.9 420.22056.1 158.01064.3       162.5 779.7 463.7 576.7 302.6 205.8 789.5 752.0 580.6 151.9 337.72041.7 498.22438.0 187.31261.9        17.8 106.2  63.2  78.5  41.3  28.1 107.5 102.4  79.1  93.2  46.0 277.8  67.9 331.6  24.6 171.7        77.7 372.7 221.7 275.7 144.7  98.4 377.4 359.5 277.5 327.3  72.7 975.8 238.21165.2  89.6 603.2       494.02371.81410.21754.2 920.3 625.92401.52287.51765.92082.6 461.91027.21515.37416.4 569.43838.5       116.9 561.0 333.6 414.9 217.7 148.1 568.0 541.0 417.7 492.6 109.3 243.01468.81753.9 134.8 907.8       590.82836.81686.62098.11100.7 748.52872.22735.92112.12490.8 552.41228.57428.31812.4 681.14591.1        28.1 168.3 100.1 124.5  65.4  44.5 170.4 162.3 125.3 147.7  26.3  72.9 440.4 107.5 525.8 272.2       303.51457.0 866.31077.6 565.4 384.51475.21405.21084.81279.3 283.8 631.03815.0 930.94555.6 349.8                                                                                                                    
0921640614 276.4  71.2 136.3 169.1 405.2 205.7 236.6 145.1 696.7 210.3 378.7 236.5 295.1                         275.5  66.3 126.9 157.4 377.2 191.6 220.3 135.1 648.7 195.8 352.6 220.2 274.8                          40.5  37.9  18.7  23.2  55.5  28.2  32.5  19.9  95.3  28.9  51.9  32.4  40.4                         116.0 108.4  22.4  66.3 158.8  80.7  92.8  56.9 273.1  82.5 148.5  92.7 115.7                         147.1 137.5  28.4  67.8 201.5 102.3 117.7  72.2 346.4 104.6 188.4 117.6 146.8                         410.2 383.2  98.7 189.0 234.4 285.3 328.0 201.1 966.2 291.6 525.2 327.9 409.2                         201.6 188.3  48.6  92.9 115.2 276.0 161.2  98.9 474.6 143.3 258.0 161.1 201.1                         233.8 218.4  56.3 107.8 133.7 320.3 162.6 114.7 550.7 166.2 299.4 186.9 233.3                         124.3 116.1  24.0  57.3  71.1 170.2  86.5  99.4 292.6  88.4 159.1  99.4 124.0                         715.2 668.1 172.0 329.5 408.7 979.6 497.3 572.0 350.6 508.4 915.7 571.7 713.5                         206.3 192.8  49.7  95.1 117.9 282.6 143.5 165.0 101.2 485.9 264.1 164.9 205.8                         382.6 357.4  92.1 176.3 218.6 524.0 266.0 305.9 187.6 901.0 271.9 305.8 381.6                         233.7 218.3  56.3 107.7 133.6 320.1 162.5 186.9 114.6 550.4 166.1 299.2 233.1                         295.1 275.6  71.0 136.0 168.6 404.1 205.2 236.0 144.7 694.9 209.8 377.8 235.9                                                                                                                                                                                                                                                                                                                                                                                                                                                        
0921640711 519.1 125.9 128.8 342.7 232.8 498.3 534.6  50.61000.3 292.0                                           525.7 182.9 187.0 497.8 338.1 723.9 776.5  73.51453.0 424.1                                            80.4 115.2  23.0  76.1  51.7 110.6 118.7   9.1 221.9  64.9                                            82.5 118.3  23.1  78.1  53.1 113.6 121.8   9.3 227.8  66.6                                           341.9 490.4 119.0 121.6 219.9 470.8 505.0  47.9 944.9 275.9                                           227.4 326.2  79.2  80.9 215.3 313.1 335.9  31.9 628.4 183.5                                           504.0 723.0 175.4 179.3 477.3 324.2 744.6  70.51393.2 406.7                                           541.8 777.2 188.5 192.7 513.0 348.5 746.1  75.81497.6 437.1                                            23.3  33.4   6.6   6.7  22.1  15.0  32.1  34.4  64.2  18.8                                          1026.91473.1 357.2 365.2 972.4 660.41414.11517.0 143.5 828.5                                           289.1 414.6 100.6 102.9 273.7 186.0 398.1 427.0  40.5 799.0                                                                                                                                                                                                                                                                                                                                                                                                                                                                                                                                                                                                                                                                                                                                                                                            
0921640813 275.0 192.3  34.0  86.1 300.0 133.1  97.9  88.6 274.8 548.3 177.5 113.5                               287.3 488.2  86.2 218.3 761.7 337.8 248.4 224.7 697.61392.3 450.5 288.0                               198.3 481.9  59.6 150.7 525.6 233.1 171.4 155.1 481.4 960.8 310.9 198.8                                18.1  43.8  30.7  13.8  47.8  21.2  15.7  14.2  43.7  87.2  28.3  18.1                                75.6 183.6 128.4  18.2 200.2  88.9  65.4  59.1 183.4 366.0 118.5  75.8                               314.1 763.5 533.8  94.3 238.7 369.3 271.6 245.7 762.81522.5 492.6 314.9                               134.6 327.0 228.6  40.5 102.3 356.7 116.4 105.3 326.7 651.9 211.0 134.9                                87.2 211.7 148.0  21.0  66.3 230.9 102.5  68.2 211.5 422.1 136.6  87.4                                78.0 189.5 132.5  18.8  59.3 206.7  91.7  67.5 189.3 377.8 122.3  78.2                               287.0 697.6 487.7  86.2 218.1 760.9 337.4 248.1 224.51391.0 450.1 287.7                               581.31413.0 987.8 174.4 441.71541.3 683.4 502.5 454.61411.7 911.6 582.7                               182.3 443.1 309.8  54.8 138.6 483.3 214.4 157.7 142.6 442.7 883.5 182.8                               113.5 275.7 192.8  34.1  86.3 300.8 133.4  98.1  88.8 275.5 549.7 177.9                                                                                                                                                                                                                                                                                                                                                                                                                                                                                                                                                                    
0921640912  46.1  50.6  41.4 261.4  20.4 117.7 110.1 127.8  30.9 196.9 181.0                                      47.0  60.8  49.7 314.0  24.4 141.4 132.2 153.5  37.1 236.5 217.4                                      52.2  61.5  55.2 348.8  27.1 157.1 146.8 170.5  41.2 262.7 241.5                                      41.7  49.0  53.9 278.0  21.7 125.2 117.1 135.9  32.9 209.4 192.5                                     335.5 379.0 416.6 340.1 208.6 969.7 906.61052.9 317.61622.51491.2                                      17.7  20.9  22.9  18.7 117.9  53.2  49.7  57.7  14.0  88.9  81.7                                     148.0 167.2 183.7 150.0 949.7  92.0 399.7 464.2 140.1 715.3 657.4                                     138.0 155.9 171.3 139.9 885.5  85.8 398.6 432.8 130.6 666.9 613.0                                     161.1 182.0 200.1 163.31034.3 100.2 465.6 435.3 152.5 779.0 716.0                                      29.8  35.0  38.5  31.4 198.5  15.5  89.4  83.6  97.1 149.6 137.5                                     251.3 283.9 312.1 254.71613.6 156.3 726.3 679.0 788.6 237.91116.9                                     230.5 260.4 286.3 233.71480.0 143.4 666.2 622.8 723.4 218.21114.7                                                                                                                                                                                                                                                                                                                                                                                                                                                                                                                                                                                                                                                                                
0921641014 398.6 110.0 220.8 330.0 318.8  58.4  65.9 100.5  25.6  54.2  90.7  38.9 265.6                         483.8 994.21997.82986.12884.3 527.5 595.3 908.2 287.9 489.8 820.2 439.22403.3                         128.9 960.2 531.8 794.9 767.8 140.5 158.5 241.8  76.7 130.5 218.4 117.0 639.8                         265.21976.8 544.91636.61580.7 289.1 326.3 497.8 157.8 268.5 449.6 240.81317.1                         399.52978.1 820.91649.42381.3 435.5 491.5 749.8 237.7 404.4 677.2 362.71984.2                         385.62874.9 792.41592.32380.0 420.4 474.5 723.8 229.5 390.4 653.8 350.11915.4                          59.0 438.8 121.0 243.1 363.3 350.9  72.5 110.6  28.1  59.7  99.9  42.9 292.4                          67.3 501.3 138.2 277.7 415.0 400.8  73.4 126.3  32.1  68.2 114.1  48.9 334.0                         117.2 873.0 240.7 483.6 722.7 698.1 127.8 144.2  69.8 118.6 198.6 106.4 581.7                          22.3 165.2  45.6  91.5 136.8 132.1  24.3  27.4  41.7  22.5  37.7  16.2 110.1                          54.3 404.1 111.5 223.9 334.6 323.2  59.2  66.8 101.8  25.9  92.0  39.5 269.3                         105.2 783.9 216.2 434.2 649.0 626.9 114.7 129.5 197.5  62.7 106.5  95.6 522.4                          37.2 276.7  76.4 153.3 229.1 221.3  40.6  45.8  69.8  17.8  37.7  63.0 184.4                         320.32387.6 658.11322.41976.61909.2 349.2 394.1 601.2 190.6 324.2 543.0 290.8                                                                                                                                                                                                                                                                                                                                                                                                                                                        
09216411181288.72210.71814.1 501.31979.0 529.6  81.31377.8 116.2 571.0 770.8 119.11003.3 684.1 223.9  78.4 493.61338.39999.89067.22505.09891.72646.9 406.06886.3 580.42853.83852.5 594.75014.63419.11118.4 391.42466.72305.29999.89999.84315.09999.84559.4 699.39999.8 999.64915.86636.01024.28637.85889.51926.5 674.04249.01889.39092.89999.83536.49999.83736.7 573.29721.5 819.24028.85438.5 839.47079.14826.71578.9 552.43482.3 512.62466.74231.83472.53788.31013.8 155.62637.3 222.31093.01475.4 227.81920.51309.5 428.4 150.0 944.82062.29925.39999.89999.83860.14078.8 625.69999.8 894.24397.65936.5 916.37727.35268.71723.4 603.03801.1 542.42610.04477.63674.21015.14008.3 164.62790.5 235.21156.51561.1 241.02032.01385.5 453.3 158.7 999.6  49.0 235.5 404.0 331.5  91.7 361.7  96.9 251.8  17.1 104.4 140.9  17.5 183.4 125.1  41.0  11.6  90.31431.86890.79999.89700.32679.99999.82831.7 434.4 620.93053.14121.5 636.25364.73657.81196.5 418.72638.9  75.6 363.6 623.6 511.7 141.5 558.3 149.5  18.5 388.7 161.2 217.5  27.0 283.1 193.1  63.2  17.8 139.3 585.82818.94836.03968.31096.44329.11158.5 177.83013.9 254.11686.1 260.32194.71496.4 489.6 171.41079.6 795.33827.36566.05387.81488.65877.71572.9 241.34091.9 344.91695.8 353.42979.72031.7 664.6 232.61465.8  77.8 374.1 641.6 526.5 145.6 574.4 153.8  19.0 399.9  27.1 165.8 223.8 291.2 198.6  65.1  18.3 143.31039.15000.78579.07039.71944.97679.82055.1 315.35346.5 450.62215.72991.0 461.72654.6 868.4 303.91915.2 704.43389.75815.24771.81318.45205.71393.0 213.73624.1 305.51501.92027.5 313.02639.0 588.7 206.01298.2 221.71066.61829.81501.5 414.91638.0 438.4  67.41140.4  96.2 472.7 638.0  98.6 830.5 566.3  64.9 408.6  46.8 224.8 385.5 316.4  87.5 345.1  92.4  11.5 240.3  16.3  99.7 134.5  16.7 175.0 119.4  39.1  86.2 504.62428.04165.43418.0 944.43728.8 997.9 153.12595.9 218.91075.91452.3 224.21890.41288.9 421.7 147.6        
0921641216 290.0  43.7 525.7 158.1 683.7 350.8  86.0 146.6 365.6 139.3 287.7  25.9 292.3 179.7  46.6             343.0 248.52395.5 720.03116.01598.6 391.6 667.61665.8 634.31310.9 146.81331.7 818.4 265.1              40.6 156.1 283.0  85.1 368.1 188.9  46.4  78.9 196.8  75.0 154.9  14.0 157.4  96.8  25.2             627.82418.7 454.91318.25704.62926.6 716.91222.13049.61161.12399.9 268.62437.91498.2 485.2             183.6 707.1 133.01281.91667.5 855.5 209.6 357.3 891.5 339.5 701.5  78.6 712.7 438.0 141.9             818.83154.7 593.25720.21719.23817.2 935.01593.93977.71514.43130.1 350.33179.71954.1 632.8             416.51604.6 301.82909.4 874.53784.4 475.6 810.72023.1 770.31592.1 178.21617.3 993.9 321.9              96.5 371.5  70.0 673.6 202.5 876.1 449.5 187.8 468.4 178.4 368.6  41.4 374.5 230.2  74.6             169.7 653.4 123.01184.7 356.21541.0 790.6 193.7 823.8 313.7 648.3  72.7 658.6 404.8 131.2             434.31673.3 314.73033.9 911.93946.32024.6 495.9 845.4 803.21660.2 185.91686.51036.4 335.7             160.8 619.4 116.61123.0 337.61460.8 749.5 183.7 313.0 781.0 614.6  68.9 624.3 383.7 124.3             340.21310.7 246.52376.4 714.33091.11585.9 388.5 662.21652.5 629.2 145.61321.1 811.9 263.0              21.0  80.5  12.2 145.9  44.0 189.8  97.4  24.0  40.8 101.5  38.7  79.9  81.2  49.9  13.0             345.71331.9 250.52414.9 725.93141.21611.6 394.8 673.01679.3 639.41321.5 148.0 825.0 267.2             209.7 807.5 151.91464.1 440.11904.4 977.1 239.4 408.01018.1 387.7 801.2  89.8 813.9 162.1              43.8 168.5  25.5 305.3  91.9 397.1 203.8  50.0  85.2 212.4  80.9 167.1  15.1 169.8 104.4                                                                                                                                                                                                                                
