04221401151316.21587.11626.3 983.6 158.9 353.7 517.1 743.7 236.7 297.11587.1 288.4 243.0 488.1                  1321.51917.61965.01188.4 192.0 427.3 624.8 898.5 286.0 358.91917.6 348.5 293.5 589.7                  1598.81924.02377.31437.8 232.2 517.0 755.81087.0 345.9 434.22319.9 421.6 355.1 713.4                  1639.01972.42378.31473.9 238.1 530.0 774.81114.4 354.6 445.12378.3 432.2 364.0 731.3                   981.01180.51423.41458.7 142.5 317.2 463.8 667.0 212.3 266.51423.4 258.7 217.9 437.8                    92.4 111.1 134.0 137.3  83.1  30.0  43.7  62.8  18.9  25.2 134.0  24.5  16.9  41.3                   336.1 404.4 487.6 499.7 302.3  48.9 159.0 228.6  72.8  91.4 487.6  88.7  74.7 150.0                   503.4 605.8 730.4 748.5 452.7  73.2 162.8 342.3 109.0 136.8 730.4 132.8 111.9 224.7                   735.3 884.91067.01093.4 661.3 106.9 237.8 347.7 159.2 199.81067.0 193.9 163.4 328.2                   181.1 217.9 262.7 269.2 162.9  21.2  58.6  85.7 123.2  49.3 262.7  47.8  33.1  80.9                   250.5 301.4 363.4 372.4 225.3  29.2  81.1 118.5 170.4  51.0 363.4  66.1  45.7 111.8                  1598.81924.02319.92377.31437.8 232.2 517.0 755.81087.0 345.9 434.2 421.6 355.1 713.4                   242.5 291.8 351.8 360.5 218.0  28.3  78.5 114.7 164.9  49.4  65.9 351.8  44.3 108.3                   159.5 191.9 231.3 237.1 143.4  18.6  51.6  75.5 108.5  32.5  43.4 231.3  42.1  71.2                   473.7 570.0 687.3 704.3 426.0  68.9 153.2 224.0 322.1 102.6 128.7 687.3 125.0 105.3                                                                                                                                                                                                                                                                                                                                            
0422140216 126.4 113.1 199.7 805.8 277.41490.9 424.4 138.0 295.7 942.4 274.1 628.6 841.1 140.41601.4              80.4  19.6  43.0 173.3  59.7 320.5  91.3  29.8  63.7 202.6  59.0 135.2 180.8  25.5 344.2              70.3  19.1  37.7 151.6  52.3 280.4  79.9  26.1  55.7 177.3  51.7 118.3 158.2  22.3 301.2             173.7  47.1  42.1 374.6 129.0 693.0 197.3  64.2 137.5 438.0 127.5 292.2 390.9  54.9 744.3             823.5 278.4 249.2 440.2 611.43287.2 935.5 304.1 651.92077.6 604.31385.91854.2 309.43530.6             273.4  92.5  82.8 146.2 589.71091.1 310.6 101.0 216.5 689.7 200.7 460.1 615.5 102.81172.0            1536.8 519.5 465.0 821.33315.31140.91745.7 567.41216.43877.21127.62586.33460.4 577.36588.9             426.4 144.2 129.1 228.0 919.8 316.61702.0 157.5 337.61075.7 312.9 717.6 960.1 160.21828.0             115.3  31.3  28.0  61.7 248.5  85.6 459.8 130.9  91.3 290.6  84.6 193.9 259.4  36.5 493.8             292.5  99.0  88.6 156.4 630.9 217.21167.4 332.3 108.1 737.9 214.7 492.2 658.5 110.01253.8             965.7 326.5 292.2 516.12083.2 717.03854.71097.0 356.6 764.4 708.61625.22174.4 362.84140.2             270.1  91.4  81.8 144.4 582.5 200.51077.7 306.8  99.8 213.8 681.2 454.4 608.0 101.51157.5             639.1 216.1 193.4 341.61378.6 474.52550.9 726.0 236.0 505.91612.3 469.01438.9 240.12739.8             860.2 290.9 260.3 459.81855.7 638.73433.7 977.2 317.6 680.92170.2 631.21447.7 323.23688.0              96.3  26.1  23.4  51.5 207.6  71.5 384.1 109.4  35.6  76.3 242.8  70.7 162.0 216.7 412.5            1651.7 558.4 499.7 882.83563.31226.36593.41876.3 609.81307.44167.31212.02779.83719.2 620.4                                                                                                                                                                                                                                
0422140315  98.2 282.5  88.0 124.5  21.2 326.1  27.6  52.8  17.0 197.9 117.1 379.2  66.8 247.8                   153.11370.5 426.4 603.7 127.81582.2 159.0 255.5 102.7 960.1 567.71839.8 323.81202.2                   451.11403.01256.91779.7 376.64664.7 468.6 753.1 302.52830.41673.55424.0 954.53544.2                   136.6 424.61222.7 538.6 114.01411.6 141.9 228.0  91.6 856.5 506.51641.3 288.91072.5                   195.7 608.41751.9 545.1 163.32022.6 203.2 326.6 131.21227.3 725.72351.8 413.91536.8                    20.4  79.1 227.6  70.9 100.3 262.7  22.3  42.5  13.8 159.5  94.3 305.5  53.9 199.6                   521.71622.44672.41453.52058.1 435.4 541.8 870.8 349.83273.11935.36272.41103.74098.5                    28.0 108.6 312.5  97.3 137.7  23.4 360.8  58.4  18.8 219.0 129.5 419.5  73.9 274.2                    79.7 247.5 712.6 221.8 314.0  66.5 822.7  82.7  53.5 499.3 295.2 956.6 168.4 625.1                    15.6  60.2 173.1  53.9  76.3  13.0 199.8  17.0  32.4 121.3  71.8 232.3  41.0 151.8                   314.4 977.72815.5 875.91240.2 262.43250.5 326.5 524.8 210.91166.23779.6 665.12469.7                   183.7 571.01644.4 511.6 724.4 153.31898.5 190.8 306.6 123.21152.02207.5 388.51442.5                   607.51889.35441.01692.62396.6 507.06281.7 630.91014.1 407.43811.52253.61285.34772.7                   102.4 318.3 916.5 285.2 403.8  85.51058.1 106.4 170.9  68.7 642.1 379.71230.3 803.9                   395.11228.53538.11100.71558.5 329.84084.7 410.3 659.5 264.92478.51465.54749.6 835.8                                                                                                                                                                                                                                                                                                                                            
0422140412 580.9 183.8 214.9 107.9 395.4 482.3  61.6 130.7 582.7 259.9 471.3                                     592.3 336.9 394.1 197.8 725.0 884.5 112.8 239.61068.5 476.5 864.3                                     160.2 288.0 106.6  42.9 196.0 239.1  24.5  53.2 288.9 128.9 233.7                                     210.1 377.9 119.6  70.2 257.2 313.8  40.1  85.1 379.0 169.1 306.6                                      67.7 121.7  38.6  45.1  82.8 101.0  10.4  22.5 122.0  54.5  98.7                                     398.6 716.8 226.7 265.2 133.1 595.2  75.9 161.2 719.0 320.7 581.6                                     489.3 880.1 278.4 325.6 163.4 599.0  93.2 197.9 882.8 393.7 714.1                                      32.5  58.4  18.5  21.7   8.8  39.8  48.5  10.9  58.5  26.2  47.4                                      87.5 157.3  49.8  58.2  23.5 107.1 130.6  13.4 157.7  70.4 127.6                                     594.11068.6 338.0 395.3 198.4 727.3 887.2 113.1 240.3 478.0 867.0                                     257.1 462.4 146.3 171.1  85.9 314.7 383.9  49.0 104.0 463.8 375.2                                     477.9 859.5 271.8 318.0 159.6 585.0 713.6  91.0 193.3 862.1 384.5                                                                                                                                                                                                                                                                                                                                                                                                                                                                                                                                                                                                                                                                                
0422140512  27.9 111.6 207.5 187.8 123.4 215.4  90.8  16.3 113.4  70.3  49.6                                      26.1  69.2 128.7 116.5  76.5 133.6  56.4  10.1  70.3  43.6  30.8                                     133.5 111.0 661.8 598.8 393.3 687.1 289.5  64.5 361.5 224.1 158.0                                     253.2 210.5 674.71136.1 746.21303.5 549.2 122.2 685.7 425.0 299.7                                     228.6 190.0 609.11133.5 673.61176.8 495.8 110.3 619.1 383.7 270.6                                     148.3 123.3 394.9 734.9 665.0 763.0 321.5  71.6 401.4 248.8 175.5                                     263.1 218.7 701.01304.61180.5 775.3 570.6 127.0 712.5 441.6 311.4                                     107.7  89.5 286.7 533.5 482.7 317.1 553.9  52.0 291.4 180.6 127.4                                      12.8   8.6  33.9  63.0  57.0  37.5  65.4  27.6  34.5  21.4  15.1                                     135.8 112.9 361.7 673.1 609.1 400.1 698.8 294.4  65.6 227.9 160.7                                      82.1  68.2 218.5 406.6 367.9 241.7 422.1 177.9  39.7 222.1  97.1                                      50.7  33.7 134.8 250.7 226.9 149.0 260.3 109.7  19.6 137.0  84.9                                                                                                                                                                                                                                                                                                                                                                                                                                                                                                                                                                                                                                                                                
0422140613 107.8 281.0 463.0  73.2 154.0  41.2  91.4 199.1  72.3 259.6 406.8 217.0                               108.0 288.4 475.1  75.1 158.1  42.3  93.8 204.3  74.2 266.5 417.5 222.7                               294.9 302.11297.8 204.9 431.7 115.3 256.1 557.9 202.5 727.81140.3 608.2                               491.1 503.11312.2 341.3 719.0 192.0 426.5 929.2 337.31212.21899.41013.0                                49.2  50.4 131.1 216.0  71.9  15.5  42.7  92.9  27.1 121.2 189.8 101.3                               157.9 161.7 421.7 694.7 109.7  61.8 137.1 298.6 108.5 389.6 610.4 325.6                                24.1  24.7  64.1 105.6  13.5  35.2  20.9  45.5  13.3  59.3  92.8  49.6                                81.4  83.4 217.3 357.9  45.3 119.1  25.5 153.9  44.8 200.7 314.4 167.8                               206.4 211.5 551.4 908.5 143.5 302.2  80.8 179.3 141.8 509.4 798.2 425.7                                48.5  49.7 129.4 213.0  27.0  70.9  15.3  42.1  91.6 119.5 187.2  99.9                               271.8 278.4 726.11196.2 188.9 397.9 106.3 236.1 514.2 186.71051.0 560.6                               430.5 441.01150.21895.0 299.2 630.2 168.3 373.9 814.5 295.71062.6 888.0                               225.8 231.3 603.1 993.6 156.9 330.5  88.3 196.1 427.1 155.1 557.2 873.0                                                                                                                                                                                                                                                                                                                                                                                                                                                                                                                                                                    
04221407151321.81241.11161.4 514.5 560.7 597.52868.9 324.32019.1 176.12692.43235.4 979.5 331.5                  1306.0 710.6 665.0 294.6 321.0 342.11642.5 185.71156.0 100.91541.41852.3 560.8 189.9                  1224.0 709.2 623.2 276.1 300.9 320.71539.3 174.11083.4  94.61444.61736.0 525.6 177.9                  1143.1 662.3 621.9 257.9 281.0 299.51437.5 162.61011.8  88.31349.11621.2 490.9 166.2                   447.5 259.3 243.5 227.9 110.1 117.3 562.8  53.1 396.1  28.9 528.2 634.7 192.2  54.3                   532.5 308.6 289.7 271.1 120.2 139.5 669.6  75.8 471.3  41.2 628.4 755.1 228.7  77.5                   569.9 330.3 310.1 290.2 128.6 140.1 716.7  81.1 504.4  44.1 672.6 808.2 244.8  82.9                  2878.51667.81566.01465.6 649.2 707.5 753.9 409.22547.8 222.23397.44082.71236.0 418.3                   202.4 117.3 110.1 103.1  45.7  49.8  53.1 254.5 179.1  12.6 238.8 286.9  87.0  23.6                  2014.81167.41096.21025.8 454.5 495.2 527.82533.9 286.5 155.62378.02857.6 865.1 292.8                    92.8  53.8  50.6  47.3  21.0  22.9  24.4 116.7  10.7  82.2 109.5 131.6  39.9  10.9                  2699.11563.91468.41374.2 608.8 663.4 707.03394.5 383.72389.0 208.43828.21158.9 392.2                  3251.11883.71768.71655.2 733.2 799.0 851.54088.7 462.22877.6 251.03837.11395.9 472.4                   958.2 555.2 521.3 487.9 216.2 235.6 251.01205.0 136.3 848.1  74.11130.81358.9 139.3                   207.7 120.4 113.0 105.8  46.9  51.1  54.5 261.2  23.7 183.8  13.0 245.1 294.5  89.2                                                                                                                                                                                                                                                                                                                                            
042214089   50.8  26.0  16.3   8.5  13.9  29.6  84.5  19.6                                                        91.8 275.2 171.4 111.1 166.7 312.9 896.0 207.0                                                        45.5 266.2  84.9  55.1  82.6 154.9 443.5 102.5                                                        19.6 142.8  73.1  23.7  39.0  83.2 237.9  55.1                                                         9.0  65.3  33.5  20.9  17.9  38.0 108.7  25.2                                                        16.4 119.6  61.2  38.2  19.9  69.6 199.2  46.1                                                        52.2 305.3 156.2  97.3  63.1  94.7 508.6 117.6                                                       155.0 908.2 464.7 289.4 187.6 281.4 528.4 349.6                                                        24.2 176.3  90.3  56.3  29.2  48.2 102.6 293.7                                                                                                                                                                                                                                                                                                                                                                                                                                                                                                                                                                                                                                                                                                                                                                                                                                                                                                                                                                                                                    
0422140916 470.5 423.6 304.2 742.0 564.3 489.92968.5 816.11709.31590.1 785.4 259.7 428.1 470.21293.9             444.9  99.7  71.6 174.6 132.8 115.3 698.2 192.0 402.1 374.1 184.8  61.2 100.8 110.7 304.4             357.9  89.1  46.2 140.5 106.9  92.8 561.7 154.5 323.5 300.9 148.7  39.4  81.1  89.1 244.9             191.1  47.6  42.9  75.1  57.1  49.6 299.9  82.5 172.7 160.7  79.4  21.1  43.4  47.6 130.8             721.2 179.5 161.6 116.1 215.2 186.91131.9 311.3 651.8 606.4 299.5  99.1 163.3 179.4 493.4             540.3 134.5 121.1  87.0 212.0 140.0 848.0 233.2 488.3 454.3 224.4  74.3 122.4 134.4 369.7             464.6 115.7 104.1  74.8 182.3 138.7 729.1 200.5 419.9 390.6 193.0  63.9 105.2 115.6 317.9            2987.9 743.3 669.1 480.41172.0 891.3 773.81289.22700.12511.91240.6 410.2 676.3 742.72043.9             796.7 198.3 178.5 128.2 312.6 237.8 206.41250.4 720.0 669.8 330.9 109.5 180.4 198.1 545.1            1706.0 424.4 382.1 274.3 669.2 509.0 441.82677.4 736.11434.2 708.4 234.2 386.2 424.11167.1            1584.7 394.3 354.9 254.8 621.7 472.8 410.42487.1 683.81432.1 658.0 217.6 358.7 394.01084.1             765.4 190.5 171.5 123.2 300.3 228.4 198.31201.3 330.3 691.7 643.5 105.2 173.3 190.3 523.7             158.2  39.5  35.5  20.5  62.1  47.3  41.1 248.2  68.3 143.0 133.0  65.8  35.9  39.4 108.3             362.1  90.2  81.2  46.7 142.1 108.1  93.9 568.3 156.3 327.3 304.5 150.4  39.9  90.1 247.8             422.8 105.3  94.8  60.5 165.9 126.2 109.6 663.5 182.5 382.1 355.5 175.6  51.7  95.8 289.3            1283.1 319.3 287.4 206.4 503.4 382.8 332.32013.8 553.71159.61078.7 532.8 176.2 290.5 319.0                                                                                                                                                                                                                                
0422141015 720.4 114.3 499.0 247.1 154.41170.4 476.7 707.4 245.8 366.2 959.4 222.3  93.9 507.9                   731.1 191.0 834.1 413.1 258.11956.6 796.91182.5 410.8 612.21603.8 371.6 156.9 849.1                    69.8 114.8  79.6  39.5  24.7 186.5  76.0 112.8  39.3  58.4 152.9  35.5  12.1  81.0                   501.3 825.8 131.0 283.3 177.01341.7 546.5 810.9 281.7 419.81099.7 254.8 107.6 582.3                   239.9 395.2  62.8 273.8  84.8 642.0 261.6 388.1 134.9 200.9 526.3 122.0  51.6 278.7                   129.2 212.7  27.1 147.4  73.0 345.5 140.8 208.9  72.6 108.2 283.3  65.7  22.3 150.0                  1198.11973.6 313.01367.1 677.0 423.01306.11938.0 673.21003.32628.5 608.9 257.01391.6                   478.2 787.7 125.0 545.7 270.2 168.91279.8 773.5 268.7 400.51049.1 243.1 102.7 555.4                   717.61182.0 187.5 818.8 405.5 253.41920.5 782.2 403.2 600.91574.2 364.7 154.0 833.4                   238.5 392.8  62.4 272.1 134.8  84.3 638.2 260.0 385.7 199.7 523.1 121.3  51.3 277.0                   363.6 598.8  95.0 414.8 205.5 128.4 972.9 396.3 588.0 204.3 797.5 184.8  78.1 422.2                   979.11612.8 255.81117.2 553.2 345.72620.51067.31583.7 550.1 819.9 497.6 210.11137.2                   193.2 318.2  40.5 220.4 109.2  68.3 516.9 210.6 312.4 108.6 161.8 423.7  33.3 224.4                    54.3  89.4  11.5  62.0  30.8  19.3 145.2  59.2  87.8  30.6  45.5 119.1  27.7  63.1                   510.6 841.0 133.4 582.6 288.5 180.31366.5 556.6 825.9 286.9 427.61120.1 259.5 109.6                                                                                                                                                                                                                                                                                                                                            
0422141110 141.4  35.2  38.5 139.0 158.8  84.1  27.0 113.5 193.3                                                 163.3  93.9 102.6 297.0 339.3 179.7  71.9 242.5 413.0                                                  31.2  57.7  15.7  56.7  64.7  34.3  11.1  46.3  78.8                                                  34.8  64.2  16.1  63.1  72.1  38.2  12.3  51.6  87.7                                                 160.4 296.8  92.3 100.7 333.2 176.5  70.7 238.2 405.6                                                 184.3 341.0 106.0 115.7 335.1 202.8  81.2 273.6 466.0                                                  94.1 174.1  54.2  59.1 171.1 195.5  41.5 139.7 237.9                                                  22.2  40.9  10.3  11.2  40.2  45.9  24.4  32.9  55.9                                                 129.6 239.8  74.6  81.4 235.7 269.2 142.6  57.1 327.7                                                 225.9 418.0 129.9 141.8 410.9 469.3 248.6  99.5 335.5                                                                                                                                                                                                                                                                                                                                                                                                                                                                                                                                                                                                                                                                                                                                                                                                                                                                                                        
04221412161201.11784.21112.21180.9 333.8 350.52184.5 286.2 394.81747.3 496.71626.6 672.62260.0 313.6            1185.4 997.5 621.8 660.2 186.6 196.01221.2 160.0 220.8 976.8 277.7 909.3 376.11263.4 175.4            1778.51007.4 932.9 990.4 279.9 294.01832.2 240.0 331.21465.5 416.61364.2 564.21895.5 263.1            1095.1 620.3 921.4 609.9 172.4 181.11128.2 147.8 204.0 902.3 256.6 840.0 347.41167.1 162.0            1164.9 659.8 980.1 611.0 183.4 192.61200.0 157.3 217.0 959.8 272.9 893.5 369.51241.5 172.3             241.7 136.9 203.4 126.8 134.6  40.0 249.0  26.2  45.1 199.1  56.7 185.4  76.7 257.6  28.7             288.0 163.2 242.3 151.1 160.4  40.9 296.7  31.2  53.7 237.3  67.5 220.9  91.4 306.9  34.2            2185.61238.01839.01146.41217.1 344.0 361.2 295.0 407.01800.9 511.91676.5 693.32329.5 323.3             175.6  99.5 147.8  92.2  97.9  25.0  29.1 180.9  32.8 144.7  41.2 134.7  55.8 187.2  20.9             329.0 186.4 276.8 172.6 183.3  46.7  54.5 338.9  35.6 271.1  77.1 252.4 104.4 350.6  39.0            1740.9 986.11464.8 913.1 969.5 274.0 287.81793.5 235.0 324.2 407.81335.4 552.21855.5 257.5             423.1 239.7 356.1 222.0 235.7  66.7  70.0 435.9  45.8  78.9 348.7 324.6 134.3 451.0  50.2            1618.1 916.61361.5 848.8 901.1 254.7 267.51667.0 218.4 301.31333.3 379.0 513.31724.6 239.4             648.0 367.1 545.3 339.9 360.9 102.1 107.2 667.6  87.5 120.7 534.0 151.9 497.1 690.6  95.9            2262.41281.51903.61186.71259.9 356.1 373.92330.7 305.3 421.31864.2 529.91735.4 717.6 334.6             195.9 111.0 164.9 102.8 109.2  27.9  32.5 201.9  21.3  36.6 161.5  46.0 150.3  62.2 208.8                                                                                                                                                                                                                                
0522280113 386.6 259.7 258.4  48.9  29.8 613.0 978.2 240.5 284.7 405.5 125.0 121.1                               406.3 886.8 882.3 166.7 101.62093.53341.3 821.3 972.31385.0 426.8 413.3                               270.1 877.4 586.3 110.8  67.61391.32220.4 545.9 646.2 920.4 283.7 274.7                               268.7 872.8 586.2 110.2  67.21384.02208.8 543.0 642.8 915.6 282.2 273.3                                29.4  95.3  64.1  63.7   6.0 151.1 241.1  59.4  70.2 100.0  30.9  29.9                                14.6  47.0  31.6  31.4   4.9  74.4 118.7  29.3  34.6  49.3  15.3  14.8                               649.42110.31417.41410.2 266.3 162.35340.71312.81554.12213.7 682.1 660.6                              1041.73385.02273.52261.9 427.1 260.35367.72105.72492.83551.01094.11059.5                               249.5 810.6 544.4 541.7 102.4  62.41285.32051.3 596.9 850.3 262.1 253.8                               297.0 964.8 648.0 644.7 121.8  74.31529.82441.6 600.21012.1 311.9 302.0                               426.71386.4 931.2 926.5 175.0 106.72198.43508.7 862.51021.0 448.2 434.0                               125.5 407.5 273.7 272.3  51.5  31.4 646.11031.1 253.5 300.1 427.5 127.6                               121.2 393.7 264.5 263.1  49.8  30.4 624.2 996.2 245.0 290.0 413.0 127.3                                                                                                                                                                                                                                                                                                                                                                                                                                                                                                                                                                    
0522280214  12.4  60.8  41.1  84.1  26.8  31.4 109.6 261.2  30.0  36.6  72.0 202.0 166.3                          11.9  50.2  34.0  69.5  22.2  26.0  90.6 215.8  24.8  30.3  59.5 166.9 137.4                          99.3  85.4 228.6 468.5 148.9 174.8 610.61456.6 166.5 203.6 401.01126.4 927.0                          65.7  56.5 223.8 309.9  98.5 115.7 403.9 963.5 110.2 134.7 265.3 745.1 613.2                         139.1 119.6 474.1 320.3 208.6 244.9 855.62041.1 233.3 285.2 561.91578.41299.0                          29.8  25.7 126.6  85.6 175.3  65.5 228.5 544.9  62.4  76.2 150.1 421.4 346.8                          35.6  30.6 151.2 102.2 209.3  66.6 272.8 650.6  74.4  91.0 179.2 503.1 414.1                         182.5 157.0 622.4 420.4 861.8 273.9 321.52679.8 306.2 374.4 737.72072.31705.5                         441.2 379.51504.91016.52083.8 662.0 777.22716.3 740.3 905.31783.75011.14124.0                          33.7  29.0 143.3  96.8 198.4  63.1  74.1 258.6 616.7  86.3 169.8 476.9 392.5                          58.1  50.0 197.8 133.6 273.8  87.1 102.2 356.9 851.2  97.3 234.4 658.2 541.7                         118.4 101.9 403.7 272.7 559.0 177.7 208.6 728.61738.1 198.7 242.91344.11106.2                         340.3 292.61160.4 783.81606.8 510.5 599.32094.64996.8 570.9 698.11375.43180.0                         279.3 240.2 952.4 643.41318.8 419.0 491.91719.14101.1 468.6 573.01128.93171.4                                                                                                                                                                                                                                                                                                                                                                                                                                                        
0522280311  18.8  11.1  42.3  37.4 115.0 117.2 147.4  75.2 236.8  30.2                                            19.0  11.8  44.9  39.7 122.0 124.4 156.4  79.7 251.3  32.0                                             9.7  10.1  22.7  20.1  61.6  62.8  78.9  40.3 126.8  16.2                                            65.7  69.0  40.6 110.1 338.6 345.2 434.0 221.2 697.7  88.6                                            41.6  43.7  25.7  98.3 267.6 272.8 343.0 174.8 551.4  70.0                                           186.9 196.4 115.3 354.1 313.3 983.01236.0 629.91987.2 252.1                                           190.6 200.2 117.6 361.1 319.5 983.41260.5 642.42026.7 257.1                                           240.9 253.0 148.6 456.3 403.81242.91266.9 811.82561.3 324.9                                           120.5 126.6  74.4 228.2 201.9 621.4 633.5 796.51280.6 162.5                                           390.1 409.8 240.6 739.1 653.92013.22052.12580.31315.0 526.2                                            32.8  34.4  20.2  77.4  68.5 210.6 214.6 269.9 137.6 433.8                                                                                                                                                                                                                                                                                                                                                                                                                                                                                                                                                                                                                                                                                                                                                                                            
0522280418 889.7  46.9 139.8 589.5 765.91811.2 277.6 251.4  93.0 511.1  93.4 560.11033.2 111.11533.6 584.2 245.5 933.3 252.5 753.13178.34129.49766.41496.11355.2 501.02755.5 503.03019.55570.8 598.48269.83149.91323.4  25.7 131.6  20.8  87.3 113.3 267.8  41.1  37.3  13.3  75.7  13.4  82.9 152.8  16.5 226.8  86.5  36.4 128.3 659.1  29.6 436.7 567.31341.6 205.6 186.3  73.5 378.6  73.8 414.9 765.3  82.31136.0 432.8 181.9 614.83160.0 166.4 496.12720.16433.2 985.5 892.7 330.11815.1 331.41989.03669.6 394.25447.32074.9 871.8 801.94121.9 217.0 647.12730.88391.41285.51164.4 430.52367.6 432.22594.44786.5 514.27105.42706.41137.11910.89822.4 516.91541.96507.58455.03063.22774.61025.75641.91029.86182.59999.81225.19999.86449.42709.7 283.91458.9  76.9 229.1 966.61255.82969.9 412.2 152.5 838.0 153.1 918.31694.1 182.12514.8 957.9 402.5 256.21316.3  69.4 206.7 872.11133.12679.7 410.6 137.6 756.1 138.1 828.61528.6 164.32269.1 864.4 363.2  75.6 388.1  16.5  61.0 257.2 334.1 789.9 121.1 109.7 223.0  39.2 244.3 450.6  48.5 668.9 254.9 107.2 531.72732.5 143.9 429.01810.32352.15562.8 852.2 771.9 285.4 286.61719.93173.1 340.94710.31794.2 753.9  75.9 389.8  16.5  61.3 258.3 335.6 793.5 121.7 110.2  39.2 224.0 245.4 452.7  48.7 671.9 256.0 107.6 583.62999.5 157.9 470.91987.22581.96106.4 935.5 847.4 313.31722.9 314.63483.2 374.25170.61969.5 827.51085.55579.6 293.7 875.93696.54802.89999.81740.11576.2 582.73204.9 585.03511.9 695.99618.33663.61539.3  96.6 496.0  21.0  78.0 328.7 427.01009.7 154.8 140.2  49.8 285.0  50.0 312.3 576.0 855.0 325.7 136.91616.48308.9 437.31304.45504.87152.29999.82591.22347.1 867.74772.6 871.15229.99648.81036.35455.62292.2 609.23131.3 164.9 491.62074.62695.46374.8 976.6 884.6 327.11798.6 328.41971.03636.2 390.65397.9 863.9 249.91284.3  67.7 201.7 850.91105.52614.4 400.6 362.9 134.2 737.7 134.8 808.41491.3 160.32213.8 843.3        
052228057  121.9 145.4   7.5  12.0  44.7 125.7                                                                   197.91260.3  80.3 128.5 387.01089.2                                                                   237.01265.2  96.1 153.8 463.41304.3                                                                     5.3  34.3  40.8   3.5  12.6  35.3                                                                    10.6  70.2  83.7   4.4  25.8  72.3                                                                    69.5 370.8 442.3  28.3  45.2 382.3                                                                   204.21089.91300.1  82.8 132.5 399.2                                                                                                                                                                                                                                                                                                                                                                                                                                                                                                                                                                                                                                                                                                                                                                                                                                                                                                                                                                                                                                                                                                                                                                                                                                            
0522280611  58.2  13.6 251.0  49.9 158.7 146.3  28.1  48.0  91.4  43.8                                            87.5  42.3 630.5 125.3 398.6 367.4  87.8 120.3 229.4 109.8                                            11.2  23.2  99.6  19.9  63.0  58.1  11.2  19.1  36.3  17.5                                           396.9 662.7 191.7 568.31809.31667.6 398.2 545.61040.9 498.0                                            53.6 111.8  26.0 482.3 305.0 281.1  53.8  92.0 175.5  84.0                                           248.8 415.4 120.21793.9 356.31045.3 249.6 342.0 652.5 312.2                                           228.9 382.1 110.61650.1 327.71043.3 229.6 314.6 600.2 287.2                                            28.1  58.4  13.6 252.0  50.1 159.3 146.9  48.1  91.7  44.0                                            51.3 106.9  24.8 461.4  91.7 291.7 268.9  51.5 167.9  80.4                                           140.7 234.9  68.01014.2 201.5 641.2 591.0 141.2 193.4 176.6                                            46.4  96.8  22.5 417.5  83.0 264.0 243.3  46.6  79.7 151.9                                                                                                                                                                                                                                                                                                                                                                                                                                                                                                                                                                                                                                                                                                                                                                                            
0522280711 219.21172.9 476.9 298.9 733.1 808.9 246.4 107.7 377.9 196.5                                           144.1 186.8  76.0  47.7 116.8 128.9  39.3  13.8  60.3  25.1                                          1179.9 286.0 622.3 390.0 956.61055.5 321.5 140.6 493.1 256.4                                           465.7 113.0 604.1 154.0 377.6 416.6 127.0  55.6 194.7 101.3                                           255.2  50.8 330.9 134.6 206.9 228.3  69.6  24.4 106.7  44.5                                           728.6 176.7 945.1 384.3 240.9 651.8 198.6  86.8 304.5 158.4                                           806.4 195.51046.0 425.3 266.5 653.8 219.8  96.1 337.0 175.3                                           206.2  41.1 267.4 108.8  68.2 167.2 184.5  19.8  86.2  35.9                                            56.8  11.4  73.6  30.0  18.9  46.1  50.8  15.6  23.8  10.0                                           364.1  88.3 472.2 192.1 120.4 295.2 325.7  99.3  43.5  79.2                                           123.0  24.6 159.5  64.9  40.7  99.8 110.1  33.6  11.8  51.5                                                                                                                                                                                                                                                                                                                                                                                                                                                                                                                                                                                                                                                                                                                                                                                            
052228089   64.3  78.0  61.3 163.0  26.8  35.9  99.2  22.2                                                        66.5 110.7  86.9 231.4  38.0  50.9 140.8  31.5                                                        90.8 124.5 118.7 316.1  64.8  86.8 192.3  53.7                                                        63.1  86.5 105.1 219.7  36.1  48.3 133.7  29.9                                                       196.1 269.0 326.9 256.6 140.0 187.6 415.6 115.9                                                        24.3  33.3  40.4  31.7  84.3  18.6  51.3  11.5                                                        34.5  47.3  57.5  45.1 120.0  19.8  73.0  16.4                                                       117.0 160.5 195.0 153.1 407.6  83.5 111.9  69.2                                                        19.1  26.2  31.8  25.0  66.2  11.0  14.7  40.3                                                                                                                                                                                                                                                                                                                                                                                                                                                                                                                                                                                                                                                                                                                                                                                                                                                                                                                                                                                                                    
0522280912 499.2  64.2  66.8  96.7 645.5  99.9 370.3 442.7 159.0 280.8 192.0                                     516.9 172.1 179.0 259.51732.7 268.0 993.91188.3 426.8 753.6 515.3                                      38.3  99.1  10.7  19.3 128.2  16.8  73.6  87.9  31.7  55.8  38.2                                      40.3 104.3  10.8  20.3 134.8  17.6  77.4  92.5  33.3  58.7  40.2                                      81.9 212.2  21.9  22.8 274.4  35.7 157.4 188.2  67.7 119.4  81.7                                     671.51741.1 223.6 232.6 337.1 348.11291.41543.8 554.4 979.1 669.5                                      69.6 180.3  18.6  19.4  35.0 233.1 133.8 159.9  57.5 101.4  69.4                                     380.5 986.5 126.7 131.8 191.11275.5 197.3 874.8 314.2 554.8 379.4                                     457.11185.0 152.2 158.3 229.51532.2 237.0 878.9 377.4 666.4 455.7                                     157.1 407.2  52.4  54.5  78.9 526.4  81.5 302.0 361.1 229.0 156.6                                     285.9 741.0  95.2  99.1 143.5 958.1 148.2 549.6 657.1 236.0 285.0                                     192.0 497.6  64.0  66.6  96.4 643.4  99.6 369.1 441.3 158.5 279.9                                                                                                                                                                                                                                                                                                                                                                                                                                                                                                                                                                                                                                                                                
0522281013 461.7 338.71062.2 407.81508.0 235.2 231.4 259.5 286.5 182.6 441.6 577.3                               447.7 146.8 460.3 176.7 653.4 102.0 100.3 112.5 124.2  79.2 191.4 250.2                               290.1 129.7 298.3 114.6 423.4  54.2  65.1  72.9  80.5  41.1 124.0 162.1                              1062.9 474.9 348.4 419.51551.2 241.9 238.1 266.9 294.7 187.8 454.2 593.8                               392.5 175.4 128.7 403.5 572.7  89.4  88.0  98.6 108.9  69.4 167.8 219.3                              1519.6 679.0 498.01562.1 599.6 345.8 340.3 381.5 421.3 268.4 649.4 848.9                               154.3  69.0  50.7 158.7  61.0 225.2  34.7  38.8  42.9  21.9  66.0  86.3                               190.3  85.1  62.4 195.6  75.2 277.6  35.6  47.9  52.8  27.0  81.4 106.3                               216.4  96.7  71.0 222.4  85.5 315.7  40.5  48.5  60.1  30.7  92.5 120.9                               241.6 108.0  79.3 248.3  95.4 352.5  45.2  54.2  60.7  34.2 103.3 135.0                               110.8  49.6  36.4 113.9  43.8 161.6  20.8  24.9  27.9  30.8  47.4  61.9                               427.1 190.9 140.0 439.1 168.6 623.3  97.3  95.7 107.3 118.5  75.5 238.6                               566.1 253.0 185.6 581.9 223.4 826.1 128.9 126.8 142.2 157.0 100.1 242.0                                                                                                                                                                                                                                                                                                                                                                                                                                                                                                                                                                    
0522281118  77.5 516.7 190.2  46.5 237.1 126.0 464.3 784.8 641.8  78.3 253.9  40.8 373.5 141.6 364.3 415.1 188.4  74.7 382.8 141.0  33.8 175.7  93.4 344.0 581.4 475.5  58.1 188.1  29.7 276.8 104.9 269.9 307.5 139.6 601.6 462.41135.8 339.81415.8 752.22773.04687.93834.0 467.21516.0 298.12231.0 845.22175.62479.21124.8 216.1 166.11108.3 122.1 508.5 270.2 995.81683.41376.8 167.9 544.4 107.1 801.2 303.6 781.3 890.3 404.0  40.5  31.1 207.2  76.3  95.1  50.6 186.1 314.6 257.3  31.5 101.8  16.1 149.8  56.8 146.1 166.4  75.6 271.5 208.71392.3 512.4 153.4 339.41250.92114.71729.5 210.8 683.9 134.51006.4 381.3 981.41118.4 507.5 140.3 107.9 719.3 264.8  79.3 330.0 646.31092.5 893.6 109.0 353.4  69.6 520.0 197.1 507.1 577.8 262.2 539.7 414.82768.61018.9 304.81270.0 674.84205.23439.2 419.11359.9 267.42001.3 758.21951.62223.91009.0 918.1 705.74710.41733.4 518.52160.81148.04232.25851.5 713.02313.7 454.93404.91289.93320.33783.71716.7 749.4 576.03844.61414.8 423.21763.6 937.03454.25839.5 582.01888.4 371.32779.01052.82710.03088.11401.1  75.6  58.1 387.3 142.6  34.2 177.7  94.5 348.0 588.2 481.1 190.3  30.0 280.0 106.2 273.0 311.1 141.2 291.2 223.91493.9 549.8 164.5 685.3 364.11342.22269.01855.7 226.2 144.31079.9 409.21053.01200.0 544.5  34.5  26.5 176.4  65.0  15.7  81.0  43.1 158.5 267.9 219.1  26.8  86.7 127.5  48.4 124.4 141.7  64.4 432.6 332.52218.9 816.6 244.31017.9 540.81993.63370.32756.4 336.01089.9 214.3 607.71564.11782.4 808.7 158.7 122.0 813.7 299.5  89.7 373.3 198.4 731.11235.81010.7 123.3 399.7  78.7 588.2 573.6 653.6 296.6 421.6 324.12162.8 795.9 238.1 992.1 527.11943.23285.02686.6 327.51062.3 208.91563.4 592.31737.3 788.2 481.6 370.22470.6 909.2 272.01133.3 602.22219.83752.63069.1 374.01213.5 238.61785.9 676.61741.5 900.4 213.9 164.51097.2 403.8 120.9 503.4 267.5 985.81666.51362.9 166.2 539.0 106.0 793.1 300.5 773.4 881.3        
05222812161382.92640.6 871.6 262.9 201.0 485.5 974.0 499.51645.22614.3 327.42658.5 628.8 593.02334.8            1371.41768.4 583.7 176.1 134.7 325.2 652.3 334.51101.71750.8 219.31780.3 421.1 397.11563.5            2650.91790.21128.3 340.3 260.2 628.41260.9 646.62129.73384.4 423.73441.5 814.0 767.63022.4             851.2 574.81097.6 109.4  83.6 201.9 404.9 207.7 683.91086.7 136.11105.0 261.4 246.5 970.5             159.1 107.5 205.1  67.8  12.6  37.8  75.7  38.9 127.8 203.1  24.5 206.5  48.9  46.2 181.4             113.3  76.6 146.1  48.3  11.8  27.0  54.0  27.7  91.1 144.6  17.5 147.1  34.9  32.9 129.2             413.5 279.3 533.2 176.1  42.6  32.6 196.8 101.0 332.3 527.9  75.6 536.8 127.1 119.8 471.5             955.4 645.21232.0 406.7 122.7  93.9 226.6 233.1 767.61219.7 152.81240.3 293.4 276.71089.3             472.7 319.2 609.5 201.2  60.8  46.5 112.1 224.9 379.8 603.4  75.7 613.6 145.2 137.0 538.9            1638.21106.32112.5 697.3 210.3 160.9 388.4 779.2 399.62091.4 261.92126.7 503.1 474.41867.8            2624.21772.13383.91116.9 336.9 257.6 622.11248.1 640.12108.2 419.53406.8 805.8 759.82991.9             255.2 172.4 329.0 108.7  26.3  20.2  60.6 121.4  62.3 205.0 325.8 331.3  78.4  74.0 290.9            2669.11802.43441.81136.0 342.6 262.0 632.71269.5 651.02144.33407.5 426.6 819.6 772.83043.1             604.2 408.1 779.1 257.2  77.7  59.4 143.3 287.5 147.5 485.5 771.4  96.7 784.4 175.0 688.9             567.8 383.4 732.1 241.7  73.0  55.8 134.7 270.1 138.6 456.2 724.8  90.8 737.1 174.4 647.3            2339.71580.03017.1 995.8 300.4 229.7 554.71112.9 570.71879.72987.1 374.03037.5 718.4 677.5                                                                                                                                                                                                                                
0722340116 619.4 660.1 460.1 641.5  71.0 339.51263.8 651.0 136.6 322.11548.71155.4  85.4 925.0 250.4             630.01143.4 796.91111.3 122.9 588.02189.21127.7 236.6 557.92682.82001.5 147.81602.4 433.6             672.41145.1 850.51185.9 131.2 627.62336.41203.5 252.5 595.42863.12136.0 157.71710.1 462.7             464.1 790.3 842.2 818.5  90.6 433.21612.5 830.7 174.3 410.91976.01474.2 108.91180.2 319.4             653.11112.21185.2 826.1 127.4 609.52269.31169.0 245.2 578.32780.92074.6 153.21660.9 449.5              38.7  65.8  70.1  48.9  68.2  36.1 134.2  69.2  13.5  34.3 164.4 122.7   7.4  98.3  26.7             338.5 576.4 614.2 428.1 597.0  66.11176.0 605.8 127.1 299.71441.11075.2  79.4 860.8 233.0            1301.22216.02361.51645.92295.2 253.81214.52329.2 488.51152.25541.14133.9 305.13309.5 895.5             663.01129.01203.1 838.61169.4 129.4 618.82303.7 248.9 587.12823.02106.1 155.51686.1 456.3             103.9 176.9 188.5 131.4 183.2  16.3  97.0 360.8 185.9  92.0 442.1 329.8  19.6 264.1  71.6             320.4 545.5 581.3 405.2 565.0  62.6 299.01113.0 573.4 120.31363.91017.6  75.2 814.7 220.5            1598.02721.42900.02021.32818.6 311.61491.45553.02860.4 599.91414.95076.7 374.64064.31099.7            1188.32023.72156.61503.12096.0 231.81109.14129.42127.1 446.11052.25060.3 278.63022.4 817.8              49.6  84.3  89.9  62.7  87.3   7.8  46.3 171.9  88.6  17.2  43.9 210.7 157.2 125.9  34.2             948.41615.11721.11199.61672.7 185.0 885.13295.51697.5 356.1 839.74038.43012.8 222.4 652.6             245.6 418.3 445.7 310.7 433.2  48.0 229.3 853.3 439.6  92.3 217.51045.7 780.1  57.7 624.6                                                                                                                                                                                                                                
0722340213 162.5 368.5  52.9 383.0 120.0 223.8  26.3  38.0 250.5  86.8 115.3 269.6                               188.3 880.4 140.3 915.0 286.6 534.5  78.3 113.3 598.4 207.3 275.3 644.0                               436.8 900.2 325.42123.2 664.91240.3 181.6 262.71388.5 480.9 638.71494.4                                50.4 103.8 235.4 244.7  76.7 143.0  16.9  24.3 160.1  55.5  73.7 172.3                               454.2 936.22124.6 338.4 691.41289.8 188.8 273.21444.0 500.1 664.21554.1                               137.1 282.5 641.0 102.2 666.1 389.2  57.1  82.5 435.7 151.0 200.5 468.9                               262.2 540.41226.4 195.41274.5 399.1 109.0 157.7 833.5 288.7 383.4 897.1                                21.3  43.7  99.0  14.3 102.8  32.3  60.1  10.3  67.3  23.4  31.0  72.4                                34.1  70.1 159.0  22.9 165.2  51.8  96.6  11.4 108.1  37.5  49.8 116.3                               294.5 606.91377.2 219.41431.2 448.2 836.1 122.4 177.1 324.2 430.61007.4                                87.6 180.5 409.4  58.8 425.4 133.3 248.6  29.2  42.2 278.3 128.1 299.5                               131.4 270.8 614.4  97.9 638.5 200.0 373.0  54.7  79.1 417.6 144.7 449.4                               317.5 654.31484.9 236.51543.2 483.3 901.5 132.0 191.01009.2 349.6 464.3                                                                                                                                                                                                                                                                                                                                                                                                                                                                                                                                                                    
07223403183617.43888.51404.42075.52260.5 398.93519.2 753.31592.8 946.81258.41613.4 238.2 357.2 187.11122.94849.73640.16307.52278.13366.63666.8 647.05708.41221.92583.71535.72041.32617.1 386.4 579.3 303.41821.47866.73915.76312.02450.63621.53944.4 696.06140.61314.42779.31651.92195.82815.2 415.6 623.2 326.41959.38462.31390.62241.52409.51286.11400.8 247.22180.6 466.8 987.0 586.7 779.8 999.8 147.7 221.4 116.0 695.83005.12072.73341.13591.51297.22087.9 368.53250.4 695.81471.2 874.51162.31490.2 220.1 329.9 172.81037.14479.32260.83644.33917.41414.92091.0 401.93545.4 758.91604.7 953.81267.81625.5 240.0 359.9 188.51131.34885.8 331.6 534.4 574.4 207.5 306.7 334.0 519.9 111.4 235.4 140.0 186.0 238.4  28.3  52.9  22.2 166.0 716.43540.35706.86134.52215.63274.33566.2 629.31188.42512.81493.61985.32545.3 375.8 563.4 295.11771.47651.0 728.61174.51262.5 456.1 673.9 734.0 129.61142.6 517.2 307.5 408.7 523.9  77.4 116.1  60.8 364.61574.61582.12550.22741.3 990.11463.21593.6 281.32481.0 531.1 667.5 887.21137.5 168.0 251.8 132.0 791.63418.9 925.31491.51603.3 579.1 855.8 932.1 164.61451.0 310.7 656.8 518.9 665.3  98.3 147.3  77.2 463.01999.61242.12002.32152.3 777.41148.81251.3 220.91947.9 417.0 881.7 524.1 893.1 131.9 197.8 103.6 621.62684.31603.02584.02777.61003.31482.61614.8 285.02513.8 538.11137.8 676.3 899.0 170.2 255.2 133.7 802.13464.2 139.1 224.1 240.9  87.1 128.6 140.1  24.8 218.0  46.8  98.7  58.7  78.0 100.0  22.2   9.4  69.6 300.4 293.0 472.2 507.6 183.4 271.0 295.1  52.2 459.4  98.4 208.0 123.7 164.4 210.7  25.0  19.7 146.7 633.0 101.3 163.2 175.4  63.4  93.7 102.0  18.1 158.7  34.1  71.9  42.8  56.8  72.8   8.7  16.2  50.7 218.71104.31780.11913.5 691.21021.41112.4 196.41731.8 370.8 783.9 466.0 619.3 794.0 117.3 175.8  92.22386.54892.87887.18478.23062.14525.24928.7 869.77673.01642.33472.82064.12743.73517.8 519.3 778.6 407.82448.2        
0722340411  96.4 523.6 160.0 127.9 176.6 182.7  37.5 333.5 130.2 389.5                                            63.6 183.9  56.3  45.0  62.1  64.2  10.6 117.2  45.8 136.8                                           544.0 289.9 481.4 384.7 531.5 549.6 112.71003.7 391.61172.4                                           158.7  84.7 459.7 112.3 155.1 160.4  33.0 292.8 114.3 342.0                                           112.4  48.0 325.5  99.5 109.9 113.6  18.7 207.4  81.0 242.2                                           176.4  94.1 510.9 156.1 124.8 178.2  36.6 325.4 127.0 380.1                                           182.8  97.5 529.3 161.7 129.3 178.6  37.9 337.2 131.6 393.8                                            18.2   7.8  52.4  16.1  12.9  17.8  18.4  33.4  13.1  39.0                                           342.6 182.6 992.4 303.1 242.3 334.7 346.1  71.0 246.7 738.2                                           114.6  49.0 331.9 101.5  81.1 112.0 115.8  19.1 211.4 247.0                                           401.9 214.21164.4 355.7 284.3 392.8 406.1  83.3 741.6 289.4                                                                                                                                                                                                                                                                                                                                                                                                                                                                                                                                                                                                                                                                                                                                                                                            
0722340511  68.8 103.8  45.2   9.8  68.7  30.6  83.5 135.6  60.2 141.4                                           106.6 377.7 164.3  44.0 249.8 111.2 303.6 493.3 218.8 514.5                                           163.5 384.1 252.1  67.4 383.3 170.6 465.9 757.0 335.7 789.6                                            49.2 144.3 217.7  20.3 144.0  64.1 175.0 284.3 126.1 296.5                                             7.2  21.0  31.7  13.8  21.0   9.4  25.5  41.3  18.4  43.1                                           106.3 249.7 376.9 163.9  43.9 111.0 302.9 492.2 218.3 513.4                                            32.0  93.6 141.2  61.5  13.2  93.4 113.5 184.4  81.8 192.3                                           130.4 306.2 462.1 201.0  53.8 305.6 136.0 603.6 267.7 629.6                                           215.2 505.5 762.8 331.7  88.7 504.5 224.5 613.1 441.91039.3                                            92.5 217.2 327.7 142.6  38.2 216.8  96.5 263.4 428.1 446.5                                           224.7 527.8 796.5 346.4  92.6 526.7 234.4 640.21040.4 461.4                                                                                                                                                                                                                                                                                                                                                                                                                                                                                                                                                                                                                                                                                                                                                                                            
0722340616 569.4 287.4  74.61763.2 423.31021.3 477.31632.12320.9 635.3 186.6 534.5 189.11632.9 990.3             565.6 233.2  60.51430.7 343.5 828.7 387.31324.31883.3 515.5 151.4 433.7 153.41325.0 803.6             275.2 224.8  29.5 696.0 167.2 403.2 188.5 644.3 916.1 250.8  73.7 211.1  74.7 644.6 391.0              35.1  28.7  14.5  88.5  21.4  51.3  24.1  82.0 116.5  32.0   9.3  26.9   9.0  82.0  49.8            1795.01466.4 740.1 191.91090.22630.41229.24203.65977.81636.2 480.41376.6 486.84205.52550.5             415.2 339.2 171.2  44.51050.2 608.3 284.3 972.11382.3 378.4 111.2 318.4 112.7 972.5 589.9            1031.0 842.2 425.1 110.32608.2 626.2 706.02414.33433.2 939.8 276.0 790.7 279.62415.41464.9             470.7 384.6 194.1  50.41190.8 285.9 689.81102.21567.4 429.1 126.1 361.0 127.71102.8 668.8            1660.01356.1 684.4 177.54199.71008.22432.51136.75528.11513.1 444.31273.0 450.13889.22358.7            2369.41935.6 976.9 253.35994.41439.03472.11622.55548.72159.7 634.11817.0 642.55551.33366.7             633.5 517.5 261.2  67.81602.5 384.8 928.2 433.81483.32109.4 169.6 485.8 171.81484.0 900.1             150.4 122.9  62.1  13.0 380.3  91.4 220.3 103.0 352.0 500.6 137.1 115.4  38.4 352.2 213.6             529.7 432.7 218.4  56.71339.9 321.7 776.1 362.71240.21763.7 482.8 141.8 143.71240.8 752.6             145.6 119.0  60.1  12.6 368.1  88.5 213.3  99.7 340.8 484.5 132.7  38.3 111.7 340.9 206.8            1660.81356.7 684.8 177.64201.71008.72433.71137.33889.25530.81513.8 444.51273.6 450.42359.8             999.1 816.2 411.9 106.92527.4 606.81464.0 684.22339.53326.9 910.7 267.4 766.2 271.02340.6                                                                                                                                                                                                                                
072234076    8.9  21.7  67.6  29.8  55.2                                                                           6.0   5.1  15.6   6.9  12.7                                                                          21.0   7.3  55.7  24.5  45.4                                                                         103.6  35.7  88.0 105.2 179.6                                                                          30.5  10.6  25.9  80.9  66.0                                                                          83.5  28.8  70.9 177.4  84.8                                                                                                                                                                                                                                                                                                                                                                                                                                                                                                                                                                                                                                                                                                                                                                                                                                                                                                                                                                                                                                                                                                                                                                                                                                                                                                                                                        
072234089  174.5  16.8  98.9  66.1  49.8  19.1 136.8 114.2                                                       211.6 102.4 484.6 324.0 243.9 116.4 671.1 559.9                                                        13.3  53.5  30.3  20.3  15.3   5.9  42.0  35.0                                                       117.4 474.6  56.8 179.8 135.3  64.6 372.2 310.6                                                        76.6 309.7  37.1 175.4  88.3  42.2 242.9 202.7                                                        50.7 204.6  19.7 115.9  77.6  22.4 160.5 133.9                                                        15.9  64.0   6.2  36.3  24.3  18.3  50.2  41.9                                                       164.7 666.1  79.7 377.2 252.2 189.8  90.7 435.8                                                       136.5 552.0  66.1 312.6 209.0 157.3  75.1 432.8                                                                                                                                                                                                                                                                                                                                                                                                                                                                                                                                                                                                                                                                                                                                                                                                                                                                                                                                                                                                                    
072234099    7.0  11.1  15.9  53.0  24.5  15.3  13.8  14.8                                                         9.0  30.2  43.2 145.2  66.8  41.6  37.7  40.4                                                        15.5  32.6  74.6 250.9 115.5  71.9  65.1  69.8                                                        31.7  66.8  85.7 412.1 189.6 118.0 106.8 114.6                                                       111.8 235.9 302.7 433.2 670.6 417.2 377.6 405.0                                                        50.2 106.0 136.0 194.5 654.4 187.3 169.6 181.9                                                        30.4  64.1  82.3 117.7 395.8 182.1 102.6 110.0                                                        19.8  41.6  66.6  95.3 320.4 147.4  91.8  89.1                                                        29.5  62.1  79.7 114.0 383.4 176.4 109.8  99.4                                                                                                                                                                                                                                                                                                                                                                                                                                                                                                                                                                                                                                                                                                                                                                                                                                                                                                                                                                                                                    
072234109  240.4  76.8  94.2 293.2  49.2 398.4 407.2 127.3                                                       240.6  78.4  96.2 299.5  50.3 406.9 416.0 130.0                                                        46.5  47.5  15.0  57.9   7.9  78.6  80.4  25.2                                                        59.8  61.1  15.7  74.5  10.1 101.1 103.4  32.4                                                       296.2 302.2  96.5 118.4  61.9 500.9 512.1 160.0                                                        25.5  26.0   6.7   8.2  31.7  43.0  43.9  13.8                                                       406.8 415.1 132.5 162.6 506.4  84.9 703.4 219.8                                                       416.1 424.6 135.6 166.3 518.0  86.9 703.8 224.8                                                       109.5 111.8  28.6  35.1 136.3  18.4 185.2 189.3                                                                                                                                                                                                                                                                                                                                                                                                                                                                                                                                                                                                                                                                                                                                                                                                                                                                                                                                                                                                                    
0722341116 210.4 621.7 142.8 140.2 470.11085.8 801.9  83.5 478.9 817.0 942.3 276.4 295.2 446.1 171.2             187.4 301.6  63.5  68.1 228.0 526.6 388.9  33.8 232.3 396.3 457.0 134.1 143.2 216.4  83.1             631.2 343.8 233.2 229.0 768.21774.51310.4 136.3 782.61335.21540.0 451.7 482.4 729.0 279.8             103.3  56.3 166.1  37.5 125.6 290.1 214.3  17.9 128.0 218.3 251.8  73.9  78.9 119.2  45.8             117.0  63.8 188.3  38.1 142.4 328.8 242.8  20.3 145.1 247.4 285.4  83.8  89.5 135.1  51.9             473.4 257.9 762.1 175.0 171.81331.0 982.9 102.3 587.01001.51155.0 338.8 361.9 546.8 209.9            1114.0 606.71793.2 411.6 404.21355.82312.9 240.51381.32356.72718.1 797.2 851.41286.5 493.7             818.6 445.81317.7 302.4 297.0 996.32301.5 176.81015.01731.71997.3 585.8 625.6 945.4 362.8              47.6  26.0  76.6  15.6  17.4  57.9 133.6  98.7  59.0 100.6 116.0  34.1  36.4  55.0  21.2             482.6 262.9 776.9 178.4 175.2 587.41356.81002.0 104.31020.91177.5 345.4 368.9 557.4 213.9             834.4 454.41343.1 308.3 302.71015.52345.81732.3 180.21034.62035.8 597.1 637.7 963.6 369.8             964.7 525.41552.9 356.4 350.01174.12712.32003.0 208.31196.22040.8 690.4 737.31114.1 427.5             272.0 148.2 437.8 100.6  98.8 331.0 764.6 564.6  58.8 337.2 575.3 663.5 207.9 314.1 120.6             291.5 158.8 469.2 107.8 105.8 354.8 819.5 605.2  63.0 361.5 616.6 711.2 208.7 336.7 129.3             448.5 244.3 721.9 165.7 162.8 545.81260.7 931.1  96.9 556.0 948.71094.1 321.0 342.8 198.8             146.4  79.8 235.5  47.7  53.2 178.1 411.3 303.8  25.4 181.5 309.5 356.9 104.8 111.9 169.0                                                                                                                                                                                                                                
072234126   19.4   6.7  26.5  13.6  76.5                                                                          21.7  13.1  52.4  26.8 151.5                                                                           5.5   9.6  13.1   6.7  37.6                                                                          30.8  54.4  18.6  38.0 215.1                                                                          14.3  25.2   8.7  34.4  99.5                                                                         130.7 192.4  78.6 252.7 161.4                                                                                                                                                                                                                                                                                                                                                                                                                                                                                                                                                                                                                                                                                                                                                                                                                                                                                                                                                                                                                                                                                                                                                                                                                                                                                                                                                        
