05221301161011.1 118.4 389.51078.2  77.7 339.5 426.6 406.4 155.8 210.1 165.71537.1 837.4 421.8 106.0            1046.5 452.41488.44120.9 296.61297.41630.41553.0 595.3 802.6 632.95875.23200.71612.1 404.8              88.4 326.2 125.7 347.8  20.2 109.6 137.7 131.2  50.4  67.8  53.5 495.8 270.2 136.1  27.5             395.01458.5 170.81555.3 112.0 489.7 615.4 586.2 224.8 303.0 238.92217.31208.0 608.5 152.9            1116.84124.2 482.81588.4 316.51384.61740.01657.4 635.3 856.5 675.46270.03415.81720.4 432.0              46.1 169.9  18.0  65.5 181.1  57.1  71.7  68.3  26.3  35.4  27.9 258.2 140.7  70.9  14.4             342.71265.1 148.2 487.31349.1  97.2 533.8 508.5 195.0 262.8 207.31923.41047.9 527.8 132.6             434.01602.3 187.6 617.21708.6 123.1 538.0 644.0 246.9 332.8 262.52436.01327.1 668.5 167.9             412.71523.9 178.5 587.01625.1 117.0 511.7 643.0 234.8 316.6 249.62316.81262.2 635.8 159.7             135.3 499.4  52.7 192.4 532.5  30.8 167.8 210.8 200.8 103.8  81.9 759.2 413.7 208.4  42.0             207.0 764.0  89.5 294.3 814.7  58.7 256.6 322.4 307.1 117.8 125.21161.5 632.8 318.8  80.1             144.7 534.0  56.4 205.7 569.4  32.9 179.4 225.4 214.7  82.4 111.0 811.8 442.3 222.8  44.9            1597.85900.5 690.62272.56292.1 452.81980.92489.42371.2 908.91225.3 966.34887.02461.4 618.0             864.53192.3 373.71229.53404.2 245.01071.81346.91282.9 491.8 663.0 522.84853.31331.7 334.4             429.01583.8 185.5 610.01688.9 121.6 531.8 668.2 636.5 244.1 329.0 259.42407.81311.8 166.0              67.7 249.5  26.4  96.2 266.1  15.4  83.9 105.4 100.4  38.6  51.9  41.0 379.3 206.7 104.2                                                                                                                                                                                                                                
05221302162580.2 257.11459.6 716.11310.53329.71340.15571.8 731.5 784.81974.01662.64676.11208.6 495.5            2551.6 125.7 713.3 350.0 640.41627.0 654.82722.5 357.5 383.5 964.6 812.42284.9 590.6 242.2             132.6  65.6  37.2  18.3  33.4  84.6  34.1 141.5  18.7  20.0  50.2  42.3 118.8  30.8  10.2            1419.0 701.2  70.0 194.7 356.2 904.8 364.21514.0 198.9 213.3 536.5 451.81270.6 328.5 134.7             601.6 297.3  23.8 168.2 151.1 383.7 154.5 641.9  84.4  90.5 227.5 191.6 538.7 139.3  45.8            1268.2 626.7  62.5 354.6 174.0 808.7 325.51353.2 177.7 190.7 479.5 403.81135.7 293.6 120.4            3309.31635.1 163.0 925.0 453.9 830.5 849.23530.9 463.6 497.41251.01053.62963.3 765.9 314.1            1298.1 641.4  64.0 362.9 178.1 325.8 827.71385.0 181.9 195.2 490.8 413.31162.4 300.5 123.3            5575.62754.8 274.51558.4 764.61399.23555.11430.8 781.0 837.92107.61775.14992.61290.4 529.1             615.8 304.3  24.4 172.2  84.5 154.6 392.7 158.1 657.0  92.6 232.8 196.1 551.4 142.6  46.9             700.8 346.3  30.8 196.0  96.2 176.0 446.9 179.9 747.7  98.3 265.0 223.2 627.5 162.3  59.2            1938.9 958.1  95.6 542.0 266.0 486.71236.3 497.62068.7 271.7 291.5 617.41736.2 448.8 184.1            1624.1 802.5  80.1 454.0 222.8 407.61035.6 416.81732.8 227.6 244.2 614.01454.3 375.9 154.2            4670.22307.5 230.01305.4 640.51172.02977.81198.54982.9 654.2 701.91765.41486.91080.9 443.2            1165.2 575.8  57.5 325.8 159.9 292.5 743.0 299.11243.2 163.3 175.2 440.5 371.01043.4 110.7             307.9 152.2  12.3  86.1  42.3  77.4 196.3  79.1 328.5  43.2  46.4 116.5  98.1 275.7  71.4                                                                                                                                                                                                                                
0522130316  15.3 117.2  65.3 102.7 733.3 292.0 406.0  46.8 218.9  43.6 108.3 209.3  85.3  15.6  62.7              14.3  82.8  46.2  72.6 518.1 206.4 286.9  33.1 154.7  30.9  76.5 147.9  60.3  11.1  44.4             188.2 142.2 489.8 770.85511.72194.53051.2 350.91644.9 326.9 813.11572.5 640.7 145.6 470.6             102.6  77.5 479.4 420.03002.51195.51662.2 191.2 896.1 178.1 443.0 856.7 349.1  79.4 256.4             164.2 124.1 767.9 427.44809.61915.02662.5 306.21435.4 285.3 709.51372.2 559.1 127.1 410.7            1204.4 909.75634.73135.84935.49999.89999.82246.39999.82092.85205.89999.84102.0 931.83012.8             476.6 360.02229.41240.81952.89999.87730.5 888.94167.4 828.12059.83984.01623.0 368.71192.1             664.5 502.03108.91730.22723.19999.87753.31239.45811.31154.72872.35555.52263.2 514.21662.3              72.1  54.5 336.9 187.5 295.12109.4 839.91167.8 629.6 125.2 311.2 601.9 245.3  55.8 180.2             356.0 268.91665.2 926.81458.69999.84152.85773.9 663.9 618.51538.52975.71212.3 275.5 890.4              66.8  50.5 312.2 173.8 273.51955.1 778.51082.4 124.6 583.6 288.5 557.9 227.3  51.7 167.0             173.5 131.1 811.3 451.5 710.65081.12023.12812.9 323.51516.4 301.41449.7 590.6 134.3 433.8             340.1 256.91590.9 885.41393.59964.73967.55516.3 634.32973.7 590.91469.81158.2 263.2 850.7             135.7 102.5 634.3 353.1 555.63972.71581.82199.3 253.01185.6 235.7 586.11133.5 105.0 339.2              14.7  11.2  85.4  47.6  74.8 534.2 212.8 295.8  34.1 159.5  31.8  78.9 152.5  62.2  45.7              98.4  74.3 459.7 255.9 402.72879.01146.31593.8 183.4 859.2 170.8 424.8 821.4 334.7  76.1                                                                                                                                                                                                                                
0522130416 418.3 494.4 806.3 909.11007.6 220.3 779.22118.5 448.4 159.0 140.92560.0 417.1 506.11306.2             405.3 218.3 355.9 401.3 444.8  97.3 344.0 935.1 198.0  70.3  62.31129.9 184.2 223.5 576.6             483.4 220.3 424.5 478.6 530.5 116.0 410.21115.2 236.1  83.8  74.31347.6 219.6 266.5 687.7             803.4 366.0 432.6 795.4 881.6 192.7 681.81853.6 392.4 139.1 123.32239.8 365.0 442.91142.9             908.8 414.0 489.4 798.1 997.3 218.0 771.22096.8 443.8 157.4 139.52533.7 412.8 500.91292.8            1010.0 460.1 543.8 886.9 999.9 242.3 857.02330.1 493.2 174.9 155.02815.6 458.8 556.71436.7             140.6  64.1  75.7 123.4 139.1 154.2 119.3 324.1  68.7  19.6  17.4 391.6  63.9  77.5 199.9             775.6 353.3 417.6 681.1 767.8 851.1 186.11789.3 378.8 134.3 119.12162.2 352.3 427.51103.3            2149.7 979.21157.41887.72128.22359.0 515.51824.11049.7 372.1 329.85993.4 976.41184.83058.1             436.2 198.8 234.9 383.1 431.9 478.7 104.7 370.21006.3  75.6  67.01216.0 198.2 240.5 620.5              94.8  43.3  51.1  83.3  93.9 104.1  18.3  80.5 218.6  46.4  11.8 264.2  43.1  52.3 134.9              81.4  37.1  43.9  71.5  80.5  89.3  15.7  69.1 187.5  39.8  11.4 226.6  37.0  44.9 115.7            2602.61185.51401.32285.42576.62856.0 624.12208.46004.81270.8 450.5 399.31182.11434.43702.3             404.1 184.1 217.6 354.8 400.0 443.4  97.0 342.9 932.2 197.4  70.0  62.11126.4 222.8 574.8             495.4 225.7 266.8 435.1 490.5 543.7 118.9 420.41142.9 242.0  85.8  76.11381.1 225.1 704.7            1316.3 599.6 708.71155.91303.11444.4 315.71117.03037.0 642.8 227.9 202.03669.8 597.9 725.5                                                                                                                                                                                                                                
0522130515 183.61407.21582.7 687.5 913.8 217.4 216.7 818.0 496.02834.2 111.03174.2 454.82720.7                   113.8 181.5 204.1  88.8 117.9  23.1  22.5 105.6  64.1 365.5  11.6 409.3  58.7 350.9                  1421.2 296.02551.81108.51473.3 350.4 349.31318.8 799.74569.6 178.95117.9 733.24386.7                  1601.3 333.52556.51249.01660.0 394.8 393.61486.0 901.05148.8 201.65766.6 826.14942.7                   682.4 142.21089.41225.2 707.4 168.3 167.8 633.3 384.02194.0  86.02457.2 352.12106.2                   914.7 190.51460.21642.3 713.4 225.6 224.9 848.8 514.72940.9 115.23293.7 471.92823.1                   143.0  23.9 228.2 256.7 111.6 148.2  28.2 132.7  80.5 459.5  14.5 514.6  73.8 441.1                   138.5  23.2 221.0 248.5 108.0 143.5  28.1 128.5  78.0 444.9  14.1 498.3  71.5 427.1                   816.3 170.11303.21465.7 636.7 846.2 201.3 200.7 459.42624.6 102.82939.5 421.22519.6                   485.8 101.3 775.5 872.2 378.9 503.6 119.9 119.5 450.81561.9  61.21749.2 250.71499.3                  2886.0 601.04607.55182.02250.92991.8 711.4 709.32678.11623.9 363.29999.81488.88908.3                    59.5  10.0  95.0 106.8  46.5  61.7  12.1  11.8  55.3  33.6 191.2 214.1  30.8 183.5                  3235.0 673.65164.75808.82523.13353.6 797.5 795.03002.01820.39999.8 407.11668.99985.7                   443.5  92.4 707.9 796.2 345.9 459.7 109.4 109.1 411.5 249.61425.7  55.91596.71368.6                  2769.5 576.74421.54972.92160.12871.1 682.7 680.72570.01558.38905.3 348.59973.71428.7                                                                                                                                                                                                                                                                                                                                            
05221306166934.52322.01761.01203.2 638.21081.02779.02415.3 877.83127.8 606.79999.8 257.51330.8 368.7            6959.43407.72584.31765.8 936.51586.44078.33544.51288.24590.1 890.29999.8 377.81953.0 541.0            2294.63355.3 852.1 582.3 308.8 523.11344.71168.7 424.81513.4 293.65527.3 124.7 644.0 178.5            1727.22525.6 845.8 438.3 232.5 393.81012.2 879.7 319.81139.2 221.04160.4  93.9 484.8 134.4            1163.11700.7 569.6 432.0 156.6 265.2 681.6 592.4 215.4 767.2 148.92801.5  63.3 326.5  90.5             532.9 779.2 261.0 198.0 135.3 121.6 312.4 271.5  98.7 351.5  68.31283.6  23.3 149.6  33.3            1039.41519.9 509.0 386.1 263.8 140.0 609.2 529.5 192.5 685.6 133.12503.7  56.5 291.8  80.9            2756.84031.21349.91023.7 699.5 371.0 628.51404.1 510.31818.3 352.76640.6 149.7 773.7 214.4            2388.93493.31169.8 887.2 606.2 321.5 544.61400.0 442.31575.6 305.75754.5 129.8 670.5 185.8             833.91219.4 408.4 309.8 211.7 112.3 190.2 488.8 424.8 550.1 106.82008.7  45.4 234.1  64.9            3109.44546.91522.61154.7 789.0 418.5 708.81822.21583.7 575.6 397.87490.2 168.9 872.7 241.8             504.0 736.9 246.8 187.2 128.0  67.9 115.0 295.4 256.7  93.4 332.41213.8  22.0 141.5  31.5            9999.89999.85630.54270.02917.51547.32621.16738.75856.72128.47584.31470.9 624.23226.9 893.8             135.6 198.3  66.5  50.4  34.5  18.4  31.0  79.5  69.1  25.2  89.5  17.5 326.5  38.2   8.6            1292.11889.4 632.7 479.9 327.9 174.0 294.6 757.3 658.2 239.3 852.3 165.43112.4  70.3 100.5             217.4 317.8 106.5  80.8  55.3  29.4  49.7 127.4 110.8  40.3 143.4  27.9 523.5   9.6  61.1                                                                                                                                                                                                                                
0522130716 261.2  89.9 156.4 137.4 227.1 102.8 191.1 598.3 312.31537.5  43.5 684.0  60.1 118.5  54.2             300.1 271.9 473.5 415.8 687.5 311.2 578.61812.0 945.64656.5 160.92071.3 202.9 358.7 208.8              88.1 232.0 138.9 122.0 201.7  91.3 169.8 531.4 277.41365.5  37.9 607.5  51.3 105.3  49.1             176.4 464.6 159.8 244.4 404.0 182.9 340.01064.6 555.62735.6  94.61216.9 119.3 210.8 122.7             153.9 405.3 139.4 242.7 352.4 159.6 296.6 928.8 484.72386.6  82.51061.7 104.1 183.9 107.1             259.9 684.6 235.4 410.0 360.0 269.5 500.91568.9 818.74031.6 139.31793.4 175.7 310.5 180.8             113.1 297.8 102.4 178.3 156.6 258.9 217.9 682.2 356.11753.1  60.7 779.9  76.5 135.1  78.7             217.4 572.6 196.9 342.9 301.2 497.9 225.41312.2 684.83372.0 116.61500.0 147.0 259.8 151.3             698.51840.6 632.81102.1 967.91600.4 724.31346.82201.39999.8 374.44822.0 472.2 834.8 486.0             360.6 950.0 326.6 568.8 499.6 826.0 373.9 695.12177.05594.5 193.32488.5 243.8 430.9 250.9            1808.24764.81638.02852.92505.54142.81874.83486.39999.85698.4 969.19999.81222.22160.81257.8              37.3  98.2  33.8  58.8  51.7  85.4  38.7  71.9 224.8 117.4 577.6 257.0  21.8  44.6  20.8             799.72107.2 724.41261.71108.11832.2 829.21541.84829.32520.19999.8 428.6 540.6 955.7 556.3              53.6 141.0  48.5  84.5  74.2 122.6  55.5 103.2 322.9 168.5 829.5  23.0 369.1  64.0  29.9             131.6 346.5 119.2 207.5 182.3 301.3 136.4 253.6 794.1 414.42040.4  70.6 907.7  89.0  91.6              50.9 134.0  46.2  80.3  70.5 116.5  52.8  98.1 306.9 160.2 788.6  21.9 350.9  29.7  60.8                                                                                                                                                                                                                                
0522130816 387.0  68.2  94.7 681.9 658.7 189.5  94.7 108.1 189.3  67.3 271.3  39.6  91.6  88.91010.2             455.5 341.8 475.03422.73306.6 950.6 474.9 542.3 949.9 337.31361.3 247.9 459.2 445.95071.2              66.2 281.7  69.0 496.4 479.6 138.0  69.0  78.8 137.9  49.0 197.5  28.9  66.7  64.8 735.5              97.1 413.8  72.9 729.1 704.4 202.6 101.3 115.6 202.4  71.9 290.1  44.1  97.9  95.11080.3             808.93449.0 606.9 843.55872.31688.1 843.3 963.11686.9 598.92417.5 440.2 815.5 791.89006.2             781.23330.9 586.2 814.65870.21630.3 814.4 930.11629.1 578.42334.6 425.1 787.5 764.68697.6             218.9 933.0 164.3 228.21644.21588.4 228.2 260.6 456.4 162.1 654.0 119.2 220.7 214.32436.0             105.3 448.8  79.1 109.8 790.8 764.0 219.7 125.4 219.6  78.0 314.6  57.4 106.2 103.11171.7             121.4 517.4  91.2 126.6 911.8 880.9 253.3 126.6 253.1  89.9 362.7  66.1 122.4 118.91350.9             218.7 932.3 164.1 228.11642.91587.2 456.3 228.0 260.4 162.0 653.5 119.1 220.5 214.12434.2              65.2 277.5  48.9  68.0 489.0 472.4 135.9  68.0  77.6 135.8 194.6  28.5  65.7  63.8 724.5             316.91350.9 237.8 330.52380.82300.0 661.3 330.4 377.3 660.8 234.6 172.5 319.5 310.23527.5              35.0 149.0  26.3  36.5 262.5 253.6  73.0  36.5  41.7  72.9  26.0 104.5  35.3  34.3 388.9             101.6 432.8  76.3 106.0 762.7 736.9 211.9 105.9 120.9 211.8  75.3 303.4  55.3  99.51130.1              88.8 378.0  66.6  92.5 666.1 643.5 185.1  92.5 105.6 185.0  65.7 265.0  38.7  89.5 986.9            1202.45126.9 902.11253.89035.68729.02509.31253.41431.52507.5 890.13593.5 654.21212.11176.9                                                                                                                                                                                                                                
0522130916 358.3 111.0 252.9  91.0 421.9 102.51652.0  37.1  71.3 256.2 502.7 799.1 398.0 108.8 137.6             378.5 405.6 925.0 332.61542.9 374.56043.1 135.2 260.3 936.91838.62922.91455.8 397.7 503.0             111.6 386.0 272.5  98.1 454.5 110.41779.7  39.9  76.8 276.0 541.5 860.8 428.8 117.2 148.2             264.8 916.6 283.8 232.71079.2 262.04226.7  94.6 182.1 655.31286.02044.31018.2 278.2 351.8              81.1 280.5  86.9 198.0 330.3  80.31293.3  23.3  51.4 200.6 393.6 625.6 311.6  85.2 107.7             447.11548.0 479.11092.6 392.9 442.47138.4 159.7 307.41106.72171.83452.61719.6 469.8 594.1              92.3 319.4  99.0 225.5  81.2 376.11472.7  26.5  58.5 228.4 448.1 712.4 354.8  97.0 122.7            1774.96145.81902.04337.71559.67236.11756.1 633.61220.34393.88622.89999.86827.21864.92358.6              20.9  72.1  22.4  50.9  18.4  84.8  20.7 331.8  13.3  51.6 101.0 160.6  80.0  22.0  27.7              56.1 194.0  60.1 137.0  49.3 228.4  55.5 894.3  16.1 138.7 272.2 432.6 215.5  59.0  74.5             268.3 928.8 287.5 655.6 235.81093.6 265.54283.0  95.9 184.51303.12071.61031.8 281.9 356.5             534.41850.0 572.61305.8 469.62178.2 528.78531.5 190.8 367.41322.74126.42055.1 561.4 710.0             854.32957.9 915.52087.7 750.73482.6 845.29999.8 305.0 587.42114.74149.93285.8 897.61135.2             421.41458.9 451.61029.7 370.31717.7 416.96727.7 150.5 289.81043.02046.83254.0 442.8 559.9             109.2 377.9 117.0 266.8  96.0 444.9 108.11742.4  39.1  75.1 270.2 530.2 842.8 419.8 145.1             140.3 485.5 150.3 342.7 123.3 571.6 138.82238.4  50.2  96.5 347.1 681.11082.7 539.3 147.4                                                                                                                                                                                                                                
0522131016 921.01400.2 152.41493.6 314.1 344.5 136.6 153.1 327.81513.8 468.71001.5 376.7 402.7  97.3             938.92962.7 322.43160.4 664.5 728.8 288.9 323.9 693.43203.1 991.62119.0 797.0 852.0 205.8            1436.12980.7 493.14834.31016.41114.7 441.8 495.41060.64899.61516.73241.21219.01303.2 314.8             112.7 233.9 355.5 379.2  79.8  87.5  27.8  39.0  83.3 384.4 119.1 254.3  95.7 102.3  19.9            1533.13181.94837.8 526.41085.01189.9 471.6 528.81132.25230.41619.13460.11301.31391.1 336.0             309.2 641.7 975.6 106.21040.7 240.1  95.2 106.7 228.41054.8 326.6 697.8 262.5 280.6  67.9             340.7 707.11075.0 117.11146.7 241.2 104.9 117.6 251.71162.2 359.9 768.9 289.2 309.2  74.8              86.4 179.2 272.4  26.8 290.6  61.2  67.1  29.9  63.9 294.5  91.3 194.9  73.4  78.4  15.3             127.8 265.1 403.0  39.6 429.9  90.5  99.2  31.5  94.4 435.7 135.0 288.3 108.5 116.0  22.5             323.4 671.11020.3 111.11088.4 228.9 251.0  99.6 111.61103.1 341.6 729.8 274.5 293.5  71.0            1554.03225.44903.9 533.55231.21099.91206.2 478.0 536.01147.71641.33507.41319.11410.1 340.6             469.6 974.61481.7 161.31580.6 332.4 364.5 144.5 162.1 346.91602.01059.8 398.6 426.2 103.0            1022.42122.03226.3 351.13441.6 723.6 793.6 314.5 352.7 755.13488.11079.8 867.9 927.8 224.1             374.2 776.51180.5 128.51259.3 264.9 290.5 115.2 129.1 276.41276.3 395.2 844.4 339.5  82.1             401.2 832.51265.7 137.81350.1 284.0 311.4 123.5 138.4 296.31368.4 423.7 905.3 340.5  88.0              56.8 117.8 179.0  17.7 191.0  40.3  44.1  14.1  19.7  42.0 193.5  60.0 128.1  48.3  51.6                                                                                                                                                                                                                                
0522131114  24.5 265.7 103.9 194.5 182.9 210.2  52.0 111.3  23.7  75.3 208.0  94.8  42.9                          22.6 157.5  61.6 115.3 108.4 124.6  30.9  66.0  14.1  44.7 123.3  56.2  25.5                         341.9 263.8 897.81680.81580.91816.6 448.9 961.8 255.0 650.51797.5 819.0 370.1                         130.3 100.5 874.9 640.1 602.1 691.9 171.0 366.4  97.2 247.8 684.6 312.0 141.0                         248.7 191.91670.7 652.91149.81321.1 326.5 699.5 185.5 473.11307.3 595.7 269.2                         233.6 180.21569.2 613.31148.11240.9 306.6 657.0 174.3 444.41227.9 559.5 252.9                         269.2 207.71808.7 706.91323.41244.8 353.4 757.3 200.8 512.21415.3 644.9 291.4                          54.0  34.8 377.2 147.5 276.0 259.6 298.3 158.0  33.6 106.9 295.2 134.5  60.9                         140.0 108.0 940.0 367.4 687.8 646.9 743.3 183.7 104.4 266.2 735.5 335.2 151.5                          21.7  14.0 151.0  59.1 110.5 104.0 119.4  29.6  63.3  42.8 118.2  53.9  24.4                          92.9  71.7 623.5 243.7 456.2 429.1 493.1 121.9 261.1  69.3 487.9 222.4 100.5                         266.3 205.51789.4 699.31309.21231.41415.0 349.6 749.2 198.7 506.7 638.0 288.3                         118.4  91.4 794.9 310.7 581.6 547.0 628.6 155.4 332.9  88.3 225.1 622.0 128.1                          43.6  28.1 304.4 119.0 222.8 209.5 240.8  59.6 127.5  27.2  86.3 238.2 108.6                                                                                                                                                                                                                                                                                                                                                                                                                                                        
0522131216 560.8 348.1 281.71395.71493.72014.91259.3 255.81079.4 222.11021.71900.14517.6 411.4 279.6             542.0 127.4 103.1 510.5 546.3 736.9 460.6  93.6 394.8  81.3 373.7 694.91652.2 150.5 102.3             292.7 110.8  49.0 275.7 295.0 397.9 248.7  40.5 213.2  35.2 201.8 375.2 892.0  81.3  49.8             199.7  75.7  47.0 188.1 201.3 271.5 169.7  27.7 145.5  24.1 137.7 256.0 608.6  55.5  34.0            1393.9 527.5 327.4 264.91405.01895.21184.6 240.61015.3 208.9 961.01787.24249.4 387.0 263.0            1493.9 565.3 350.9 283.91407.02031.21269.5 257.81088.1 223.81029.91915.44554.1 414.7 281.8            2025.7 766.6 475.8 385.01907.92041.81721.5 349.61475.4 303.51396.62597.36175.5 562.3 382.1            1254.8 474.9 294.8 238.51181.81264.71706.1 216.6 913.9 188.0 865.11608.83825.2 348.4 236.7             159.6  60.5  37.6  26.8 150.4 160.9 217.0 135.7 116.3  19.2 110.1 204.6 486.4  44.4  27.2            1071.2 405.4 251.6 203.61008.81079.61456.4 910.3 184.9 160.5 738.51373.43265.3 297.4 202.1             134.6  51.0  31.7  22.6 126.8 135.7 183.0 114.4  18.7  98.1  92.8 172.5 410.1  37.5  23.0            1012.3 383.1 237.8 192.4 953.41020.31376.3 860.2 174.8 737.3 151.71297.93085.8 281.1 191.0            1908.6 722.2 448.3 362.71797.51923.72595.01621.9 329.41390.1 285.91315.85818.3 529.8 360.0            4579.51732.81075.5 870.14313.04615.86226.53891.6 790.23335.4 685.93157.15871.71271.1 863.7             389.6 147.5  91.6  74.1 366.9 392.7 529.6 331.1  67.3 283.8  58.5 268.6 499.51187.4  73.6             203.2  77.0  47.8  34.1 191.4 204.8 276.2 172.7  28.2 148.0  24.5 140.1 260.5 619.2  56.5                                                                                                                                                                                                                                
07221b0112 496.7 966.5 504.3 749.2 123.2 488.1 159.8 389.0  69.6 791.7 142.2                                     498.61079.1 563.0 836.4 137.6 544.9 178.4 434.3  77.6 883.9 158.8                                     986.01096.71113.51654.2 272.01077.7 352.7 858.9 153.41748.1 313.9                                     506.5 563.31096.2 849.6 139.7 553.6 181.2 441.2  78.9 897.9 161.3                                     760.5 845.91646.1 858.8 209.8 831.2 272.0 662.4 118.41348.3 242.1                                      76.3  84.8 165.0  86.1 127.9  83.4  27.4  66.5   9.6 135.2  19.5                                     489.6 544.61059.8 553.0 821.4 135.1 175.2 426.5  76.3 868.1 155.9                                     134.0 149.0 289.8 151.3 224.7  29.7 146.4 116.7  16.8 237.4  34.2                                     386.8 430.3 837.2 436.8 648.9 106.8 422.8 138.4  60.3 685.8 123.2                                      35.8  39.8  77.3  40.4  60.0   8.0  39.1  12.9  31.2  63.4   9.2                                     804.6 895.01741.6 908.61349.9 222.0 879.5 287.8 700.9 125.2 256.2                                      90.6 100.8 196.0 102.3 151.9  20.1  99.0  32.5  78.9  11.4 160.6                                                                                                                                                                                                                                                                                                                                                                                                                                                                                                                                                                                                                                                                                
07221b0216  79.1  53.9  10.3  78.8  73.4 217.6  76.1  35.8 184.9 109.4 181.2 119.1 268.9 150.8  32.9             126.6 296.3  70.4 433.6 403.51198.2 418.8 196.61017.8 601.8 997.3 655.21480.5 830.1 180.7              84.7 291.0  47.1 290.1 270.0 801.7 280.2 131.6 681.0 402.7 667.3 438.4 990.6 555.4 120.9               8.6  36.7  25.0  36.6  34.0 100.8  35.3  16.6  85.6  50.7  83.9  55.2 124.5  69.9  15.3             126.2 433.5 295.4  70.2 402.21194.5 417.5 196.01014.6 599.9 994.3 653.21475.9 827.5 180.1             117.1 402.3 274.1  65.1 401.11108.4 387.4 181.9 941.5 556.7 922.6 606.11369.6 767.9 167.2             357.01227.2 836.0 198.41223.51138.61181.8 554.72872.51698.32814.81849.24178.62342.7 509.7             121.7 418.2 284.9  67.7 416.9 388.01152.2 189.1 978.7 578.7 959.0 630.11423.7 798.2 173.8              39.4 169.0 115.2  22.0 168.5 156.8 465.6 162.8 395.5 233.9 387.6 254.6 575.3 322.6  70.3             302.51039.9 708.4 168.21036.8 964.92865.61001.5 470.11439.12385.21567.03540.91985.2 432.0             176.9 608.1 414.3  98.4 606.3 564.21675.7 585.6 274.91423.31394.8 916.32070.51160.8 252.6             296.31018.7 694.0 164.71015.7 945.22807.1 981.0 460.52384.41409.81535.03468.61944.7 423.2             193.1 663.6 452.1 107.3 661.6 615.71828.5 639.1 300.01553.2 918.31522.02259.41266.8 275.7             442.21520.21035.6 245.81515.71410.54189.31464.0 687.23558.52103.93487.02290.72902.1 631.4             245.8 845.1 575.7 136.7 842.6 784.12328.7 813.8 382.01978.11169.51938.31273.42877.4 351.1              35.9 154.0 104.9  20.0 153.5 142.9 424.2 148.3  69.7 360.3 213.1 353.1 232.0 524.1 293.9                                                                                                                                                                                                                                
07221b0313  89.8 108.1 560.7 583.8 559.9 472.2 339.2 344.3 124.7 199.4  98.7 576.4                                54.4  15.5  99.9 104.1  99.8  84.2  60.5  61.4  19.7  35.6  14.2 102.7                                68.3  16.2 125.5 130.6 125.3 105.7  76.0  77.1  24.6  44.7  17.8 129.0                               572.3 168.4 202.61095.11050.2 885.7 636.2 645.8 233.8 374.0 185.11081.2                               596.5 175.5 211.21096.11094.6 923.2 663.1 673.0 243.7 389.8 192.91126.8                               571.5 168.1 202.31050.21093.5 884.4 635.3 644.8 233.5 373.4 184.81079.5                               479.8 141.2 169.9 881.7 918.1 880.4 533.4 541.4 196.0 313.6 155.2 906.4                               340.8 100.3 120.7 626.2 652.0 625.3 527.4 384.5 139.2 222.7 110.2 643.7                               346.1 101.8 122.6 635.9 662.2 635.0 535.6 384.7 141.4 226.2 112.0 653.7                                90.4  21.4  25.7 166.1 173.0 165.9 139.9 100.5 102.0  59.1  23.5 170.7                               194.6  57.3  69.0 357.6 372.3 357.0 301.1 216.3 219.6  79.6  63.0 367.6                                61.2  14.5  17.4 112.4 117.0 112.2  94.7  68.0  69.1  22.1  40.0 115.5                               588.7 173.2 208.41081.91126.51080.3 911.1 654.5 664.3 240.5 384.7 190.4                                                                                                                                                                                                                                                                                                                                                                                                                                                                                                                                                                    
07221b0415  99.7 281.2 137.6 242.1 120.0 153.9  45.5  21.8 334.2 227.0  94.9 319.9 507.5 506.6                   111.9 369.6 180.8 318.2 157.6 202.3  74.7  35.7 439.3 298.3 124.7 420.5 667.1 665.9                   330.0 386.4 533.2 938.7 464.9 596.7 220.0 104.91296.1 880.0 367.61240.41968.11964.5                   157.4 184.3 519.9 447.6 221.7 284.6 105.0  50.1 618.1 419.7 175.4 591.5 938.5 936.8                   283.0 331.4 935.1 457.3 398.7 511.8 188.7  90.01111.6 754.8 315.31063.91688.01684.8                   136.3 159.5 450.0 220.1 387.4 246.3  90.9  43.4 534.9 363.3 151.8 512.0 812.3 810.8                   177.1 207.3 585.0 286.1 503.6 249.5 118.1  56.4 695.4 472.2 197.3 665.51055.91054.0                    41.8  48.9 137.9  67.5 118.7  58.9  75.5  10.7 163.9 111.3  46.6 156.9 248.8 248.4                    15.9  18.6  52.2  25.6  45.0  22.3  28.6   8.5  62.0  42.2  17.7  59.4  94.1  94.0                   393.7 461.01301.0 636.21120.1 554.7 712.0 262.5 125.21050.1 438.61480.22348.52344.2                   264.9 310.1 875.0 427.9 753.4 373.1 478.9 176.6  84.21040.2 295.1 995.61579.61576.7                   106.1 124.2 350.4 171.4 301.7 149.5 191.8  70.8  33.8 416.5 282.8 398.6 632.5 631.3                   376.5 440.81244.0 608.41071.0 530.4 680.9 251.0 119.71478.81004.1 419.42245.72241.5                   601.9 704.81989.0 972.71712.5 848.11088.6 401.3 191.32364.51605.5 670.62263.03584.1                   600.8 703.51985.3 970.91709.3 846.51086.5 400.6 191.02360.11602.5 669.32258.83584.0                                                                                                                                                                                                                                                                                                                                            
07221b0513  34.3 403.5 311.0  49.5 293.5 105.3  92.9  73.2 105.2 404.4 200.1 254.2                                25.4  99.3  76.5  11.5  72.2  26.0  22.9  16.3  26.0  99.5  49.3  62.6                               457.9 178.91385.7 258.51307.5 469.1 413.8 305.6 468.21802.0 891.41132.5                               351.0 137.11378.1 198.21002.3 359.6 317.2 234.2 358.91381.3 683.3 868.1                                40.4  12.7 158.3 122.0 115.1  41.4  36.5  25.9  41.3 158.6  78.5  99.7                               330.8 129.21298.51000.8 186.7 338.8 298.9 220.7 338.21301.5 643.8 817.9                               113.3  44.3 444.5 342.6  64.0 323.3 102.4  75.6 115.8 445.5 220.4 280.0                                89.2  28.0 349.9 269.7  40.4 254.5  91.4  57.2  91.2 350.7 173.5 220.4                                60.8  19.1 238.4 183.8  27.5 173.4  62.3  55.0  62.2 238.9 118.2 150.2                               113.1  44.2 443.6 342.0  63.9 322.7 115.8 102.2  75.5 444.6 220.0 279.5                               459.0 179.31802.01389.0 259.11310.6 470.2 414.7 306.3 469.3 893.51135.1                               222.8  87.1 874.6 674.2 125.8 636.1 228.3 201.4 148.7 227.8 876.7 551.0                               285.4 111.51120.1 863.4 161.1 814.7 292.3 257.9 190.4 291.81122.7 555.4                                                                                                                                                                                                                                                                                                                                                                                                                                                                                                                                                                    
07221b0616 124.71107.61598.8 570.5 215.3 634.6 192.81290.9 982.9 576.5 232.21614.81005.0 328.0 701.2              70.3  91.8 132.5  47.4  14.7  52.7  12.9 107.0  81.5  47.8  19.4 133.8  83.3  27.3  58.2            1114.6 164.02102.9 750.4 283.1 834.6 253.51697.81292.8 758.2 305.42123.91321.8 431.4 922.2            1619.1 238.22116.11090.0 411.21212.4 368.22466.41878.01101.3 443.63085.31920.1 626.71339.6             563.0  82.9 735.81062.2 143.1 421.6 128.1 857.6 653.0 383.0 154.31072.8 667.7 218.0 465.8             141.9  16.8 185.5 267.7  95.6 106.3  25.9 216.1 164.6  96.6  39.0 270.4 168.3  55.0 117.5             628.8  92.6 821.81186.3 423.4 159.8 143.1 957.8 729.3 427.8 172.41198.2 745.7 243.4 520.3             121.1  14.4 158.2 228.4  81.6  25.3  90.7 184.4 140.4  82.4  33.3 230.7 143.6  47.0 100.2            1302.9 191.71702.82458.1 877.1 330.9 975.6 296.31511.2 886.2 357.02482.71545.1 504.31078.0             986.6 145.21289.41861.3 664.2 250.6 738.8 224.41502.8 671.1 270.41879.91170.0 381.9 816.3             569.1  83.8 743.81073.7 383.2 144.6 426.2 129.5 866.9 660.1 156.01084.4 674.9 220.3 470.9             193.9  22.9 253.4 365.8 130.6  40.5 145.2  35.4 295.3 224.9 132.0 369.4 230.0  75.1 160.5            1635.5 240.62137.63085.81101.1 415.41224.7 372.02491.41897.01112.5 448.11939.6 633.01353.2            1009.2 148.51319.01904.1 679.4 256.4 755.7 229.61537.41170.6 686.5 276.61923.1 390.6 835.0             314.0  46.3 410.3 592.3 211.4  79.8 235.1  71.5 478.2 364.2 213.6  86.1 598.2 372.3 259.8             697.2 102.6 911.21315.3 469.4 177.1 522.1 158.61062.0 808.6 474.3 191.11328.5 826.8 269.9                                                                                                                                                                                                                                
07221b0711 516.1 635.8 273.2  60.3 204.7 595.3 416.1 234.9 122.7 141.1                                           520.8 831.5 357.3  78.9 267.8 778.6 544.2 307.3 160.4 184.6                                           645.2 836.3 442.7  97.7 331.7 964.7 674.3 380.7 198.7 228.6                                           268.3 347.7 428.3  40.7 138.0 401.1 280.4 158.3  82.7  95.1                                            29.8  38.6  47.6  20.5  15.4  44.5  31.2  17.7   7.5  10.0                                           177.7 230.3 283.7 122.0  21.6 265.7 185.7 104.9  43.9  59.3                                           603.1 781.8 963.1 413.9  91.3 310.1 630.3 355.9 185.8 213.7                                           416.8 540.3 665.5 286.0  63.1 214.3 623.2 245.9 128.4 147.7                                           228.4 296.1 364.7 156.8  34.7 117.5 341.5 238.7  70.4  81.0                                            77.0  99.8 122.9  52.9   9.4  39.6 115.1  80.5  45.5  25.7                                           109.6 142.0 174.9  75.2  13.4  56.4 163.8 114.5  64.7  27.1                                                                                                                                                                                                                                                                                                                                                                                                                                                                                                                                                                                                                                                                                                                                                                                            
07221b0812 107.4 335.5 261.7 642.8 365.9 214.6 425.9 170.1  45.6 163.6 104.5                                      70.5 107.7  84.0 206.3 117.5  68.9 136.7  54.6  11.8  52.6  30.9                                     341.7 167.1 407.21000.2 569.4 333.8 662.7 264.6  70.9 254.6 162.6                                     264.0 129.1 403.2 772.7 439.9 257.9 511.9 204.4  54.8 196.7 125.6                                     665.6 325.41016.8 793.21109.1 650.21290.9 515.3 138.0 495.8 316.6                                     373.8 182.8 571.1 445.51094.2 365.2 725.0 289.4  77.6 278.5 177.8                                     214.3 104.8 327.3 255.4 627.2 357.1 415.5 165.9  44.5 159.7 102.0                                     437.0 213.7 667.6 520.81279.2 728.2 426.9 338.3  90.7 325.5 207.9                                     167.4  81.9 255.7 199.5 489.8 278.9 163.5 324.6  34.8 124.7  79.7                                      23.2   9.1  35.3  27.6  67.6  38.5  22.6  44.8  18.0  17.3  10.2                                     160.6  78.6 245.3 191.4 470.0 267.6 156.9 311.4 124.4  33.4  76.4                                      80.3  31.5 122.6  95.7 234.9 133.8  78.5 155.7  62.2  13.4  59.9                                                                                                                                                                                                                                                                                                                                                                                                                                                                                                                                                                                                                                                                                
07221b097  607.4 102.8 181.9  62.9 212.6 586.7                                                                   607.0 100.5 177.8  61.5 207.8 573.4                                                                    57.5  56.3  14.6   4.8  19.8  54.3                                                                   127.1 124.3  16.9  10.4  43.6 120.1                                                                    27.6  27.0   3.8   7.1   9.5  26.1                                                                   179.8 175.8  23.9  45.4  14.7 169.8                                                                   585.6 572.8  97.0 171.5  59.4 200.5                                                                                                                                                                                                                                                                                                                                                                                                                                                                                                                                                                                                                                                                                                                                                                                                                                                                                                                                                                                                                                                                                                                                                                                                                                            
07221b1010  94.6  79.7 143.6 151.4  65.9 235.4 103.2  56.9 335.8                                                  82.4  37.7  84.8  89.4  31.2 139.1  61.0  27.0 198.4                                                  52.5  35.7  54.1  57.0  19.9  88.5  38.9  17.2 126.3                                                 143.9  97.6  82.3 156.2  68.0 242.9 106.5  58.7 346.5                                                 152.2 103.3  87.0 156.7  72.0 256.9 112.6  62.1 366.5                                                  41.8  28.4  19.2  43.0  45.3  70.5  30.9  13.7 100.5                                                 241.9 164.1 138.3 249.1 262.6 114.3 179.0  98.7 582.7                                                  90.7  61.6  41.6  93.4  98.5  34.4 153.1  29.7 218.5                                                  34.8  23.6  16.0  35.8  37.7  13.2  58.6  25.8  83.6                                                 349.2 236.9 199.6 359.5 379.0 165.0 589.5 258.4 142.4                                                                                                                                                                                                                                                                                                                                                                                                                                                                                                                                                                                                                                                                                                                                                                                                                                                                                                        
07221b1116 408.81178.2 670.31791.6 418.3 414.81930.21577.92166.32158.01917.4 798.25128.01204.5 244.6             316.9 113.9  64.8 173.1  32.4  37.8 186.4 152.4 209.2 208.4 185.2  77.2 495.1 116.4  19.0            1149.5 143.3 234.9 627.7 146.6 145.4 676.2 552.8 758.9 756.0 671.7 279.71796.4 422.0  85.8             634.6  79.2 227.9 346.5  81.0  80.3 373.4 305.2 419.0 417.4 370.9 154.4 991.7 233.0  47.4            1771.2 220.7 636.0 361.9 225.8 224.01042.0 851.81169.41164.91035.1 430.92768.1 650.2 132.1             263.6  31.6  94.7  53.9 144.0  31.4 155.1 126.8 174.1 173.4 154.1  64.2 411.8  96.8  15.8             314.5  37.7 113.0  64.3 171.8  32.2 185.1 151.3 207.7 206.9 183.8  76.6 491.4 115.5  18.9            1911.7 238.2 686.5 390.61043.8 243.7 241.7 919.31262.21257.31117.2 465.12987.7 701.8 142.6            1554.6 193.8 558.3 317.6 848.8 198.2 196.6 914.51026.41022.4 908.5 378.22429.5 570.7 116.0            2151.1 268.1 772.4 439.41174.5 274.2 272.01265.41034.41414.71257.0 523.33361.7 789.7 160.4            2142.7 267.0 769.4 437.71169.9 273.2 270.91260.41030.41414.61252.1 521.23348.6 786.6 159.8            1898.8 236.6 681.8 387.91036.8 242.1 240.11117.0 913.11253.61248.8 461.92967.4 697.1 141.6             764.2  95.3 274.5 156.2 417.3  97.5  96.7 449.6 367.6 504.6 502.7 446.61194.3 280.6  57.1            5153.3 642.01850.31052.62813.7 656.8 651.33031.42478.03402.23389.13011.31253.41891.7 384.1            1176.2 146.6 422.4 240.3 642.2 150.0 148.8 691.9 565.6 776.5 773.6 687.3 286.21838.1  87.8             135.6  16.3  48.8  27.8  74.1  13.9  16.2  79.8  65.3  89.6  89.2  79.3  33.1 211.8  49.9                                                                                                                                                                                                                                
07221b1216  62.6 173.9  74.5  62.0 250.6  32.7  31.1 183.6 115.1 143.4 167.5  62.4 185.0  66.8 207.7              80.7 280.0 120.0  99.8 403.6  53.7  51.0 295.7 185.4 230.9 269.8 100.4 298.0 107.5 334.5             211.6 322.1 383.6 318.91291.1 210.2 199.4 946.0 592.9 738.5 862.8 320.9 953.2 343.51070.1              87.5 133.2 370.1 131.8 533.5  86.9  82.4 390.9 245.0 305.2 356.6 132.7 393.9 142.0 442.2              64.8  98.6 274.0 117.4 394.9  51.5  48.9 289.4 181.4 225.9 264.0  98.2 291.6 105.2 327.3             307.4 468.11301.5 557.4 463.4 305.4 289.61374.7 861.51073.11253.8 466.31385.2 499.21555.1              31.6  48.0 133.4  57.2  47.6 192.2  23.8 140.8  88.3 110.0 128.5  47.9 141.9  51.2 159.3              29.7  45.1 125.3  53.7  44.7 180.5  23.6 132.3  83.0 103.3 120.7  45.0 133.3  48.1 149.7             223.8 340.7 947.3 405.7 337.31365.6 222.3 210.8 627.1 781.1 912.6 339.41008.2 363.41131.8             138.2 210.4 584.9 250.5 208.3 843.2 137.3 130.2 617.8 482.3 563.5 209.6 622.5 224.4 698.8             173.5 264.1 734.3 314.5 261.51058.6 172.3 163.5 775.6 486.1 707.4 263.1 781.5 281.7 877.4             203.6 310.0 862.0 369.2 306.91242.6 202.3 191.9 910.4 570.6 710.7 308.8 917.4 330.61029.9              81.5  99.3 275.8 118.2  98.3 397.6  51.9  49.2 291.3 182.6 227.4 265.7 293.6 105.9 329.5             225.5 343.4 954.7 408.9 339.91376.3 224.0 212.51008.4 632.0 787.2 919.7 342.0 366.21140.7              77.8 118.4 329.0 141.0 117.2 474.3  77.3  73.3 347.5 217.8 271.3 317.0 117.9 350.2 393.1             253.9 386.51074.7 460.3 382.61549.3 252.2 239.21135.1 711.4 886.11035.3 385.01143.8 412.2                                                                                                                                                                                                                                
1022170112 308.6 137.3 267.3  76.5  61.7  56.9  84.5 390.6  75.5 195.4 442.5                                     323.3 390.4 760.4 217.4 175.2 161.7 240.21111.1 214.4 555.71258.8                                     139.1 377.4 326.9  93.5  75.4  69.6 103.3 477.7  92.2 238.9 541.2                                     278.9 757.3 336.7 187.5 151.2 139.5 207.2 958.5 185.0 479.41085.9                                      51.3 139.0  61.9 120.4  22.3  20.6  38.1 175.9  34.0  88.0 199.3                                      39.7 107.5  47.9  93.2  21.4  16.0  29.5 136.1  26.4  68.1 154.2                                      36.0  97.5  43.4  84.4  19.4  15.7  26.8 123.3  23.9  61.7 139.7                                      74.1 200.9  89.4 174.0  39.9  32.2  29.7 254.2  49.1 127.2 288.0                                     411.51117.3 496.8 967.8 276.7 223.0 205.8 305.7 272.9 707.31602.3                                      65.2 176.8  78.7 153.2  35.1  28.3  26.2  48.5 223.8 112.0 253.5                                     201.6 547.1 243.3 473.9 135.5 109.3 100.9 149.8 692.5 133.7 784.6                                     467.41269.0 564.21099.2 314.2 253.2 233.8 347.21606.2 309.9 803.3                                                                                                                                                                                                                                                                                                                                                                                                                                                                                                                                                                                                                                                                                
1022170218 350.2 639.1 495.8 954.0 803.8 262.91638.82888.24041.81340.7 349.6 818.7 309.21099.2 647.32666.8 403.0 291.4 105.7  82.0 157.7 132.9  34.9 270.8 477.2 667.8 221.6  57.9 135.4  43.0 181.7 107.1 440.7  66.7 618.1 122.8 173.9 334.5 281.8  92.3 574.51012.51416.9 470.1 122.6 287.1 108.5 385.4 227.0 934.9 141.4 472.1  93.9 171.2 255.5 215.3  70.5 438.8 773.31082.1 359.0  93.7 219.3  82.9 294.4 173.4 714.0 108.0 938.9 186.5 340.4 264.1 428.0 140.1 872.71537.92152.2 713.9 186.2 436.0 164.7 585.4 344.81420.1 214.7 785.9 156.1 284.9 221.0 425.2 117.3 730.41287.31801.4 597.6 155.9 364.9 137.9 490.0 288.61188.6 179.7 161.9  32.3  58.8  45.6  87.7  73.9 150.5 265.1 371.0 123.1  32.2  75.2  24.0 101.0  59.5 244.8  37.11636.4 325.0 593.2 460.2 885.4 746.0 244.12680.73751.41244.4 324.5 759.9 287.01020.2 600.82475.2 374.12909.2 577.71054.5 818.01574.11326.2 433.82704.06669.22212.2 576.71350.8 510.11813.71068.14400.4 664.94084.4 811.11480.51148.42209.91861.9 609.03796.26690.73105.7 809.61896.4 716.12546.31499.56177.9 933.51332.8 264.7 483.2 374.8 721.2 607.6 198.81238.82183.33055.3 264.3 618.9 233.8 830.9 489.42015.9 304.7 290.8  57.9 105.5  81.9 157.4 132.6  34.8 270.3 476.3 666.5 221.2 135.1  42.9 181.3 106.8 439.8  66.6 801.0 159.2 290.4 225.3 433.5 365.2 119.5 744.51312.11836.2 609.1 158.9 140.5 499.4 294.21211.6 183.2 207.6  41.3  75.3  58.5 112.4  94.7  24.9 193.0 340.0 475.8 157.9  41.3  96.5 129.5  76.3 314.0  47.61086.8 215.9 394.0 305.6 588.1 495.5 162.11010.11780.32491.3 826.4 215.5 504.7 190.6 399.11643.8 248.5 626.5 124.5 227.2 176.2 339.0 285.7  93.5 582.31026.21436.1 476.4 124.3 291.0 109.9 390.6 947.6 143.32683.7 533.0 972.8 754.61452.11223.4 400.22494.44396.36152.22040.7 532.01246.1 470.61673.1 985.3 613.4 340.3  67.7 123.4  95.8 184.2 155.2  40.7 316.3 557.4 780.0 258.8  67.6 158.1  50.2 212.2 125.0 514.7        
1022170314 423.11324.41541.1 909.9 257.5 764.81306.9 508.0 134.6 260.1 907.1 804.9 262.4                         404.0 411.8 479.2 283.0  80.2 237.8 406.4 158.0  41.9  81.0 282.1 250.3  81.7                        1324.9 431.41571.4 927.8 262.6 779.81332.7 518.0 137.2 265.2 925.0 820.7 267.6                        1546.3 503.51576.21082.9 306.5 910.21555.4 604.6 160.1 309.51079.6 957.9 312.3                         901.4 293.6 918.81069.2 178.7 530.6 906.7 352.5  93.4 180.5 629.3 558.4 182.1                         206.2  67.2 210.1 244.5 144.4 121.4 207.4  80.7  17.2  38.1 144.0 127.7  35.9                         753.1 245.3 767.6 893.2 527.4 149.3 757.5 294.5  78.0 150.8 525.8 466.5 152.1                        1307.1 425.61332.31550.3 915.4 259.1 769.3 511.1 135.4 261.7 912.5 809.7 264.0                         490.8 159.9 500.3 582.1 343.7  97.4 288.9 493.7  50.9  98.3 342.7 304.1  99.2                          71.7  23.4  73.1  85.0  50.3  14.0  42.3  72.1  28.1  13.3  50.1  44.5  12.6                         194.0  63.2 197.7 230.1 135.9  37.8 114.2 195.1  75.9  16.2 135.5 120.2  33.8                         898.5 292.6 915.91065.7 629.3 178.1 528.9 903.8 351.4  93.1 179.9 556.6 181.5                         794.1 258.6 809.4 941.8 556.1 157.4 467.4 798.7 310.5  82.3 159.0 554.4 160.4                         181.3  59.1 184.8 215.1 127.0  35.3 106.8 182.4  71.0  15.1  33.5 126.6 112.4                                                                                                                                                                                                                                                                                                                                                                                                                                                        
1022170410 299.2 318.0 143.7  61.8 262.7 155.8 143.1 411.3 130.6                                                 297.3 275.2 124.4  53.5 227.4 134.8 123.8 356.0 113.1                                                 316.9 276.0 132.6  57.0 242.4 143.7 132.0 379.4 120.5                                                 121.5 105.9 112.5  17.6  93.0  55.2  50.7 145.5  37.0                                                  32.2  28.0  29.8  13.5  24.6  14.7  13.5  38.5   9.9                                                 259.3 225.8 240.0 108.5  46.6 117.6 108.0 310.5  98.6                                                 133.0 115.8 123.1  55.7  19.2 101.7  55.4 159.2  40.5                                                 120.9 105.4 112.0  50.7  17.5  92.5  54.9 144.8  36.9                                                 414.2 360.8 383.4 173.3  74.5 316.8 187.8 172.5 157.5                                                  84.4  73.5  78.1  35.4  12.2  64.6  38.3  35.2 101.0                                                                                                                                                                                                                                                                                                                                                                                                                                                                                                                                                                                                                                                                                                                                                                                                                                                                                                        
102217058  162.9  57.6 184.8  33.4  17.0 150.3  50.3                                                             191.0 165.7 532.0 119.7  60.8 432.4 154.0                                                              56.7 139.0 157.8  28.5  14.5 128.2  43.0                                                             217.7 534.3 188.9 136.4  69.2 492.9 175.5                                                              29.9  73.2  25.9  83.0   7.7  67.5  22.7                                                              11.8  28.7  10.2  32.6   6.0  26.5   9.0                                                             175.7 431.1 152.4 489.2 110.1  55.9 141.6                                                              48.7 119.3  42.2 135.3  24.5  12.5 110.0                                                                                                                                                                                                                                                                                                                                                                                                                                                                                                                                                                                                                                                                                                                                                                                                                                                                                                                                                                                                                                                                                                                                
1022170614 441.6 375.5 849.2 793.7 865.0 712.9 233.81630.51539.5 690.9 231.71313.0 284.3                         416.8  88.6 200.3 187.2 204.0 168.1  55.2 384.4 363.0 163.0  54.7 309.6  67.1                         314.8  78.7 151.3 141.4 154.1 127.0  33.4 290.4 274.1 123.1  33.1 233.8  40.6                         832.1 207.9 176.8 373.6 407.2 335.6 110.1 767.5 724.6 325.3 109.1 618.0 133.9                         775.5 193.8 164.8 372.6 379.5 312.8 102.6 715.3 675.4 303.2 101.7 576.0 124.8                         848.2 211.9 180.2 407.5 380.9 342.1 112.2 782.3 738.7 331.6 111.2 630.0 136.5                         693.2 173.2 147.3 333.0 311.3 339.2  91.7 639.3 603.7 271.0  90.9 514.8 111.5                         140.3  35.1  29.9  67.4  63.0  68.7  56.6 129.4 122.2  54.9  14.8 104.2  18.2                        1628.0 406.6 345.8 782.1 730.9 796.6 656.5 215.31417.7 636.3 213.41209.1 261.8                        1535.2 383.5 326.1 737.5 689.3 751.2 619.1 203.01416.0 600.0 201.21140.2 246.9                         670.8 167.6 142.6 322.3 301.2 328.3 270.6  88.8 618.7 584.2  88.0 498.3 108.0                         138.7  34.7  29.6  66.7  62.4  67.9  56.0  14.8 128.0 120.8  54.3 103.1  18.0                        1304.5 325.9 277.1 626.7 585.7 638.3 526.0 172.51203.21136.0 509.9 171.0 209.8                         177.7  44.5  37.8  85.4  79.8  87.0  71.7  18.9 163.9 154.7  69.5  18.7 132.0                                                                                                                                                                                                                                                                                                                                                                                                                                                        
1022170712  18.9  97.5  39.6  19.2  72.8  94.5 106.0  34.6  28.6  84.9  53.2                                      19.1 102.8  41.7  20.3  76.8  99.6 111.8  36.5  30.2  89.5  56.1                                     157.6 164.7 277.0 167.7 510.5 662.9 743.6 242.0 200.2 595.3 373.0                                      44.1  46.1 238.8  46.9 178.3 231.5 259.6  84.6  70.0 207.9 130.3                                      19.5  20.3 105.1  42.6  78.5 101.9 114.2  37.3  30.8  91.5  57.4                                     116.5 121.7 505.3 204.7 124.0 489.8 549.4 178.9 147.9 439.9 275.6                                     152.6 159.5 662.3 268.2 162.4 494.4 720.2 234.4 193.9 576.6 361.2                                     171.8 179.5 745.4 301.9 182.8 556.5 722.6 263.8 218.2 648.9 406.6                                      38.1  39.8 206.0  83.5  40.5 153.8 199.7 224.0  60.4 179.4 112.4                                      30.9  32.2 166.8  67.6  32.8 124.6 161.7 181.4  59.1 145.3  91.0                                     136.6 142.7 592.6 240.0 145.4 442.5 574.5 644.5 209.8 173.5 323.3                                      83.9  87.6 363.6 147.3  89.2 271.5 352.5 395.4 128.7 106.5 316.6                                                                                                                                                                                                                                                                                                                                                                                                                                                                                                                                                                                                                                                                                
102217089   75.2 269.8 125.8  39.0 151.5  51.9  21.2 233.3                                                        74.1 230.9 107.7  33.4 129.6  44.4  18.2 199.7                                                       316.1 274.3 459.6 177.5 553.3 230.8  96.5 852.4                                                       143.2 124.3 446.4  80.5 250.5 104.6  43.8 386.0                                                        34.6  30.1 107.7  50.3  60.5  20.8   8.6  93.1                                                       173.9 151.0 542.4 252.9  97.7 127.0  53.2 469.0                                                        48.7  42.3 151.7  70.8  22.0  85.2  12.0 131.2                                                        15.2  13.3  47.3  22.1   6.9  26.6   9.2  40.9                                                       272.2 236.3 849.1 395.8 152.9 476.5 198.8  83.1                                                                                                                                                                                                                                                                                                                                                                                                                                                                                                                                                                                                                                                                                                                                                                                                                                                                                                                                                                                                                    
1022170918 100.4 123.4 322.5 382.6 597.21267.7 438.1 272.1 270.9 133.7 561.5 332.21267.7 322.5  98.8 234.5  92.1  81.2  49.8 130.0 154.2 240.6 510.7 176.6 109.7 109.2  53.9 226.3 133.9 510.7 130.0  31.9  94.5  29.8 107.2  51.3 171.6 203.6 317.7 674.4 233.1 144.8 144.2  71.2 298.7 176.8 674.4 171.6  42.1 124.8  39.3 329.3 164.1 201.8 625.6 976.52073.1 716.4 444.8 443.0 218.5 918.2 543.22073.1 527.4 161.5 383.4 150.6 392.8 195.7 240.6 628.91164.62472.5 854.4 530.5 528.3 260.61095.0 647.82472.5 628.9 192.6 457.2 179.5 619.4 308.6 379.5 992.01176.73899.91347.6 836.7 833.3 410.91727.21021.83899.9 992.0 303.8 721.1 283.11327.8 661.3 813.42126.32522.33937.72888.71793.51786.1 880.83702.42190.28360.22126.3 651.11545.6 606.8 451.4 224.9 276.6 722.9 857.51338.62842.0 609.8 607.3 299.51258.7 744.62842.0 722.9 221.4 525.5 206.4 276.0 137.5 169.1 442.0 524.3 818.41737.5 600.4 371.3 183.1 769.5 455.31737.5 442.0 135.4 321.3 126.2 274.9 136.9 168.4 440.1 522.0 814.91730.0 597.8 371.2 182.4 766.2 453.31730.0 440.1 134.8 319.9 125.7 117.0  56.0  71.7 187.3 222.2 346.8 736.2 254.5 158.0 157.4 326.1 193.0 736.2 187.3  46.0 136.2  42.9 581.8 289.8 356.4 931.61105.11725.23662.71265.6 785.8 782.6 386.0 959.63662.7 931.6 285.3 677.2 265.9 339.6 169.2 208.1 543.7 645.01006.82137.5 738.7 458.7 456.8 225.3 946.72137.5 543.7 166.6 395.3 155.21327.8 661.3 813.42126.32522.33937.78360.22888.71793.51786.1 880.83702.42190.22126.3 651.11545.6 606.8 329.3 164.1 201.8 527.4 625.6 976.52073.1 716.4 444.8 443.0 218.5 918.2 543.22073.1 161.5 383.4 150.6  64.6  31.0  39.6 103.4 122.7 191.4 406.2 140.5  87.3  86.9  42.9 180.0 106.5 406.2 103.4  75.2  23.7 236.3 117.8 144.8 378.4 448.9 700.71487.5 514.0 319.2 317.9 156.8 658.8 389.81487.5 378.4 115.9 108.1  59.5  28.5  36.5  95.2 112.9 176.1 373.7 129.2  80.3  80.0  39.5 165.6  98.0 373.7  95.2  23.4  69.2        
102217108   16.9  10.2  33.6  68.8  24.2   9.3  23.8                                                              20.1  26.6  87.9 180.2  63.1  24.2  62.2                                                              11.1  24.3  48.3  99.0  34.7  13.4  34.2                                                              58.6 103.5  77.8 423.0 148.0  70.9 145.8                                                             123.7 218.4 164.1 435.0 312.5 149.5 307.7                                                              41.2  72.7  54.7 144.8 297.2  49.8 102.4                                                               9.9  21.6  13.1  43.0  88.1  30.9  30.4                                                              40.6  71.5  53.8 142.4 292.3 102.3  49.0                                                                                                                                                                                                                                                                                                                                                                                                                                                                                                                                                                                                                                                                                                                                                                                                                                                                                                                                                                                                                                                                                                                                
1022171110 871.2 502.2 310.2 196.0 565.1 199.5 658.6 181.7 763.5                                                 858.3 285.3 176.2 111.4 320.9 113.4 374.1 103.2 433.7                                                 481.8 277.8  99.0  62.6 180.2  63.7 210.0  58.0 243.5                                                 257.2 148.3  85.5  26.8  96.2  27.3 112.1  24.8 130.0                                                 115.0  66.3  38.3  23.7  43.1  12.3  50.2  11.2  58.1                                                 546.0 314.8 181.5 112.1  70.9  72.2 238.0  65.7 275.9                                                 117.6  67.8  39.2  24.2  12.3  44.0  51.3  11.4  59.5                                                 641.4 369.8 213.2 131.7  83.3 239.9  84.8  77.2 324.1                                                 104.3  60.2  34.8  21.5  10.9  39.1  11.1  45.5  52.8                                                 748.4 431.5 248.8 153.7  97.1 279.9  98.9 326.2  90.0                                                                                                                                                                                                                                                                                                                                                                                                                                                                                                                                                                                                                                                                                                                                                                                                                                                                                                        
1022171218 959.1 453.3 328.0 311.7 312.6 718.12179.3 665.3 241.4 210.2 160.2 788.9 512.9 594.7 113.8 451.7 228.7 975.4 886.3 641.3 609.4 611.31404.14261.61300.9 471.9 410.9 313.21542.71002.91162.9 222.3 883.3 447.2 451.7 868.4 297.0 282.2 283.1 650.21973.1 602.4 218.6 190.3 145.1 714.3 464.4 538.5 103.0 409.0 207.1 322.0 619.0 292.5 201.2 201.8 463.41406.3 429.4 155.8 135.7 103.4 509.1 331.0 383.8  73.5 291.5 147.6 305.1 586.5 277.2 200.6 191.2 439.11332.5 406.8 147.6 128.5  98.0 482.4 313.7 363.7  69.6 276.2 139.9 306.0 588.4 278.1 201.2 191.2 440.51336.7 408.1 148.1 129.0  98.3 484.0 314.7 364.8  69.8 277.1 140.3 725.81395.6 659.5 477.2 453.5 454.93171.0 968.0 351.2 305.7 233.11147.9 746.3 865.3 165.5 657.3 332.82238.84304.82034.21471.81398.61402.83222.72985.91083.1 942.9 718.73540.82301.92669.0 510.22027.21026.2 671.21290.5 609.9 441.3 419.3 420.6 966.22932.3 324.8 282.7 215.51061.5 690.1 800.2 153.0 607.8 307.7 232.3 446.5 211.1 152.7 145.2 145.6 334.31014.5 309.8  97.9  74.7 367.3 238.8 276.9  53.0 210.3 106.5 180.2 346.3 163.7 118.5 112.6 112.9 259.3 786.8 240.3  87.2  55.6 284.9 185.2 214.8  33.0 163.2  82.7 127.1 244.4 115.5  83.6  79.5  79.7 183.0 555.1 169.5  61.6  53.6 201.0 130.7 151.5  23.3 115.1  58.3 799.21536.7 726.2 525.4 499.3 500.81150.43491.61065.9 386.7 336.6 256.6 821.7 952.8 182.2 723.7 366.4 513.4 987.1 466.5 337.6 320.8 321.8 739.02242.9 684.7 248.4 216.3 164.9 812.0 612.1 117.1 464.9 235.4 598.11150.0 543.5 393.2 373.7 374.8 860.92612.9 797.7 289.4 252.0 192.1 945.9 615.0 136.4 541.6 274.2  68.0 130.7  61.8  44.8  42.6  42.7  97.9 296.9  90.7  33.0  28.7  21.1 107.5  70.0  81.1  61.6  31.3 450.1 865.3 409.0 295.9 281.2 282.1 647.81966.1 600.2 217.8 189.6 144.6 711.8 462.8 536.5 102.7 206.4 197.6 379.9 179.6 130.0 123.5 123.9 284.5 863.1 263.6  95.7  83.3  61.0 312.5 203.2 235.6  36.1 179.0        
