06225901161517.0 456.21028.0 707.65162.8 147.4 369.1 550.7 686.81019.7 242.51561.1 225.41668.41107.3            1522.3 544.61227.4 844.86164.0 176.0 440.6 657.5 820.01217.4 289.51863.9 269.11991.91322.0             438.2 521.3 353.3 243.21773.9  50.8 126.9 189.3 236.1 350.4  83.4 536.4  77.5 573.3 380.5            1022.61216.6 365.9 567.54140.5 118.3 296.0 441.7 550.9 817.8 194.51252.0 180.81338.0 888.0             695.1 827.0 248.7 560.52814.4  80.4 201.2 300.3 374.5 555.9 132.2 851.1 122.9 909.5 603.7            5248.36244.21877.44231.52912.4 606.51518.82266.52827.04197.1 997.86426.0 927.46867.54557.7              81.6  97.0  29.3  65.8  45.3 329.9  23.7  35.3  44.0  65.3  12.5  99.9  11.7 106.7  70.9             349.1 415.3 125.0 281.5 193.81413.3  40.5 150.8 188.1 279.2  66.5 427.4  61.8 456.8 303.2             534.7 636.2 191.4 431.2 296.82165.0  61.9 154.8 288.1 427.7 101.8 654.7  94.6 699.7 464.4             673.9 801.8 241.1 543.4 374.02728.5  78.0 195.1 291.1 538.9 128.2 825.1 119.2 881.8 585.2            1014.11206.5 362.8 817.6 562.84106.0 117.3 293.5 438.0 546.3 192.91241.6 179.31326.9 880.6             152.2 181.1  54.5 122.8  84.5 616.0  14.2  44.1  65.8  82.1 121.8 186.4  21.6 199.1 132.2            1567.41864.8 560.81263.8 869.86346.8 181.2 453.7 676.9 844.31253.5 298.1 277.02051.01361.2             139.5 166.0  50.0 112.5  77.5 564.5  13.0  40.5  60.3  75.2 111.6  21.3 170.8 182.5 121.2            1677.01995.2 600.01352.1 930.76790.6 193.9 485.4 724.3 903.41341.1 318.92053.3 296.41456.4            1103.61313.0 394.8 889.8 612.44468.5 127.6 319.4 476.6 594.5 882.6 209.91351.2 195.11444.0                                                                                                                                                                                                                                
0622590216 210.44343.7 312.03135.82025.5 633.51251.11300.92137.5 216.4 883.8 318.91226.6 713.9 761.3             122.2 287.1  18.3 207.3 134.0  42.0  82.8  86.1 141.4  11.6  58.5  21.2  81.2  47.3  50.4            4389.2 499.9 741.37453.14814.01505.42973.63091.75080.2 514.12100.4 757.82915.21696.71809.2             220.4  20.2 518.3 374.2 241.8  75.7 149.4 155.3 255.1  20.8 105.6  38.2 146.5  85.3  90.9            3159.3 359.97431.1 533.63465.11083.62140.32225.43656.7 370.11511.9 545.52098.41221.31302.3            2028.7 231.14771.7 342.73444.8 695.91374.41429.02348.1 237.7 970.8 350.31347.5 784.3 836.3             611.3  69.71437.7 103.31038.0 670.5 414.2 430.6 707.5  71.7 292.6 105.6 406.1 236.4 252.1            1240.3 141.32917.1 209.52106.01360.3 425.5 873.71435.5 145.4 593.6 214.2 823.8 479.5 511.3            1290.9 147.13036.2 218.12191.91415.8 442.8 874.61494.1 151.3 617.8 222.9 857.4 499.1 532.2            2142.8 244.15040.0 361.93638.52350.1 735.01451.71509.4 251.01025.4 370.01423.2 828.3 883.3             126.6  11.7 297.5  18.9 214.8 138.8  43.5  85.8  89.2 146.5  60.6  22.0  84.1  49.0  52.3             866.2  98.82037.2 146.41470.8 950.0 297.2 586.9 610.21002.5 101.6 149.6 575.3 334.9 357.1             261.5  23.9 614.9  39.0 444.0 286.8  89.8 177.2 184.2 302.7  24.6 125.2 173.7 101.2 107.9            1215.3 138.52858.3 205.32063.51332.9 416.9 823.3 856.11406.6 142.4 581.6 209.9 469.8 501.0             693.2  79.11630.4 117.21177.1 760.3 237.8 469.7 488.3 802.4  81.3 331.8 119.8 460.5 285.8             741.5  84.51743.9 125.31259.0 813.2 254.4 502.4 522.3 858.2  86.9 354.9 128.1 492.5 286.7                                                                                                                                                                                                                                
0622590316 191.9 108.5 121.9 440.5  26.2  65.0 293.9 658.6  77.3 129.5 268.0 115.9 175.3  25.5 261.9             229.7 468.2 526.31902.6 140.6 280.31269.22845.2 333.3 558.81157.4 500.1 757.1 137.01131.0             127.1 458.4 291.21052.6  77.9 155.1 702.21574.0 184.5 309.2 640.3 276.7 418.9  75.8 625.7             143.7 518.0 292.81189.6  88.0 175.3 793.51778.9 208.5 349.4 723.7 312.7 473.4  85.7 707.1             535.51932.01091.81227.2 327.8 653.62959.86635.3 777.21303.12699.11166.21765.5 319.32637.5              22.9  82.4  46.7  52.4 189.2  28.0 126.2 282.8  33.2  55.7 115.1  49.8  75.4  11.0 112.5              66.4 239.2 135.2 152.0 549.1  32.6 366.3 821.1  96.3 161.4 334.1 144.4 218.6  31.7 326.5             355.21281.2 724.1 813.92942.4 217.4 433.54400.1 515.5 864.21789.9 773.41170.8 211.81749.0             803.82900.41639.01842.36661.1 492.0 981.24443.31166.81956.24051.91750.72650.4 479.33959.4              88.7 319.8 180.8 203.2 734.3  54.4 108.3 489.81098.0 215.7 446.7 193.1 292.2  53.0 436.5             152.9 551.5 311.7 350.31266.3  93.6 186.6 844.71893.7 221.9 770.4 332.9 503.9  91.2 752.8             323.31166.4 659.2 740.92678.7 197.9 394.61786.84005.7 469.3 786.7 704.11065.9 192.81592.3             136.2 491.2 277.6 312.01127.9  83.4 166.2 752.41686.6 197.6 331.3 686.1 448.8  81.3 670.5             209.4 755.1 426.8 479.71734.2 128.2 255.51156.82593.2 303.8 509.41054.9 455.9 124.91030.8              22.2  79.7  45.1  50.7 182.9  10.9  27.1 122.1 273.5  32.2  53.8 111.3  48.2  72.9 108.8             315.81139.3 643.8 723.72616.4 193.3 385.51745.23912.5 458.3 768.41591.5 687.71041.1 188.3                                                                                                                                                                                                                                
0622590416 201.7 527.6 712.0 155.8 319.7 108.0 135.5 247.4 168.2 347.1 352.6  41.4 895.5  66.3  35.4             229.61200.41619.9 354.3 727.4 245.6 308.1 562.8 382.6 789.8 802.2 115.32037.7 153.9  98.3             614.41227.84335.5 948.01946.7 657.1 824.31506.21023.82113.52146.9 308.35453.5 411.8 262.9             832.11662.84351.01283.82636.5 889.91116.32039.91386.52862.52907.7 417.57386.1 557.6 356.0             175.4 350.4 916.71237.1 555.5 187.6 235.3 429.8 292.2 603.1 612.6  88.11556.1 117.6  75.1             369.0 737.31929.22603.5 569.3 394.7 495.0 904.5 614.81269.21289.3 185.23274.9 247.3 157.9             119.0 237.7 621.8 839.2 183.6 376.9 159.6 291.6 198.2 409.1 415.6  59.81055.5  79.8  51.0             151.4 302.5 791.31067.8 233.6 479.5 161.9 371.0 252.2 520.6 528.8  76.01343.2 101.5  64.9             283.6 566.71482.62000.8 437.5 898.4 303.3 380.5 472.5 975.4 990.8 142.32516.8 190.1 121.4             190.1 379.8 993.61340.8 293.2 602.1 203.3 255.0 465.9 653.7 664.0  95.41686.5 127.4  81.4             401.4 802.02098.32831.8 619.21271.5 429.2 538.4 983.8 668.71402.3 201.43562.0 269.0 171.8             407.8 814.92132.22877.5 629.21292.0 436.2 547.1 999.7 679.51402.8 204.63619.5 273.3 174.5              35.1  70.0 183.0 246.9  54.1 110.9  37.5  47.0  85.9  58.4 120.4 122.3 310.5  21.2  12.1            1048.82096.05484.57401.51618.33323.31121.81407.12571.31747.73608.13665.1 526.2 702.9 448.7              56.9 113.7 297.2 401.1  87.8 180.2  60.9  76.4 139.4  94.8 195.6 198.7  22.9 504.5  19.6              28.7  57.2 149.5 201.8  44.2  90.7  30.7  38.5  70.2  47.7  98.4 100.0  11.6 253.8  17.4                                                                                                                                                                                                                                
0622590516 203.42492.3 486.4 304.2 295.4 964.5 758.6 336.53405.0 791.41097.61838.71020.31521.1 639.0             117.6 164.9  32.3  16.2  15.8  63.9  50.3  22.4 225.2  52.4  72.7 121.7  67.6 100.7  42.4            2505.6 286.6 685.5 428.7 416.31359.21069.1 474.34798.91115.41546.92591.41437.92143.8 900.6             462.4  53.0 648.2  79.2  76.9 250.9 197.4  87.6 885.5 205.9 285.5 478.2 265.4 395.6 166.3             192.3  17.7 269.6  52.7  25.7 104.4  82.1  36.5 368.2  85.7 118.8 198.9 110.4 164.6  69.2             185.8  17.1 260.5  50.9  25.5 100.9  79.4  35.3 355.8  82.8 114.8 192.2 106.7 159.0  66.9             949.3 108.71330.8 259.8 162.5 157.8 405.1 179.81818.2 422.6 586.1 981.9 544.9 812.3 341.3             739.6  84.71036.8 202.4 126.6 123.0 401.3 140.11416.5 329.3 456.6 765.0 424.5 632.8 265.9             278.6  25.6 390.5  76.3  38.2  37.1 151.2 118.9 533.4 124.1 172.0 288.1 159.9 238.4 100.2            3435.2 392.94815.8 939.8 587.7 570.71863.61465.7 650.21529.22120.83552.91971.52939.21234.7             773.1  88.51083.7 211.6 132.3 128.5 419.4 329.9 146.41480.6 477.3 799.6 443.7 661.5 277.9            1084.9 124.21520.9 296.9 185.7 180.3 588.6 463.0 205.42077.9 483.01122.1 622.7 928.3 390.0            1839.9 210.52579.3 503.4 314.8 305.7 998.1 785.0 348.33523.8 819.01135.91055.91574.2 661.3            1006.2 115.21410.6 275.3 172.2 167.3 545.9 429.4 190.51927.1 448.0 621.21040.7 860.9 361.7            1516.3 173.52125.7 414.9 259.5 252.0 822.6 647.0 287.12904.1 675.0 936.21568.3 870.2 545.1             617.8  70.8 866.1 169.1 105.8 102.7 335.2 263.7 117.01183.3 275.1 381.5 639.0 354.6 528.6                                                                                                                                                                                                                                
0622590616 341.11000.7 932.0 311.31306.71543.71014.9 998.3 222.8 294.42804.53047.1 789.33249.92121.5             222.1 102.5  95.5  25.6 133.8 158.1 104.0 102.3  18.4  24.2 287.1 312.0  80.9 332.7 217.2             981.1 154.3 421.6 140.9 591.1 698.3 459.1 451.6 100.9 133.31268.61378.3 357.11470.0 959.6             911.2 143.4 420.4 130.8 549.0 648.5 426.4 419.4  93.7 123.81178.11280.0 331.61365.2 891.2             193.8  25.1  89.5  83.3 116.8 137.9  90.7  89.2  16.0  21.2 250.5 272.2  70.6 290.3 189.5            1292.2 203.3 596.3 555.3 185.5 919.8 604.7 594.8 132.8 175.51670.91815.4 470.31936.21263.9            1533.2 241.1 707.4 658.8 220.1 923.7 717.4 705.7 157.6 208.21982.52154.0 558.02297.31499.6             995.4 156.6 459.3 427.8 142.9 599.8 708.5 458.2 102.3 135.21287.11398.5 362.31491.5 973.6             978.6 154.0 451.6 420.5 140.5 589.6 696.5 457.9 100.6 132.91265.31374.8 356.21466.3 957.2             128.3  16.7  59.3  55.2  14.9  77.4  91.4  60.1  59.1  14.1 165.9 180.2  46.8 192.2 125.5             181.3  23.5  83.7  78.0  20.9 109.3 129.1  84.9  83.5  15.0 234.4 254.6  66.1 271.6 177.3            2815.2 442.71298.91209.6 404.01696.12003.71317.21295.7 289.2 382.13955.11024.44218.32753.6            3061.9 481.51412.71315.6 439.41844.72179.31432.61409.3 314.5 415.63959.21114.24588.02994.9             766.1 120.5 353.5 329.2 110.0 461.6 545.3 358.5 352.6  78.8 104.1 990.51076.21147.8 749.3            3268.1 513.91507.91404.2 469.01968.92326.11529.11504.2 335.7 443.64225.84591.41189.23196.5            2120.7 333.5 978.5 911.2 304.41277.61509.4 992.3 976.1 217.9 287.92742.12979.3 771.73177.6                                                                                                                                                                                                                                
0622590718 238.3 744.5 119.7 520.2 802.2 368.2 613.9 228.31291.0 446.1 290.1 645.91216.0 685.2 298.41194.81572.8 200.8 192.1  24.8 134.2 207.0  95.1 158.4  59.0 333.0 115.1  74.9 166.7 313.7 176.8  77.1 308.2 405.7 743.5 227.7 114.3 496.9 766.3 351.8 586.4 218.11233.3 426.1 277.1 617.01161.6 654.5 285.11141.31502.4  67.6  20.8  64.6  45.2  69.6  32.0  53.3  19.9 112.0  38.8  25.3  56.1 105.5  59.5  26.0 103.6 136.4 512.9 157.1 490.6  78.9 528.6 242.7 404.5 150.5 850.7 294.0 191.2 425.6 801.2 451.5 196.7 787.31036.3 802.9 245.8 767.9 123.5 536.5 379.8 633.2 235.51331.7 460.1 299.2 666.21254.3 706.8 307.81232.41622.3 356.7 109.3 341.1  54.9 238.4 367.6 281.3 104.7 591.5 204.4 133.0 296.0 557.1 314.0 136.8 547.4 720.6 609.3 186.6 582.8  93.7 407.2 627.9 288.3 178.71010.5 349.2 227.1 505.6 951.8 536.3 233.6 935.21231.1 191.5  58.7 183.1  23.7 128.0 197.3  90.6 151.0 317.5 109.8  71.4 158.9 299.1 168.6  73.5 293.8 386.81305.5 399.71248.7 200.7 872.41345.5 617.61029.7 382.9 748.2 486.61083.32039.61149.3 500.52004.12638.1 436.7 133.8 417.7  67.2 291.9 450.1 206.6 344.5 128.2 724.3 162.8 362.4 682.2 384.4 167.5 670.3 882.4 249.2  76.4 238.4  30.8 166.6 256.8 118.0 196.6  73.2 413.3 142.9 206.8 389.3 219.4  95.6 382.5 503.5 642.1 196.6 614.2  98.8 429.1 661.8 303.8 506.5 188.41065.1 368.0 239.41003.1 565.3 246.2 985.71297.51228.3 376.11174.9 188.8 820.91265.9 581.1 968.8 360.32037.5 704.0 457.81019.21081.3 470.91885.62482.1 682.6 209.0 652.9 105.0 456.2 703.5 322.9 538.4 200.21132.2 391.2 254.4 566.41066.3 261.71047.81379.2 265.4  81.3 253.8  34.8 177.4 273.5 125.6 209.3  77.9 440.1 152.1  99.0 220.2 414.5 233.6 407.3 536.11206.6 369.41154.1 185.5 806.31243.5 570.8 951.6 353.92001.4 691.5 449.71001.21885.01062.1 462.62438.11595.2 488.41525.8 245.21066.01644.1 754.61258.2 467.92646.1 914.2 594.51323.72492.21404.3 611.62448.8        
0622590816 570.9 377.0 287.7 157.11322.7 427.5 281.9 308.4  82.2  80.22443.3 326.5 493.0 842.4 276.6             581.2 657.5 501.6 274.02307.0 745.5 491.7 537.8 143.2 139.84261.6 569.4 859.81469.3 482.3             378.9 649.1 327.1 178.61503.9 486.0 320.6 350.6  93.4  91.22778.2 371.3 560.5 957.9 314.5             285.7 489.3 323.2 134.71133.7 366.4 241.7 264.3  70.4  68.82094.2 279.9 422.6 722.1 237.1             134.6 230.4 152.2 116.2 533.9 172.6 113.9 124.5  26.6  26.0 986.1 131.9 199.0 340.0 111.7            1365.72339.61545.11178.7 643.71751.91155.31263.7 336.3 328.49999.81338.12020.43452.91133.4             431.6 739.3 488.2 372.5 203.51713.0 365.1 399.4 106.4 103.83164.3 422.9 638.41091.0 358.2             279.7 479.1 316.4 241.4 131.91110.1 358.8 258.8  69.0  67.32050.5 274.1 413.8 707.0 232.2             307.3 526.4 347.6 265.2 144.91219.6 394.2 260.0  75.8  74.02252.9 301.1 454.6 776.8 255.1              47.9  81.9  54.2  41.4  22.6 189.7  61.4  40.5  44.3   9.3 350.3  46.9  70.8 120.9  39.8              46.4  79.4  52.5  40.1  21.9 183.9  59.5  39.3  43.0   9.3 339.6  45.5  68.6 117.2  38.5            2535.14343.02868.02188.01194.79999.83252.02144.52345.7 624.2 609.52483.93750.56409.52103.9             326.2 558.8 369.1 281.6 153.81294.8 418.5 276.0 301.9  80.4  78.52391.8 482.6 824.7 270.8             499.9 856.4 565.6 431.5 235.71984.4 641.3 422.9 462.6 123.2 120.33665.6 489.81263.8 414.9             864.61481.1 978.1 746.2 407.53432.01109.0 731.4 800.0 213.0 207.96339.9 847.11279.0 717.5             274.1 469.5 310.1 236.6 129.31087.9 351.6 231.9 253.7  67.6  66.02009.6 268.6 405.5 692.9                                                                                                                                                                                                                                
0622590916 344.0 709.41559.0 382.2 221.4 878.22675.51014.6 502.0 273.5 666.2 225.5 961.4 157.3 286.5             328.4 243.3 534.7 131.1  76.0 301.2 917.5 348.0 172.2  93.9 228.5  77.4 329.8  54.0  98.3             703.1 252.61144.7 280.6 162.6 644.91964.6 745.0 368.7 200.9 489.2 165.6 706.0 115.6 210.4            1574.3 565.61166.3 628.3 364.01443.94399.21668.1 825.4 449.71095.4 370.71580.7 258.6 471.1             367.5 132.1 272.3 598.3  85.1 337.11026.8 389.4 192.7 105.1 255.7  86.6 369.0  60.5 110.0             182.1  65.5 134.9 296.4  72.7 167.0 508.6 192.9  95.5  52.1 126.7  43.0 182.8  24.0  54.6             876.2 314.8 649.21426.6 349.7 202.62448.3 928.4 459.4 250.3 609.7 206.4 879.8 144.0 262.2            2719.2 976.82014.64427.61085.1 628.62494.12881.31425.6 776.61892.0 640.22730.4 446.6 813.6            1016.0 365.0 752.71654.3 405.5 234.9 931.92839.1 532.7 290.2 706.9 239.31020.2 166.9 304.1             490.5 176.3 363.4 798.5 195.8 113.5 449.81370.4 519.7 140.2 341.3 115.6 492.5  80.6 146.8             230.7  82.9 170.9 375.5  92.1  53.4 211.6 644.3 244.4 121.0 160.5  54.4 231.6  30.4  69.1             658.8 236.7 488.11072.6 263.0 152.4 604.31840.9 698.1 345.5 188.2 155.2 661.5 108.3 197.2             185.9  66.9 137.7 302.6  74.3  43.1 170.5 519.2 196.9  97.5  53.2 129.4 186.6  24.5  55.7             961.5 345.5 712.41565.6 383.8 222.3 881.92686.81018.8 504.1 274.7 669.0 226.4 158.0 287.8              93.0  33.5  69.0 151.4  37.2  21.6  85.3 259.7  98.6  48.8  26.7  64.8  22.0  93.4  27.9             242.8  87.3 179.9 395.2  97.0  56.2 222.7 678.2 257.2 127.3  69.4 169.0  57.3 243.8  32.0                                                                                                                                                                                                                                
06225910161108.43008.2 659.31172.4 307.8 460.91106.32055.1 172.41206.0 413.9 857.01590.81074.9 301.9            1095.21806.3 395.9 704.0 184.9 276.8 664.31234.1 103.6 724.2 248.6 514.6 955.3 645.5 181.4            3029.91841.21095.21947.6 511.2 765.51837.83414.1 286.32003.4 687.51423.62642.81785.6 501.5             637.9 387.71052.1 410.1 107.7 161.3 387.0 718.8  60.4 421.8 144.8 299.8 556.4 376.0 105.7            1160.4 705.21913.9 419.5 195.9 293.3 703.91307.5 109.7 767.3 263.4 545.31012.1 683.9 192.1             240.1 145.9 395.9  86.9 154.4  60.8 145.7 270.5  18.3 158.8  54.6 112.9 209.4 141.5  31.9             393.2 239.0 648.4 142.2 252.8  75.9 238.5 443.0  29.8 260.0  89.3 184.8 343.0 231.8  52.2            1093.1 664.31802.8 395.2 702.7 184.5 276.21231.7 103.4 722.8 248.1 513.6 953.4 644.2 181.0            2059.41251.43396.6 744.41323.7 347.5 520.31249.1 194.61361.6 467.3 967.61796.21213.7 340.9              94.2  57.3 155.3  34.1  60.6  15.4  23.9  57.2 106.1  62.3  21.5  44.3  82.2  55.6  12.6            1194.6 726.01970.3 431.9 767.9 201.6 301.9 724.61346.0 112.9 271.1 561.31042.0 704.0 197.8             349.7 212.6 576.7 126.5 224.8  56.7  88.4 212.2 394.0  26.5 231.3 164.4 305.0 206.1  46.4             839.2 510.01384.1 303.4 539.5 141.7 212.1 509.1 945.6  79.4 554.9 190.5 732.0 494.6 139.0            1586.6 964.12616.7 573.51019.8 267.7 400.9 962.31787.7 150.01049.0 360.1 745.5 935.0 262.7            1061.1 644.91750.1 383.6 682.1 179.1 268.2 643.71195.7 100.3 701.6 240.9 498.6 925.5 175.7             190.2 115.6 313.6  68.8 122.3  30.9  48.1 115.4 214.3  14.5 125.8  43.3  89.4 165.9 112.1                                                                                                                                                                                                                                
0622591118  63.0 247.9 155.5 347.3 159.8 773.3 172.7  99.0  41.9 307.4 484.9 160.6 116.6  87.9 704.91086.2  36.6  61.5 194.2 121.9 272.1 125.2 605.8 135.4  77.6  32.8 240.8 379.9 125.8  91.4  68.9 552.3 851.0  28.7 291.4 233.8 577.71290.5 593.62874.0 641.7 367.6 193.91142.31802.0 596.5 433.1 326.42620.14037.4 169.5 180.0 144.4 568.8 797.0 366.61774.9 396.4 227.1 119.8 705.51112.9 368.4 267.5 201.61618.12493.3 104.7 411.2 330.01300.1 815.5 837.94057.1 905.9 518.9 273.71612.52543.8 842.0 611.3 460.73698.65699.4 239.2 185.1 148.6 585.1 367.1 819.91825.8 407.7 233.6 123.3 725.71144.8 379.0 275.2 207.41664.52564.9 107.7 925.0 742.32924.61834.44098.11884.92037.81167.2 615.73627.65722.81894.21375.21036.28320.89999.8 538.0 200.8 161.1 634.5 398.0 889.0 409.01979.9 253.3 133.7 787.01241.4 411.0 298.4 224.91805.02781.3 116.8 111.8  89.8 353.3 221.6 495.0 227.71102.2 246.2  74.5 438.2 691.1 228.8 166.2 125.21004.91548.4  65.1  38.3  30.8 120.9  75.9 169.3  77.9 376.9  84.3  48.3 149.9 236.4  78.3  56.9  42.9 343.6 529.4  17.9 363.2 291.41148.1 720.11608.7 740.03582.7 800.0 458.3 241.72246.4 743.6 539.9 406.83266.25033.0 211.3 577.2 463.21824.91144.72557.11176.25695.01271.5 728.4 384.22263.51181.9 858.1 646.65191.88000.4 335.8 186.1 149.3 588.1 368.9 824.0 379.11835.1 409.8 234.8 123.9 729.41150.7 276.6 208.41673.02578.0 108.3 133.1 106.8 420.5 263.8 589.1 271.01311.9 293.0 167.9  88.6 521.5 822.6 272.4 149.01196.01842.9  77.4  90.7  72.8 286.6 179.8 401.5 184.8 894.1 199.7 114.5  50.4 355.5 560.7 185.7 134.8 815.11256.0  44.0 842.6 676.22664.21671.13733.11717.18314.21856.31063.3 560.83304.55213.11725.51252.7 943.99999.8 490.11302.51045.24118.22583.15770.72654.29999.82869.41643.6 866.95108.18058.42667.21936.41459.09999.8 757.6  32.6  26.1 102.6  64.4 143.8  66.2 320.0  71.5  41.0  17.4 127.3 200.7  66.5  48.3  36.4 291.7 449.5        
0622591216 530.3  48.7 675.0  35.7  17.8 213.2 155.9 103.8  73.6  44.8 255.5 134.2 212.7 104.2  67.8             758.0 979.79999.8 748.5 445.24299.23143.62092.61482.4 901.75153.32705.44288.42099.31364.8              51.0 816.71039.6  55.0  27.3 328.3 240.1 159.9 113.3  69.0 393.5 206.6 327.5 160.4 104.3             966.49999.81249.1 954.3 567.65481.54008.22668.11890.01149.66570.63449.45467.72676.61740.1              36.1 577.5  53.0 735.1  19.4 232.2 169.8 113.1  80.1  48.8 278.3 146.1 231.6 113.4  73.8              15.4 245.6  22.6 312.6  16.6  98.8  72.3  48.2  34.1  20.8 118.4  62.2  98.5  48.3  31.5             301.34250.9 389.45411.2 297.5 177.01249.2 831.6 589.1 358.42047.81075.11704.1 834.3 542.4             218.83086.7 282.83929.2 216.1 128.61240.5 603.9 427.8 260.31487.0 780.71237.4 605.8 393.9             143.82027.8 185.82581.2 142.0  84.5 815.0 596.0 281.1 171.0 976.9 512.9 812.9 398.0 258.8             100.21412.9 129.51798.5  99.0  58.9 567.9 415.3 276.5 119.2 680.7 357.4 566.4 277.4 180.4              46.6 745.2  68.4 948.6  50.2  24.9 299.6 219.1 145.9 103.4 359.1 188.6 298.8 146.4  95.2             362.25111.5 468.26506.7 357.7 212.82054.21502.11000.0 708.4 430.91292.72049.11003.1 652.2             187.52645.1 242.33367.1 185.2 110.21063.1 777.4 517.5 366.6 223.01274.21060.4 519.2 337.5             300.54240.0 388.45397.4 296.8 176.51704.01246.0 829.5 587.6 357.52042.61072.3 832.1 541.0             144.32034.5 186.42589.8 142.5  84.8 817.7 597.9 398.1 282.0 171.6 980.1 514.6 815.6 259.7              91.81294.4 118.71647.7  90.7  54.0 520.3 380.5 253.3 179.5 109.2 623.6 327.4 519.0 254.1                                                                                                                                                                                                                                
0922690113 143.5 200.4  17.7  31.0  55.0  45.0  75.1 158.4 101.6 244.7 163.1 105.2                               181.9 912.5  99.9 176.1 249.9 204.5 341.7 721.3 462.41114.3 742.7 478.6                               256.3 920.5 140.7 248.2 352.2 288.2 481.51016.5 651.61570.31046.6 674.5                                14.7  54.7  76.4  11.9  21.0  17.2  28.7  60.4  38.8  93.3  62.2  40.1                                30.0 111.9 156.3  13.8  42.9  35.1  58.6 123.6  79.3 190.8 127.2  82.0                                57.3 214.1 299.0  26.3  46.3  67.1 112.0 236.4 151.6 365.1 243.4 156.9                                45.9 171.5 239.6  21.1  37.1  65.7  89.8 189.4 121.5 292.5 195.0 125.7                                92.5 332.1 463.9  50.8  89.6 127.1 104.0 366.7 235.1 566.4 377.6 243.3                               201.4 723.41010.6 110.6 195.1 276.8 226.5 378.4 512.11234.1 822.5 530.1                               127.1 456.5 637.7  69.8 123.1 174.7 143.0 238.8 504.1 778.7 519.0 334.5                               314.11128.51576.5 172.4 304.2 431.7 353.3 590.31246.2 798.91283.0 826.9                               207.5 745.41041.3 113.9 201.0 285.2 233.4 389.9 823.1 527.71271.6 546.2                               131.8 473.2 661.1  72.4 127.6 181.1 148.2 247.6 522.6 335.0 807.2 538.0                                                                                                                                                                                                                                                                                                                                                                                                                                                                                                                                                                    
0922690216 259.0 311.2 549.6 598.8 559.3 483.1 709.5 618.6 180.61022.7  86.61255.3 257.3 342.6 623.0             247.7 125.9 222.3 242.1 226.2 195.4 286.9 250.1  73.1 413.5  35.1 507.5 104.1 138.6 251.9             301.6 127.5 270.6 294.8 275.3 237.8 349.2 304.5  88.9 503.4  42.7 617.9 126.7 168.7 306.7             547.6 231.5 278.2 535.3 500.0 431.8 634.2 552.9 161.4 914.2  77.41122.2 230.0 306.3 556.9             598.4 253.0 304.0 536.9 546.3 471.8 693.0 604.2 176.4 998.9  84.61226.2 251.4 334.7 608.5             557.6 235.8 283.3 500.3 545.1 439.7 645.8 563.0 164.4 930.9  78.81142.6 234.2 311.9 567.0             478.9 202.5 243.3 429.7 468.1 437.3 554.6 483.6 141.2 799.5  67.7 981.4 201.2 267.9 487.0             712.6 301.2 361.9 639.3 696.5 650.6 561.9 719.5 210.01189.5 100.71460.2 299.3 398.5 724.6             618.7 261.6 314.3 555.1 604.8 564.9 487.9 716.6 182.41032.9  87.51267.9 259.9 346.1 629.2             122.8  52.0  62.4 110.2 120.0 112.1  96.9 142.2 124.0 204.9  14.0 251.5  51.6  68.7 124.9            1035.8 437.8 526.1 929.31012.4 945.6 816.71199.51045.8 305.3 146.32122.5 435.0 579.31053.3              45.5  19.3  23.2  40.8  44.5  41.5  35.9  52.7  45.9  11.4  75.9  93.1  19.2  25.5  46.3            1275.8 539.3 648.01144.71247.11164.81006.01477.61288.2 376.02130.0 180.2 535.8 713.51297.4             221.9  93.9 112.7 199.1 216.9 202.6 175.0 256.9 224.0  55.0 370.3  25.2 454.6 124.1 225.6             334.0 141.3 169.7 299.7 326.5 305.0 263.4 386.8 337.3  98.5 557.6  47.3 684.4 140.3 339.7             623.3 263.5 316.6 559.2 609.3 569.1 491.5 721.8 629.3 183.71040.5  88.11277.2 261.8 348.6                                                                                                                                                                                                                                
0922690316  98.3 710.4 660.7 101.9 417.4  97.8 108.5 520.51293.4 439.9 370.8 791.1 173.8 204.6 177.6              63.5 203.2 189.0  23.4 119.4  22.5  26.2 148.9 369.9 125.9 106.1 226.3  49.8  58.6  50.9             736.6 326.42194.8 338.11386.6 324.6 360.31729.14297.21461.11231.52628.1 577.3 679.4 589.8             684.2 303.22192.1 314.11287.9 301.5 334.71606.13991.51357.21143.92441.2 536.2 631.1 547.9              66.2  23.6 211.9 197.0 124.5  23.4  27.3 155.3 385.7 131.2 110.6 235.9  51.9  61.1  53.0             427.9 189.71370.91274.9 196.5 188.6 209.31004.42496.1 848.8 715.41526.6 335.4 394.7 342.7              63.1  22.4 201.8 187.7  23.3 118.6  26.0 147.9 367.4 125.0 105.4 224.7  49.5  58.2  50.5              75.5  26.8 241.5 224.6  27.8 142.0  26.7 177.0 439.7 149.6 126.1 269.0  59.2  69.6  60.5             536.5 237.81718.91598.6 246.31009.9 236.4 262.43129.81064.2 897.01914.2 420.5 494.9 429.6            1350.8 598.64328.44025.4 620.12543.0 595.2 660.73171.22679.82258.74820.21058.71246.11081.7             451.5 200.11446.71345.4 207.3 850.0 199.0 220.91059.92634.1 755.01611.0 353.9 416.5 361.6             378.7 167.91213.31128.4 173.9 712.9 166.9 185.3 889.02209.3 751.31351.2 296.9 349.4 303.3             821.6 364.12632.42448.2 377.21546.6 362.0 401.91928.74793.31629.81373.7 643.9 757.9 657.9             171.3  76.0 548.6 510.2  78.7 322.3  75.5  83.8 401.9 998.7 339.7 286.3 610.9 158.0 137.2             203.7  90.3 652.3 606.7  93.6 383.3  89.8  99.7 478.01187.8 403.9 340.5 726.5 159.7 163.1             175.2  77.7 561.3 522.0  80.5 329.8  77.3  85.8 411.21021.9 347.5 292.9 625.0 137.4 161.7                                                                                                                                                                                                                                
092269049  151.4  32.3  91.6 259.3 128.7  82.7 167.7 341.7                                                       150.8  30.4  86.1 243.7 121.0  77.7 157.6 321.1                                                        14.9  14.0   8.5  24.0  12.0   6.2  15.5  31.5                                                        78.4  74.0  12.7 126.7  62.9  32.4  82.0 167.0                                                       265.6 250.6  53.4 151.7 213.1 136.8 277.5 565.7                                                       126.7 119.5  25.5  72.4 204.8  65.3 132.4 269.8                                                        53.8  50.8   8.8  30.8  86.9  43.2  56.2 114.5                                                       168.1 158.6  33.9  96.0 271.7 134.9  86.6 358.1                                                       353.2 333.2  71.0 201.7 571.0 283.3 181.9 369.1                                                                                                                                                                                                                                                                                                                                                                                                                                                                                                                                                                                                                                                                                                                                                                                                                                                                                                                                                                                                                    
09226905181047.1 258.93045.3 459.9 587.41529.41070.7 263.01136.7 631.6 265.51121.31545.4 369.7 257.1 437.31610.81041.6 207.82443.7 369.1 471.31227.2 859.2 211.0 912.2 506.9 213.1 899.81240.1 296.7 206.3 351.01292.6 197.8 159.6 463.9  70.2  89.6 233.0 163.2  35.4 173.2  96.3  33.3 170.9 235.5  56.4  38.5  66.7 245.43083.42487.3 614.91092.41395.23633.12543.4 624.52700.31500.4 630.52663.63671.3 878.0 610.61038.83826.7 441.6 356.3  88.21036.0 199.9 520.3 364.3  89.5 386.8 215.0  90.4 381.5 525.8 125.8  87.5 148.9 548.0 571.9 461.3 114.11341.6 202.7 673.8 471.7 115.9 500.8 278.3 117.0 494.0 680.9 162.9 113.3 192.7 709.71534.41237.8 306.03600.0 543.6 694.31265.7 310.81343.8 746.7 313.81325.51826.9 437.0 303.9 517.01904.31065.7 859.7 212.62500.4 377.6 482.31255.7 215.9 933.3 518.6 218.0 920.61268.9 303.5 211.1 359.11322.6 186.7 150.6  35.1 437.8  66.2  84.5 219.9 154.0 163.5  90.9  31.4 161.3 222.3  53.3  36.3  63.0 231.71133.2 914.1 226.02658.7 401.5 512.81335.2 934.8 229.6 551.5 231.8 978.91349.2 322.8 224.5 381.81406.3 617.1 497.8 123.21447.8 218.7 279.3 727.1 509.1 125.1 540.5 126.3 533.1 734.8 175.8 122.3 208.0 765.8 174.0 140.4  32.7 408.0  61.7  78.8 205.0 143.5  31.1 152.4  84.7 150.3 207.1  49.6  33.9  58.7 215.91117.4 901.4 222.92621.6 395.9 505.71316.6 921.7 226.4 978.6 543.8 228.61330.4 318.3 221.4 376.51386.71550.81251.0 309.33638.6 549.5 701.81827.31279.3 314.21358.1 754.7 317.21339.7 441.7 307.2 522.51924.6 315.1 254.2  59.2 739.1 111.7 142.6 371.3 259.9  56.3 276.0 153.4  52.9 272.2 375.2  61.3 106.2 391.0 205.8 166.0  38.7 482.6  73.0  93.2 242.4 169.8  36.8 180.2 100.2  34.6 177.8 245.0  58.7  69.4 255.3 418.6 337.7  83.6 981.9 148.4 189.5 493.2 345.3  84.9 366.6 203.7  85.7 361.6 498.3 119.3  83.0 519.41617.71304.9 322.63795.4 573.1 732.01906.01334.4 327.71416.7 787.2 330.91397.41926.1 460.7 320.4 545.0        
0922690611 368.51089.5 356.2 755.3 343.0 106.9 190.2 264.5 720.2 723.6                                           351.0 345.5 113.0 239.6 108.8  34.0  60.4  84.0 228.4 229.5                                          1089.1 362.6 350.5 743.2 337.5 105.2 187.2 260.3 708.6 712.0                                           312.0 103.9 307.1 212.9  96.7  25.2  44.8  74.6 203.0 204.0                                           747.0 248.7 735.3 240.4 231.5  72.2 128.4 178.6 486.1 488.4                                           293.0  97.6 288.4  94.4 200.0  22.7  40.4  70.1 190.7 191.6                                            53.5  17.9  52.7  17.3  36.6  16.7   7.5  12.9  34.9  35.0                                           115.5  38.5 113.7  37.2  78.8  35.9   9.0  27.7  75.2  75.5                                           220.0  73.3 216.6  70.9 150.2  68.2  17.1  30.3 143.2 143.9                                           711.0 236.7 699.9 228.9 485.2 220.3  68.7 122.2 170.0 464.9                                           714.6 237.9 703.4 230.0 487.6 221.4  69.1 122.8 170.8 464.9                                                                                                                                                                                                                                                                                                                                                                                                                                                                                                                                                                                                                                                                                                                                                                                            
0922690716 189.1  69.9  80.7 529.4 129.4 516.3 477.6 363.8 247.0 191.7 466.3  65.7 565.0 223.7 136.2             192.3  94.3 109.0 715.1 174.8 697.4 645.2 491.3 333.6 258.9 629.8  88.7 763.1 302.1 183.9              44.7  59.3  20.3 166.0  40.6 161.8 149.7 114.1  77.5  60.2 146.2  16.6 177.1  70.2  42.8              53.1  70.5  20.9 197.3  48.3 192.4 178.0 135.6  92.1  71.5 173.8  19.7 210.6  83.4  50.8             555.5 738.0 272.4 314.8 505.02015.61864.61420.0 964.0 748.11820.3 256.22205.7 873.0 531.4             128.6 170.8  63.1  72.9 478.1 466.2 431.3 328.5 223.0 173.1 421.1  59.4 510.2 202.0 123.0             541.5 719.4 265.6 306.92014.7 492.31817.61384.2 939.7 729.21774.4 249.82150.0 851.0 518.0             500.2 664.6 245.3 283.51861.1 454.81815.01278.7 868.0 673.61639.2 230.71986.2 786.1 478.6             378.7 503.1 185.7 214.61408.8 344.31373.91271.0 657.1 509.91240.8 174.71503.4 595.1 362.3             254.0 337.5 124.6 144.0 945.0 230.9 921.5 852.5 649.2 342.1 832.3 117.21008.4 399.2 243.0             195.0 259.1  95.7 110.6 725.3 177.3 707.4 654.4 498.4 338.4 638.9  90.0 774.1 306.4 186.6             488.1 648.5 239.4 276.61816.1 443.81771.11638.41247.7 847.0 657.3 225.21938.1 767.1 467.0              41.5  55.1  16.4  18.9 154.0  37.7 150.2 138.9 105.8  71.9  55.8 135.6 164.3  65.1  39.7             593.4 788.4 291.0 336.32208.1 539.52153.31992.01517.01029.8 799.21944.7 273.7 932.6 567.7             229.1 304.4 112.4 129.9 852.4 208.3 831.3 769.0 585.6 397.6 308.6 750.7 105.7 909.6 219.2             135.8 180.4  66.7  77.0 505.0 123.5 492.4 455.6 347.0 235.6 182.8 444.8  62.7 538.9 213.3                                                                                                                                                                                                                                
0922690811 201.8 144.2 221.0  51.9  63.5 390.3 194.2 330.2  83.7 418.3                                           203.4 166.9 255.7  60.0  73.5 451.6 224.7 382.1  96.8 484.0                                           142.3 163.4 178.9  42.0  51.4 315.9 157.2 267.3  67.8 338.6                                           223.7 256.8 183.5  66.0  80.8 496.6 247.1 420.2 106.5 532.2                                            29.4  33.8  24.2  37.0   8.6  65.2  32.5  55.2  11.3  69.9                                            38.4  44.1  31.5  48.2   9.2  85.1  42.4  72.0  14.7  91.2                                           403.2 463.0 330.8 506.8 118.9 145.5 445.4 757.5 191.9 959.6                                           195.3 224.2 160.2 245.4  57.6  70.5 433.5 366.8  93.0 464.6                                           339.5 389.8 278.5 426.7 100.1 122.6 753.9 375.0 161.6 807.9                                            54.0  62.0  44.3  67.8  12.8  15.7 119.7  59.6 101.3 128.3                                           432.9 497.0 355.1 544.1 127.6 156.2 961.3 478.2 813.2 206.0                                                                                                                                                                                                                                                                                                                                                                                                                                                                                                                                                                                                                                                                                                                                                                                            
0922690916 835.1 362.43316.52562.9 263.4 431.7 386.5 327.01323.22039.9 254.41119.0 751.81688.4 218.0             823.5 215.31969.51522.0 156.5 256.4 229.6 194.2 785.81211.5 151.1 664.6 446.51002.7 129.5             307.2 185.1 734.6 567.7  46.8  95.7  85.7  72.5 293.2 451.9  45.2 247.9 166.6 374.1  38.7            3357.22021.9 877.46205.3 637.51045.2 935.5 791.63203.64939.1 615.72709.31820.34088.0 527.6            2587.71558.4 676.36189.4 491.4 805.6 721.1 610.12469.33806.9 474.62088.31403.03151.0 406.7             166.4 100.3  43.6 397.8 307.4  51.9  46.5  39.3 158.8 244.7  24.5 134.3  90.3 202.6  21.0             411.6 247.9 107.7 984.3 760.7  78.3 114.8  97.1 392.8 605.5  75.6 332.2 223.2 501.2  64.8             365.4 220.1  95.6 873.8 675.2  69.5 113.8  86.2 348.7 537.5  67.1 294.9 198.2 444.9  57.5             274.3 165.3  71.8 655.9 506.9  41.8  85.5  76.5 261.8 403.5  40.4 221.4 148.8 334.0  34.6            1321.8 796.1 345.53161.62443.1 251.1 411.6 368.4 311.71944.6 242.51066.7 716.71609.5 207.8            2053.71236.9 536.84912.23795.9 390.0 639.4 572.3 484.31959.7 376.71657.41113.52500.7 322.8             159.7  96.2  41.8 381.8 295.1  24.4  49.8  44.6  37.8 152.4 234.9 128.9  86.7 194.4  20.2            1113.4 670.6 291.02663.02057.9 211.5 346.7 310.3 262.61062.41638.0 204.3 603.71355.7 175.0             738.5 444.8 193.11766.21364.8 140.3 230.0 205.9 174.2 704.71086.4 135.5 596.0 899.2 116.1            1694.81020.7 443.04053.73132.5 321.9 527.7 472.3 399.61617.22493.3 310.91367.7 918.9 266.4             132.7  80.0  34.8 317.1 245.1  20.3  41.4  37.1  31.4 126.6 195.1  19.6 107.1  72.0 161.5                                                                                                                                                                                                                                
0922691014  89.7 156.7 275.7 198.4 291.5 325.7  49.6 267.6 420.2  26.9 220.8 143.3 232.4                          84.8 127.2 223.6 161.0 236.4 264.2  37.1 217.0 340.9  20.1 179.1 116.2 188.5                         170.8 146.6 450.7 324.4 476.6 532.5  93.2 437.5 687.2  50.5 361.0 234.3 379.9                         306.8 263.3 460.4 582.9 856.4 956.9 167.3 786.11234.8  90.7 648.6 420.8 682.7                         218.4 187.5 327.8 576.6 609.7 681.2 119.2 559.6 879.1  64.6 461.8 299.6 486.0                         324.9 278.9 487.6 857.6 617.31013.3 177.2 832.41307.6  96.0 686.9 445.7 722.9                         364.0 312.4 546.3 960.9 691.61016.1 198.5 932.71465.2 107.5 769.6 499.3 810.0                          39.0  33.5  58.4 102.7  73.9 108.6 121.3  99.7 156.5   9.3  82.3  53.4  86.6                         297.5 255.4 446.5 785.4 565.3 830.5 928.0 162.31197.5  87.9 629.0 408.1 662.0                         472.1 405.3 708.61246.6 897.11318.11472.8 257.51209.9 139.5 998.3 647.71050.7                          17.3  14.8  25.9  45.4  32.7  48.0  53.6   7.6  44.0  69.1  36.4  23.6  38.3                         244.0 209.5 366.2 644.1 463.6 681.1 761.0 133.1 625.2 982.1  72.1 334.7 542.9                         155.4 133.4 233.2 410.1 295.2 433.6 484.5  84.8 398.0 625.2  46.0 328.4 345.7                         257.3 220.8 386.1 679.1 488.8 718.1 802.4 140.3 659.21035.4  76.0 543.9 352.9                                                                                                                                                                                                                                                                                                                                                                                                                                                        
0922691113 121.8  20.5  32.0 195.6 275.6  76.7 166.3  58.0  66.5 176.6  37.0 178.5                               149.8  93.2 145.8 715.41008.1 280.2 608.1 211.9 243.1 645.9 153.3 652.9                                17.8  53.7  14.1  86.1 121.3  33.8  73.2  25.6  29.4  77.8  16.3  78.6                                30.8  93.3  15.7 149.8 211.0  58.7 127.4  44.4  51.0 135.3  28.3 136.7                               244.0 725.5 151.8 237.31642.2 456.3 990.5 345.1 396.01052.2 249.61063.6                               346.11029.2 215.2 336.71653.1 647.31405.2 489.5 561.71492.6 354.01508.8                                92.2 274.0  57.4  89.7 440.0 620.0 374.0 130.4 149.6 397.3  94.3 401.6                               206.6 614.2 128.5 200.9 986.51390.2 386.3 292.2 335.3 890.7 211.3 900.4                                60.4 183.2  30.7  48.0 294.1 414.4 115.2 250.0 100.0 265.6  55.5 268.5                                79.3 235.6  49.4  77.1 378.3 533.0 148.2 321.6 112.1 341.6  81.1 345.3                               219.8 653.5 136.7 213.81049.61479.1 411.0 892.2 310.8 356.7 224.8 958.0                                36.5 110.5  18.6  29.0 177.4 250.0  69.6 150.8  52.6  60.4 160.2 162.0                               222.2 660.7 138.2 216.21061.21495.5 415.6 902.1 314.3 360.6 958.2 227.3                                                                                                                                                                                                                                                                                                                                                                                                                                                                                                                                                                    
0922691216  29.1  73.0  65.5 163.9 296.1  25.0 180.8 447.2 109.7  76.9 121.8 267.1 126.4 204.2 119.6              26.8  41.4  37.2  92.9 167.7  14.2 102.4 253.2  62.2  43.6  69.0 151.3  71.7 115.7  67.8              84.4  64.9 117.0 293.0 529.4  55.8 323.3 799.5 196.1 137.5 217.7 477.5 226.0 365.0 213.7              67.8  41.7 104.7 235.4 425.2  35.9 259.7 642.2 157.5 110.4 174.9 383.6 181.5 293.2 171.7             197.0 151.4 304.5 273.31237.0 130.1 755.31868.3 458.0 321.1 508.51115.8 528.0 852.8 499.3             360.8 277.3 557.5 500.51253.7 238.21383.23421.8 838.8 587.9 931.22043.6 966.91561.8 914.3              22.2  13.7  34.3  30.8  76.9 138.9  84.8 209.7  51.5  36.1  57.2 125.3  59.3  95.8  56.1             218.0 167.6 336.9 302.4 757.41368.7 144.02067.1 506.8 355.2 562.61234.6 584.1 943.6 552.4             547.9 421.0 846.7 760.11904.03440.8 361.72100.71273.9 892.91414.23103.61468.42372.01388.6             129.9  99.9 200.7 180.2 451.2 815.3  85.8 497.81231.4 211.7 335.2 735.4 348.0 562.1 329.1              89.3  68.7 138.0 123.9 310.1 560.3  59.0 342.1 846.2 207.5 230.4 505.4 239.2 386.3 226.2             144.9 111.4 223.8 200.9 503.2 909.3  95.7 555.21373.2 336.7 236.0 820.2 388.1 626.9 367.0             324.9 249.7 502.0 450.71128.82039.9 214.51245.43081.0 755.3 529.4 838.5 870.61406.3 823.3             150.6 115.8 232.7 208.9 523.2 945.5  99.5 577.31428.0 350.1 245.4 388.7 852.9 651.8 381.6             246.9 189.8 381.5 342.5 857.91550.3 163.1 946.52341.4 574.0 402.3 637.21398.4 661.6 625.7             142.1 109.3 219.6 197.2 493.7 892.1  93.9 544.71347.3 330.3 231.6 366.7 804.7 380.8 615.0                                                                                                                                                                                                                                
