0323350116  48.0  37.7 195.9 281.1 388.3  25.6  90.8 124.9  64.3 215.4 795.0  71.0 795.0 175.3 172.0              47.5  34.3 177.9 255.3 352.7  23.2  82.4 113.4  58.4 195.6 722.0  64.5 722.0 159.2 156.2              36.0  33.0 134.5 193.0 266.6  17.6  62.3  85.8  44.2 147.9 545.8  48.8 545.8 120.4 118.1             235.0 215.7 211.51264.41746.9 143.1 407.9 561.4 288.9 968.63576.7 318.83576.7 788.3 773.4             339.9 312.0 305.91274.62527.0 206.9 590.0 812.0 417.81401.15173.9 461.15173.91140.21118.8             471.9 433.2 424.71769.92539.8 287.3 819.21127.5 580.11945.67184.7 640.37184.71583.31553.5              22.4  20.5  16.1  83.5 119.7 165.4  38.7  53.2  27.5  91.8 338.5  30.3 338.5  74.7  73.3             105.5  96.8  94.9 395.3 567.3 783.7  64.3 251.9 129.7 434.61604.5 143.11604.5 353.7 347.0             147.5 135.4 132.7 552.9 793.31096.1  89.8 256.0 181.3 607.82244.1 200.12244.1 494.6 485.3              65.7  60.4  47.4 246.2 353.3 488.0  32.1 114.0 156.9 270.6 999.1  89.2 999.1 220.3 216.1             258.9 237.7 233.0 970.91393.31924.9 157.6 449.5 618.6 318.33941.2 351.33941.2 868.6 852.2             972.6 892.8 875.23648.25235.27233.2 592.01688.62324.11195.74010.41319.89999.83263.63202.2              76.4  70.1  59.8 286.1 410.5 567.1  40.5 132.5 182.3  93.8 314.51160.91160.9 255.9 251.1             972.6 892.8 875.23648.25235.27233.2 592.01688.62324.11195.74010.49999.81319.83263.63202.2             209.6 192.4 188.6 785.81127.61557.9 127.6 363.8 500.6 257.6 863.83189.7 284.33189.7 689.7             205.5 188.7 185.0 770.61105.71527.7 125.1 356.7 490.9 252.6 847.13127.8 278.83127.8 689.4                                                                                                                                                                                                                                
0323350215 300.0  39.4 199.7 544.4 277.2 195.1  60.41215.6 383.5 181.1  37.8 246.2 107.4 811.7                   334.6 144.7 639.41743.8 887.8 624.8 222.33893.81228.2 579.9 138.8 788.3 343.92600.0                    29.2  83.6  55.7 151.6  77.2  54.4  15.6 338.4 106.8  50.5   9.8  68.6  30.0 226.0                   219.9 631.2  95.11145.7 583.3 410.5 146.12558.2 807.0 381.1  91.2 517.9 226.01708.3                   614.11763.6 265.61173.71629.81146.9 408.07148.52254.81064.6 254.61447.1 631.24773.3                   308.5 885.9 133.5 589.61608.0 576.2 205.03590.71132.6 534.8 128.0 726.9 317.12397.7                   214.7 616.3  92.9 410.21118.5 569.5 142.62497.6 787.8 372.0  89.0 505.7 220.61667.8                    49.3 141.4  17.2  94.2 256.6 130.7  92.0 572.8 180.8  85.4  16.4 116.1  50.7 382.5                  1381.73968.3 597.52640.97203.13667.02580.6 917.85073.42395.3 572.73256.01420.29999.8                   430.11235.0 186.0 821.92241.71141.3 803.2 285.75005.7 745.5 178.31013.3 442.03342.5                   198.6 570.3  86.0 379.51035.0 527.0 370.9 132.02311.1 729.0  82.4 467.9 204.21543.3                    27.6  79.1   9.7  52.7 143.5  73.1  51.5  14.8 320.3 101.1  47.8  64.9  28.4 213.9                   273.0 783.9 118.1 521.71422.8 724.4 509.8 181.43177.21002.2 473.2 113.2 280.62121.5                   114.4 328.2  49.5 218.5 595.7 303.3 213.5  76.01330.0 419.6 198.2  47.5 269.3 888.1                   919.82641.7 397.81758.04795.12441.11717.9 611.09999.83377.31594.5 381.32167.5 945.4                                                                                                                                                                                                                                                                                                                                            
0323350315 408.8  76.3 873.5  63.01434.5 234.6 164.2 635.3  91.1 887.0 374.8 278.8 220.9  60.7                   426.1 221.32535.6 182.54164.2 680.9 476.51844.1 264.12574.71087.8 809.0 641.1 175.9                    49.5 137.6 293.9  17.0 482.6  79.0  55.3 213.8  30.7 298.5 126.2  93.9  74.4  16.4                   921.62566.4 478.6 394.69007.91472.71030.73989.1 571.25569.52353.11749.91386.7 380.3                    39.1 108.7  16.3 232.2 381.3  62.4  43.7 168.9  24.3 235.8  99.7  74.2  58.8  13.0                  1519.84232.1 789.29045.1 650.62428.61699.76578.3 941.99184.73880.42885.62286.7 627.1                   240.4 669.3 124.91430.4 103.02349.1 268.91040.3 149.11452.5 613.7 456.4 361.7  99.3                   165.4 460.4  85.9 983.7  70.91615.5 264.2 715.5 102.6 998.9 422.1 313.9 248.8  68.3                   667.71859.1 346.73973.3 285.96525.41066.9 746.7 413.84034.61704.61267.61004.5 275.5                    78.6 218.5  32.7 466.9  27.0 766.8 125.5  87.9 339.6 474.1 200.4 149.1 118.1  26.0                   936.02606.4 486.05570.4 400.89148.41495.71046.84051.3 580.12389.81777.21408.3 386.2                   389.91085.6 202.52320.0 167.03810.2 623.0 436.01687.3 241.72355.8 740.2 586.6 160.9                   287.5 800.4 149.31710.5 123.12809.1 459.3 321.51244.0 178.21736.9 733.9 432.5 118.7                   225.8 628.6 117.31343.4  96.72206.3 360.8 252.5 977.1 140.01364.2 576.4 428.7  93.3                    37.4 103.8  15.6 221.7  12.9 364.0  59.6  41.8 161.3  23.2 225.1  95.2  70.8  56.1                                                                                                                                                                                                                                                                                                                                            
03233504141397.7 169.3 119.6 805.01157.3 100.7 393.4 272.7 196.0 576.21011.71099.7 327.7                        1426.8 447.0 315.62125.93056.3 265.71038.8 719.9 517.41521.72671.72904.2 865.3                         112.2 290.0  20.0 167.1 240.1  16.8  81.7  56.7  40.8 119.6 209.9 228.2  68.1                          71.6 185.0  18.5 106.6 153.2  10.8  52.2  36.2  26.0  76.3 133.9 145.6  43.5                         814.02105.8 255.0 180.11743.6 151.7 592.7 410.7 295.2 868.11524.21656.9 493.7                        1178.33048.2 369.1 260.61755.6 219.5 857.9 594.5 427.31256.62206.42398.4 714.6                          57.4 148.3  14.8  10.3  85.5 122.8  41.8  29.0  20.9  61.2 107.4 116.7  34.9                         388.41004.7 121.7  86.0 578.7 831.9  72.4 196.0 140.9 414.2 727.3 790.5 235.6                         263.6 681.7  82.6  58.4 392.6 564.4  49.2 191.9  95.7 281.1 493.4 536.4 159.9                         165.9 428.9  42.7  29.5 247.1 355.2  24.8 120.8  83.8 176.9 310.5 337.5 100.6                         577.51493.7 180.9 127.8 860.41236.9 107.6 420.5 291.4 209.51081.21175.3 350.2                        1027.72658.6 322.0 227.31531.32201.4 191.4 748.3 518.6 372.71096.02091.9 623.3                        1118.82894.1 350.5 247.41666.92396.4 208.4 814.6 564.5 405.71193.12094.9 678.5                         320.5 828.9 100.5  71.0 477.4 686.4  59.8 233.4 161.7 116.3 341.8 600.0 652.2                                                                                                                                                                                                                                                                                                                                                                                                                                                        
0323350514  63.6  88.3 254.7  55.8  60.5  20.4  25.3 205.3  79.9  75.5 195.5 186.3 117.5                          83.6 193.7 559.0 122.4 132.7  55.6  69.1 450.4 175.1 165.6 429.0 408.8 257.9                         118.3 197.4 791.5 173.2 187.8  78.7  97.7 637.8 248.0 234.4 607.5 578.8 365.1                         352.1 587.5 816.3 515.6 559.0 234.2 290.81899.2 738.1 697.81808.81723.61087.1                          59.0 109.3 151.9 438.3 104.0  34.9  43.4 353.2 137.3 129.8 336.4 320.5 202.2                          79.3 132.2 183.7 530.0 116.0  52.8  65.5 427.1 166.1 157.0 406.8 387.6 244.5                          18.3  33.8  46.9 135.1  29.7  32.1  13.5 108.9  42.4  40.1 103.7  98.8  62.4                          23.9  44.2  61.4 176.9  38.8  42.1  14.2 142.6  55.5  52.5 135.8 129.4  81.7                         282.6 471.6 655.31891.8 413.9 448.7 188.0 233.4 592.5 560.21452.01383.5 872.6                         106.4 177.6 246.7 712.0 155.8 169.0  70.8  87.9 573.8 210.9 546.5 520.7 328.5                         100.3 167.4 232.5 671.1 146.9 159.3  66.8  82.9 540.8 210.2 515.1 490.8 309.6                         268.9 448.7 623.51800.0 393.8 427.0 178.9 222.11450.5 563.8 533.01316.4 830.3                         256.0 427.1 593.51713.3 374.8 406.4 170.3 211.41380.7 536.6 507.31315.0 790.3                         159.4 265.9 369.51066.6 233.4 253.0 106.0 131.7 859.5 334.1 315.9 818.6 780.0                                                                                                                                                                                                                                                                                                                                                                                                                                                        
0323350615  50.5  88.6  94.1  70.0  35.4  89.3 117.5 124.1  37.8  18.2  14.3 119.1 107.9 162.6                    80.5 353.6 375.3 279.3 141.1 356.0 468.8 495.0 150.5  90.4  70.8 475.0 430.6 648.8                   144.7 362.2 675.2 502.3 253.8 640.5 843.4 890.5 270.7 162.5 127.3 854.6 774.61167.3                   153.8 385.1 676.4 534.2 269.9 681.1 896.8 946.9 287.8 172.7 135.4 908.8 823.71241.2                   113.3 283.6 498.2 528.8 198.8 501.6 660.5 697.4 212.0 127.3  99.7 669.3 606.6 914.1                    39.8 124.2 218.1 231.5 172.3 219.6 289.1 305.3  92.9  44.6  35.0 293.0 265.6 400.2                   145.7 364.8 640.6 680.0 505.9 255.7 849.4 896.9 272.6 163.6 128.2 860.7 780.11175.6                   193.3 483.8 849.8 902.1 671.2 339.1 855.81189.8 361.6 217.0 170.11141.81034.91559.6                   204.3 511.5 898.5 953.7 709.5 358.5 904.71191.3 382.3 229.4 179.81207.21094.11648.8                    59.0 147.6 259.3 275.2 204.8 103.5 261.1 343.7 362.9  66.3  52.0 348.3 315.7 475.7                    18.7  58.1 102.0 108.2  80.6  40.8 102.7 135.2 142.7  43.5  16.4 137.0 124.2 187.1                    13.9  43.1  75.6  80.3  59.8  30.3  76.2 100.2 105.8  32.3  15.6 101.6  92.1 138.7                   195.9 490.5 861.4 914.4 680.3 343.8 867.41142.21206.0 366.6 220.0 172.41049.01580.9                   177.1 443.5 778.9 826.8 615.1 310.8 784.31032.71090.5 331.5 198.9 155.91046.51429.4                   269.2 674.01183.91256.6 934.9 472.41192.11569.71657.5 503.7 302.3 236.91590.71441.7                                                                                                                                                                                                                                                                                                                                            
0323350716 120.3 439.5 361.3 437.9  44.5 331.4  73.2 270.5 343.8 174.2  94.7 144.6  72.7 224.1 355.0             121.5 512.0 420.9 510.1  51.8 386.1  85.3 315.2 400.6 202.9 110.3 168.5  84.7 261.1 413.6             466.0 537.31614.71957.1 198.51481.3 326.81208.91536.7 778.1 422.9 646.2 324.61001.51586.8             381.6 440.01608.61602.7 162.61213.0 267.6 990.01258.4 637.2 346.3 529.2 265.8 820.11299.4             464.2 535.31957.01608.7 197.81475.8 325.61204.41530.9 775.2 421.3 643.7 323.4 997.71580.8              26.7  30.8 112.2  92.3 111.8  84.7  15.4  69.1  87.8  44.5  24.3  37.0  18.7  57.3  90.7             349.4 402.81472.81210.71467.4 148.9 245.1 906.41152.2 583.4 317.1 484.5 243.4 750.91189.7              50.7  58.4 213.2 175.3 212.4  17.4 160.8 131.3 166.8  84.5  46.0  70.2  35.3 108.8 172.3             283.7 327.01195.6 982.81191.2 120.9 901.6 199.0 935.3 473.7 257.4 393.3 197.6 609.6 965.8             362.8 418.31529.11257.01523.5 154.61153.1 254.4 941.1 605.8 329.2 503.0 252.7 779.61235.2             179.7 207.2 757.2 622.4 754.4  76.6 571.0 126.0 466.0 592.4 163.1 249.1 125.2 386.1 611.7              84.7  97.6 356.5 293.1 355.2  28.9 268.9  48.7 219.4 278.9 141.3 117.3  59.0 181.8 288.0             147.8 170.4 622.8 512.0 620.6  63.0 469.7 103.7 383.4 487.3 246.8 134.2 103.0 317.6 503.1              63.1  72.7 265.5 218.3 264.6  21.6 200.3  36.3 163.5 207.8 105.3  57.3  87.4 135.4 214.5             233.6 269.3 984.4 809.3 980.8  99.6 742.4 163.8 605.9 770.2 390.0 212.0 323.9 162.7 795.2             374.9 432.21580.11298.91574.3 159.71191.6 262.9 972.51236.1 626.0 340.2 519.8 261.1 805.6                                                                                                                                                                                                                                
0323350816 131.5 674.2 215.41037.4 522.3 877.2 207.51498.4 609.2 309.7 260.6 275.72102.0 492.4 954.1              75.5  60.9  19.5  93.7  47.2  79.2  18.8 135.2  55.1  28.1  23.6  25.0 189.6  44.5  86.1             669.8 105.4 172.5 831.0 418.4 702.7 166.21200.3 488.0 248.1 208.8 220.91683.8 394.5 764.3             178.4  22.5 143.8 221.3 111.5 187.1  44.3 319.6 130.0  66.1  55.7  58.9 448.2 105.1 203.5            1042.9 164.0 840.9 268.6 651.41094.0 258.81868.8 759.8 386.3 325.0 343.92621.7 614.11190.0             513.7  80.8 414.2 132.4 637.3 538.9 127.5 920.6 374.3 190.3 160.1 169.51291.4 302.6 586.2             878.3 138.1 708.2 226.21089.7 548.6 218.01573.9 639.9 325.4 273.7 289.62208.0 517.21002.2             171.0  21.6 137.9  44.1 212.1 106.9 179.4 306.4 124.6  63.4  53.4  56.5 429.7 100.8 195.1            1516.5 238.41222.7 390.51881.4 947.21590.9 376.21104.8 561.7 472.5 500.03812.3 893.01730.3             603.0  94.9 486.2 155.4 748.1 376.7 632.6 149.71080.6 223.4 187.9 198.91515.8 355.1 688.0             275.2  36.9 221.9  70.9 341.4 171.9 288.7  68.4 493.0 200.5  85.8  90.8 691.6 162.1 314.0             220.6  27.9 177.9  56.9 273.6 137.8 231.4  54.8 395.2 160.7  81.8  72.8 554.3 129.9 251.7             234.7  29.6 189.3  60.5 291.2 146.7 246.3  58.3 420.6 171.0  87.0  73.2 590.0 138.3 267.8            2136.5 335.81722.6 550.22650.71334.42241.3 530.03828.71556.5 791.3 665.6 704.41258.12437.8             483.1  76.0 389.5 124.5 599.3 301.7 506.8 119.9 865.6 351.9 179.0 150.6 159.31214.2 551.2             957.3 150.6 771.9 246.61187.7 597.91004.3 237.51715.5 697.4 354.6 298.3 315.72406.6 563.7                                                                                                                                                                                                                                
0323350916 198.3  12.1  45.6 112.7  56.3  27.9 122.0  19.2 172.4 127.1  37.3  28.5  34.4 119.9  67.2             350.7 435.21326.73279.81636.3 809.33552.9 556.55021.73700.51081.9 825.4 999.53490.41954.5              12.8 260.4  59.9 147.9  73.9  36.6 160.2  25.2 226.4 166.9  48.9  37.3  45.2 157.4  88.2              77.91281.0  96.6 727.3 362.9 179.6 787.9 123.51113.5 820.6 240.0 183.1 221.7 774.0 433.5             197.63254.2 245.2 747.4 921.8 455.92001.4 313.52828.82084.6 609.5 465.0 563.11966.21101.0              96.81593.7 120.2 366.1 904.9 223.4 980.2 153.61385.41020.9 298.6 227.8 275.8 963.0 539.3              33.3 683.9  41.3 157.2 388.4 193.8 420.7  66.0 594.5 438.2 128.2  97.8 118.4 413.3 231.5             214.33530.0 266.0 810.72004.2 999.9 494.6 340.13068.62261.3 661.2 504.4 610.82132.91194.3              22.1 451.8  27.3 103.8 256.5 128.1  63.4 277.9 392.7 289.4  84.7  64.7  78.3 273.0 152.9             304.45013.9 377.71151.52846.71420.2 702.43083.7 483.03211.8 939.1 716.4 867.53029.41696.3             223.43679.1 277.2 845.02088.91042.1 515.52262.8 354.53198.2 689.1 525.7 636.62223.01244.8              62.91033.7  78.0 237.5 586.9 292.9 144.9 635.8  99.7 898.6 662.2 147.8 178.9 624.6 349.8              38.6 729.0  47.9 167.5 414.0 206.6 102.2 448.4  70.3 633.7 467.0 136.6 126.2 440.5 246.7              57.8 950.4  71.7 218.3 539.6 269.3 133.2 584.5  91.7 826.1 608.8 178.1 135.9 574.3 321.6             210.53466.9 261.2 796.21968.4 982.0 485.72132.2 334.03013.72220.8 649.4 495.4 599.91173.0             116.31915.2 144.4 439.91087.4 542.5 268.41177.9 184.61664.81226.8 358.8 273.7 331.41157.2                                                                                                                                                                                                                                
0323351016 413.8 277.8 261.7 490.22209.01087.4 298.52245.1 830.91035.91319.3 232.91494.9 315.91686.3             365.2  73.1  55.0 120.8 544.2 267.9  73.6 553.1 204.8 255.2 325.1  48.9 368.3  77.9 415.4             217.2  60.7  30.8  71.9 323.6 159.4  43.8 328.9 121.8 151.8 193.3  27.4 219.0  46.4 247.1             164.0  45.9  29.6  54.3 244.4 120.4  33.1 248.4  92.0 114.7 146.0  20.7 165.4  35.1 186.6             470.0 131.3  88.2  83.1 700.3 344.8  94.7 711.7 263.5 328.5 418.3  73.9 473.9 100.2 534.6            2223.9 620.8 416.7 392.6 735.41631.4 447.73368.21246.61554.11979.3 349.32242.7 473.82529.8            1079.4 301.4 202.3 190.6 357.01608.6 217.41634.8 605.1 754.3 960.7 169.61088.5 230.01227.9             246.7  68.9  44.5  34.9  81.6 367.5 181.0 373.5 138.3 172.4 219.5  31.1 248.7  52.6 280.6            2260.6 631.1 423.6 399.1 747.53369.01658.4 455.11267.21579.82012.1 355.12279.8 481.62571.7             817.6 228.3 153.3 144.4 270.41218.5 599.8 164.71238.3 571.4 727.7 128.5 824.6 174.3 930.1            1026.8 286.7 192.5 181.3 339.61530.1 753.3 206.81555.1 575.6 913.9 161.41035.5 218.81168.0            1316.0 367.4 246.7 232.4 435.21961.2 965.4 265.01993.2 737.7 919.7 206.81327.1 280.41497.1             142.7  39.9  25.8  20.3  47.3 212.5 104.7  28.8 216.0  80.0  99.7 127.0 143.9  30.5 162.3            1495.1 417.4 280.2 264.0 494.42228.11096.8 301.02264.5 838.11044.81330.7 234.9 318.61700.8             262.8  73.4  47.4  37.2  87.0 391.6 192.8  53.0 397.9 147.4 183.7 233.9  33.1 265.0 298.9            1690.4 471.9 316.8 298.4 559.02519.21240.1 340.32560.3 947.61181.31504.5 265.61704.7 360.2                                                                                                                                                                                                                                
03233511162636.3 161.1 136.1 369.2 493.8 275.2 299.2 181.91435.1 178.9 414.4 196.1 321.9 824.1 643.7            2712.3 879.9 743.62017.52698.71503.91634.8 993.77844.4 977.32264.91071.31758.84504.63518.0             115.8 615.0  25.5  86.2 115.3  64.3  69.9  42.5 334.8  41.8  96.8  45.8  75.2 192.3 150.2              85.0 450.8  24.4  63.2  84.5  47.2  51.3  31.2 245.4  30.7  71.0  33.6  55.1 141.0 110.1             364.71937.0 118.4 100.1 362.8 202.2 219.8 133.71054.4 131.5 304.5 144.1 236.5 605.5 472.9             493.72622.7 160.2 135.4 367.3 273.8 297.6 180.91427.7 178.0 412.3 195.1 320.2 819.9 640.3             267.41420.1  86.8  73.4 198.9 266.0 161.2  98.0 773.1  96.4 223.3 105.7 173.4 444.0 346.8             292.21551.9  94.9  80.2 217.4 290.7 162.1 107.1 844.8 105.4 244.0 115.5 189.5 485.2 378.9             153.6 815.6  44.0  33.8 114.3 152.9  85.2  92.6 444.0  55.4 128.3  60.8  99.7 255.0 199.2            1468.47801.7 476.4 402.61092.31461.1 814.2 885.1 538.0 529.21226.2 580.0 952.22438.71904.6             150.8 800.7  43.1  33.2 112.2 150.1  83.7  90.9  55.3 435.9 126.0  59.6  97.8 250.4 195.6             411.52186.0 133.6 112.9 306.1 409.5 228.2 248.1 150.81190.0 148.4 162.6 266.9 683.4 533.7             167.0 886.7  47.8  36.7 124.2 166.2  92.6 100.7  61.3 482.7  60.3 139.5 108.3 277.2 216.6             315.71676.6 102.5  86.6 234.8 314.1 175.1 190.3 115.7 912.7 113.8 263.6 124.8 524.2 409.4             835.84440.3 271.2 229.2 621.7 831.6 463.5 503.8 306.32417.0 301.2 697.9 330.2 542.01084.0             648.93447.3 210.6 178.0 482.7 645.7 359.9 391.2 237.81876.5 233.9 541.9 256.4 420.81077.6                                                                                                                                                                                                                                
0323351216 138.7  42.8 401.8  52.7 201.4  94.6 197.7  28.3 389.8 160.2 201.9 194.5  82.6  84.0  48.0             165.4 153.51356.1 177.4 679.4 319.1 667.2 119.11315.5 540.6 681.4 656.2 278.5 283.1 161.7              42.1 118.9 344.3  45.1 172.5  81.1 169.4  24.3 334.0 137.3 173.0 166.6  70.8  71.9  41.1             490.51388.6 455.3 526.32016.2 946.91979.9 353.13904.21604.22022.01947.3 826.3 839.8 479.5              53.1 150.1  46.3 434.8 217.9 102.4 213.9  30.6 421.8 173.4 218.5 210.4  89.4  90.8  51.9             242.8 687.1 225.31991.4 260.5 468.6 979.7 174.81931.8 793.81000.5 963.6 408.9 415.6 237.3             110.9 313.7 102.9 908.9 119.0 455.4 447.2  79.8 881.7 362.4 456.7 439.8 186.7 189.7 108.4             238.3 674.5 221.21954.7 255.7 979.2 459.9 171.61896.2 779.2 982.1 945.8 401.4 407.9 233.0              25.8  72.7  22.5 210.4  27.6 105.5  49.6 103.6 204.1  83.9 105.8 101.9  43.3  44.0  25.2             475.71346.5 441.53902.7 510.41955.1 918.21919.9 342.41555.61960.71888.3 801.3 814.4 465.0             192.0 543.3 178.21574.4 206.0 788.7 370.5 774.5 138.21527.3 791.0 761.8 323.3 328.6 187.7             243.5 689.2 226.01997.3 261.31000.6 470.0 982.6 175.31937.5 796.2 966.4 410.1 416.8 238.0             234.3 663.1 217.41921.7 251.4 962.7 452.2 945.4 168.71864.1 766.0 965.5 394.6 401.0 229.0              96.0 271.6  89.1 786.9 103.0 394.2 185.2 387.1  69.1 763.3 313.7 395.4 380.8 164.3  93.9              97.7 276.3  90.7 800.6 104.8 401.1 188.4 393.9  70.3 776.6 319.2 402.3 387.4 164.5  95.5              47.9 135.2  41.8 391.7  51.3 196.3  92.3 192.8  27.6 380.0 156.2 196.9 189.6  80.5  81.8                                                                                                                                                                                                                                
0523550116 306.2 612.1 246.7 165.4 562.7 955.91659.0 479.5 567.9 168.8  90.1 200.31068.03629.8 949.9             298.1 332.9 134.2  90.0 306.0 519.9 902.2 260.8 308.9  91.9  49.1 109.0 580.81973.9 516.6             614.3 343.3 276.5 185.4 630.71071.51859.7 537.5 636.6 189.2 101.0 224.51197.24068.91064.8             236.5 132.2 264.2  71.5 242.9 412.5 715.9 207.0 245.1  72.9  39.0  86.5 460.91566.3 409.9             137.0  76.6 153.0  61.7 140.7 238.9 414.5 119.9 142.0  33.8  18.1  50.1 266.9 906.8 237.4             563.2 314.7 629.1 253.5 170.0 982.41704.9 492.7 583.6 173.5  92.6 205.81097.63730.2 976.2             969.7 541.81083.1 436.5 292.7 995.62935.7 848.41004.8 298.7 159.4 354.31889.96423.31680.9            1696.5 947.91895.0 763.6 511.91741.92959.51484.31758.0 522.4 278.8 619.83306.59999.82940.8             477.2 266.6 533.0 214.8 144.1 489.9 832.31444.5 494.5 147.0  78.5 174.4 929.93160.4 827.1             568.6 317.7 635.1 256.0 171.6 583.8 991.71721.2 497.4 175.2  93.5 207.81108.03765.9 985.5             108.5  60.7 121.1  48.9  32.8 111.4 189.1 328.1  94.9 112.4  14.4  39.7 211.3 717.8 187.9              49.3  27.6  55.1  22.3  15.0  50.6  85.9 149.0  43.2  51.1  12.3  18.1  96.0 325.9  85.4             169.7  94.9 189.6  76.5  51.3 174.3 296.0 513.6 148.5 175.9  41.9  22.4 330.71123.6 294.1            1085.6 606.61212.6 488.6 327.61114.61893.73286.6 949.81124.9 334.3 178.5 396.67191.11881.8            3733.82086.14170.81680.51126.63833.86513.69999.83266.73869.21149.7 613.51363.97277.66472.6             963.5 538.31076.2 433.7 290.8 989.21680.72916.9 842.9 998.4 296.7 158.4 352.01877.86382.1                                                                                                                                                                                                                                
0523550218 109.3 552.2 618.0  21.2  84.2 621.4  78.9 412.0 350.6  74.2 277.1  45.3 705.9  51.5 311.8 653.4 400.3 127.21207.11351.1  57.6 183.81358.4 172.4 900.6 766.4 162.1 605.7 109.91543.1 112.5 681.51428.4 875.1 669.41257.17118.0 303.1 968.17156.7 908.04744.44037.6 853.63190.8 578.58129.7 592.23590.17525.44610.1 750.01408.47125.4 339.61084.78018.71017.35315.84523.8 956.33575.1 648.29108.8 663.54022.58431.75165.3  17.0  31.8 160.3 179.5  24.5 180.4  23.0 119.7 101.9  21.6  80.5  13.3 204.9  15.1  90.6 189.7 116.3  96.4 181.0 915.31024.4  43.71030.0 130.8 682.9 581.1 122.9 459.3  83.41170.0  85.3 516.81083.1 663.5 754.11416.27164.68019.1 341.41090.61022.95345.04548.7 961.63594.7 651.79158.8 667.24044.68478.05193.7  90.1 169.0 854.6 956.5  40.8 130.2 961.7 637.6 542.6 114.8 428.8  77.81092.4  79.7 482.51011.2 619.5 497.7 934.74728.65292.5 225.4 719.85321.4 675.13002.1 634.72372.5 430.26044.8 440.42669.45595.53427.8 422.6 793.64014.84493.7 191.4 611.24518.1 573.22995.2 538.92014.4 365.35132.4 373.92266.54750.92910.5  84.3 158.2 799.6 895.0  38.2 121.8 899.9 114.3 596.6 507.7 401.3  72.91022.2  74.6 451.5 946.2 579.7 332.6 624.63159.83536.7 150.7 481.13555.9 451.22357.32006.2 424.2 287.54039.3 294.31783.83739.12290.6  43.9  82.3 415.7 465.3  16.0  63.4 467.8  59.5 310.2 264.0  55.9 208.6 531.4  38.8 234.7 491.9 301.4 857.51610.48147.09118.7 388.21240.19168.31163.16077.95172.41093.44087.7 741.1 758.64599.29640.65905.9  50.8  95.3 481.4 538.8  18.5  73.4 541.7  68.8 359.2 305.7  64.7 241.6  39.5 615.4 271.8 569.6 349.0 375.1 704.33563.03988.0 169.9 542.44009.7 508.72658.12262.1 478.31787.7 324.24554.8 331.94216.22582.9 793.21489.87536.88435.7 359.21147.38481.61076.05622.74785.01011.53781.5 685.69634.7 701.84254.75463.6 483.5 907.94593.05140.8 218.9 699.25168.8 655.83426.52916.1 616.52304.5 417.95871.4 427.82592.95435.0        
0523550316  16.0  41.8  72.0  73.9 149.9  43.7 112.6  66.2  24.0 366.5 420.7 100.6 262.9 150.8  27.9              15.5  34.8  59.8  61.3 124.5  36.3  93.5  55.0  19.9 304.3 349.3  83.6 218.3 125.2  23.2              64.6  55.6 200.7 206.0 418.5 121.8 314.1 184.7  77.51023.21174.5 280.8 733.8 420.7  77.8             114.7  98.6 207.0 365.8 743.3 216.2 557.9 328.0 137.51817.72086.6 498.71303.6 747.4 138.1             117.8 101.3 212.6 366.2 763.5 222.1 573.0 336.9 141.21867.02143.1 512.21339.0 767.6 141.8             244.2 209.9 441.0 759.6 779.4 460.61188.6 698.7 292.93873.14446.01062.52777.71592.3 294.1              67.7  58.2 122.2 210.3 215.8 438.5 329.1 193.5  81.21072.11230.7 294.2 768.9 440.8  81.5             182.1 156.5 328.8 566.3 581.11180.8 343.4 521.0 218.42887.53314.6 792.22070.81187.2 219.3             105.1  90.4 189.8 326.8 335.3 681.3 198.2 511.3 126.11666.01912.4 457.11194.8 685.0 126.6              25.1  21.6  56.4  97.1  99.6 202.3  58.9 151.8  89.3 494.5 567.7 135.8 354.7 203.4  37.7             604.1 519.21090.91879.11928.03918.31139.42940.51728.6 724.49999.82628.66872.13939.4 727.3             694.1 596.61253.52159.32215.44502.41309.33378.81986.3 832.49999.83020.57896.64526.7 835.7             162.3 139.5 293.0 504.7 517.81052.3 306.1 789.7 464.3 194.62573.22953.81845.41058.0 195.4             431.9 371.2 779.91343.41378.42801.2 814.62102.21235.8 517.96850.57863.71879.32816.4 520.0             245.6 211.1 443.4 763.8 783.71592.5 463.21195.1 702.6 294.53894.54470.51068.42793.0 295.7              29.9  25.7  67.3 115.8 118.8 241.4  70.3 181.2 106.6  38.5 590.1 677.4 162.0 423.2 242.7                                                                                                                                                                                                                                
05235504141752.0 854.5 272.1 139.5 744.5 260.11311.0 395.8 154.1 193.51962.1 247.52077.6                        1780.31998.9 636.3 326.11741.5 608.33066.9 925.7 360.3 452.54590.2 578.94860.4                         857.21973.3 306.4 157.1 838.5 293.01476.6 445.7 173.5 217.92210.0 278.82340.0                         232.7 535.5 261.2  34.2 227.6  79.6 400.7 121.0  37.8  47.4 599.7  75.7 635.0                          82.6 190.0  92.8  29.6  80.8  28.3 142.2  43.0  13.5  16.9 212.8  27.0 225.3                         744.01712.7 835.3 266.0 136.3 254.31281.6 386.9 150.6 189.21918.1 242.02031.0                         221.5 509.8 248.7  79.2  32.6 216.7 381.5 115.2  36.0  45.1 570.9  72.1 604.5                        1326.73054.31489.6 474.2 243.01297.8 453.4 689.9 268.5 337.23420.6 431.43622.0                         385.3 887.0 432.6 137.8  70.7 376.9 131.7 663.7  78.1  98.0 993.4 125.41051.8                          93.6 215.2 105.0  33.5  13.8  91.5  32.1 161.1  48.7  19.1 241.0  30.5 255.2                         123.0 283.1 138.1  44.1  18.1 120.4  42.1 211.9  64.0  20.0 317.0  40.1 335.7                        1996.44596.22241.6 713.5 365.71952.9 682.23439.21038.1 404.1 507.4 649.25450.5                         209.7 482.7 235.5  75.0  30.8 205.2  71.7 361.2 109.1  34.1  42.7 540.6 572.4                        2115.24869.72375.0 756.0 387.42069.1 722.83643.91099.9 428.1 537.65453.8 687.8                                                                                                                                                                                                                                                                                                                                                                                                                                                        
0523550514 259.3 330.0  96.6  33.8  37.5 234.9  83.4  91.0 230.5  35.1 186.4 321.1 186.2                         307.91502.6 439.3 192.0 213.11069.5 379.2 414.01049.3 199.2 848.31461.8 847.7                         393.81510.0 561.8 245.5 272.51367.9 484.9 529.51342.1 254.71085.01869.71084.2                         110.2 422.3 537.5  68.8  76.3 382.6 135.7 148.2 375.4  71.3 303.5 522.9 303.3                          30.3 115.9 147.4  43.2  16.8 105.0  37.3  40.7 103.0  15.7  83.3 143.4  83.2                          34.4 131.6 167.4  49.0  17.2 119.2  42.3  46.2 116.9  17.9  94.6 162.9  94.5                         278.31067.01358.0 397.0 173.5 192.6 342.7 374.2 948.3 180.0 766.71321.1 766.1                          94.2 360.9 459.3 134.3  58.8  65.2 326.9 126.6 320.7  61.0 259.3 446.8 259.1                         103.5 396.5 504.6 147.6  64.6  71.6 359.2 127.4 352.4  67.0 284.9 490.9 284.7                         272.91046.31331.7 389.3 170.2 188.9 947.9 336.1 366.9 176.5 751.81295.6 751.3                          31.7 121.2 154.2  45.2  15.9  17.6 109.8  39.0  42.6 107.7  87.1 150.1  87.1                         219.3 840.71070.0 312.8 136.7 151.8 761.6 270.0 294.8 747.2 141.91040.9 603.6                         382.91468.31868.7 546.3 238.7 265.01330.1 471.5 514.91305.0 247.71055.01054.2                         219.1 840.11069.2 312.6 136.6 151.7 761.0 269.8 294.6 746.7 141.8 603.61040.1                                                                                                                                                                                                                                                                                                                                                                                                                                                        
052355069  183.8  96.3 319.7  99.2 158.8 455.0 609.8 758.1                                                       152.9  19.3  79.6  19.8  31.7 113.3 151.8 188.7                                                        52.7  15.9  27.5   6.9  11.0  39.1  52.4  65.1                                                       310.3  92.9  48.7  50.2  80.3 230.0 308.2 383.1                                                        54.9  16.5   7.0  28.6  11.5  40.7  54.5  67.7                                                        99.7  29.9  12.6  51.9  13.0  73.9  99.0 123.0                                                       449.9 134.7  70.6 234.3  72.7 116.4 446.8 555.4                                                       609.7 182.5  95.6 317.4  98.5 157.7 451.7 752.6                                                       762.6 228.2 119.5 397.0 123.1 197.2 565.0 757.3                                                                                                                                                                                                                                                                                                                                                                                                                                                                                                                                                                                                                                                                                                                                                                                                                                                                                                                                                                                                                    
0523550711 773.8 107.1 616.7 232.4 413.6 302.1 266.9 886.7 261.8 343.7                                           766.9  77.8 448.0 168.8 300.4 219.5 194.0 644.2 190.2 249.7                                            54.2  39.8  31.7  11.6  21.3  15.6  13.8  45.6  13.5  17.7                                           606.0 444.2  61.5 133.4 237.4 173.4 153.3 509.0 150.3 197.3                                           182.2 133.5  14.9 106.4  71.4  52.2  46.1 153.0  45.3  59.4                                           398.0 291.7  40.4 232.5  87.7 113.9 100.7 334.3  98.8 129.6                                           255.7 187.4  20.8 149.4  54.1 100.2  64.7 214.8  63.5  83.3                                           223.0 163.5  18.2 130.3  47.2  87.4  63.9 187.3  55.4  72.7                                           882.6 646.9  89.5 515.6 194.3 345.8 252.5 223.2 218.9 287.3                                           218.2 160.0  17.8 127.5  46.2  85.5  62.5  55.3 183.3  71.1                                           326.4 239.3  33.2 190.7  71.9 127.9  93.5  82.6 274.2  81.0                                                                                                                                                                                                                                                                                                                                                                                                                                                                                                                                                                                                                                                                                                                                                                                            
05235508161459.11010.2 312.51048.7 403.1 626.11408.4 966.8 244.7 719.33068.9 223.0 170.21573.9 549.5            1463.81184.4 366.41229.5 472.6 734.11651.31133.4 286.8 843.33598.0 261.5 199.51845.3 644.2            1004.91174.4 251.5 844.1 324.5 504.01133.6 778.2 197.0 579.02470.1 179.5 137.01266.8 442.3             262.7 306.9 212.5 220.6  84.9 131.8 296.3 203.4  41.3 151.4 645.4  37.6  28.7 331.1 115.7            1044.31220.4 845.0 261.4 337.2 523.71178.0 808.6 204.7 601.62566.8 186.6 142.41316.4 459.6             384.3 449.1 311.0  96.3 322.8 192.8 433.5 297.6  75.4 221.4 944.4  68.7  52.5 484.4 169.2             612.3 715.5 495.4 153.3 514.3 197.7 690.7 474.1 120.0 352.81504.9 109.4  83.5 771.8 269.5            1412.01650.11142.5 353.41186.0 455.8 708.11093.3 276.7 813.53470.7 252.2 192.51780.0 621.4             960.51122.5 777.2 240.4 806.8 310.1 481.71083.5 188.3 553.42360.9 171.6 131.01210.8 422.7             154.2 180.2 124.8  38.7 129.5  49.9  77.4 173.9 119.4  88.9 378.8  22.1  16.9 194.3  67.9             707.5 826.8 572.5 177.1 594.3 228.5 354.8 798.1 547.9 138.71739.0 126.4  96.5 891.9 311.4            3109.33633.82515.9 778.12611.71003.71559.23507.62407.6 609.21791.3 555.3 423.73919.71368.3             138.1 161.4 111.8  34.7 116.0  44.7  69.3 155.8 107.0  21.8  79.6 339.2  15.2 174.0  60.8              98.8 115.4  80.0  24.8  83.0  32.0  49.6 111.4  76.5  15.6  57.0 242.7  14.2 124.5  43.6            1581.11847.81279.4 395.71328.1 510.4 792.91783.71224.3 309.8 910.93886.5 282.4 215.5 695.9             533.9 624.0 432.1 133.7 448.5 172.4 267.8 602.3 413.5 104.7 307.61312.3  95.4  72.9 673.1                                                                                                                                                                                                                                
0523550912 240.6 118.0  66.2 398.9 518.3 441.5 619.9 262.8  75.3 232.81017.8                                     237.8  92.7  52.0 313.4 407.1 346.8 486.9 206.5  59.2 182.9 799.5                                      75.9  60.4  13.4 100.0 129.9 110.7 155.4  65.9  15.2  58.4 255.0                                      36.5  29.1  11.5  48.1  62.5  53.2  74.7  31.7   7.4  28.1 122.6                                     403.3 320.6 157.1  88.1 690.5 588.2 825.9 350.2 100.3 310.21356.1                                     528.1 419.8 205.7 115.4 696.0 770.31081.5 458.6 131.3 406.21776.0                                     447.8 356.0 174.5  97.9 590.2 766.8 917.1 388.9 111.3 344.51506.0                                     634.3 504.2 247.1 138.6 836.01086.2 925.3 550.8 157.6 487.92133.3                                     261.0 207.5 101.7  57.1 344.0 446.9 380.7 534.5  64.9 200.8 877.6                                      43.5  34.6  13.6   7.7  57.2  74.3  63.3  88.9  37.8  33.5 145.9                                     229.6 182.6  89.5  50.2 302.6 393.2 334.9 470.2 199.4  57.1 772.1                                    1050.5 835.0 409.2 229.41384.41798.81532.32151.5 912.1 261.0 807.9                                                                                                                                                                                                                                                                                                                                                                                                                                                                                                                                                                                                                                                                                
05235510161652.8 440.5 504.0 377.6 106.9 514.5 155.1 693.9 548.1 306.7 127.7  84.7 191.61696.8  69.4            1731.13552.64065.13045.2 861.44149.81250.65597.44420.72473.71029.2 682.61545.19999.8 558.6             452.83486.61063.1 796.4 225.31085.2 327.11463.71156.0 646.9 269.2 178.6 404.13579.4 146.2             519.84002.61066.5 914.2 258.71245.8 375.51680.31327.1 742.7 309.0 205.0 463.94109.2 167.8             386.42975.7 792.9 907.3 192.3 926.2 279.21249.3 986.7 552.2 229.8 152.4 344.93055.0 124.8              72.4 556.4 148.4 169.7 127.2 173.3  52.3 233.7 184.6 103.3  43.1  22.9  64.6 571.3  18.8             530.84087.71089.21246.3 933.7 264.2 383.51716.11355.4 758.5 315.6 209.4 473.84196.7 171.3             151.91169.0 311.6 356.5 267.1  75.6 363.9 490.8 387.7 217.0  90.4  60.0 135.61200.2  49.1             720.05545.21477.51690.71266.5 358.31725.9 520.21838.61028.8 428.1 283.9 642.75693.0 232.4             566.24360.61161.91329.5 996.0 281.81357.2 409.11830.6 809.1 336.7 223.3 505.44476.7 182.8             311.72400.4 639.6 731.9 548.3 155.2 747.1 225.21007.7 795.9 185.4 123.0 278.32464.3 100.7             110.7 851.9 227.1 259.8 194.7  45.3 265.2  80.0 357.7 282.5 158.2  35.0  98.8 874.6  28.7              53.3 409.8 109.3 125.0  93.7  21.8 127.6  38.6 172.1 136.0  76.1  31.8  47.6 420.7  13.9             190.41465.5 390.6 446.9 334.8  94.8 456.2 137.6 615.3 486.0 272.0 113.2  75.11504.5  61.5            1777.69999.83647.94174.23126.8 884.54261.11284.25747.64539.32540.01056.8 700.91586.5 573.5              41.5 319.0  85.1  97.3  73.0  17.0  99.4  30.0 134.0 105.8  59.3  24.7  13.2  37.1 327.5                                                                                                                                                                                                                                
0523551110 301.4 117.2 189.8 203.4 235.7 112.5 117.7  92.1 479.9                                                 300.7 111.3 180.2 193.2 223.8 106.9 111.8  87.4 455.8                                                  74.9  71.3  45.0  48.2  55.8  21.4  22.4  17.5 113.6                                                 173.3 165.0  55.8 111.4 129.0  53.6  56.1  43.9 262.7                                                 198.4 188.8  73.5 118.9 147.7  70.5  73.8  57.7 300.7                                                 232.0 220.9  85.9 139.1 149.1  82.5  86.3  67.5 351.7                                                  71.4  68.0  21.2  42.8  45.9  53.2  21.3  16.7 108.2                                                  75.4  71.7  22.4  45.2  48.5  56.1  21.5  17.6 114.2                                                  55.8  53.2  16.6  33.5  35.9  41.6  16.0  16.7  84.6                                                 487.2 463.8 180.3 292.0 313.0 362.6 173.1 181.1 141.6                                                                                                                                                                                                                                                                                                                                                                                                                                                                                                                                                                                                                                                                                                                                                                                                                                                                                                        
0523551215 365.11063.0 135.4 215.2  52.6 251.5 685.3 524.6 259.3 124.8 653.7 347.6 264.6  65.9                   375.72151.6 273.9 435.5 106.3 508.91387.01061.7 524.7 252.51323.1 703.4 535.6 133.2                  1114.52192.6 812.51292.0 315.01509.84115.43150.21556.7 749.03925.92087.11588.9 395.0                   119.4 234.8 683.4 138.4  27.1 161.7 440.6 337.3 166.7  80.3 420.3 223.5 170.2  33.9                   217.0 426.71242.3 158.2  61.4 293.9 800.8 613.0 303.0 145.8 763.9 406.2 309.3  77.0                    29.6  58.1 169.0  21.6  34.3  40.1 109.0  83.5  41.3  19.9 104.0  55.3  42.2   8.5                   255.3 502.21462.1 186.2 296.0  72.3 942.5 721.5 356.6 171.6 899.1 478.1 364.0  90.6                   714.61405.84093.2 520.9 828.4 202.0 968.02019.7 998.1 480.22517.01338.11018.7 253.3                   544.51071.13118.6 396.9 631.2 154.0 737.52010.3 760.5 365.91917.71019.5 776.2 193.0                   263.6 518.51509.5 192.2 305.6  74.6 357.0 973.1 744.9 177.2 928.3 493.5 375.8  93.5                   109.2 214.8 625.2  79.7 126.6  24.8 147.9 403.0 308.5 152.5 384.5 204.5 155.7  31.1                   681.21340.13901.9 496.6 789.7 192.6 922.82515.21925.3 951.4 457.81275.6 971.1 241.5                   357.1 702.42045.1 260.3 414.0 101.0 483.71318.31009.2 498.7 240.01257.6 509.1 126.6                   269.3 529.71542.1 196.3 312.2  76.2 364.7 994.1 761.0 376.1 181.0 948.3 504.2  95.5                    39.9  78.3 227.7  29.1  46.2   9.1  54.0 146.8 112.4  55.6  26.8 140.1  74.5  56.8                                                                                                                                                                                                                                                                                                                                            
08233501162283.71732.8 603.43181.51284.6 765.42394.4 707.7 281.7 220.11300.82620.32431.21901.5 405.3            2272.21268.2 441.62328.5 940.2 560.21752.4 518.0 206.2 161.1 952.01917.71779.41391.6 296.7            1713.51260.5 333.11756.0 709.0 422.51321.6 390.7 155.5 121.5 718.01446.21341.91049.5 223.8             534.9 393.5 298.6 548.1 221.4 132.0 412.6 122.0  42.3  33.1 224.2 451.5 418.9 327.6  69.9            3182.62341.11776.3 618.51316.8 784.72454.6 725.5 288.8 225.61333.52686.12492.31949.2 415.5            1259.0 926.1 702.7 244.81290.2 310.5 971.0 287.1 114.3  89.3 527.61062.6 985.9 771.1 164.4             732.6 538.9 408.9 142.5 750.7 303.2 565.0 167.1  66.6  52.0 307.0 618.3 573.7 448.7  95.7            2384.41754.01330.9 463.42443.5 986.6 587.9 543.6 216.4 169.1 999.12012.51867.31460.4 311.3             674.1 495.9 376.3 131.1 690.7 279.0 166.3 519.9  61.3  47.9 282.5 568.9 527.9 412.9  88.1             164.2 120.8  91.7  32.0 168.2  68.0  40.6 126.7  37.5   9.4  68.9 138.6 128.6 100.6  21.5             118.8  87.4  66.3  23.2 121.7  49.2  29.4  91.6  27.2   8.7  49.8 100.3  93.0  72.8  15.6            1275.5 938.2 711.9 248.01307.1 527.8 314.5 983.7 290.8 115.8  90.51076.5 998.8 781.2 166.6            2613.51922.41458.7 507.92678.21081.4 644.42015.6 595.8 237.1 185.31095.02046.61600.7 341.2            2421.81781.41351.7 470.72481.81002.0 597.11867.8 552.1 219.8 171.71014.72044.01483.3 316.2            1884.61386.31051.9 366.31931.2 779.8 464.71453.5 429.6 171.0 133.7 789.61590.61475.8 246.1             330.0 242.8 184.3  64.2 338.2 136.6  81.5 254.6  75.3  24.1  18.8 138.4 278.6 258.5 202.2                                                                                                                                                                                                                                
08233502161049.24061.22113.72876.9 616.3 743.11071.0 174.7 274.2 807.53382.34535.32574.1 731.12876.9            1019.61303.4 678.4 923.3 197.9 238.6 343.8  56.2  88.1 259.21085.51455.6 826.2 234.7 923.3            4073.41345.22710.23688.8 790.2 952.81373.2 224.0 351.51035.44336.95815.23300.6 937.43688.8            2099.0 693.22683.21900.8 407.2 491.0 707.6 115.5 181.2 533.52234.72996.41700.7 483.11900.8            2872.7 948.73672.31911.3 557.3 671.9 968.5 158.0 248.0 730.23058.54101.12327.7 661.12601.4             580.7 191.9 742.3 386.4 525.9 135.9 195.9  32.0  50.2 147.7 618.3 829.0 470.6 133.7 525.9             709.3 234.3 906.7 472.0 642.3 137.7 239.2  39.1  61.3 180.4 755.21012.5 574.7 163.3 642.3            1041.8 344.11331.7 693.2 943.4 202.2 243.7  57.4  90.0 264.91109.11487.2 844.1 239.8 943.4              84.8  28.1 108.3  56.4  76.8  16.6  19.9  28.7   6.0  21.6  90.2 121.0  68.7  19.6  76.8             158.1  52.3 202.1 105.2 143.2  30.8  37.1  53.4   7.1  40.3 168.3 225.7 128.1  36.5 143.2             774.6 255.9 990.2 515.4 701.5 150.4 181.3 261.2  42.7  67.0 824.71105.8 627.7 178.3 701.5            3385.21117.94327.42252.33065.5 656.7 791.81141.2 186.2 292.2 860.44832.62742.9 779.03065.5            4554.11504.05821.83030.04124.1 883.41065.21535.3 250.4 393.01157.54848.73690.11048.04124.1            2565.8 847.43279.91707.12323.5 497.8 600.2 865.0 141.1 221.5 652.22731.73662.9 590.52323.5             697.1 230.3 891.2 463.9 631.3 135.3 163.1 235.1  38.4  60.3 177.3 742.2 995.2 564.9 631.3            2872.7 948.73672.31911.32601.4 557.3 671.9 968.5 158.0 248.0 730.23058.54101.12327.7 661.1                                                                                                                                                                                                                                
0823350312  31.9 305.5 254.9  46.6  44.6  63.6 240.5  95.6 170.4  92.9  56.4                                      28.3 131.2 109.5  20.1  19.2  27.4 103.3  41.1  73.2  39.9  24.3                                     364.7 220.61415.7 300.1 301.3 352.71335.8 530.7 946.0 515.4 312.8                                     303.1 183.41410.3 249.5 250.4 293.21110.3 441.1 786.3 428.4 260.0                                      44.5  21.6 206.8 172.6  30.2  43.1 162.8  64.8 115.3  62.9  38.2                                      42.3  20.6 196.6 164.0  30.0  41.0 154.8  61.6 109.6  59.8  36.3                                      63.4  30.7 294.5 245.7  44.9  43.0 231.8  92.2 164.2  89.5  54.4                                     285.6 172.81328.91108.8 235.1 236.0 276.3 415.7 740.9 403.6 245.0                                     109.4  66.2 508.5 424.3  90.0  90.4 105.8 400.3 283.5 154.5  93.8                                     200.3 121.2 931.7 777.3 164.8 165.5 193.7 733.5 291.4 283.0 171.8                                     106.0  64.2 492.9 411.2  87.3  87.6 102.5 388.0 154.2 274.8  90.9                                      55.4  26.9 257.5 214.8  39.3  37.6  53.6 202.7  80.6 143.6  78.3                                                                                                                                                                                                                                                                                                                                                                                                                                                                                                                                                                                                                                                                                
0823350413 255.9 331.0 793.0 204.8 132.2 146.8 873.7 713.0 128.8 690.7 186.31008.6                               246.5 153.8 368.3  95.2  61.4  68.2 405.8 331.2  59.9 320.8  86.6 468.5                               324.2 156.4 484.5 125.2  80.8  89.7 533.8 435.6  78.7 422.0 113.8 616.2                               802.0 386.8 500.3 309.6 199.7 221.81320.71077.8 194.61044.1 281.51524.6                               174.4  84.2 108.8 260.6  34.8  38.7 287.2 234.4  34.0 227.0  61.3 331.5                                81.2  39.2  50.7 121.4  31.4  18.1 133.7 109.1  15.9 105.7  28.6 154.3                                92.3  44.6  57.6 137.8  35.7  18.5 151.9 123.9  18.0 120.1  32.5 175.3                               885.5 427.0 552.41323.5 341.8 220.5 244.91190.1 214.91152.8 310.81683.4                               719.3 346.9 448.71075.1 277.7 179.1 199.01184.6 174.6 936.4 252.51367.4                                78.7  38.0  49.2 117.6  30.5  15.8  17.5 129.6 105.8 102.5  27.7 149.5                               696.2 335.8 434.31040.6 268.8 173.4 192.61146.5 935.7 169.0 244.41323.5                               157.0  75.8  98.0 234.5  60.7  31.4  34.8 258.4 210.9  30.6 204.3 298.3                              1025.0 494.3 639.41532.0 395.6 255.2 283.51688.01377.6 248.71334.4 359.8                                                                                                                                                                                                                                                                                                                                                                                                                                                                                                                                                                    
0823350510 762.9 209.2 203.7 115.9 206.8 211.6 299.4 519.4 324.1                                                 761.5 195.4 190.3 108.2 193.1 197.6 279.6 485.1 302.7                                                 141.7 132.6  35.5  16.2  31.7  36.9  52.1  90.3  56.4                                                 167.9 157.1  36.3  19.2  37.5  43.6  61.7 107.0  66.8                                                  64.2  60.0  13.9  16.1  14.4  16.7  23.6  40.9  25.6                                                 147.5 138.0  31.9  36.9  16.9  38.4  54.2  94.0  58.7                                                 175.2 163.9  37.8  43.9  20.0  39.2  64.4 111.6  69.7                                                 285.1 266.8  73.2  71.3  40.6  72.4  74.1 181.6 113.4                                                 511.2 478.3 131.2 127.8  72.7 129.7 132.7 187.7 203.2                                                 310.5 290.5  79.7  77.7  44.2  78.8  80.7 114.1 197.8                                                                                                                                                                                                                                                                                                                                                                                                                                                                                                                                                                                                                                                                                                                                                                                                                                                                                                        
0823350610  38.3  43.8   6.7  33.0  23.1  30.4  48.4  18.2   8.1                                                  75.3 614.7 116.3 462.6 323.8 426.3 679.9 253.9 140.5                                                  86.4 617.3 133.4 530.9 371.5 489.2 780.2 291.4 161.3                                                   7.9  69.1  79.0  59.5  41.7  54.8  87.4  32.7  14.6                                                  64.4 460.0 525.7  99.4 276.9 364.6 581.5 217.2 120.2                                                  44.3 316.5 361.6  68.4 272.2 250.8 400.0 149.4  82.7                                                  59.1 422.5 482.8  91.3 363.3 254.3 534.0 199.5 110.4                                                  95.8 684.7 782.5 148.0 588.9 412.1 542.6 323.2 178.9                                                  34.2 244.3 279.1  52.9 210.1 147.1 193.6 308.7  63.9                                                   9.9  87.4  99.9  15.2  75.2  52.7  69.3 110.5  41.3                                                                                                                                                                                                                                                                                                                                                                                                                                                                                                                                                                                                                                                                                                                                                                                                                                                                                                        
0823350712  72.1 107.5  30.5  29.8  36.9 204.3 213.3 133.5 137.0 108.2 194.8                                      73.5 133.5  37.9  37.0  45.8 253.8 265.0 165.8 170.1 134.4 241.9                                     124.8 151.9  80.3  78.4  97.2 431.1 450.1 281.6 289.0 228.2 410.9                                      27.3  33.3  49.6  13.8  17.1  94.2  98.3  61.5  63.2  49.9  89.7                                      26.5  32.3  48.1  13.7  16.6  91.3  95.4  59.7  61.3  48.4  87.1                                      34.4  41.9  62.5  17.8  17.4 118.8 124.0  77.6  79.6  62.9 113.2                                     243.3 296.2 442.0 156.6 152.8 189.5 877.8 549.1 563.5 444.9 801.3                                     254.3 309.6 462.0 163.6 159.7 198.1 878.8 574.0 589.1 465.1 837.6                                     156.6 190.7 284.5 100.8  98.4 122.0 541.2 565.0 362.8 286.4 515.8                                     160.9 195.9 292.3 103.6 101.1 125.4 556.0 580.5 363.2 294.3 529.9                                     125.7 153.0 228.3  80.9  79.0  97.9 434.2 453.3 283.6 291.0 413.8                                     231.5 282.0 420.7 149.0 145.4 180.4 800.3 835.5 522.7 536.4 423.5                                                                                                                                                                                                                                                                                                                                                                                                                                                                                                                                                                                                                                                                                
0823350813  42.2 113.5 365.9 196.6  88.5 136.8 222.7 270.3 419.2  70.1 357.6 582.8                                23.2  18.6  59.9  32.2  14.6  22.5  36.5  44.3  68.6   9.3  58.5  95.3                               100.6  24.0 259.8 139.6  62.9  97.2 158.2 191.9 297.6  39.9 253.9 413.8                               381.0 113.4 305.3 529.1 238.1 368.2 599.5 727.61128.5 188.6 962.81569.1                               200.3  59.7 160.5 517.7 125.2 193.6 315.1 382.4 593.1  99.2 506.0 824.6                                76.3  18.3  61.2 197.2 106.0  73.8 120.1 145.7 225.9  30.3 192.7 314.0                               136.5  40.7 109.4 352.8 189.5  85.3 214.7 260.6 404.2  67.6 344.8 561.9                               228.2  67.9 182.9 589.9 316.9 142.6 220.5 435.7 675.8 113.0 576.5 939.5                               279.0  83.0 223.5 721.2 387.4 174.3 269.6 438.9 826.2 138.1 704.91148.7                               437.9 130.3 350.91132.1 608.1 273.6 423.2 689.0 836.3 216.81106.51803.3                                44.9  10.8  36.0 116.0  62.4  28.1  43.4  70.6  85.7 132.8 113.4 184.7                               372.2 110.8 298.2 962.2 516.9 232.6 359.7 585.6 710.81102.4 184.31532.7                               612.5 182.2 490.81583.7 850.7 382.7 592.0 963.81169.81814.4 303.21547.9                                                                                                                                                                                                                                                                                                                                                                                                                                                                                                                                                                    
08233509165595.95085.5 585.22638.01455.4 721.71113.9 309.33242.1 620.31562.93361.5 737.51019.6 499.3            5604.65916.8 680.83069.21693.3 839.71295.9 359.83772.1 721.71818.43911.0 858.11186.2 580.9            5088.55911.0 618.12786.51537.3 762.41176.6 326.73424.8 655.21650.93550.8 779.11077.0 527.5             483.7 561.9 510.7 265.0 146.2  72.6 111.9  25.0 325.6  62.4 157.0 337.6  74.2 102.5  40.2            2613.43035.92759.0 317.5 789.6 391.6 604.4 167.91759.0 336.6 847.91823.7 400.2 553.2 271.0            1417.51646.61496.5 172.3 776.3 212.5 327.8  91.1 954.1 182.6 460.0 989.2 217.1 300.1 147.0             609.3 707.7 643.2  74.1 333.7 184.2 141.0  31.4 410.1  78.6 197.8 425.2  93.4 129.1  50.6            1072.21245.51131.9 130.3 587.2 324.0 160.7  68.9 721.7 138.2 347.9 748.2 164.3 227.0 111.2             173.3 201.3 182.9  21.2  94.9  52.4  26.1  40.2 116.7  22.4  56.3 121.0  26.6  36.8  14.5            3224.43745.63404.0 391.71765.8 974.2 483.1 745.6 207.1 415.31046.22250.1 493.7 682.5 334.3             516.0 599.4 544.8  62.8 282.7 156.0  77.4 119.4  26.6 347.4 167.5 360.1  79.1 109.3  42.9            1526.21772.91611.2 185.5 835.8 461.2 228.7 353.0  98.11027.3 196.61065.1 233.8 323.1 158.3            3345.13885.83531.4 406.41831.91010.7 501.2 773.5 214.82251.4 430.81085.3 512.2 708.0 346.8             623.8 724.6 658.6  75.9 341.7 188.6  93.6 144.3  32.2 419.9  80.4 202.5 435.4 132.1  51.8             976.81134.71031.2 118.8 535.0 295.2 146.4 226.0  62.8 657.5 125.9 317.0 681.7 149.7 101.4             313.0 363.6 330.5  38.1 171.5  94.7  47.0  72.5  16.2 210.7  40.4 101.7 218.5  48.0  66.4                                                                                                                                                                                                                                
0823351014  74.2 260.8 285.4 898.5 238.8 671.6 208.0  84.7 182.8 290.9 264.2 441.8 227.4                          42.8  37.8  41.3 129.8  34.6  97.0  30.1   9.9  26.5  42.1  38.2  63.9  32.9                         259.2  65.0 249.9 786.6 209.0 587.9 182.1  74.1 160.0 254.7 231.3 386.8 199.1                         284.9  71.4 251.0 864.6 229.8 646.2 200.2  81.5 175.9 279.9 254.2 425.1 218.9                         926.4 232.0 816.0 892.9 747.02101.6 650.7 264.7 571.8 910.2 826.51382.4 711.5                         236.1  59.2 208.0 227.6 716.5 535.6 165.9  67.5 145.8 232.0 210.7 352.3 181.4                         688.9 172.6 606.9 664.12091.1 555.6 483.9 196.9 425.3 676.9 614.71028.1 529.2                         203.9  51.2 179.7 196.6 618.8 164.5 462.5  58.3 125.9 200.4 182.0 304.3 156.7                          50.8  10.3  44.7  48.9 153.9  41.0 115.0  35.7  31.4  49.9  45.3  75.7  39.0                         177.6  44.6 156.4 171.2 538.7 143.2 402.7 124.8  50.8 174.5 158.4 264.9 136.4                         290.7  72.9 256.1 280.2 882.1 234.4 659.3 204.2  83.1 179.5 259.4 433.7 223.3                         262.7  65.9 231.4 253.2 797.2 211.9 595.9 184.6  75.1 162.2 258.1 392.0 201.8                         448.5 112.4 395.1 432.31361.3 361.71017.5 315.1 128.2 276.9 440.7 400.2 344.5                         224.3  56.3 197.6 216.2 680.5 180.9 508.7 157.6  64.2 138.5 220.4 200.1 334.6                                                                                                                                                                                                                                                                                                                                                                                                                                                        
0823351116  17.1 135.4 149.8 120.4 231.8  36.7  60.1 110.2  40.7  87.7  48.6 102.3 109.6 247.6  10.8              17.9 176.5 195.3 157.0 302.3  47.8  78.3 143.7  53.0 114.4  63.3 133.3 142.9 322.9  14.1             227.7 283.22000.11607.93097.1 488.6 801.71471.3 542.41171.1 647.61365.31463.43308.1 178.4             252.4 313.92003.71782.23432.7 541.5 888.61630.8 601.21298.0 717.71513.21621.93666.5 197.7             202.1 251.41604.31774.92748.4 433.6 711.51305.7 481.41039.3 574.71211.51298.62935.6 158.3             393.1 488.93120.93452.92775.9 843.41384.02540.0 936.32021.81117.92356.92526.25711.0 307.8              58.6  72.8 464.3 513.6 412.9 795.3 206.0 377.9 139.4 300.8 166.4 350.6 375.8 849.5  45.9              98.7 122.8 783.2 866.5 696.61341.7 211.7 637.4 235.0 507.4 280.6 591.5 634.01433.1  77.3             184.6 229.61465.11621.01303.22510.1 396.0 649.8 439.6 949.2 524.81106.51186.02681.0 144.6              65.5  81.4 519.1 574.3 461.7 889.2 140.4 230.3 422.5 336.3 186.0 392.0 420.2 949.8  51.3             146.1 181.71159.41282.71031.21986.3 313.4 514.2 943.6 347.9 415.3 875.6 938.52121.5 114.4              79.0  98.2 626.2 692.8 556.91072.7 169.3 277.7 509.6 187.9 405.7 472.9 506.91145.7  61.9             171.0 212.71357.11501.51207.12324.9 366.8 601.91104.5 407.2 879.2 486.11098.52483.3 133.9             183.6 228.31457.01612.01295.92496.1 393.8 646.21185.8 437.2 943.9 521.91100.32666.1 143.8             420.1 522.53335.83690.72967.05714.9 901.51479.32714.91000.82161.01194.82519.12700.2 329.0              10.1  12.5  98.8 109.3  87.9 169.2  26.8  43.9  80.4  29.7  64.1  35.5  74.7  80.0 180.7                                                                                                                                                                                                                                
0823351215 606.81047.4 242.21123.9 701.91273.43312.0 146.41719.82461.6 318.6 216.3 363.7 290.7                   594.4 547.5 126.6 587.4 366.9 665.61730.9  76.6 898.81286.5 166.6 113.1 190.2 152.0                  1045.3 557.7 222.61033.0 645.11170.43044.0 134.61580.72262.5 292.8 198.8 334.3 267.2                   189.8 101.3 174.8 187.6 117.2 212.5 552.5  19.7 286.9 410.7  53.3  29.0  60.8  48.6                  1123.6 599.51034.7 239.3 693.41258.03271.8 144.61699.02431.8 314.8 213.7 359.3 287.2                   691.7 369.1 637.0 147.3 683.5 774.52014.2  89.11045.91497.1 193.8 131.6 221.3 176.9                  1276.6 681.11175.7 271.81261.5 787.83717.6 164.31930.42763.1 357.6 242.8 408.3 326.3                  3362.61794.03096.8 715.83322.82075.03765.1 432.65084.97278.5 941.8 639.21075.3 859.3                    82.5  44.1  76.0  17.0  81.5  50.9  92.3 239.9 124.7 178.4  23.2  12.7  26.5  21.2                  1733.4 924.81596.4 369.11712.81069.61940.85047.8 223.13751.8 485.5 329.6 554.3 443.0                  2492.51329.82295.5 530.62463.01538.12790.87258.6 320.73769.1 698.1 473.9 797.1 637.0                   269.9 144.1 248.6  55.3 266.7 166.6 302.2 785.8  27.9 408.1 584.0  41.2  86.4  69.1                   134.5  71.8 123.9  27.6 132.9  83.0 150.6 391.4  14.0 203.3 290.9  37.8  43.1  34.5                   315.3 168.3 290.4  75.0 311.5 194.6 353.0 917.9  33.2 476.7 682.3  88.4  49.0  80.7                   244.0 130.2 224.7  50.0 241.1 150.6 273.1 710.2  25.2 368.8 527.9  68.4  37.2  78.1                                                                                                                                                                                                                                                                                                                                            
