0623590116 527.81295.0  95.2 136.9 175.81062.91205.51809.5  72.8 465.52010.21084.3 836.11163.9 136.2             535.92046.2 150.3 216.2 277.61679.41904.72859.2 114.9 735.53176.21713.21321.11839.0 215.1            1336.22079.3 374.7 539.0 692.24188.04749.87130.2 286.31834.17920.94272.33294.44585.9 536.3              57.6  89.6 219.7  23.3  29.9 180.3 204.5 306.9  10.0  79.1 341.0 184.0 141.9 197.5  18.6             115.2 179.2 439.6  25.9  59.7 360.8 409.2 614.2  19.9 158.1 682.3 368.1 283.9 395.1  37.1             152.1 236.5 580.3  34.2  61.4 476.3 540.2 810.8  26.2 208.7 900.8 485.9 374.7 521.6  48.9            1094.11702.54178.0 306.8 441.4 566.73889.05837.9 234.41501.76485.33498.02697.33754.8 439.2            1242.81933.94746.0 348.5 501.4 643.83895.16631.5 266.31705.87367.03973.53064.04265.2 498.8            1872.92914.47152.3 525.1 755.5 970.15870.16657.6 401.22570.79999.85988.34617.56427.8 751.7              40.6  63.1 154.7   9.2  16.5  21.1 127.0 144.0 216.1  55.7 240.1 129.5  99.9 139.0  13.1             471.0 732.81798.3 132.1 190.0 244.01475.91673.92512.7 101.02791.41505.61161.01616.2 189.1            2082.23240.17951.7 583.8 839.91078.56526.27401.79999.8 446.02858.06657.65133.67146.3 835.7            1116.41737.24263.2 313.1 450.4 578.33498.93968.35957.0 239.21532.36617.72752.33831.4 448.1             857.51334.43274.6 240.5 346.0 444.22687.53048.14575.6 183.81177.05083.02741.62942.9 344.2            1199.41866.44580.3 336.3 483.9 621.33759.14263.46400.0 257.01646.37109.83834.82957.0 481.4              88.8 138.0 338.6  20.0  35.9  46.0 277.9 315.1 473.0  15.3 121.8 525.5 283.5 218.6 304.3                                                                                                                                                                                                                                
0623590216 458.21535.5  84.2  91.1 795.01235.7 263.5 654.0  98.0 519.1 154.9 175.3 346.0 556.31336.2             467.02615.4 143.3 155.11354.12104.7 448.71113.9 166.8 884.1 263.7 298.5 589.3 947.42275.8            1596.22667.2 489.7 530.04628.77194.81533.53807.6 569.93022.1 901.21020.22014.33238.57779.7              51.1  85.2 285.3  13.7 147.8 229.6  49.1 121.6  14.7  96.5  28.9  32.7  64.4 103.4 248.3              56.3  94.0 314.9  13.9 163.1 253.4  54.1 134.2  16.2 106.5  31.9  36.0  71.0 114.1 274.0             820.11370.34593.1 251.6 272.33696.3 787.91956.1 292.81552.6 463.0 524.21034.91663.83996.7            1281.92142.17180.4 393.3 425.73717.41231.63057.9 457.72427.1 723.8 819.31617.72600.96248.0             263.0 439.31472.4  80.8  87.4 762.31184.9 627.1  94.0 497.8 148.5 168.1 331.8 533.41281.2             672.31123.33765.2 206.3 223.31949.43030.0 645.9 240.11272.8 379.6 429.7 848.31363.93276.3              61.6 102.8 344.2  15.2  16.4 178.2 277.0  59.1 146.6 116.4  34.8  39.4  77.6 124.7 299.5             530.9 887.12973.3 162.9 176.31539.42392.7 510.11266.3 189.6 299.8 339.4 669.91077.02587.2             134.4 224.5 752.3  33.1  35.8 389.5 605.4 129.1 320.4  38.5 254.4  86.0 169.6 272.6 654.6             170.6 284.9 954.8  52.4  56.7 494.4 768.4 163.9 406.7  61.0 322.8  96.4 215.2 345.9 830.8             349.5 583.91957.1 107.3 116.11013.31575.0 335.8 833.5 124.9 661.6 197.4 223.4 709.01703.0             569.8 952.13191.4 174.9 189.31652.32568.2 547.51359.2 203.51078.8 321.8 364.2 719.12777.0            1387.22318.07770.1 425.6 460.64022.76252.81332.83309.1 495.32626.5 783.2 886.61750.62814.5                                                                                                                                                                                                                                
0623590316  97.1 437.1 633.51782.8 274.5 720.7  86.7 287.1  92.9 570.12115.6 221.7 767.0 800.61168.8              59.0  75.0 108.6 305.3  47.1 123.5  12.0  49.3  12.8  97.7 362.3  38.1 131.4 137.2 200.2             441.1 124.6 813.22288.5 352.3 925.1 111.2 368.6 119.2 731.82715.7 284.5 984.61027.71500.3             645.9 182.4 821.63351.3 515.81354.7 162.8 539.7 174.51071.63977.0 416.61441.91505.02197.1            1844.4 520.62346.13400.51472.93868.6 464.71540.9 498.13060.09999.81189.64117.44297.86274.2             271.5  76.7 345.3 500.51408.3 569.3  68.5 226.9  73.4 450.41671.2 175.2 605.9 632.5 923.3             736.8 208.0 937.21358.53823.1 588.4 185.7 615.6 199.01222.44536.9 475.31644.81716.92506.4              51.1  11.6  64.9  94.0 264.4  40.8 107.0  42.7  11.1  84.6 313.7  33.0 113.8 118.8 173.4             284.7  80.4 362.1 524.81476.9 227.4 597.1  71.8  77.0 472.31752.6 183.7 635.5 663.3 968.3              55.8  12.7  70.9 102.7 288.8  44.6 116.8  11.4  46.6  92.4 342.7  36.0 124.3 129.8 189.4             579.8 163.7 737.51068.93008.1 463.01216.0 146.2 484.4 156.63569.7 374.01294.21350.91972.1            2191.5 618.52787.64040.59999.81750.14596.6 552.21830.9 591.83635.81413.44892.25106.67455.0             216.5  61.2 275.3 399.01122.7 172.9 453.9  54.6 180.9  58.5 359.11332.3 483.1 504.3 736.1             785.2 221.7 998.71447.64073.9 627.01646.8 197.9 656.0 212.11302.64834.5 506.41829.52670.8             820.2 231.61043.31512.24255.7 655.01720.3 206.7 685.3 221.51360.75050.3 529.01830.92790.0            1204.1 339.91531.62220.06247.9 961.62525.6 303.41006.0 325.21997.77414.5 776.62688.02805.8                                                                                                                                                                                                                                
06235904161168.3 281.61494.12169.61404.0 427.6  88.4 148.0 224.2 159.71280.2 316.4 767.8 598.0 279.1            1191.6 662.53516.15105.73303.91006.1 207.8 348.2 527.3 375.53012.6 744.51806.71407.1 656.8             273.7 631.4 807.51172.4 758.7 231.1  47.8  80.1 121.2  86.3 691.8 171.1 415.0 323.2 150.9            1528.83527.6 850.16551.14239.21290.9 266.6 446.8 676.6 481.83865.3 955.32318.21805.4 842.6            2228.05140.91238.86574.86178.01881.3 388.5 651.0 986.0 702.15633.21392.13378.42631.11228.0            1435.53312.2 798.24236.06151.11212.1 250.4 419.5 635.3 452.43629.4 897.02176.61695.2 791.2             424.8 980.1 236.31253.41820.11177.8  74.2 124.2 188.1 134.01073.9 265.5 644.1 501.7 234.2              48.8 112.4  27.2 143.7 208.6 135.0  41.2  11.5  21.7  14.5 123.1  30.5  73.9  57.6  27.0              93.7 216.0  52.2 276.2 401.1 259.6  79.1  13.2  41.5  27.9 236.7  58.6 142.0 110.6  51.7             193.2 445.5 107.5 569.8 827.3 535.4 163.1  27.1  45.3  57.3 488.2 120.7 292.8 228.1 106.5             123.5 284.7  68.7 364.1 528.6 342.1 104.3  17.3  29.0  54.7 311.9  77.2 187.1 145.8  68.1            1307.33016.5 726.93857.85601.93625.01103.9 228.0 382.0 578.6 412.0 816.91982.31543.8 720.6             309.8 714.6 172.3 913.91327.0 858.7 261.6  54.1  90.6 137.2  97.7 783.0 469.6 365.8 170.8             777.01792.7 432.02292.63329.12154.3 656.1 135.6 227.1 343.9 244.91964.3 485.5 917.5 428.3             601.21387.1 334.31773.92575.81666.9 507.6 104.9 175.7 266.1 189.51519.9 375.7 911.5 331.4             271.2 625.5 150.8 800.01161.6 751.7 229.0  47.4  79.3 120.1  85.5 685.4 169.5 411.1 320.2                                                                                                                                                                                                                                
0623590515 199.4 112.9  30.0 221.9 138.7  17.4  64.7 207.7  71.9  85.2 514.1 232.3 119.7 312.1                   242.3 621.9 205.91222.5 764.1 118.9 355.91144.2 395.6 468.92833.31280.3 659.01719.8                   134.7 610.5 114.4 679.3 424.6  66.1 197.8 635.8 219.8 260.61574.3 711.4 366.2 955.6                    28.2 127.3  72.1 141.6  88.5  11.1  41.3 132.5  45.9  54.4 327.9 148.3  76.4 199.1                   270.21225.4 693.6 229.6 852.2 132.6 396.91276.2 441.2 523.03160.01427.9 735.01918.1                   166.8 756.2 428.0 141.7 841.3  81.8 245.0 787.5 272.3 322.71949.9 881.1 453.61183.6                    13.9  62.5  35.4   9.5  69.5  43.5  20.3  65.1  22.6  26.7 160.9  72.8  37.5  97.7                    68.1 308.5 174.6  47.3 343.2 214.6  27.3 321.2 111.1 131.7 795.3 359.4 185.1 482.8                   252.51145.3 648.2 214.61274.3 796.5 123.9 371.0 412.3 488.82953.41334.5 686.91792.7                    83.6 378.9 214.5  71.1 421.5 263.5  41.1 122.8 394.6 161.7 976.9 441.5 227.3 593.0                   100.2 454.0 257.0  85.1 505.1 315.7  49.2 147.1 472.8 163.51170.5 529.0 272.3 710.5                   633.62874.51626.8 538.43198.21999.0 310.8 930.92993.51034.71226.63349.41723.94499.3                   283.21284.6 727.0 240.71429.3 893.4 139.0 416.11337.8 462.4 548.23312.6 770.52010.7                   143.1 648.6 367.1 121.6 721.6 451.1  70.2 210.1 675.4 233.5 276.81672.4 755.71015.1                   382.41734.5 981.7 324.91929.91206.3 187.6 561.81806.3 624.4 740.24472.92021.11040.3                                                                                                                                                                                                                                                                                                                                            
06235906161263.2 159.0  92.5 166.8 989.9 183.9 172.9 103.0 771.2 277.9 104.71969.1 478.0 650.8 313.4            1314.8 849.3 494.1 891.45291.2 982.3 923.9 550.04122.31485.1 559.09999.82554.73478.71674.9             139.4 715.3  42.0  94.5 560.5 104.2  98.0  46.7 436.7 157.4  47.51114.9 270.7 368.6 177.5              58.3 298.7  37.7  39.5 234.1  43.6  41.0  19.6 182.4  65.8  19.9 465.5 113.1 153.9  74.2             150.1 770.2  97.0  47.1 603.6 112.2 105.5  52.4 470.3 169.5  53.31200.7 291.5 396.9 191.2            1027.65277.3 663.8 386.2 696.7 767.8 722.1 429.93221.81160.7 436.98226.81996.72718.81309.1             180.7 927.5 116.8  68.0 122.5 726.8 127.0  75.7 566.3 204.1  76.91445.8 351.0 477.9 230.2             169.2 868.5 109.3  63.7 114.8 680.6 126.5  70.9 530.3 191.1  72.01353.9 328.7 447.5 215.5              66.3 339.7  42.8  20.0  45.0 266.2  49.5  46.6 207.4  74.8  22.6 529.5 128.6 175.1  84.4             797.94097.3 515.4 299.9 540.93210.7 596.1 560.7 333.8 901.2 339.26387.21550.22110.91016.4             279.51435.1 180.6 105.1 189.51124.6 208.9 196.5 117.0 876.2 118.92237.1 543.0 739.4 356.1              67.5 346.3  43.7  20.4  45.8 271.4  50.5  47.5  22.7 211.5  76.3 539.8 131.1 178.5  86.0            2056.69999.81328.4 772.81394.28276.51536.51445.1 860.26448.02323.0 874.33996.05441.42619.9             489.82514.8 316.4 184.1 332.11970.7 365.9 344.2 204.91535.3 553.2 208.33920.31295.6 623.9             671.43447.6 433.7 252.4 455.22701.6 501.6 471.8 280.92104.8 758.3 285.55374.41304.4 855.2             316.81626.7 204.7 119.1 214.81274.7 236.7 222.7 132.6 993.1 357.9 134.82535.8 615.5 838.1                                                                                                                                                                                                                                
06235907164200.8 822.8 231.5 380.6 564.51679.11589.4 575.5 322.3 834.62999.11311.6 738.62158.61318.0            4222.71270.7 357.5 587.8 871.82593.42455.0 888.8 497.71289.04632.32025.81140.83334.12035.6             794.11220.2  67.3 110.6 164.0 487.8 461.7 167.2  93.7 242.5 871.2 381.0 214.6 627.0 382.9             130.0 199.7  39.2  17.1  26.9  79.9  75.6  27.5  12.4  39.8 142.6  62.4  35.2 102.7  62.7             289.2 444.3  87.1  19.7  59.8 177.7 168.2  61.0  27.4  88.4 317.2 138.8  78.2 228.4 139.5             505.9 777.3 152.3  38.2  69.1 310.8 294.2 106.6  53.1 154.5 555.0 242.8 136.8 399.5 244.0            1663.32555.7 500.6 140.9 231.6 343.5 967.0 350.2 196.1 507.81824.6 798.0 449.41313.3 801.9            1572.32415.9 473.2 133.2 218.9 324.7 965.7 331.0 185.4 480.01724.8 754.3 424.81241.4 758.0             543.2 834.5 163.5  46.1  75.7 112.2 333.6 315.8  64.1 165.9 595.8 260.6 146.8 428.9 261.9             197.0 302.6  59.4  13.5  25.9  40.8 121.0 114.6  41.6  60.2 216.1  94.6  53.3 155.6  95.0             806.11238.6 242.7  68.3 112.3 166.5 495.1 468.7 169.8  95.1 884.3 386.8 217.9 636.5 388.7            3003.14614.3 903.7 254.3 418.1 620.01844.41745.9 632.1 354.0 916.71440.7 811.32371.11447.7            1290.31982.5 388.3 109.3 179.7 266.5 792.5 750.2 271.7 152.2 393.91415.4 348.71018.8 622.0             708.81089.0 213.4  60.1  98.8 146.4 435.3 412.1 149.3  83.6 216.4 777.5 340.1 559.6 341.7            2150.03303.5 647.0 182.1 299.3 443.91320.41250.0 452.6 253.5 656.32358.51031.4 580.91036.5            1296.81992.5 390.3 109.9 180.6 267.8 796.5 753.9 273.0 152.9 395.91422.5 622.1 350.41023.9                                                                                                                                                                                                                                
0623590816 161.91571.9 239.9 128.5 389.3 385.4 433.8 136.22084.6 884.4 683.8 654.4 209.41303.5 920.4             103.1 291.5  44.6  19.2  72.3  71.6  80.5  20.3 386.6 164.1 126.9 121.4  38.9 241.8 170.8            1605.9 467.9 693.5 371.51125.71114.41254.4 393.76028.72557.61977.31892.4 605.43769.72661.6             206.8  48.3 585.1  38.4 145.0 143.5 161.5  40.7 775.9 329.2 254.5 243.6  78.0 485.2 342.6              78.0  18.3 220.7  33.8  54.7  54.2  61.0  15.4 292.6 124.2  96.1  91.9  29.5 183.0 129.2             383.8 111.91086.1 165.8  88.9 266.3 299.8  94.21440.3 611.1 472.5 452.2 144.7 900.7 635.9             379.7 110.71074.6 164.0  87.9 266.2 296.6  93.21425.1 604.6 467.5 447.4 143.2 891.2 629.2             429.8 125.31216.3 185.6  99.5 301.3 298.2 105.41613.0 684.4 529.1 506.4 162.11008.7 712.2              83.8  19.6 237.0  36.3  15.6  58.8  58.2  65.5 314.3 133.4 103.2  98.7  31.7 196.6 138.8            2135.8 622.26045.9 922.3 494.01497.21482.11668.4 523.63401.52629.72516.9 805.25013.73539.9             895.4 260.92534.5 386.7 207.2 627.7 621.4 699.5 219.63361.31102.51055.2 337.62101.81484.0             688.1 200.51947.5 297.2 159.2 482.3 477.5 537.5 168.82582.71095.7 810.8 259.51615.01140.3             657.7 191.71861.7 284.1 152.2 461.1 456.4 513.8 161.32468.91047.4 809.8 248.01543.81090.0             178.2  41.6 504.1  77.0  33.1 124.9 123.7 139.2  35.0 668.5 283.7 219.3 209.9 418.1 295.2            1328.6 387.13760.7 573.7 307.4 931.3 921.91037.8 325.84987.52115.91635.81565.6 500.92201.9             932.6 271.72639.7 402.7 215.8 653.8 647.2 728.5 228.73500.81485.21148.21099.0 351.62189.1                                                                                                                                                                                                                                
0623590916 266.21902.5 139.0  82.0 138.4 255.71493.0 580.7 880.11031.0 403.0 589.6 331.5 137.3 396.8             261.81330.6  97.2  57.4  96.9 178.91044.2 406.2 615.6 721.1 281.9 412.4 231.9  96.0 277.5            1965.11397.7 729.3 430.3 726.51342.47841.53049.84622.55414.92116.03096.41740.6 720.32083.5             100.4  71.5 510.0  17.7  34.2  68.6 400.3 155.8 236.0 276.4 108.1 158.1  89.0  35.4 106.4              46.8  33.3 237.4  15.4  16.0  32.0 186.4  72.6 109.9 128.7  50.4  73.7  41.5  16.6  49.6             105.2  74.9 534.4  34.4  18.5  71.9 419.4 163.2 247.3 289.6 113.3 165.7  93.2  37.1 111.5             250.8 178.41274.9  93.2  55.0  92.81000.5 389.2 589.8 690.9 270.1 395.1 222.2  92.0 265.9            1538.81094.57824.7 571.1 337.0 568.91051.22388.23619.74240.21657.02424.71363.1 564.11631.5             589.2 419.12995.7 218.7 129.1 217.9 402.52350.81385.91623.4 634.4 928.3 521.9 216.0 624.7             900.9 640.84580.6 334.4 197.3 333.1 615.43594.61398.12482.3 970.01419.5 798.0 330.3 955.1            1057.9 752.55379.2 392.6 231.7 391.1 722.74221.31641.82488.51139.11666.9 937.1 387.81121.6             404.1 287.52054.5 150.0  88.6 149.5 276.11612.3 627.1 950.51113.4 636.7 358.0 148.2 428.5             598.4 425.73042.6 222.1 131.1 221.3 408.82387.6 928.71407.61648.8 644.4 530.1 219.4 634.5             329.7 234.61676.2 122.4  72.3 122.0 225.31315.4 511.7 775.5 908.4 355.1 519.5 120.9 349.6             109.4  77.8 555.6  35.8  19.3  37.3  74.8 436.0 169.7 257.1 301.1 117.8 172.3  96.9 116.0             397.7 282.92021.7 147.7  87.2 147.1 271.71586.6 617.1 935.31095.6 428.2 626.6 352.3 145.9                                                                                                                                                                                                                                
0623591016 688.3 714.7 213.5 133.0 247.6 595.8 525.8 587.0 480.2 112.3 305.3 235.6 158.6 235.3 130.8             703.71505.1 449.5 279.9 521.41254.71107.41236.21011.1 236.4 642.9 496.1 333.9 495.5 275.3             731.21506.2 467.1 290.9 541.81303.71150.61284.51050.6 245.7 668.1 515.5 346.9 514.8 286.1             208.3 428.9 445.3  82.9 154.3 371.2 327.7 365.8 299.2  70.0 190.3 146.9  98.9 146.7  81.5              91.5 188.3 195.5  58.5  67.8 163.0 143.9 160.6 131.4  24.7  83.6  64.5  43.5  64.4  33.0             243.9 502.3 521.5 155.8  97.1 434.8 383.7 428.3 350.4  82.0 222.8 172.0 115.8 171.7  95.5             607.21250.71298.6 387.9 241.5 449.9 955.41066.6 872.4 204.0 554.7 428.1 288.1 427.5 237.6             534.21100.31142.4 341.2 212.5 395.8 952.4 938.3 767.5 179.5 488.0 376.6 253.4 376.1 209.0             598.01231.81278.9 382.0 237.9 443.11066.2 941.0 859.2 200.9 546.3 421.6 283.7 421.0 234.0             486.51002.11040.4 310.8 193.5 360.5 867.4 765.5 854.6 163.5 444.5 343.0 230.8 342.5 190.4              70.8 145.7 151.2  45.3  23.7  52.5 126.1 111.3 124.2 101.6  64.7  49.9  33.6  49.9  25.6             304.1 626.3 650.3 194.3 121.0 225.3 542.1 478.5 534.1 436.9 102.2 214.4 144.3 214.1 119.0             231.4 476.5 494.7 147.8  92.1 171.4 412.4 364.0 406.3 332.4  77.8 211.4 109.8 162.9  90.6             135.9 279.9 290.6  86.9  45.5 100.8 242.3 213.8 238.7 195.3  36.6 124.2  95.9  95.7  49.0             231.0 475.8 494.0 147.6  92.0 171.2 411.8 363.5 405.7 331.9  77.7 211.1 162.9 109.7  90.4              99.7 205.2 213.0  63.7  33.4  73.9 177.6 156.8 175.0 143.1  26.9  91.1  70.3  47.3  70.2                                                                                                                                                                                                                                
0623591118  71.0 143.8 100.9 248.5  17.5 193.3 234.9  48.0  99.7  64.3  74.6  20.1 364.3  76.5  86.39999.9  49.2 111.5 615.8 432.11064.4  93.3 827.71006.2 205.1 426.7 274.9 319.1 106.81560.6 327.5 369.49999.9 210.5 231.2 630.0 896.52208.4 193.51717.22087.6 425.4 885.2 570.2 661.9 221.43238.0 679.4 766.29999.9 436.6 160.8 438.0 888.11535.2 134.51193.71451.2 295.8 615.4 396.4 460.1 154.02250.8 472.3 532.69999.9 303.5 403.31099.12228.91564.0 337.52996.03642.2 742.21544.3 994.81154.6 386.25649.31185.21336.79999.9 761.6  16.9  57.2 115.8  81.3 200.0 155.6 189.1  38.6  80.3  51.7  60.0  16.2 293.2  61.6  69.59999.9  39.6 312.5 851.61726.91211.72985.2 261.52821.8 575.01196.5 770.7 894.6 299.34376.8 918.31035.79999.9 590.1 380.91038.22105.41477.33639.5 318.82830.0 701.01458.8 939.61090.7 364.85336.21119.51262.79999.9 719.4  73.7 200.6 406.7 285.4 703.0  61.7 546.6 664.5 281.8 181.6 210.7  70.61030.7 216.3 244.09999.9 139.0 158.7 432.3 876.6 615.11515.3 132.81178.21432.3 291.9 391.3 454.1 152.02221.6 466.2 525.79999.9 299.6 100.4 273.6 554.7 389.2 958.7  84.1 745.5 906.3 184.8 384.3 287.4  96.21405.7 295.0 332.79999.9 189.6 117.4 319.8 648.3 455.01120.7  98.3 871.41059.3 215.9 449.2 289.4 112.41643.1 344.8 388.99999.9 221.6  19.9  67.4 136.5  95.8 235.9  16.7 183.5 223.0  45.6  94.6  61.0  70.8 345.9  72.7  81.99999.9  46.7 593.61617.93281.02302.35671.9 496.84410.35361.51092.52273.31464.31699.7 568.51744.61967.79999.91121.1 120.6 328.6 666.2 467.51151.6 101.0 895.51088.6 221.9 461.6 297.4 345.2 115.51688.4 399.69999.9 227.7 136.7 372.3 755.0 529.81305.0 114.41014.81233.6 251.4 523.1 337.0 391.1 130.91913.4 401.59999.9 258.09999.99999.99999.99999.99999.99999.99999.99999.99999.99999.99999.99999.99999.99999.99999.99999.99999.9  75.7 206.2 418.1 293.4 722.7  63.4 561.9 683.1 139.3 289.7 186.7 216.6  72.51059.5 222.4 250.89999.9        
0623591216 100.8 110.8  39.0  96.2  81.6 218.0  31.2 121.3  24.0  49.3 111.6  61.6 172.0 277.9  81.4             151.7 479.7 168.4 416.4 353.1 944.0 149.8 525.0 129.6 213.1 482.9 266.3 744.71203.6 352.3             167.3 481.3 185.7 459.3 389.41041.1 165.2 579.0 142.9 235.0 532.6 293.7 821.41327.5 388.6              40.6 142.3 156.4 135.8 115.2 307.8  44.0 171.2  33.9  69.5 157.5  86.9 242.8 392.4 114.9             144.5 415.7 456.9 160.4 336.3 899.1 142.7 500.0 123.4 202.9 459.9 253.6 709.31146.4 335.6             121.6 349.9 384.6 135.0 333.9 756.8 120.1 420.9 103.9 170.8 387.1 213.5 597.1 965.0 282.5             334.6 963.21058.7 371.5 919.1 779.2 330.61158.7 285.8 470.21065.7 587.71643.82656.8 777.5              31.6 110.7 121.7  42.8 105.6  89.6 239.3 133.2  26.4  54.1 122.5  67.6 188.8 305.1  89.4             183.6 528.3 580.7 203.8 504.2 427.41142.8 181.4 156.8 257.9 584.6 322.4 901.61457.2 426.5              23.3  81.3  89.3  31.4  77.6  65.8 175.7  25.2  97.8  39.7  89.9  49.6 138.6 224.0  65.6              52.6 184.5 202.8  71.2 176.1 149.3 399.0  57.1 221.9  43.9 204.1 112.6 314.8 508.7 149.0             168.4 484.6 532.7 187.0 462.4 392.11048.2 166.4 583.0 143.9 236.6 295.7 827.01336.6 391.2              90.3 259.8 285.6 100.3 248.0 210.2 562.0  89.2 312.6  77.2 126.9 287.5 443.4 716.5 209.8             262.8 756.4 831.4 291.8 721.8 611.91636.2 259.6 909.9 224.5 369.2 836.9 461.52086.3 610.6             428.21232.71355.0 475.41176.2 997.22666.6 423.01482.9 365.8 601.71363.9 752.12103.7 995.1             121.3 349.1 383.7 134.7 333.1 282.4 755.1 119.9 420.0 103.7 170.5 386.3 213.0 595.7 962.8                                                                                                                                                                                                                                
0923590116 550.9 298.2 397.01624.8 152.1 360.11391.7 754.11556.2 723.71518.02037.01888.61097.4 427.1             529.3  94.4 125.6 513.8  48.2 114.0 440.1 238.5 492.1 228.9 480.0 644.1 597.2 347.0 135.1             189.0  62.3  44.9 183.4  13.9  40.8 157.1  85.2 175.7  81.8 171.4 229.9 213.2 123.9  48.3             335.7 110.5  47.9 325.8  24.5  72.3 279.1 151.3 312.1 145.2 304.4 408.5 378.7 220.1  85.7            1623.9 534.4 289.3 385.1 147.6 349.41350.0 731.51509.6 702.11472.61976.01832.11064.5 414.3              80.7  26.6  11.6  19.2  78.3  17.5  67.1  36.4  75.0  35.0  73.2  98.1  91.0  52.9  20.7             301.6  99.3  43.1  71.6 292.7  22.0 250.7 135.9 280.4 130.5 273.5 367.0 340.2 197.7  77.0            1386.3 456.2 247.0 328.71345.6 126.0 298.2 624.51288.7 599.41257.11686.91564.0 908.8 353.7             736.5 242.4 131.3 174.7 714.9  67.0 158.5 612.3 684.7 318.5 667.9 896.2 830.9 482.8 187.9            1554.0 511.4 276.8 368.51508.3 141.2 334.31291.9 700.0 671.81409.21890.91753.21018.7 396.5             705.5 232.2 125.7 167.4 684.8  64.2 151.8 586.5 317.9 655.9 639.8 858.5 795.9 462.5 180.1            1515.0 498.6 269.9 359.31470.5 137.7 325.91259.5 682.51408.4 655.01843.61709.2 993.2 386.5            2044.0 672.6 364.1 484.71983.9 185.7 439.71699.3 920.81900.2 883.71853.52306.01339.9 521.4            1892.7 622.8 337.1 448.81837.1 172.0 407.21573.5 852.61759.5 818.31716.42303.21240.7 482.9            1086.3 357.5 193.5 257.61054.4  98.7 233.7 903.1 489.41009.9 469.7 985.11321.91225.6 277.2             363.6 119.7  51.9  86.3 352.9  26.5  78.3 302.3 163.9 338.0 157.3 329.7 442.4 410.2 238.4                                                                                                                                                                                                                                
0923590214 119.4 199.3 969.8 823.01280.9 845.1 410.6 449.6 640.6 302.8 318.3 610.3 143.2                          67.8  14.9  87.9  74.6 116.1  76.6  37.3  40.8  58.1  27.5  28.9  55.4  10.5                         131.3  16.9 170.2 144.5 224.8 148.4  72.1  79.0 112.5  53.2  56.0 107.2  20.2                         976.2 155.8 260.11074.31672.01103.1 535.9 586.9 836.2 395.2 415.5 796.7 186.9                         825.2 131.7 219.91070.11413.3 932.5 453.0 496.1 706.8 334.0 351.2 673.4 158.0                        1296.2 206.9 345.31680.91426.51464.7 711.6 779.31110.3 524.7 551.71057.8 248.1                         847.9 135.3 225.91099.5 933.11452.2 465.5 509.7 726.3 343.2 360.9 691.9 162.3                         400.9  64.1 106.9 519.8 441.1 686.5 453.0 241.0 343.4 162.3 170.7 327.2  76.8                         441.0  70.5 117.6 571.9 485.3 755.3 498.3 242.2 377.8 178.6 187.8 359.9  84.5                         637.5 101.8 169.9 826.7 701.61091.8 720.4 350.0 383.3 258.1 271.4 520.3 122.1                         289.9  46.4  77.3 375.9 319.1 496.5 327.6 159.2 174.3 248.4 123.5 236.6  55.6                         306.0  48.9  81.6 396.7 336.7 524.0 345.7 168.0 184.0 262.1 123.9 249.7  58.6                         606.4  96.8 161.6 786.3 667.31038.5 685.2 332.9 364.6 519.4 245.5 258.1 116.1                          85.6  11.0  18.8 111.0  94.2 146.5  96.7  47.1  51.5  73.4  34.7  36.5  69.9                                                                                                                                                                                                                                                                                                                                                                                                                                                        
09235903141135.2 450.6 327.2 493.3 873.61790.01547.7 156.8 460.7 909.22283.6 897.4 394.1                        1118.8 241.0 175.0 263.9 467.3 957.4 827.8  83.9 246.5 486.31221.4 480.0 210.8                         380.8 206.7  58.5  89.9 159.1 325.9 281.8  23.0  84.0 165.6 415.7 163.4  71.8                         260.6 141.5  56.2  61.6 108.9 223.0 192.9  15.8  57.5 113.4 284.5 111.9  49.2                         429.4 233.1  92.6  76.6 179.4 367.5 317.8  26.9  94.7 186.7 468.8 184.3  81.0                         852.7 462.8 183.7 133.4 201.2 729.7 631.0  64.0 187.9 370.7 930.9 365.9 160.7                        1784.8 968.6 384.5 279.2 420.9 745.41320.6 133.8 393.1 775.81948.5 765.7 336.3                        1538.4 834.9 331.4 240.6 362.8 642.51316.4 115.4 338.9 668.71679.5 660.0 289.9                          80.2  43.6  17.4  12.4  19.0  33.6  68.6  59.4  17.8  34.9  87.5  34.5  15.2                         390.2 211.8  84.1  59.9  92.1 163.0 333.9 288.7  23.5 169.7 426.0 167.5  73.6                         888.9 482.5 191.5 139.1 209.7 371.3 760.7 657.7  66.7 195.9 970.5 381.4 167.5                        2286.91241.1 492.6 357.7 539.3 955.11957.01692.1 171.4 503.7 994.0 981.1 430.8                         876.9 475.9 188.9 137.2 206.9 366.3 750.4 648.8  65.8 193.2 381.2 957.3 165.3                         328.6 178.4  70.9  50.5  77.6 137.3 281.2 243.1  19.8  72.5 142.9 358.7 141.0                                                                                                                                                                                                                                                                                                                                                                                                                                                        
0923590414 186.1 168.4 151.1 235.9 306.2 345.7 163.2  68.3  81.9 102.0  43.4 287.7  22.0                         218.3 521.4 467.7 730.3 948.11070.4 505.2 211.1 253.3 315.6 167.7 890.8  84.7                         197.0 519.6 421.8 658.8 855.2 965.5 455.7 190.4 228.5 284.7 151.3 803.5  76.4                         175.9 464.1 420.1 588.3 763.8 862.3 407.0 170.1 204.1 254.2 135.1 717.5  68.2                         278.7 735.4 665.6 597.01210.41366.5 644.9 269.5 323.4 402.8 214.11137.1 108.0                         363.9 960.4 869.2 779.61217.51784.5 842.2 351.9 422.3 526.0 279.51485.0 141.1                         411.81086.7 983.6 882.11377.71788.5 953.0 398.2 477.8 595.2 316.21680.3 159.6                         190.6 502.9 455.2 408.2 637.5 827.6 934.4 184.3 221.2 275.5 146.4 777.5  73.9                          68.0 179.3 162.3 145.6 227.3 295.0 333.1 157.2  78.9  98.3  41.8 277.2  21.2                          83.0 218.9 198.2 177.7 277.5 360.3 406.7 192.0  80.3 120.0  51.1 338.5  25.8                         116.4 307.0 277.9 249.2 389.2 505.2 570.4 269.2 112.6 135.0  89.4 474.7  45.2                          40.6 107.1  96.9  86.9 135.7 176.1 198.8  93.9  39.3  47.1  58.7 165.5  12.7                         341.5 901.1 815.6 731.51142.41483.11674.4 790.2 330.2 396.2 493.6 262.3 132.4                          17.0  44.7  40.5  36.3  56.6  73.5  82.9  39.2  16.5  19.7  24.5  10.5  69.0                                                                                                                                                                                                                                                                                                                                                                                                                                                        
0923590514 249.4 565.6 130.9  91.1 425.0 739.1 307.0 343.6 541.2  81.3 611.4 416.1 197.6                         245.4 403.1  93.3  64.9 302.9 526.8 218.8 244.9 385.7  58.0 435.7 296.6 140.9                         575.0 416.6 218.6 152.1 709.91234.8 512.9 573.9 904.1 135.81021.3 695.1 330.1                         104.4  75.7 171.5  22.2 128.9 224.0  93.1 104.2 164.1  19.8 185.3 126.2  60.0                          54.4  39.4  89.3  19.9  67.1 116.6  48.5  54.3  85.4  10.4  96.5  65.7  31.3                         428.4 310.4 703.9 162.9 113.3 919.9 382.1 427.6 673.5 101.2 760.9 517.9 245.9                         756.0 547.71242.2 287.3 199.9 933.4 674.3 754.51188.6 178.51342.8 913.9 434.0                         305.4 221.3 501.8 116.1  80.8 377.1 655.8 304.8 480.1  72.2 542.4 369.2 175.4                         343.5 248.9 564.4 130.6  90.9 424.1 737.6 306.4 540.1  81.2 610.1 415.3 197.2                         549.6 398.2 903.0 208.9 145.3 678.51180.1 490.2 548.5 129.8 976.1 664.4 315.5                          47.0  34.1  77.1  17.2  10.0  58.0 100.8  41.9  46.9  73.8  83.4  56.8  27.0                         622.8 451.21023.3 236.7 164.7 768.91337.3 555.4 621.6 979.1 147.1 752.9 357.5                         419.2 303.7 688.8 159.4 110.9 517.5 900.1 373.9 418.4 659.0  99.0 744.5 240.6                         172.6 125.1 283.6  75.0  36.6 213.1 370.6 154.0 172.3 271.4  32.7 306.5 208.7                                                                                                                                                                                                                                                                                                                                                                                                                                                        
092359069   46.8  83.6 134.8 354.5  83.6 212.7 185.5 141.3                                                        25.0   8.8  17.7  46.3   8.8  27.8  24.3  18.5                                                        53.3  10.6  37.7  98.9  18.8  59.4  51.8  39.5                                                       118.6  23.3  41.6 220.0  41.6 132.1 115.2  87.7                                                       363.9  89.1 159.3 256.8 159.2 405.3 353.4 269.1                                                        53.3  10.5  18.7  37.7  98.8  59.4  51.8  39.5                                                       214.0  52.4  93.7 151.0 397.1  93.6 207.8 158.2                                                       185.2  45.4  81.1 130.7 343.7  81.1 206.2 137.0                                                       138.4  34.0  60.6  97.7 256.8  60.6 154.1 134.4                                                                                                                                                                                                                                                                                                                                                                                                                                                                                                                                                                                                                                                                                                                                                                                                                                                                                                                                                                                                                    
0923590713  64.1 109.8  53.6  39.0  59.8  56.3  25.5  54.2  20.4  10.0  88.1  15.0                               114.11258.2 613.4 446.4 684.3 644.0 290.6 620.8 232.7 142.21009.7 197.7                               198.01273.51064.7 774.81187.81117.7 504.41077.5 403.8 246.71752.5 343.0                                94.9 609.91045.9 371.1 568.9 535.3 241.6 516.1 193.5 118.2 839.3 164.4                                68.2 438.1 751.2 366.3 408.6 384.5 173.6 370.7 139.0  84.9 602.8 118.1                               106.2 682.91171.1 571.0 415.5 599.4 270.5 577.8 216.6 132.3 939.8 184.0                                99.8 641.31099.8 536.2 390.3 598.2 254.1 542.7 203.4 124.3 882.6 172.8                                36.6 264.2 452.9 220.9 160.8 246.4 231.9 223.5  83.8  45.6 363.5  58.9                                96.1 617.51058.9 516.3 375.8 576.0 542.0 244.6 195.9 119.7 849.8 166.4                                24.5 196.4 336.7 164.2 119.5 183.2 172.4  77.9 166.2  30.5 270.2  45.6                                10.7  85.1 145.9  71.2  51.8  79.4  74.7  33.8  72.0  27.1 117.1  19.8                               158.21017.71745.3 850.9 619.2 949.2 893.2 403.1 861.1 322.8 197.2 274.2                                17.2 137.7 236.1 115.2  83.9 128.5 120.9  54.6 116.6  43.8  21.5 189.5                                                                                                                                                                                                                                                                                                                                                                                                                                                                                                                                                                    
0923590815 246.4 236.5  56.7 261.4 752.0 389.0  89.3 154.4 308.6 756.3 117.7 819.6  88.5 117.0                   252.6 396.6  94.9 438.41261.2 652.4 149.7 258.9 517.51268.5 197.41374.6 148.3 196.1                   242.1 396.0  91.0 420.11208.7 625.2 143.4 248.2 496.01215.6 189.21317.3 142.1 188.0                    34.1  55.7  53.4  59.1 169.7  87.8  16.6  34.9  69.7 170.6  26.7 184.9  16.5  26.5                   268.7 439.4 421.8 100.91341.3 693.8 159.2 275.4 550.41349.0 209.91461.8 157.7 208.6                   791.31294.31242.4 297.11373.42044.0 468.7 811.01621.33974.4 618.24306.8 464.3 614.3                   404.6 661.7 635.2 152.0 702.22020.2 239.7 414.7 828.92031.8 316.12201.7 237.4 314.1                    61.1  99.9  95.9  18.4 106.0 304.6 157.6  62.6 125.1 306.4  47.8 332.0  29.5  47.5                   154.7 252.9 242.8  58.2 268.4 772.0 399.3  91.7 316.8 776.4 120.9 841.3  90.8 120.1                   318.9 521.6 500.7 119.8 553.51592.3 823.6 188.9 326.91601.4 249.21735.4 187.2 247.6                   795.91301.81249.6 298.91381.43974.62055.8 471.4 815.71630.7 621.84331.7 467.0 617.9                   104.2 170.4 163.5  31.4 180.8 519.9 269.0  50.7 106.8 213.4 522.9 566.6  50.2  80.9                   863.31412.01355.4 324.21498.34311.22229.9 511.3 884.81768.84335.9 674.5 506.6 670.2                    60.4  98.8  94.8  18.3 104.8 301.3 155.9  29.4  61.9 123.7 303.1  47.3 328.4  47.0                   103.5 169.2 162.4  31.2 179.5 516.3 267.1  50.3 106.1 211.9 519.2  80.9 562.7  49.9                                                                                                                                                                                                                                                                                                                                            
09235909161737.51571.11084.7 319.3 424.31754.52982.81702.6 812.7 872.1 451.2 270.3 923.8 289.1 309.7            1735.21463.41010.3 297.5 395.21634.22778.31585.9 757.0 812.4 420.3 251.7 860.5 269.3 288.5            1565.81460.4 911.7 268.4 356.61474.72507.01431.0 683.1 733.1 379.2 227.2 776.5 243.0 260.3            1070.5 998.5 902.8 183.6 243.91008.21714.0 978.4 467.0 501.2 259.3 155.4 530.9 166.2 178.0             214.5 200.1 180.9 124.9  48.9 202.0 343.3 196.0  93.6 100.5  52.0  25.0 106.4  26.7  34.3             358.9 334.7 302.7 209.0  51.8 338.0 574.6 328.0 156.6 168.1  87.0  41.8 178.0  44.7  57.4            1752.51634.51478.01020.4 300.4 399.12806.01601.7 764.5 820.5 424.5 254.2 869.1 272.0 291.3            3003.12801.02532.71748.5 514.7 683.92828.32744.71310.01405.9 727.3 435.61489.2 466.0 499.1            1699.71585.31433.4 989.6 291.4 387.11600.72721.4 741.5 795.7 411.7 246.6 842.9 263.8 282.6             793.6 740.2 669.3 462.1 136.1 180.8 747.41270.6 725.3 371.6 192.3 115.2 393.6 123.2 132.0             854.1 796.7 720.4 497.3 146.5 194.6 804.41367.5 780.6 372.7 206.9 124.0 423.6 132.6 142.0             425.5 396.9 358.9 247.8  73.0  97.0 400.8 681.3 388.9 185.7 199.3  61.8 211.1  66.1  70.8             166.3 155.1 140.3  96.9  24.1  38.0 156.6 266.2 152.0  72.6  77.9  40.4  82.5  20.8  26.6             906.8 845.7 764.7 528.0 155.5 206.6 854.01451.8 828.7 395.6 424.6 219.7 131.6 140.8 150.8             180.3 168.2 152.1 105.0  26.1  41.2 169.8 288.6 164.8  78.7  84.5  43.8  21.0  89.5  28.9             241.3 225.1 203.6 140.6  34.9  55.1 227.3 386.4 220.6 105.4 113.1  58.5  28.1 119.7  30.1                                                                                                                                                                                                                                
0923591011  99.3  55.7 146.9  47.0  28.0  13.4  71.7  19.7  25.1  43.5                                           164.3 493.61303.2 416.4 247.4 147.9 635.8 216.9 222.2 384.8                                            90.2 483.3 714.9 228.5 135.8  81.2 348.8 119.1 122.0 211.1                                           245.11314.4 736.3 621.2 369.1 220.6 948.6 323.6 331.5 574.0                                            75.4 404.1 226.4 597.7 113.5  67.9 291.7  99.6 102.0 176.5                                            31.1 207.5 116.3 306.9  98.1  28.0 149.8  41.0  52.4  90.7                                            13.1  87.1  48.8 128.7  41.2  24.5  62.9  17.3  22.1  38.1                                           117.4 629.3 352.6 930.9 297.5 176.8 105.7 155.0 158.8 274.9                                            20.8 138.6  77.7 205.0  65.6  39.0  18.7 100.1  35.1  60.6                                            27.6 184.0 103.2 272.2  87.0  51.8  24.8 132.9  36.4  80.4                                            69.4 371.6 208.2 549.7 175.7 104.4  62.4 268.2  91.6  93.8                                                                                                                                                                                                                                                                                                                                                                                                                                                                                                                                                                                                                                                                                                                                                                                            
09235911151465.21043.5 730.8 360.6 375.81087.5 365.6 967.7 138.1 613.6 451.91166.5 745.1 298.1                  1465.81067.7 747.8 369.0 384.61112.7 374.1 990.2 141.3 627.9 462.41193.6 762.4 305.0                  1035.41059.0 528.2 260.7 271.7 786.0 264.3 699.5  99.8 443.5 326.7 843.1 538.6 215.5                   716.2 732.5 521.7 180.3 188.0 543.7 182.9 483.8  69.1 306.8 226.0 583.2 372.6 149.1                   304.9 311.8 222.1 155.6  80.1 231.5  77.9 206.0  23.6 130.7  96.3 248.3 158.6  63.5                   319.1 326.3 232.4 162.8  80.4 242.2  81.5 215.6  24.7 136.7 100.7 259.8 166.0  66.5                  1080.31104.9 786.9 551.1 272.0 283.5 275.8 729.8 104.2 462.8 340.8 879.7 561.9 224.8                   309.6 316.6 225.5 158.0  78.0  81.3 235.0 209.2  24.0 132.7  97.7 252.1 161.1  64.5                   958.1 979.9 697.9 488.8 241.2 251.4 727.3 244.6  92.4 410.4 302.3 780.2 498.4 199.4                    72.8  74.5  53.1  37.2  18.4  19.2  55.3  18.7  49.2  31.3  23.1  59.3  37.9  15.3                   596.6 610.2 434.6 304.4 150.2 156.6 452.9 152.3 403.1  57.6 188.3 485.9 310.4 124.2                   431.6 441.4 314.4 220.2 108.7 113.3 327.7 110.2 291.6  41.7 184.9 351.5 224.5  89.9                  1161.01187.4 845.7 592.3 292.3 304.6 881.4 296.3 784.3 111.9 497.3 366.3 603.9 241.6                   730.9 747.5 532.4 372.9 184.0 191.8 554.8 186.6 493.7  70.5 313.1 230.6 595.2 152.1                   246.9 252.5 179.9 126.0  62.2  64.9 187.4  63.1 166.8  19.1 105.8  78.0 201.1 128.5                                                                                                                                                                                                                                                                                                                                            
0923591216 166.1  68.6 152.2  30.0  46.3 175.6 211.0 173.5 247.6 224.8  73.9  47.8 642.4 234.3 642.4             195.3 206.6 459.0 112.6 161.9 529.5 636.2 523.2 746.9 678.1 222.6 159.71937.7 706.51937.7              69.0 176.8 162.0  31.9  49.2 186.8 224.5 184.6 263.5 239.3  78.6  50.8 683.6 249.3 683.6             178.4 457.5 188.7 102.8 147.9 483.5 581.0 477.8 682.1 619.2 203.3 145.91769.6 645.21769.6              26.2  67.1  27.7  61.5  18.7  70.9  85.2  70.1 100.0  90.8  29.9  19.3 259.2  94.6 259.2              44.3 113.4  46.8 103.9  20.5 119.9 144.0 118.4 169.0 153.5  50.5  32.6 438.3 159.9 438.3             206.8 530.5 218.8 486.0 119.2 171.5 673.7 554.1 790.9 718.1 235.7 169.22052.0 748.22052.0             249.9 641.0 264.4 587.3 144.0 207.2 677.5 669.5 955.7 867.7 284.8 204.42479.6 904.12479.6             204.3 524.0 216.1 480.1 117.8 169.4 553.8 665.5 781.2 709.3 232.8 167.12026.9 739.12026.9             294.5 755.6 311.6 692.2 169.7 244.2 798.6 959.6 789.11022.7 335.7 240.92922.81065.72922.8             266.8 684.3 282.2 627.0 153.7 221.2 723.3 869.1 714.71020.3 304.1 218.22647.2 965.22647.2              74.8 191.8  79.2 175.8  34.6  53.4 202.8 243.6 200.4 286.0 259.6  55.1 741.8 270.5 741.8              45.9 117.6  48.6 107.8  21.2  32.8 124.3 149.4 122.9 175.3 159.2  52.3 454.7 165.9 454.7             775.01988.5 819.91821.8 446.5 642.52101.82525.62076.92964.92691.8 883.4 633.82804.87693.0             278.3 713.8 294.4 654.0 160.4 230.7 754.5 906.6 745.51064.3 966.2 317.2 227.62761.32761.3             775.01988.5 819.91821.8 446.5 642.52101.82525.62076.92964.92691.8 883.4 633.87693.02804.8                                                                                                                                                                                                                                
