0623450113  26.6  90.9  64.1 124.1 114.7 187.4  10.8 126.5 119.8 172.8  22.0  28.0                                28.9 164.5 116.1 224.7 207.7 339.3  19.4 229.1 216.8 312.8  39.7  50.6                               148.7 197.6 478.6 927.2 856.71400.1  99.7 945.0 894.61290.8 189.9 208.2                               103.5 137.6 472.5 645.5 596.4 974.7  69.4 657.9 622.8 898.6 132.2 145.0                               204.7 272.1 934.7 659.11179.81928.1 137.21301.41232.01777.7 261.5 286.7                               188.8 251.0 862.0 607.81177.61778.2 126.61200.31136.21639.5 241.2 264.4                               311.4 413.91421.91002.61942.51794.7 208.71979.81874.22704.4 397.7 436.1                                 9.6  15.9  54.2  38.2  73.9  68.3 111.6  75.4  71.4 102.9  13.1  16.7                               208.7 277.4 953.1 672.01302.01202.91966.0 139.91256.21812.6 266.6 292.4                               197.4 262.3 901.1 635.41231.01137.41858.9 132.31254.71713.9 252.1 276.4                               286.7 381.11309.4 923.21788.71652.72701.1 192.21823.11725.9 366.3 401.6                                23.3  38.6 132.4  93.4 180.9 167.1 273.1  15.7 184.4 174.5 251.8  40.7                                30.7  50.9 174.5 123.1 238.3 220.2 359.8  20.6 242.9 230.0 331.8  42.1                                                                                                                                                                                                                                                                                                                                                                                                                                                                                                                                                                    
0623450216 699.2 391.15865.0 209.01695.01855.91974.59368.7 807.9 887.5 955.6 809.4 628.72423.4 593.0             663.2  77.11154.8  41.3 333.8 365.5 388.81844.5 159.2 174.8 188.2 159.5 123.9 477.2 116.9             242.9  50.5 422.9  12.2 122.3 133.9 142.4 675.4  58.4  64.1  69.0  58.5  45.4 174.8  42.9            5898.61224.4 684.8 365.92968.33250.23457.89999.81414.81554.11673.41417.41100.94244.01038.3             108.7  22.7  10.2 189.1  54.7  59.9  63.8 302.0  26.2  28.7  30.9  26.2  20.4  78.2  19.2            1672.4 347.2 194.32912.1 103.8 921.5 980.44651.7 401.2 440.7 474.5 402.0 312.21203.3 294.5            1835.5 381.1 213.23196.1 113.9 923.71076.05105.4 440.3 483.7 520.8 441.2 342.71320.7 323.2            1955.7 406.0 227.13405.3 121.4 984.21077.65439.6 469.1 515.3 554.9 470.0 365.11407.1 344.3            9449.61961.41097.09999.8 586.04755.15206.75539.22266.42489.62680.72270.71763.56798.81663.4             773.4 160.6  89.91346.6  48.1 389.2 426.2 453.42151.0 203.9 219.5 185.9 144.4 556.5 136.2             854.1 177.4  99.31487.0  53.1 429.8 470.6 500.72375.3 204.9 242.4 205.3 159.5 614.5 150.4             923.1 191.7 107.31607.2  57.4 464.6 508.7 541.22567.3 221.5 243.3 221.9 172.4 664.2 162.6             774.9 161.0  90.11349.3  48.2 390.0 427.0 454.32155.3 186.0 204.3 219.9 144.7 557.6 136.5             562.8 116.9  58.2 979.9  31.1 283.3 310.2 330.01565.2 135.1 148.4 159.8 135.3 405.0  99.2            2410.7 500.5 279.94197.6 149.61213.11328.31413.26705.2 578.3 635.2 684.0 579.4 450.0 424.4             500.9 104.1  46.6 872.2  25.0 252.1 276.1 293.71393.1 120.2 132.1 142.2 120.5  93.6 360.5                                                                                                                                                                                                                                
0623450311 511.6 386.2  66.9 162.2 783.0 144.4 101.1  57.0 105.8 646.3                                           529.11013.1 175.2 425.32054.3 378.6 265.1 149.4 277.41695.7                                           396.61006.0 131.4 318.81539.7 283.8 198.7 112.0 208.01271.0                                            40.1 101.4  76.6  32.2 155.2  28.7  18.5   9.2  21.1 128.1                                           159.9 405.6 306.2  53.0 620.7 114.5  80.2  45.2  83.9 512.4                                           815.72069.51562.0 270.1 655.7 583.7 408.6 230.3 427.72614.5                                           127.3 322.8 243.7  33.8 102.4 494.0  58.7  28.9  66.8 407.8                                            78.0 197.7 149.2  20.8  62.7 302.5  55.8  17.7  41.0 249.7                                            32.5  82.3  62.1   8.7  26.2 125.8  23.3  15.1  17.1 103.9                                            90.3 228.9 172.8  24.0  72.6 350.2  64.6  41.7  20.5 289.1                                           671.41703.21285.6 222.3 539.62606.8 480.4 336.3 189.6 352.0                                                                                                                                                                                                                                                                                                                                                                                                                                                                                                                                                                                                                                                                                                                                                                                            
0623450411 144.9 197.1 290.0 965.7 214.2 943.1 222.01361.9 212.1 717.7                                            84.6  15.0  27.4  90.9  19.5  88.8  17.2 128.1  16.1  67.6                                           123.6  16.0  40.0 132.8  28.4 129.7  25.1 187.2  23.4  98.7                                           247.0  32.0  43.4 265.4  56.6 259.2  50.1 374.3  46.7 197.3                                           967.5 156.0 212.2 312.2 230.61015.4 239.11466.4 228.4 772.7                                           168.3  21.8  29.6  54.4 180.8 176.6  34.2 255.0  31.9 134.4                                           944.3 152.3 207.1 304.71014.9 225.1 233.31431.2 222.9 754.2                                           146.3  19.0  25.8  47.3 157.2  33.6 153.6 221.7  27.7 116.9                                          1374.0 221.5 301.4 443.41476.8 327.51442.2 339.5 324.41097.5                                           134.8  17.5  23.8  43.6 144.8  30.9 141.5  27.4 204.2 107.7                                           712.9 115.0 156.4 230.1 766.2 170.0 748.3 176.21080.6 168.4                                                                                                                                                                                                                                                                                                                                                                                                                                                                                                                                                                                                                                                                                                                                                                                            
0623450513  60.9 163.7 153.6  77.6 461.0 148.3 204.3  58.9 202.9  22.8 209.8 200.7                                58.8 114.2 107.2  54.2 321.6 103.4 142.5  41.1 141.6  15.9 146.3 140.0                               189.0 136.7 344.8 174.11035.2 332.8 458.6 134.7 455.5  63.6 470.9 450.5                               176.8 127.9 343.9 162.9 968.7 311.4 429.2 126.1 426.3  59.5 440.7 421.6                                77.0  55.7 149.6 140.4 421.4 135.5 186.7  53.8 185.5  20.8 191.7 183.5                               546.4 395.21062.8 997.3 503.5 962.51326.5 389.41317.7 183.81362.11303.2                               170.4 123.3 331.4 310.9 157.0 933.5 413.5 121.5 410.8  57.4 424.6 406.3                               237.8 172.0 462.4 433.9 219.11302.7 418.8 169.5 573.2  80.0 592.6 566.9                                56.5  40.9 109.8 103.0  52.1 309.1  99.4 137.0 136.1  15.3 140.7 134.6                               236.1 170.8 459.2 430.9 217.61293.7 415.9 573.1 168.3  79.5 588.5 563.0                                17.0  12.4  33.0  31.0  15.7  92.8  29.9  41.2  11.9  40.9  42.3  40.5                               244.3 176.7 475.2 445.9 225.11338.7 430.3 593.1 174.2 589.1  82.2 582.6                               233.4 168.9 454.0 426.0 215.11279.0 411.1 566.6 166.4 562.8  78.6 581.8                                                                                                                                                                                                                                                                                                                                                                                                                                                                                                                                                                    
062345068   18.6  57.1  98.3  31.5 119.9  85.3 220.2                                                              13.0   9.9  17.0   5.5  20.7  14.8  38.0                                                              55.3  13.7  72.6  23.3  88.5  63.0 162.6                                                             111.4  34.4  84.9  58.5 178.3 126.9 327.7                                                              27.2   6.8  20.8  35.7  43.5  31.0  79.9                                                             137.5  42.4 104.7 180.5  72.2 156.5 404.3                                                              95.7  29.6  72.9 125.6  50.3 153.1 281.3                                                             258.8  79.8 197.1 339.7 135.9 414.2 294.6                                                                                                                                                                                                                                                                                                                                                                                                                                                                                                                                                                                                                                                                                                                                                                                                                                                                                                                                                                                                                                                                                                                                
0623450716  89.4 500.3  33.7 236.2 146.6  42.5  40.3  32.9  46.9 143.2  62.2 152.9 167.7 110.0 320.0             119.91577.1 120.3 744.5 461.8 133.8 126.8 120.3 147.5 451.1 195.9 481.7 528.3 346.41008.5             697.21638.5 699.74332.52687.1 778.2 737.3 699.7 857.72624.91139.42803.23074.52015.55869.6              33.6  87.5 489.6 231.2 143.4  41.6  39.5  32.2  45.9 140.1  60.9 149.6 164.1 107.6 313.1             326.1 766.44293.0 327.31256.8 364.0 344.9 327.3 401.21227.7 533.01311.11438.0 942.72745.3             200.2 470.32634.3 200.91243.4 223.4 211.7 200.9 246.2 753.4 327.1 804.6 882.4 578.51684.5              43.8 114.1 638.5  43.0 301.4 187.0  51.4  42.0  59.8 182.7  79.4 195.1 213.9 140.3 408.3              41.2 107.4 601.0  40.4 283.7 176.0  51.1  39.5  56.3 172.0  74.7 183.6 201.4 132.1 384.4              32.7  85.2 476.8  32.1 225.1 139.7  40.5  38.4  44.7 136.4  59.3 145.7 159.8 104.8 304.9              48.7 127.1 711.4  47.8 335.8 208.3  60.4  57.3  46.8 203.5  88.4 217.3 238.4 156.3 454.9             195.4 459.12571.5 196.11213.8 752.9 218.1 206.6 196.1 240.4 319.3 785.4 861.4 564.71644.4              81.7 191.81073.9  82.0 507.0 314.5  91.2  86.4  82.0 100.5 307.2 328.1 359.8 235.9 686.8             209.1 491.22751.3 209.81298.7 805.5 233.3 221.1 209.8 257.2 786.9 341.6 921.6 604.21759.4             229.8 540.03024.8 230.71427.8 885.6 256.5 243.1 230.7 282.7 865.1 375.6 923.8 664.31934.3             148.8 349.51957.2 149.3 923.8 573.0 166.0 157.3 149.3 183.0 559.8 243.0 597.8 655.61251.6             443.81043.05842.7 445.42757.81710.5 495.4 469.4 445.4 546.01670.9 725.31784.41957.11283.0                                                                                                                                                                                                                                
062345089  557.9  81.6 628.7 333.31110.4 155.6  75.2 152.1                                                       561.3  98.3 757.3 401.51337.8 187.4  90.5 183.2                                                        44.5  53.3  60.0  31.9 105.9  12.0   5.9  14.6                                                       634.6 759.9 111.2 453.91512.6 211.9 102.4 207.1                                                       328.4 393.2  57.6 443.1 782.6 109.7  53.0 107.2                                                      1134.11358.0 198.61530.3 811.1 378.6 182.8 370.0                                                       100.3 120.0  14.2 135.2  71.7 238.8  13.0  32.8                                                        39.6  47.4   5.7  53.4  28.4  94.3  10.7  13.0                                                       126.3 151.2  17.8 170.3  90.3 300.8  33.8  16.4                                                                                                                                                                                                                                                                                                                                                                                                                                                                                                                                                                                                                                                                                                                                                                                                                                                                                                                                                                                                                    
0623450916 427.81635.4 269.2 135.2 378.7 226.7 569.9 225.51870.12482.1 121.4 605.4 848.6 147.93717.6             424.71344.1 221.3 111.1 311.3 186.3 468.4 185.41537.02039.9  99.8 497.6 697.4 121.63055.3            1674.31386.1 872.3 437.91227.1 734.31846.7 730.76060.68044.1 393.11961.92750.0 479.09999.8             260.6 215.8 824.8  68.2 191.1 114.4 287.5 113.8 943.11251.8  61.3 305.4 428.0  74.61874.8              83.8  69.4 265.0  43.7  61.5  36.8  92.4  36.7 303.0 402.2  15.9  98.2 137.6  19.3 602.3             373.9 309.61183.4 194.9  97.9 164.1 412.4 163.21353.21796.1  87.9 438.1 614.1 107.02690.1             195.3 161.7 617.9 101.8  41.0 143.2 215.4  85.3 706.5 937.7  36.8 228.8 320.7  44.81404.4             571.8 473.31809.7 297.9 149.6 419.1 250.8 249.62069.42746.6 134.3 669.9 939.0 163.64113.8             194.2 160.8 614.5 101.2  40.7 142.4  85.2 214.2 702.7 932.6  36.6 227.6 318.9  44.51396.8            1917.21587.16068.8 998.8 501.41405.1 840.82114.6 836.69210.9 450.22246.43148.9 548.49999.8            2550.42111.48073.61328.7 666.91869.21118.62813.11113.09232.2 598.82988.54189.1 729.69999.8              73.4  60.8 232.2  38.3  15.5  53.9  32.3  81.0  32.1 265.5 352.3  86.0 120.5  16.9 527.6             608.5 503.81926.1 317.1 159.2 446.0 266.9 671.2 265.62202.52923.2 143.0 999.4 174.14378.4             860.1 712.12722.6 448.2 225.0 630.4 377.3 948.7 375.43113.44132.3 202.01007.9 246.16189.2              93.4  77.3 295.2  48.7  19.6  68.5  41.0 103.0  40.8 337.6 448.0  17.6 109.4 153.3 671.0            3828.93169.79999.81994.81001.22806.21679.24223.31670.89999.89999.8 898.94486.66289.01095.2                                                                                                                                                                                                                                
06234510143302.6 804.3 947.3 375.0 476.7 256.22373.9 109.0 370.3 374.21085.5 433.1 558.5                        3350.12236.12634.01042.41325.3 712.16600.8 302.91029.51040.23018.11204.21552.8                         795.22179.6 625.2 247.5 314.6 169.11566.7  72.0 244.4 247.0 716.4 285.9 368.6                         941.52580.6 628.5 293.0 372.5 200.21855.0  85.2 289.4 292.4 848.2 338.5 436.5                         356.2 976.1 237.8 280.1 141.0  75.8 701.7  32.3 109.5 110.7 320.9 128.1 165.2                         460.21261.3 307.2 361.9 143.3  97.9 906.7  41.7 141.5 143.0 414.6 165.5 213.4                         163.3 447.4 109.0 128.4  50.9  64.7 321.6  11.9  50.3  50.8 147.1  58.8  75.8                        2400.46579.81602.31887.3 746.9 949.6 510.2 217.1 737.7 745.32162.6 862.81112.6                          53.9 147.4  36.0  42.4  16.9  21.4   9.3 106.0  16.6  16.8  48.5  19.4  25.0                         317.0 868.7 211.6 249.3  98.7 125.5  54.0 624.5  23.1  98.5 285.6 114.0 147.0                         327.5 897.6 218.7 257.6 102.0 129.7  53.7 645.3  24.8 100.7 295.1 117.8 151.9                        1082.82967.9 722.8 851.4 337.0 428.4 230.22133.4  98.0 332.8 336.3 389.3 501.9                         415.71139.2 277.5 326.8 129.4 164.5  88.5 818.9  37.7 127.8 129.2 374.5 192.7                         543.91490.7 363.1 427.7 169.3 215.2 115.71071.5  49.3 167.2 169.0 490.0 195.6                                                                                                                                                                                                                                                                                                                                                                                                                                                        
0623451115 159.0 269.2  29.4  96.4  71.3 173.2 508.1 191.3 168.1 858.1 188.2 187.1  15.6 171.8                   190.11015.7 138.1 363.5 268.7 653.51917.4 721.7 634.23238.6 710.1 705.8  73.2 648.0                   326.01029.1 236.9 623.6 460.91121.03289.51238.01087.95556.21218.11210.7 125.51111.6                    26.8  84.4 142.8  51.2  37.9  91.9 269.5 101.5  89.2 455.1  99.9  99.3   8.4  91.2                   112.8 355.9 602.6  82.0 159.5 387.71137.5 428.2 376.31921.3 421.3 418.7  43.5 384.5                    81.8 258.0 436.8  59.5 156.4 281.1 824.6 310.4 272.81392.7 305.4 303.6  31.6 278.7                   207.6 655.21109.3 150.9 397.1 293.52094.3 788.2 692.73537.4 775.6 770.9  80.0 707.7                   620.81959.93318.6 451.11187.6 877.72135.12357.92072.09999.82320.02305.9 239.02117.1                   229.9 725.61228.5 167.1 439.7 325.0 790.42319.3 767.13917.5 858.9 853.7  88.5 783.8                   201.3 635.31075.6 146.3 385.0 284.6 692.02030.6 764.33429.8 752.0 747.4  77.5 686.2                  1052.73323.75627.8 764.92014.01488.53620.89999.83998.63513.83934.43910.5 405.23590.3                   226.1 713.61208.3 164.3 432.5 319.6 777.42281.1 858.5 754.43852.9 839.6  87.1 770.9                   224.7 709.21200.7 163.3 429.8 317.7 772.52266.9 853.2 749.73828.9 839.5  86.5 766.0                    11.4  35.7  60.3   6.7  21.7  16.1  38.9 113.7  42.9  37.7 192.0  42.2  41.9  38.5                   205.8 649.51099.7 149.6 393.6 290.9 707.62076.2 781.4 686.73506.8 768.9 764.2  79.3                                                                                                                                                                                                                                                                                                                                            
06234512162579.82534.01819.4 565.64142.2 379.41744.3 202.4 725.81645.7 390.51327.71038.61709.1 381.7            2577.32379.31708.3 531.13889.3 356.31637.9 190.0 681.51545.2 366.71246.7 975.21604.7 358.4            2530.92378.61677.5 521.53819.2 349.91608.3 186.6 669.21517.4 360.11224.2 957.61575.8 352.0            1805.61696.91666.8 372.12724.6 249.61147.4 133.2 477.41082.5 256.9 873.4 683.21124.2 251.1             491.3 461.8 453.6 325.7 741.4  65.1 312.3  30.3 130.0 294.6  70.0 237.7 186.0 306.0  65.5            4163.13912.73843.22759.3 857.8 575.42645.5 306.91100.72495.9 592.22013.71575.12592.0 578.9             274.1 257.6 253.1 181.7  56.6 413.6 174.2  16.3  72.6 164.4  39.1 132.7 103.8 170.7  34.4            1729.41625.41596.51146.3 356.42609.7 239.1 127.6 457.31036.9 246.1 836.5 654.41076.8 240.6             108.4 101.9 100.1  71.9  22.4 163.5  13.6  68.9  28.8  65.1  15.5  52.5  41.1  67.6  13.7             695.6 653.8 642.2 461.1 143.41049.6  96.2 442.1  51.4 417.1  99.1 336.5 263.2 433.1  96.8            1629.31531.31504.11079.9 335.82458.6 225.31035.4 120.2 430.8 231.8 788.1 616.51014.5 226.6             319.3 300.1 294.8 211.7  65.9 481.8  39.8 203.0  19.0  84.5 191.5 154.5 120.9 198.9  40.1            1306.61228.01206.2 866.0 269.31971.6 180.7 830.3  96.4 345.5 783.4 185.9 494.4 813.5 181.8            1013.1 952.1 935.2 671.5 208.81528.7 140.1 643.8  74.8 267.9 607.4 144.2 490.1 630.8 141.0            1693.61591.71563.51122.6 349.02555.6 234.21076.3 124.9 447.81015.4 241.0 819.2 640.8 235.6             276.0 259.4 254.8 183.0  57.0 416.4  34.5 175.4  16.4  73.1 165.5  39.4 133.6 104.5 171.9                                                                                                                                                                                                                                
0923450111 229.4  68.2 335.7  33.2  35.8 102.1 181.3  55.7 191.5 120.3                                           266.9 201.9 994.4 122.7 132.1 302.2 536.8 187.1 567.1 356.2                                            66.3 168.6 246.7  24.5  26.3  75.0 133.2  40.9 140.7  88.4                                           394.31003.9 298.3 181.3 195.2 446.5 793.3 276.4 838.1 526.4                                            28.1  71.4  21.3 104.5  11.2  31.8  56.5  17.4  59.6  37.5                                            30.9  78.5  23.4 114.8  11.5  35.0  62.0  19.1  65.5  41.2                                           114.3 290.8  86.5 425.6  52.6  56.6 229.8  80.1 242.7 152.5                                           209.2 532.4 158.3 779.4  96.2 103.6 236.9 146.7 444.5 279.2                                            52.6 133.7  39.8 195.6  19.4  20.9  59.5 105.6 111.6  70.1                                           221.5 563.7 167.6 825.2 101.9 109.7 250.8 445.4 155.3 295.6                                           136.1 346.4 103.0 507.1  62.6  67.4 154.1 273.7  95.5 289.2                                                                                                                                                                                                                                                                                                                                                                                                                                                                                                                                                                                                                                                                                                                                                                                            
0923450210  51.9 460.2 146.6  87.6 242.2 241.0 285.3  51.1  86.5                                                  30.5  94.6  30.2  15.6  49.8  49.6  58.7   8.5  16.8                                                 480.8 168.3 476.4 284.6 787.0 783.3 927.3 166.0 280.8                                                 146.6  51.4 455.8  86.8 239.8 238.7 282.5  50.6  85.6                                                  63.3  17.8 196.7  62.7 103.6 103.1 122.0  17.6  34.8                                                 248.4  87.0 772.6 246.1 147.1 404.6 478.9  85.8 145.1                                                 247.2  86.6 768.9 244.9 146.4 404.5 476.6  85.4 144.4                                                 294.4 103.1 915.7 291.7 174.3 481.8 479.5 101.6 171.9                                                  29.9   8.5  92.8  29.7  15.3  48.9  48.7  57.6  16.5                                                  69.0  19.4 214.5  68.4  35.2 112.9 112.4 133.0  19.1                                                                                                                                                                                                                                                                                                                                                                                                                                                                                                                                                                                                                                                                                                                                                                                                                                                                                                        
0923450311 408.3  96.9 495.8 504.1 722.11147.9 239.1 733.0 353.7 225.1                                           392.0  34.8 177.6 180.6 258.7 411.1  85.7 262.6 126.7  80.7                                            46.2  17.3  21.0  21.4  30.5  48.5   9.0  31.0  15.0   7.7                                           481.6 179.7  42.7 221.9 317.8 505.1 105.3 322.5 155.7  99.1                                           490.1 182.9  43.5 222.1 323.4 514.0 107.1 328.3 158.4 100.9                                           713.3 266.1  63.2 323.2 328.6 748.1 155.9 477.7 230.5 146.7                                          1149.1 428.7 101.8 520.6 529.3 758.2 251.0 769.6 371.4 236.3                                           169.8  63.4  12.1  77.0  78.3 112.1 178.1 113.8  55.0  28.0                                           724.4 270.3  64.2 328.2 333.7 478.0 759.8 158.3 234.1 149.0                                           336.1 125.4  29.9 152.3 154.9 221.8 352.5  73.5 225.1  69.2                                           141.6  52.9  10.2  64.2  65.3  93.5 148.5  27.3  94.9  45.8                                                                                                                                                                                                                                                                                                                                                                                                                                                                                                                                                                                                                                                                                                                                                                                            
092345048   28.7 105.5  19.5  89.6  88.4  57.6  72.0                                                              25.0  41.9   7.8  35.6  35.1  22.9  28.6                                                             121.8  69.4  47.0 173.7 171.3 111.7 139.7                                                              14.8   6.8  24.7  21.0  20.7  13.5  16.9                                                             102.4  58.3 171.9  39.5 143.9  93.8 117.4                                                             100.9  57.5 169.5  38.9 143.8  92.5 115.7                                                              57.1  26.1  95.8  17.7  81.3  80.2  65.4                                                              73.0  33.3 122.7  22.6 104.1 102.7  67.0                                                                                                                                                                                                                                                                                                                                                                                                                                                                                                                                                                                                                                                                                                                                                                                                                                                                                                                                                                                                                                                                                                                                
092345059   12.8  34.7  40.6  14.2  16.0   8.3  64.5  34.4                                                        15.4  88.1 103.2  36.0  40.4  21.0 163.9  87.2                                                        63.4 124.3 342.8 121.8 134.0  86.8 544.9 289.8                                                        74.8 146.5 345.2 143.7 158.0 102.3 642.6 341.7                                                        17.4  36.6 100.0 117.1  45.8  23.8 186.1  99.0                                                        19.8  41.7 113.9 133.4  46.5  27.1 212.0 112.8                                                         9.2  19.2  52.5  61.4  21.5  24.1  97.6  51.9                                                       120.5 236.2 556.6 652.0 231.6 254.8 164.9 551.1                                                        62.8 123.0 289.6 339.3 120.6 132.6  85.8 539.2                                                                                                                                                                                                                                                                                                                                                                                                                                                                                                                                                                                                                                                                                                                                                                                                                                                                                                                                                                                                                    
0923450616 380.5 116.5  89.5 130.5 126.2 277.9 515.6 210.9  71.3 520.7 214.4 901.1 186.4 490.5  87.4             395.3 302.2 232.3 338.6 327.4 721.51338.6 547.4 184.91352.1 556.52339.9 483.81273.7 226.6             102.9 256.9  48.4  88.1  85.2 187.7 348.1 142.4  38.6 351.6 144.8 608.4 125.9 331.2  59.0              59.5 148.5  45.5  51.0  49.3 108.5 201.2  82.3  22.3 203.2  83.7 351.6  72.8 191.4  34.2             117.7 293.9  90.0  54.3  97.5 214.7 398.3 162.9  45.0 402.3 165.6 696.2 144.0 379.0  67.5             124.5 310.8  95.2  73.2 106.6 227.1 421.2 172.3  58.3 425.5 175.2 736.2 152.3 400.8  71.4             286.1 714.8 218.7 168.1 245.0 236.9 968.7 396.2 133.8 978.4 402.71693.2 350.1 921.7 164.0             539.21347.4 412.2 316.8 461.8 446.5 984.2 746.7 252.11844.4 759.13191.9 659.91737.4 309.1             214.7 536.4 164.1 126.2 183.9 177.8 391.8 726.9 100.4 734.2 302.21270.6 262.7 691.6 123.1              45.3 113.1  34.7  21.4  38.9  37.6  82.7 153.3  62.8 154.8  63.8 267.8  55.5 145.8  26.1             544.71361.2 416.4 320.1 466.5 451.1 994.21844.7 754.3 254.7 766.93224.5 666.61755.2 312.3             218.4 545.7 167.0 128.4 187.1 180.9 398.6 739.5 302.5 102.2 746.91292.6 267.3 703.6 125.3             949.82373.7 726.0 558.1 813.5 786.61733.73216.91315.4 444.13249.21337.21162.43060.8 544.5             188.6 471.1 144.2 110.9 161.5 156.2 344.2 638.5 261.1  88.2 644.9 265.51116.0 607.5 108.2             512.51280.8 391.8 301.2 439.0 424.5 935.51735.8 709.8 239.71753.2 721.63034.1 627.3 293.9              74.7 186.5  57.1  35.2  64.0  61.9 136.2 252.7 103.4  28.0 255.2 105.1 441.6  91.4 240.4                                                                                                                                                                                                                                
0923450711 123.3  38.3  66.3  62.5  10.2 112.0  53.3  61.9  40.1  18.5                                           203.0 383.3 665.7 627.4 126.61124.8 535.0 620.8 402.0 230.9                                            59.8 364.2 195.8 184.6  37.3 330.8 157.4 182.6 118.3  68.0                                           107.1 652.9 202.1 330.9  66.8 593.1 282.1 327.4 212.0 121.8                                           100.7 613.8 190.0 330.0  62.8 557.6 265.2 307.8 199.3 114.5                                             8.8  66.6  20.7  35.8  33.8  60.5  28.8  33.4  21.7  10.0                                           184.01122.2 347.4 603.4 568.7 114.8 484.9 562.7 364.3 209.3                                            85.2 519.3 160.8 279.2 263.2  53.2 471.7 260.4 168.6  96.9                                            99.6 607.0 187.9 326.4 307.6  62.1 551.4 262.3 197.1 113.2                                            62.9 383.3 118.7 206.1 194.3  39.3 348.2 165.7 192.2  71.6                                            19.0 144.1  44.7  77.5  73.1  11.9 130.9  62.3  72.3  46.8                                                                                                                                                                                                                                                                                                                                                                                                                                                                                                                                                                                                                                                                                                                                                                                            
0923450813 185.4 234.6 478.1 116.1 197.5  57.9  79.5  50.2 338.5 416.0 123.1 201.1                               189.3 343.0 699.0 169.7 288.7  84.6 116.2  73.4 494.9 608.2 180.0 294.0                               242.1 346.5 893.8 216.9 369.1 108.1 148.5  93.8 632.9 777.7 230.1 376.0                               502.7 719.7 911.0 450.5 766.6 224.4 308.3 194.61314.61615.5 477.8 780.9                               115.1 164.8 208.6 424.9 175.5  51.5  70.7  44.6 300.9 369.7 109.4 178.8                               202.3 289.5 366.5 746.8 181.3  90.3 124.1  78.4 528.8 649.8 192.3 314.1                                36.0  51.4  65.0 132.4  32.2  54.8  21.7  11.2  93.8 115.2  34.2  55.8                                66.7  95.4 120.7 245.9  59.8 101.6  23.9  20.7 174.2 214.0  63.4 103.5                                30.0  42.9  54.2 110.4  26.9  45.7  10.8  18.1  78.2  96.1  28.5  46.5                               353.3 505.8 640.21304.7 316.6 538.8 157.7 216.7 136.81135.3 335.8 548.8                               436.2 624.5 790.51611.1 390.9 665.3 194.8 267.6 168.91140.7 414.7 677.6                               122.7 175.6 222.2 452.7 109.9 187.0  54.8  75.3  47.6 320.6 394.0 190.5                               206.2 295.2 373.6 761.3 184.8 314.4  92.1 126.5  79.9 539.1 662.4 196.0                                                                                                                                                                                                                                                                                                                                                                                                                                                                                                                                                                    
0923450914 367.1 426.9 637.5 199.31190.3 888.6 127.01097.5 728.2 373.3 111.7 561.7 590.9                         356.2 204.1 304.8  95.3 569.0 424.8  60.8 524.6 348.1 178.5  53.4 268.6 282.5                         417.7 205.8 357.4 111.8 667.2 498.1  71.3 615.2 408.2 209.3  62.6 314.9 331.3                         634.4 312.6 363.5 169.71013.5 756.6 108.2 934.4 620.1 317.8  95.1 478.3 503.2                         142.5  70.3  81.7 122.0 227.6 170.0  19.5 209.9 139.3  71.5  17.2 107.5 113.1                        1203.1 592.8 689.31029.4 321.71434.9 205.11772.31176.0 602.7 180.2 907.1 954.2                         892.7 439.8 511.4 763.8 238.81426.2 152.21315.0 872.6 447.2 133.8 673.0 708.1                          73.6  36.3  42.2  63.0  17.4 117.5  87.7 108.3  71.9  36.9   8.9  55.5  58.4                        1107.6 545.7 634.6 947.7 296.21769.61321.0 188.81082.6 554.9 165.9 835.1 878.5                         727.7 358.6 416.9 622.7 194.61162.6 867.9 124.11071.9 364.6 109.1 548.7 577.2                         362.5 178.7 207.7 310.2  97.0 579.1 432.4  61.9 534.0 354.3  54.4 273.3 287.6                          62.1  30.7  35.6  53.1  14.7  99.1  74.0   8.6  91.4  60.7  31.2  46.8  49.3                         556.4 274.2 318.8 476.1 148.9 888.9 663.6  94.9 819.6 543.9 278.8  83.4 441.3                         586.5 289.0 336.0 501.8 156.9 936.9 699.5 100.0 863.9 573.2 293.8  87.9 442.2                                                                                                                                                                                                                                                                                                                                                                                                                                                        
0923451010  63.81086.4 176.5 177.6 164.8 558.2 422.4 399.5 998.3                                                  28.4  50.3   8.0   8.3   6.2  25.9  19.7  18.6  46.3                                                1101.6 114.8 317.9 319.7 296.71005.3 760.7 719.51797.9                                                 139.5  11.7 247.7  40.6  30.2 127.3  96.4  91.1 227.6                                                 147.1  12.4 261.1  40.8  31.8 134.2 101.6  96.1 240.0                                                 104.2   8.8 185.0  29.0  30.3  95.1  72.0  68.1 170.0                                                 556.5  58.1 988.4 160.6 161.6 149.9 384.3 363.5 908.2                                                 416.4  43.5 739.5 120.2 120.9 112.2 380.0 272.0 679.5                                                 392.7  41.0 697.6 113.4 114.1 105.8 358.4 271.3 641.0                                                1010.6 105.31795.1 291.6 293.3 272.2 922.3 697.9 660.1                                                                                                                                                                                                                                                                                                                                                                                                                                                                                                                                                                                                                                                                                                                                                                                                                                                                                                        
0923451116 541.9  75.5 816.9 277.8 173.9 169.9 226.3  89.8  45.01104.0 814.9 585.5 476.7 909.6 455.3             564.9 252.62737.0 930.5 582.4 569.0 758.0 300.7 150.53699.22730.41961.71597.13047.81525.4              47.9 153.7 231.6  78.8  49.4  48.3  64.2  20.5  10.3 313.0 231.1 166.1 135.2 257.9 129.2             856.92754.0 383.11411.5 883.4 863.21149.9 456.0 228.25611.74142.02975.92422.74623.52314.0             284.5 914.2 127.21378.2 293.3 286.6 381.8 151.5  75.81862.71374.9 987.9 804.31534.7 768.2             174.2 559.7  77.9 843.7 286.9 175.5 233.8  92.8  46.51140.3 841.7 604.8 492.4 939.5 470.3             170.0 546.1  76.1 823.3 279.9 175.2 228.1  90.5  45.41112.6 821.3 590.1 480.4 916.7 458.9             229.9 738.6 102.81113.5 378.6 237.0 231.6 122.4  61.31504.91110.8 798.1 649.81239.9 620.6              59.0 189.3  21.2 285.4  97.1  60.8  59.4  79.1  12.7 385.6 284.7 204.6 166.6 317.7 159.1              24.4  78.1   8.8 117.7  40.1  25.1  24.6  32.7  10.5 159.0 117.4  84.4  68.7 131.0  65.6            1161.73733.9 519.35629.41913.71197.71170.21559.0 618.3 309.45615.84034.83284.86268.73137.4             854.82747.2 382.14141.91408.0 881.2 861.11147.1 454.9 227.75598.02968.72416.84612.22308.4             611.21964.4 273.32961.61006.8 630.2 615.7 820.2 325.3 162.84002.82954.51728.23297.91650.6             495.71593.1 221.62401.8 816.5 511.1 499.3 665.2 263.9 132.13246.12396.01721.52674.51338.6             955.33070.5 427.14629.21573.7 984.9 962.31282.0 508.4 254.46256.74618.13317.92701.22580.0             473.01520.1 211.52291.7 779.1 487.7 476.5 634.7 251.8 126.03097.42286.21642.61337.32552.0                                                                                                                                                                                                                                
0923451216 120.4  76.0 329.6 111.6  37.3 119.3 154.8  41.4  12.5 125.8 129.5  49.7  61.1 153.6  36.4             194.2 610.52650.2 896.2 299.1 958.51243.7 332.0 124.81010.41040.5 398.6 490.51234.6 291.7             120.8 601.51648.4 557.5 186.1 596.2 773.6 206.5  77.7 628.5 647.2 248.0 305.1 767.9 181.5             540.52692.81700.02495.7 832.72669.23463.3 924.2 347.32813.72897.41109.91365.73438.2 812.3             179.6 894.4 564.72451.3 276.6 886.61150.3 307.1 115.4 934.6 962.4 368.7 453.71142.0 269.9              40.9 254.3 160.6 696.8 235.7 252.1 327.0  87.4  26.4 265.7 273.6 104.9 129.0 324.7  76.8             192.4 958.3 605.02626.4 888.2 296.41232.5 329.0 123.71001.31031.1 395.0 486.11223.5 289.1             251.11250.7 789.63427.71159.1 386.81239.7 429.3 161.41306.81345.7 515.5 634.31596.8 377.3              63.5 315.9 199.5 865.6 292.8  97.8 313.1 406.2  40.8 330.1 339.9 130.3 160.3 403.3  95.4              11.1  68.6  43.4 187.8  63.6  21.3  68.0  88.2  23.6  71.7  73.8  28.4  34.9  87.6  20.8             203.11011.5 638.62772.2 937.5 312.81002.61300.9 347.2 130.51088.4 417.0 513.01291.5 305.2             209.31042.3 658.12856.7 966.1 322.41033.21340.6 357.8 134.51089.1 429.7 528.71330.8 314.5              77.2 384.2 242.61052.9 356.1 118.9 380.9 494.1 132.0  49.7 401.5 413.4 194.9 490.6 116.0              96.1 478.4 302.11311.0 443.4 148.0 474.2 615.3 164.3  61.8 499.9 514.8 197.3 610.8 144.4             249.21241.4 783.73402.31150.5 383.91230.51596.6 426.1 160.21297.11335.7 511.7 629.6 374.5              39.8 247.5 156.3 678.1 229.4  76.6 245.3 318.3  85.0  25.6 258.6 266.3 102.1 125.6 315.9                                                                                                                                                                                                                                
