0324350116 588.43627.01355.62107.51642.42570.7 830.03647.31394.63796.01584.0 820.52970.1 812.99999.8             343.6  99.4  37.2  57.8  45.1  70.5  22.8  99.9  38.3 104.0  43.5  19.9  81.4  20.6 343.6            3564.9 167.2 385.0 598.5 466.5 730.1 235.81035.8 396.11078.0 449.9 233.1 843.5 230.93564.9            1277.6  60.0 369.2 214.6 167.3 261.7  84.6 371.3 142.0 386.4 161.3  83.6 302.4  82.91277.6            2034.8  95.5 588.0 219.8 266.3 416.8 134.6 591.2 226.1 615.3 256.8 133.1 481.5 131.92034.8            1566.5  73.5 452.7 169.3 263.1 320.9 103.7 455.2 174.1 473.8 197.8 102.5 370.7 101.61566.5            2501.2 117.3 722.7 270.2 420.0 327.3 165.5 726.8 277.9 756.4 315.7 163.6 591.8 162.12501.2             672.5  25.3 194.4  72.7 113.0  88.1 137.8 195.5  74.8 203.4  85.0  38.8 159.2  40.2 672.5            3585.3 168.11035.9 387.2 602.0 469.1 734.2 237.1 398.41084.2 452.4 234.4 848.3 232.33585.3            1316.9  61.8 380.6 142.3 221.2 172.4 269.8  87.2 382.7 398.3 166.3  86.2 311.6  85.41316.9            3735.1 175.21079.2 403.4 627.1 488.7 764.9 247.01085.2 415.0 471.3 244.2 883.7 242.03735.1            1507.6  70.8 435.6 162.9 253.2 197.3 308.8  99.8 438.1 167.6 455.9  98.7 356.8  97.71507.6             573.7  21.6 165.8  62.1  96.4  75.2 117.6  38.1 166.8  63.8 173.6  72.5 135.8  34.3 573.7            2903.4 136.2 838.9 313.6 487.5 379.9 594.6 192.1 843.6 322.6 878.0 366.4 189.9 188.12903.4             597.3  22.5 172.7  64.6 100.4  78.3 122.4  39.6 173.6  66.5 180.7  75.5  34.5 141.4 597.3            9999.8 588.43627.01355.62107.51642.42570.7 830.03647.31394.63796.01584.0 820.52970.1 812.9                                                                                                                                                                                                                                
0324350215 194.1  91.2  37.8 169.7  18.5  53.2  20.1 399.3  99.3 241.2 181.8  48.2 124.7 162.1                   307.3 861.7 356.71604.2 217.0 501.8 236.13775.4 938.42280.21718.4 454.91178.61532.1                   141.4 843.8 164.1 738.0  99.9 230.9 108.71736.7 431.71049.0 790.5 209.3 542.2 704.9                    39.9 296.6 139.4 259.4  28.2  81.2  30.7 610.4 151.8 368.7 277.9  73.6 190.6 247.8                   268.11600.0 751.6 311.1 189.3 437.8 206.03293.2 818.51989.01498.9 396.81028.11336.5                    17.2 127.2  59.8  24.8 111.2  34.9  13.2 261.6  65.1 158.0 119.1  31.6  81.8 106.2                    80.1 477.4 224.3  92.9 417.6  56.6  61.5 982.6 244.3 593.5 447.3 118.5 306.8 398.8                    19.1 141.3  66.5  27.6 123.6  13.5  38.8 290.7  72.4 175.7 132.4  35.1  90.9 118.1                   638.43810.91790.1 740.93332.9 450.71042.5 490.41949.54737.53570.2 945.02448.63183.1                   154.5 922.0 433.1 179.3 806.3 109.1 252.3 118.71897.61146.1 863.7 228.7 592.4 770.1                   383.42288.41074.9 444.92001.4 270.7 626.0 294.54710.11170.72143.8 567.51470.41911.4                   287.61716.3 806.2 333.71501.0 203.0 469.6 220.93532.5 878.02133.6 425.61102.81433.6                    52.0 387.5 182.1  75.4 338.9  36.8 106.1  40.0 797.5 198.3 481.7 363.1 249.1 323.7                   195.51166.6 548.0 226.91020.3 138.1 319.2 150.22401.1 596.81450.21092.9 289.4 974.4                   255.81526.6 717.1 296.91335.1 180.6 417.7 196.53142.1 781.01897.71430.2 378.6 980.9                                                                                                                                                                                                                                                                                                                                            
03243503151408.44383.2 961.9 473.02504.4 169.81890.72006.4 202.4 423.9 915.0 311.8 582.35014.7                  1401.53452.8 757.7 372.61972.8 133.81489.41580.6 159.4 334.0 720.8 245.6 458.73950.3                  4431.63508.22395.91178.16238.4 422.84709.64998.0 503.91055.82279.2 776.51450.39999.8                   946.7 749.42332.3 251.81332.6  90.41006.11067.7 107.7 225.6 486.9 166.0 309.92668.3                   448.7 355.31105.4 242.7 631.6  42.9 476.9 506.1  51.1 107.0 230.8  78.7 146.91264.7                  2517.91993.26203.51361.3 669.4 240.22675.82839.6 286.3 599.91295.0 441.2 824.07097.3                    92.7  73.4 228.3  50.2  24.8 130.5  98.5 104.6   8.6  22.2  47.8  13.8  30.4 261.2                  1892.71498.34663.21023.3 503.22664.4 180.62134.6 215.3 451.0 973.5 331.7 619.55335.1                  2010.71591.74953.81087.1 534.62830.4 191.92136.8 228.7 479.11034.1 352.4 658.15667.5                   116.9  92.5 287.7  63.2  31.2 164.5   9.0 124.2 131.8  27.9  60.2  17.3  38.3 329.2                   359.5 284.6 885.5 194.4  95.7 506.0  27.6 382.0 405.4  32.8 184.9  53.0 117.71013.0                   898.9 711.62214.7 486.1 239.11265.4  85.9 955.31013.8 102.3 214.2 157.6 294.32533.7                   209.5 165.9 515.9 113.3  55.8 294.8  16.1 222.6 236.2  19.2  50.0 107.8  68.6 590.2                   560.0 443.31379.6 302.8 149.0 788.3  53.5 595.1 631.6  63.8 133.5 288.1  98.21578.4                  5074.94017.49999.82743.71349.17144.0 484.15393.25723.4 577.01209.02610.0 889.21660.8                                                                                                                                                                                                                                                                                                                                            
0324350414  36.2 195.6  78.7 122.3 406.0 196.8 236.3  68.0 293.7  43.4  31.3 121.8 239.8                          33.3 102.4  41.2  64.0 212.5 103.1 123.7  35.6 153.7  22.8  16.4  63.8 125.5                         231.5 164.9 287.0 446.31482.6 718.7 862.7 247.91072.5 197.5 142.2 444.7 875.6                          89.0  63.4 274.4 171.5 569.6 276.1 331.4  95.3 412.0  75.9  54.7 170.9 336.4                         142.2 101.3 438.4 176.2 910.0 441.1 529.5 152.2 658.3 121.3  87.3 273.0 537.4                         487.8 347.41505.3 604.8 940.51514.61818.0 522.42260.2 416.1 299.6 937.21845.3                         233.0 165.9 718.8 288.9 449.21492.1 868.2 249.51079.3 198.7 143.1 447.6 881.2                         281.0 200.1 867.1 348.4 541.81799.8 872.4 301.01301.9 239.7 172.6 539.81062.9                          68.5  39.1 211.0  84.8 131.9 437.8 212.3 254.8 316.7  46.8  33.7 131.4 258.6                         351.0 250.01083.0 435.2 676.72248.11089.81308.1 375.9 299.4 215.6 674.31327.7                          41.2  23.5 126.8  51.0  79.3 263.1 127.6 153.2  44.1 190.4  20.3  79.0 155.4                          27.8  15.9  85.4  34.4  53.4 177.2  86.0 103.2  29.7 128.2  19.0  53.2 104.7                         141.6 100.9 436.8 175.6 272.9 906.5 439.5 527.5 151.6 655.8 120.8  87.0 535.4                         285.4 203.2 880.4 353.8 550.11827.4 885.81063.3 305.61321.9 243.4 175.2 548.1                                                                                                                                                                                                                                                                                                                                                                                                                                                        
0324350511  79.2  36.2  45.5  37.8  60.3  58.7  47.9  69.7  63.1  18.5                                           121.9 134.4 168.8 140.4 224.0 218.0 177.8 259.1 234.6  85.4                                            37.9 114.2  65.5  54.5  86.9  84.6  69.0 100.6  91.1  26.6                                            48.8 146.9  67.1  70.1 111.8 108.8  88.8 129.3 117.1  34.2                                            39.8 119.9  54.8  68.8  91.3  88.8  72.5 105.6  95.6  27.9                                            91.5 220.7 100.8 126.6 105.3 163.5 133.3 194.3 175.9  64.1                                            88.9 214.4  98.0 123.0 102.3 163.2 129.5 188.8 170.9  62.3                                            51.6 155.5  71.0  89.2  74.2 118.3 115.2 136.9 123.9  36.2                                           106.7 257.4 117.6 147.6 122.8 195.9 190.7 155.5 205.2  74.7                                            96.1 231.8 105.9 132.9 110.6 176.4 171.7 140.0 204.0  67.3                                            17.1  51.4  23.5  29.5  24.6  39.1  38.1  31.1  45.3  41.0                                                                                                                                                                                                                                                                                                                                                                                                                                                                                                                                                                                                                                                                                                                                                                                            
0324350615  55.0 128.6 286.5 150.0 116.3  82.6 591.3  39.7  51.1 198.9 192.2  70.9 378.4 195.9                    52.6  84.8 189.0  99.0  76.8  54.5 390.0  26.2  33.7 131.2 126.8  46.8 249.6 129.2                   147.3 110.4 529.9 277.3 215.1 152.71093.6  91.7 112.4 367.7 355.3 131.0 699.7 362.1                   337.7 253.0 545.0 635.9 493.1 350.12508.3 210.1 257.5 843.2 814.8 300.31604.8 830.4                   173.1 129.7 279.3 622.8 252.8 179.51285.5 107.7 132.1 432.2 417.6 153.9 822.5 425.6                   132.6  99.3 213.9 476.8 249.5 137.4 984.1  82.5 101.1 330.9 319.7 117.9 629.7 325.9                    82.9  57.2 133.7 298.0 156.0 121.0 615.1  41.3  53.1 206.8 199.9  73.7 393.6 203.7                   705.0 528.21137.92537.41327.71029.5 730.9 438.5 537.71760.61701.3 626.93351.11734.0                    35.9  24.8  57.9 128.9  67.5  52.4  37.2 265.9  23.0  89.5  86.5  31.9 170.2  88.1                    48.4  33.4  78.0 173.7  91.0  70.6  50.1 358.5  24.1 120.6 116.5  43.0 229.4 118.8                   232.0 173.8 374.4 834.8 436.8 338.8 240.51723.1 144.4 177.0 559.8 206.31102.4 570.5                   224.0 167.8 361.4 805.8 421.7 327.0 232.21663.2 139.3 170.8 559.1 199.11064.1 550.7                    70.0  48.3 113.0 251.7 131.8 102.2  72.6 519.5  34.9  44.9 174.7 168.8 332.4 172.1                   448.4 335.9 723.61613.6 844.3 654.7 464.83330.7 278.9 341.91119.61081.9 398.71102.7                   228.4 171.1 368.6 821.8 430.0 333.5 236.81696.2 142.1 174.2 570.2 551.0 203.11085.2                                                                                                                                                                                                                                                                                                                                            
0324350716 621.6 319.1 986.2 381.9 483.0 206.2 253.7 110.5 517.9 640.41302.3 942.7 257.3  90.6  53.4             640.5 826.02553.3 988.61250.3 533.6 656.6 285.91340.81657.83371.62440.6 666.1 234.4 138.2             322.7 810.61286.3 498.1 629.9 268.9 330.8 144.1 675.5 835.21698.51229.5 335.6 118.1  69.7            1023.72571.71320.11579.91998.3 852.71049.4 456.92142.92649.55388.83900.71064.5 374.5 220.7             388.7 976.4 501.21549.3 758.7 323.8 398.5 173.5 813.61006.02045.91481.0 404.2 142.3  83.9             494.91243.3 638.21972.9 763.9 412.3 507.4 221.01036.01280.92605.21885.8 514.7 181.1 106.8             204.1 512.5 263.1 813.2 314.9 398.3 209.2  91.2 427.1 528.01073.8 777.3 212.2  74.7  44.1             254.0 638.0 327.51012.3 392.0 495.8 211.6 113.4 531.6 657.31336.7 967.6 264.1  93.0  54.9              88.8 223.0 114.5 353.7 137.0 173.3  74.0  91.1 185.8 229.7 467.1 338.1  92.4  26.1  15.4             531.61335.5 685.62119.2 820.51037.8 442.9 545.0 237.31375.92798.42025.7 552.8 194.5 114.7             660.31658.7 851.42632.01019.01288.9 550.0 676.8 294.71382.13475.62515.9 686.6 241.6 142.4            1355.83406.11748.35404.82092.52646.71129.41389.8 605.12838.13509.25166.31409.8 495.9 292.3             977.92456.91261.13898.51509.41909.1 814.61002.5 436.52047.22531.25148.11017.0 357.8 210.9             257.8 647.6 332.51027.6 397.9 503.3 214.8 264.3 115.1 539.6 667.21356.9 982.2  94.4  55.7              56.7 142.3  73.1 225.8  87.5 110.6  47.3  58.2  24.4 118.6 146.6 298.1 215.8  59.0   9.9              28.3  71.0  36.5 112.6  43.7  55.2  23.6  29.1  12.2  59.2  73.1 148.6 107.6  29.5   8.4                                                                                                                                                                                                                                
0324350816  74.1 369.0 291.0 197.6 316.0 576.8 395.1 366.7 422.6  63.4  67.6 118.2 398.8 119.5 160.6              48.8 142.3 112.3  76.2 121.9 222.4 152.4 141.4 163.0  19.6  21.0  45.6 153.8  46.1  62.0             386.4 226.6 890.9 604.7 967.31765.91209.41122.71293.8 193.9 206.8 361.71220.8 365.5 491.3             302.8 177.7 885.3 473.9 758.11383.9 947.8 879.81014.0 152.0 162.1 283.5 956.7 286.5 385.1             202.7 118.9 592.4 467.2 507.3 926.0 634.2 588.7 678.5 101.7 108.5 189.7 640.2 191.7 257.7             329.6 193.3 963.5 759.9 515.71506.21031.6 957.61103.5 165.4 176.4 308.51041.2 311.7 419.1             609.1 357.21780.81404.4 953.21524.81906.61769.82039.6 305.6 326.0 570.21924.4 576.1 774.5             414.3 243.01211.3 955.3 648.41037.21893.61203.81387.3 207.9 221.8 387.91309.0 391.9 526.9             384.0 225.21122.5 885.3 600.9 961.21754.81201.81285.6 192.7 205.5 359.41213.1 363.2 488.2             443.9 260.31297.71023.4 694.61111.22028.61389.31289.7 222.7 237.6 415.51402.3 419.8 564.4              40.4  19.0 117.9  93.0  63.2 101.0 184.3 126.2 117.2 135.0  17.4  37.8 127.4  38.2  51.4              43.7  20.6 127.6 100.6  68.3 109.2 199.3 136.6 126.8 146.1  17.6  40.9 137.8  41.4  55.6             108.4  53.1 316.8 249.9 169.6 271.3 495.2 339.2 314.9 362.9  45.4  48.4 342.4 102.6 137.9             418.3 245.31222.9 964.4 654.61047.11911.71309.31215.31400.6 209.9 223.9 391.6 395.7 531.9             119.0  69.8 347.6 274.2 186.1 297.7 543.4 372.2 345.5 398.1  59.7  63.7 111.4 375.6 151.3             163.0  95.7 476.4 375.7 255.1 408.0 744.7 510.1 473.5 545.6  81.8  87.3 152.6 514.8 154.2                                                                                                                                                                                                                                
0324350916 114.1  24.7 197.7 156.7 362.9 104.1  38.5  26.8  40.4 170.7 263.6 266.5  51.9  59.5 137.0             172.0 148.1 953.6 756.01751.1 502.0 185.2 161.0 194.4 823.51271.51285.9 249.8 286.5 660.7              23.9  92.8 160.9 127.6 295.3  84.7  31.3  21.8  32.9 139.0 214.5 216.9  42.2  48.4 111.5             302.5 967.2 260.41329.63080.2 882.9 325.6 283.0 341.91448.52236.62261.9 439.2 503.91162.1             238.6 762.9 205.41323.02429.5 696.4 256.9 223.3 269.71142.51764.11784.0 346.5 397.4 916.6             560.21791.6 482.23107.12463.01635.4 603.1 524.2 633.22683.24143.04189.9 813.6 933.22152.6             156.5 500.4 134.7 867.7 687.81593.3 168.5 146.5 176.9 749.31157.01170.0 227.3 260.7 601.2              40.0 155.5  33.6 269.6 213.7 494.9 142.0  36.5  55.0 232.8 359.4 363.5  70.7  81.1 186.8              26.4 102.5  22.2 177.7 140.9 326.2  93.6  34.6  36.3 153.5 236.9 239.6  46.6  53.5 123.1              42.2 164.2  35.5 284.6 225.7 522.6 149.9  55.4  38.5 245.8 379.5 383.8  74.6  85.6 197.2             260.4 832.8 224.21444.21144.82652.0 760.2 280.4 243.7 294.41925.61947.4 378.2 433.81000.5             405.21295.9 348.82247.31781.44126.91182.9 436.2 379.2 458.01940.73030.4 588.5 675.01556.9             409.81310.7 352.82273.01801.84174.21196.4 441.2 383.5 463.31963.03030.9 595.2 682.81574.8              75.0 239.7  64.6 415.5 329.4 763.0 218.8  80.8  70.2  84.8 358.9 554.0 560.3 124.9 287.9              86.9 277.6  74.8 481.4 381.6 883.9 253.4  93.5  81.3  98.2 415.7 641.8 649.1 126.1 333.5             207.8 664.4 178.91152.2 913.42115.8 606.5 223.7 194.5 234.9 995.01536.31553.7 301.8 346.1                                                                                                                                                                                                                                
0324351016  95.6 629.6 484.5 287.3 583.7 321.5 262.4 279.8 458.2 664.8 730.9 635.5 227.1 480.2  80.4              56.7  91.8  70.6  41.9  85.1  46.9  38.3  40.8  66.8  96.9 106.5  92.6  33.2  70.0   9.5             639.3 157.1 796.7 472.4 959.8 528.6 431.4 460.0 753.41093.11201.81045.0 373.3 789.6 132.2             488.4 120.0 790.9 360.9 733.2 403.8 329.6 351.4 575.5 835.0 918.0 798.3 285.2 603.2 101.0             283.3  69.7 458.7 353.0 425.2 234.2 191.2 203.8 333.8 484.3 532.4 463.0 165.4 349.8  58.6             591.5 145.3 957.9 737.1 437.1 489.1 399.2 425.6 697.01011.41111.9 966.9 345.4 730.6 122.3             318.8  78.4 516.3 397.3 235.6 478.6 215.2 229.4 375.7 545.1 599.2 521.1 186.2 393.7  66.0             257.3  63.3 416.7 320.6 190.2 386.2 212.8 185.2 303.2 439.9 483.6 420.5 150.3 317.8  53.3             275.4  67.7 446.0 343.2 203.5 413.4 227.7 185.9 324.5 470.9 517.7 450.1 160.8 340.1  57.0             461.0 113.3 746.5 574.4 340.6 692.0 381.2 311.1 331.7 788.1 866.5 753.4 269.2 569.3  95.3             675.9 166.11094.5 842.3 499.51014.6 558.9 456.1 486.3 796.41270.51104.8 394.6 834.8 139.7             744.6 182.91205.9 927.9 550.21117.8 615.7 502.5 535.8 877.41273.21217.1 434.8 919.7 153.9             645.4 158.61045.2 804.3 477.0 968.9 533.7 435.5 464.4 760.61103.61213.3 376.9 797.2 133.4             220.6  54.3 357.1 274.8 163.0 331.0 182.4 148.9 158.7 259.9 377.0 414.5 360.4 272.4  45.7             483.9 118.9 783.6 603.0 357.6 726.4 400.1 326.5 348.2 570.2 827.4 909.6 790.9 282.6 100.1              45.3   9.0  73.2  56.4  33.5  67.9  37.4  30.6  32.6  53.3  77.3  85.0  73.9  26.5  55.9                                                                                                                                                                                                                                
0324351116 165.4  84.6 197.1  56.1 197.6  70.0 174.8  26.1  30.8  57.0 114.4 111.1 129.7 212.0 165.1             205.8 432.21008.0 286.51010.7 357.7 894.1 166.3 196.3 291.3 585.1 568.2 663.31084.3 844.6             102.5 421.0 501.5 142.6 502.8 178.0 444.8  82.8  97.7 145.0 291.1 282.7 330.0 539.4 420.2             246.21012.4 517.1 342.71209.2 428.01069.7 199.0 234.9 348.5 700.0 679.8 793.51297.21010.5              58.4 244.6 125.0 291.3 292.1 103.5 258.4  38.6  45.5  84.3 169.1 164.3 191.7 313.4 244.1             246.91015.1 518.51209.2 343.6 429.11072.5 199.5 235.5 349.4 701.8 681.6 795.61300.71013.1              83.9 344.5 176.0 410.4 116.7 411.5 364.0  67.8  80.0 118.7 238.2 231.4 270.1 441.4 343.9             217.8 895.4 457.31066.6 303.11069.4 378.5 176.0 207.7 308.2 619.1 601.2 701.81147.3 893.6              24.3 101.4  51.8 120.7  34.4 121.0  42.9 107.1  18.9  35.0  70.1  68.1  79.5 129.8 101.2              29.6 123.8  63.3 147.4  42.0 147.8  52.4 130.8  19.6  42.7  85.6  83.1  97.0 158.6 123.5              59.5 249.1 127.3 296.7  84.4 297.5 105.4 263.2  39.3  46.3 172.3 167.3 195.3 319.1 248.6             140.6 578.0 295.2 688.5 195.7 690.3 244.4 610.7 113.6 134.1 199.0 388.1 453.0 740.6 576.9             136.4 560.7 286.4 667.9 189.9 669.7 237.1 592.4 110.2 130.1 193.1 387.7 439.5 718.4 559.6             160.1 658.3 336.2 784.2 222.9 786.2 278.3 695.5 129.4 152.7 226.6 455.2 442.1 843.5 657.0             265.31090.7 557.11299.3 369.21302.7 461.11152.4 214.3 253.0 375.4 754.1 732.4 854.91088.6             205.4 844.5 431.31006.0 285.91008.6 357.0 892.3 166.0 195.9 290.7 583.9 567.1 661.91082.1                                                                                                                                                                                                                                
0324351216 139.1  23.8  76.7 119.5 123.8 115.7 142.6  49.0  49.4 106.7  42.9  19.5 204.4  73.9  39.4             224.4 259.4 688.31073.31112.21039.21281.5 439.4 443.3 958.5 384.4 217.31837.1 663.4 353.2              24.5 169.9  93.7 146.0 151.3 141.3 174.3  59.8  60.4 130.4  52.4  23.7 249.8  90.3  48.1             121.4 675.8 140.4 580.5 601.6 562.1 693.1 237.7 239.8 518.5 208.0 117.6 993.6 358.9 191.1             192.11069.4 222.0 589.1 951.9 889.41096.8 376.1 379.4 820.4 329.0 186.01572.3 567.8 302.3             199.21109.2 230.3 611.0 952.8 922.51137.5 390.0 393.5 850.9 341.3 192.91630.8 588.9 313.6             185.81034.5 214.8 569.9 888.6 920.81061.0 363.8 367.1 793.6 318.3 179.91521.0 549.3 292.5             230.31282.2 266.2 706.31101.41141.31066.4 450.9 454.9 983.6 394.5 223.01885.2 680.8 362.5              75.8 421.4  87.5 232.2 362.0 375.1 350.5 432.2 149.6 323.3 129.7  73.4 619.5 223.8 119.2              76.5 425.4  88.4 234.4 365.4 378.7 353.8 436.3 149.6 326.4 130.9  74.1 625.4 225.9 120.3             171.0 952.1 197.7 524.5 817.8 847.5 791.8 976.4 334.8 337.8 292.9 165.61399.8 505.5 269.2              65.7 365.2  75.9 201.2 313.7 325.1 303.7 374.5 128.5 129.6 280.2  63.6 536.9 194.0 103.3              19.3 133.8  22.9  73.8 115.0 119.1 111.3 137.2  47.1  47.6 102.7  41.3 196.7  71.1  37.9             332.21850.2 384.01019.21589.31646.91538.71897.5 650.6 656.41419.3 569.2 321.7 982.3 523.0             116.9 650.4 135.1 358.3 558.7 579.0 540.9 667.1 228.8 230.8 499.0 200.2 113.2 956.3 183.9              43.3 300.5  51.2 165.6 258.1 267.5 249.9 308.2 105.7 106.7 230.5  92.5  41.9 441.8 159.6                                                                                                                                                                                                                                
0524550116 922.0 111.71411.2 204.91481.6 212.7 196.8 684.5 146.8 128.71266.4 616.21567.6 268.5 251.7             942.3 260.03285.8 477.03449.8 495.0 458.01593.7 341.5 299.42948.71434.73650.1 625.0 586.0              68.6 156.0 238.7  34.8 250.6  36.1  33.4 115.8  20.0  17.5 214.2 104.3 265.2  45.5  42.7            1450.83305.0 400.2 734.35311.6 762.1 705.12453.7 525.8 460.94540.02208.95619.9 962.3 902.1             177.7 404.6  39.3 619.3 650.2  93.4  86.4 300.4  51.6  45.3 555.8 270.5 688.0 117.9 110.5            1524.03471.9 420.45314.3 771.4 800.5 740.72577.6 552.3 484.24769.22320.45903.61010.8 947.6             205.1 467.1  56.7 714.9 103.9 750.5  99.7 346.8  74.4  65.2 641.5 312.2 794.1 136.1 127.6             170.0 387.1  37.6 592.5  86.1 622.0  89.4 287.4  49.4  43.3 531.7 258.8 658.1 112.8 105.7             695.51584.3 191.92425.1 352.12546.2 365.4 338.1 252.1 221.02176.31058.92694.0 461.3 432.5              95.0 216.3  21.1 331.1  48.2 347.6  50.0  46.3 160.6  24.3 297.1 144.6 367.7  63.1  59.1              81.4 185.2  18.1 283.4  41.2 297.5  42.8  39.6 137.5  23.7 254.3 123.8 314.8  54.0  50.6            1300.42962.3 358.74534.3 658.24760.7 683.0 632.02199.3 471.3 413.11979.85037.1 862.5 808.6             624.61422.7 172.32177.6 316.12286.3 328.1 303.61056.2 226.4 198.51954.22419.1 414.3 388.4            1613.43675.5 445.05626.1 816.65907.0 847.5 784.12728.8 584.7 512.65049.02456.51070.11003.2             263.1 599.3  72.7 917.3 133.2 963.0 138.3 127.9 445.0  95.4  83.7 823.2 400.61019.0 163.7             245.7 559.6  67.9 856.4 124.4 899.2 129.1 119.5 415.5  89.1  78.1 768.6 374.0 951.4 163.0                                                                                                                                                                                                                                
0524550214 312.5 739.41088.7 498.1 281.62033.4 131.73057.81735.0 562.8 182.41415.5 382.4                         262.8 157.2 231.5 106.0  60.0 432.2  22.5 649.9 368.8 119.7  31.1 300.9  81.4                         728.3 184.1 641.3 293.5 165.91197.8  77.61801.11022.0 331.5 107.5 833.8 225.3                        1085.4 274.4 649.1 437.3 247.31785.2 115.62684.41523.2 494.1 160.11242.7 335.8                         481.7 121.8 288.1 424.1 109.8 792.1  51.41191.1 675.9 219.3  71.1 551.4 149.0                         234.1  59.3 140.1 206.2  94.4 385.0  20.1 578.9 328.5 106.6  27.7 268.0  72.5                        2051.3 518.41226.71806.3 826.4 467.2 218.45073.22878.6 933.6 302.52348.5 634.4                          70.3  17.9  42.1  62.0  28.4  16.1 115.6 173.8  98.7  32.1   8.4  80.5  21.8                        3098.5 783.01852.92728.41248.3 705.65096.1 329.94348.21410.3 456.93547.5 958.3                        1746.2 441.31044.31537.6 703.5 397.72871.9 186.04318.7 794.8 257.51999.2 540.1                         547.7 138.5 327.6 482.3 220.7 124.8 900.8  58.41354.5 768.6  80.9 627.1 169.5                         108.0  27.4  64.6  95.1  43.6  24.7 177.6   9.3 266.9 151.5  49.2 123.6  33.5                        1419.5 358.8 848.91250.0 571.9 323.32334.7 151.23510.81992.1 646.1 209.4 439.1                         363.4  91.9 217.3 320.0 146.5  82.8 597.5  38.8 898.5 509.9 165.4  53.7 416.0                                                                                                                                                                                                                                                                                                                                                                                                                                                        
0524550316 205.6  87.02647.8 782.41315.21035.4 198.81128.9 494.6 913.5 866.24332.1 481.1 177.5 894.6             170.8  16.0 605.4 179.0 300.8 236.8  45.6 258.2 113.2 208.9 198.1 990.5 110.1  32.6 204.6              43.6  12.1 154.3  45.7  76.7  60.4  11.7  65.9  28.9  53.3  50.6 252.4  28.1   8.4  52.2            2702.6 744.1 314.62832.54761.93748.7 719.64087.11790.63307.23135.99999.81741.6 642.43238.7             783.4 215.8  91.32778.71380.31086.6 208.71184.7 519.1 958.7 909.04546.3 504.9 186.3 938.8            1331.7 366.7 155.14723.41395.71847.0 354.62013.8 882.31629.51545.17728.2 858.2 316.61595.8            1043.8 287.4 121.63702.21093.91839.0 278.01578.4 691.51277.21211.16057.2 672.7 248.11250.8             164.5  45.4  15.4 583.0 172.4 289.7 228.1 248.6 109.0 201.2 190.8 953.8 106.0  31.4 197.1            1139.9 313.9 132.84043.31194.72008.41581.1 303.6 755.21394.91322.76615.3 734.6 271.01366.0             487.4 134.3  56.81728.4 510.8 858.6 675.9 129.8 736.9 596.4 565.52827.9 314.1 115.9 584.0             918.3 252.9 107.03257.2 962.51618.01273.7 244.61388.7 608.41065.55329.2 591.8 218.31100.4             869.6 239.5 101.33084.5 911.41532.21206.2 231.61315.1 576.21064.25046.7 560.5 206.81042.1            4435.51221.1 516.39999.84648.77815.26152.41181.06707.72938.65427.85146.72858.31054.25315.3             473.5 130.4  55.21679.1 496.2 834.1 656.7 126.1 715.9 313.7 579.3 549.32747.2 112.6 567.3             111.3  30.7  10.5 394.6 116.7 196.0 154.4  29.7 168.3  73.8 136.2 129.2 645.5  71.8 133.4             898.8 247.5 104.73188.1 942.01583.61246.7 239.41359.2 595.51099.91042.95216.1 579.3 213.7                                                                                                                                                                                                                                
0524550411 212.3 147.1 188.9  50.7 252.2 491.8 127.5  81.4  41.0  95.1                                           219.9 285.7 366.9  98.4 489.9 955.4 247.5 158.0  79.4 184.6                                           149.7 280.7 249.7  67.0 333.5 650.3 168.5 107.6  54.1 125.7                                           194.6 365.1 252.9  87.1 433.7 845.7 219.1 139.9  70.3 163.4                                            31.1  58.3  40.4  51.9  69.2 134.9  35.0  22.4   9.1  26.1                                           262.8 492.9 341.5 438.5 117.51142.0 295.9 188.9  94.9 220.6                                           520.5 976.6 676.5 868.7 232.81160.1 586.1 374.1 188.0 437.0                                           128.6 241.1 167.1 214.5  57.6 286.4 558.5  92.4  46.5 107.9                                            71.1 133.2  92.3 118.5  25.5 158.2 308.5  80.0  20.6  59.7                                            23.5  44.0  30.5  39.1   8.5  52.2 101.7  26.4  16.9  19.8                                            84.4 158.3 109.7 140.8  30.3 188.0 366.5  95.0  60.7  24.5                                                                                                                                                                                                                                                                                                                                                                                                                                                                                                                                                                                                                                                                                                                                                                                            
05245505111138.4 146.4 144.1 259.9 182.6 405.3 257.7 529.5  54.8 429.0                                          1167.0 418.0 411.7 742.6 521.61158.0 736.21513.0 156.41225.8                                           108.5 302.1  38.3  69.1  48.6 107.6  68.5 140.6  11.7 113.9                                           120.2 334.8  38.8  76.5  53.8 119.3  75.9 155.8  13.0 126.2                                           254.1 708.1  91.1  89.7 113.6 252.1 160.3 329.4  34.1 266.9                                           156.5 436.1  50.5  55.3  99.6 155.3  98.8 202.9  16.9 164.4                                           405.11129.2 145.2 143.0 257.8 181.1 255.6 525.2  54.4 425.5                                           251.8 701.7  90.3  88.9 160.3 112.6 249.8 326.4  33.8 264.5                                           534.21489.1 191.4 188.5 340.0 238.8 530.1 337.1  71.7 561.2                                            25.5  70.7   8.3   9.1  16.2  11.5  25.3  16.1  33.0  26.7                                           429.81198.0 154.0 151.7 273.5 192.2 426.5 271.2 557.2  57.7                                                                                                                                                                                                                                                                                                                                                                                                                                                                                                                                                                                                                                                                                                                                                                                            
0524550610 448.5 383.8 191.8  38.0 202.0  45.2  19.9  82.2 179.1                                                 532.32516.81257.6 310.91324.6 369.4 161.8 538.41174.3                                                 454.42510.71073.6 265.41130.7 315.4 138.2 459.61002.5                                                 223.31233.31055.4 130.4 555.5 155.0  67.9 225.8 492.5                                                  33.9 187.0 160.0  80.0  84.3  18.9   8.4  34.3  74.7                                                 235.61301.31113.5 556.5 137.6 163.5  71.7 238.3 519.6                                                  41.8 230.2 197.0  98.5  19.6 103.7  10.3  42.2  92.0                                                  14.0  77.0  65.9  33.0   6.6  34.8   7.9  14.2  30.8                                                  82.3 454.1 388.6 194.2  38.5 204.6  45.7  20.1 181.4                                                 208.01148.8 983.1 491.3 121.5 517.4 144.4  63.3 210.4                                                                                                                                                                                                                                                                                                                                                                                                                                                                                                                                                                                                                                                                                                                                                                                                                                                                                                        
0524550716 158.7 251.5  96.5 194.2  79.3 885.7 430.1 135.1  68.2  39.8  82.3  94.1 242.6 891.5  78.4             182.4 521.3 199.9 402.5 164.31836.1 891.6 280.0 141.2 102.8 170.5 194.9 502.81848.4 162.4             293.8 529.7 322.0 648.4 264.72958.11436.4 451.0 227.4 165.6 274.6 313.9 809.92977.8 261.6             107.8 194.3 307.9 237.8  97.11084.4 526.6 165.4  83.4  60.8 100.8 115.2 297.01091.6  96.0             225.0 405.8 643.2 246.6 202.82265.61100.2 345.4 174.2 126.8 210.4 240.5 620.32280.7 200.4              78.5 141.6 224.4  86.1 173.3 790.0 383.7 120.5  60.8  35.5  73.4  83.9 216.4 795.2  70.0            1054.71902.13015.61156.02328.4 950.25158.31619.3 816.1 594.2 986.01127.12908.29999.8 939.1             508.1 916.31452.6 556.91121.6 457.85116.9 780.0 393.2 286.3 475.0 543.01400.95151.0 452.4             154.1 277.8 440.4 168.9 340.1 138.91551.1 753.3 119.3  86.9 144.1 164.7 424.71561.5 137.2              66.4 119.6 189.5  72.7 146.3  59.8 667.2 324.0 101.8  30.0  62.0  70.9 182.7 671.6  59.1              35.4  63.7 100.9  38.8  77.9  31.9 355.1 172.5  54.2  27.4  33.1  37.8  97.3 357.4  31.5              81.8 147.4 233.6  89.6 180.4  73.7 822.7 399.6 125.5  63.3  36.9  87.4 225.3 828.2  72.9             104.9 189.1 299.6 114.9 231.4  94.51055.2 512.5 161.0  81.2  59.1  98.1 289.01062.3  93.4             283.0 510.4 809.1 310.2 624.7 255.02849.91383.9 434.5 219.0 159.5 264.6 302.52868.8 252.0            1061.71914.93035.91163.82344.0 956.69999.85192.91630.2 821.6 598.2 992.61134.72927.8 945.4              77.5 139.7 221.5  85.0 171.0  69.9 779.8 378.7 119.0  60.0  35.0  72.5  82.9 213.6 785.0                                                                                                                                                                                                                                
0524550816 882.9 636.3 866.62525.8 210.61725.1 325.8 544.4 594.9 732.6 332.21900.0 333.03424.74453.1             862.5 266.4 362.81057.2  88.2 722.1 136.4 227.9 249.1 306.7 139.1 795.3 139.41433.41863.8             611.7 262.1 257.3 749.8  62.6 512.1  96.8 161.7 176.7 217.5  98.7 564.0  98.91016.61321.8             846.0 362.5 261.31036.9  86.5 708.2 133.8 223.6 244.3 300.8 136.4 780.0 136.81405.91828.0            2533.91085.6 782.41065.5 259.02121.2 400.6 669.4 731.5 900.7 408.42336.3 409.44211.15475.6             120.3  51.6  37.2  50.7 147.4 100.7  19.1  31.9  34.8  42.8  17.6 110.9  17.2 199.8 259.8            1719.3 736.6 530.9 723.02107.4 175.8 271.8 454.2 496.4 611.2 277.21585.3 277.82857.43715.4             265.7 113.9  82.1 111.8 325.7  21.8 222.5  70.3  76.8  94.5  38.7 245.0  37.9 441.5 574.1             518.2 222.1 160.1 218.0 635.2  53.1 433.9  82.0 149.7 184.3  83.6 477.8  83.8 861.21119.8             569.6 244.1 176.0 239.6 698.2  58.3 476.9  90.1 150.6 202.6  91.9 525.2  92.1 946.61230.8             709.6 304.1 219.2 298.5 869.8  72.6 594.1 112.3 187.5 204.9 114.5 654.3 114.71179.31533.3             240.9 103.3  74.5 101.4 295.3  19.8 201.7  38.2  63.7  69.6  85.7 222.1  34.4 400.3 520.5            1897.3 812.8 585.9 797.82325.5 193.91588.3 300.0 501.2 547.7 674.4 305.8 306.63153.04099.8             235.4 100.9  72.8  99.1 288.5  19.4 197.1  37.3  62.3  68.1  83.8  34.3 217.1 391.2 508.6            3448.31477.31064.71450.04226.6 352.42886.7 545.1 910.9 995.41225.7 555.73179.4 557.17451.7            4494.41925.41387.71889.95508.9 459.23762.5 710.41187.21297.41597.6 724.34143.9 726.17469.4                                                                                                                                                                                                                                
0524550911  88.6   6.4  33.9 109.2  65.6  25.9  92.0  11.8  23.0 111.3                                           163.0 149.5 643.62080.71249.3 491.91752.8 278.2 436.52121.7                                             6.2  78.6  30.0  96.8  58.2  23.0  81.6  10.5  20.4  98.7                                            60.3 623.6  55.3 768.5 461.5 181.8 647.4 102.8 161.3 783.7                                           201.62088.2 184.9 796.01545.1 608.32167.9 344.0 539.92624.1                                           119.81240.9 109.9 473.01529.3 361.51288.3 204.5 320.91559.4                                            45.4 469.0  41.6 178.9 578.0 347.1 486.9  77.4 121.3 589.4                                           169.31754.1 155.3 668.62161.71297.9 511.0 289.0 453.52204.2                                            13.6 174.0  12.4  66.4 214.4 128.8  50.8 180.6  45.1 218.6                                            28.9 372.2  26.5 141.9 458.7 275.4 108.5 386.4  49.2 467.7                                           205.62130.0 188.6 811.92624.91576.0 620.52211.2 350.9 550.7                                                                                                                                                                                                                                                                                                                                                                                                                                                                                                                                                                                                                                                                                                                                                                                            
05245510151022.81180.4 971.5 826.8 488.9 492.9 554.14368.21924.1 208.9 328.41403.61369.2 275.2                  1004.9 576.3 474.4 403.7 238.8 240.7 270.62132.6 939.4 102.1 160.4 685.3 668.5 134.4                  1165.2 579.1 550.0 468.1 276.8 279.1 313.72472.81089.3 118.3 185.9 794.6 775.1 155.9                   952.8 473.5 546.4 382.8 226.4 228.2 256.52021.9 890.7  96.8 152.1 649.8 633.8 127.5                   805.5 400.3 462.0 380.3 191.4 192.9 216.91709.4 753.0  81.8 128.6 549.3 535.9 107.8                   439.2 218.3 251.9 207.4 176.5 105.3 118.3 932.0 410.6  39.7  62.4 299.5 292.2  52.3                   438.5 217.9 251.5 207.0 176.2 104.2 118.1 930.5 409.9  38.8  60.9 299.1 291.7  51.1                   528.1 262.5 302.9 249.3 212.2 125.5 126.51120.6 493.7  53.7  84.3 360.2 351.3  70.7                  4408.12190.42527.92080.61770.51047.01055.41186.54120.8 447.2 703.13006.02932.3 589.3                  1921.8 955.01102.1 907.1 772.0 456.5 460.2 517.44078.6 195.1 306.61310.61278.4 257.0                   119.0  59.2  68.3  56.3  47.9  28.4  28.6  32.1 252.5 111.3  15.3  81.2  79.2  12.9                   207.4 103.1 119.0  98.0  83.4  49.4  49.8  55.9 440.1 193.9  17.0 141.5 138.0  22.3                  1392.3 691.9 798.5 657.2 559.3 330.8 333.4 374.82954.81301.6 141.3 222.2 926.2 186.2                  1357.3 674.5 778.4 640.7 545.2 322.4 325.1 365.42880.51268.9 137.8 216.6 925.6 181.5                   168.1  83.6  96.5  79.4  67.6  40.0  40.4  45.4 356.6 157.2  13.8  21.6 114.7 111.9                                                                                                                                                                                                                                                                                                                                            
052455119  566.4 279.8 140.8 461.4 481.1 186.2 793.6 281.4                                                       546.9  99.3  50.0 163.6 170.6  66.1 281.4  99.8                                                       228.7  84.0  16.8  68.5  71.4  22.2 117.7  40.1                                                        73.7  27.1  13.5  22.1  23.1   7.2  38.0  13.0                                                       439.8 161.5  79.9  40.2 137.2  53.2 226.3  80.3                                                       459.9 168.9  83.5  42.1 137.6  55.6 236.6  84.0                                                       107.3  39.5  19.6   8.0  32.2  33.6  55.3  18.9                                                       778.6 285.9 141.3  71.1 232.9 242.9  94.0 142.1                                                       219.6  80.7  39.9  16.2  65.8  68.6  21.3 113.1                                                                                                                                                                                                                                                                                                                                                                                                                                                                                                                                                                                                                                                                                                                                                                                                                                                                                                                                                                                                                    
0524551218 836.01605.9 421.9 313.1 418.9 803.0 237.01358.41620.54200.91646.52727.92015.4 469.7 310.9 378.04177.0 817.7 713.5 187.5 139.1 186.1 356.8 105.3 603.5 719.91866.3 731.51211.9 895.4 208.7 138.2 168.01855.61601.7 727.6 367.2 272.4 364.5 698.8 206.21182.11410.23655.81432.82373.91753.8 408.7 270.6 329.03635.0 356.9 162.2 311.5  60.8  81.3 155.8  36.9 263.5 314.3 814.5 319.3 529.0 390.8  91.2  56.8  73.4 809.9 256.2 116.4 223.5  58.8  58.4 111.8  26.5 189.1 225.6 584.6 229.2 379.6 280.5  65.5  40.8  52.7 581.2 354.1 160.9 309.0  81.3  60.3 154.6  36.6 261.4 311.8 808.1 316.8 524.8 387.7  90.5  56.3  72.8 803.5 784.0 356.2 684.1 179.8 133.4 178.5 101.0 578.7 690.31789.4 701.41162.0 858.5 200.1 132.5 161.11779.2 141.9  64.5 123.8  32.6  24.2  32.4  62.0 104.8 124.9 323.7 126.9 210.2 155.4  36.3  22.6  29.2 321.91349.6 613.11177.6 309.4 229.6 307.2 588.8 173.81188.33080.41207.42000.31477.8 344.4 228.0 277.23062.91616.4 734.31410.4 370.6 275.0 367.9 705.2 208.11193.13689.51446.12395.81770.0 412.5 273.1 332.03668.54244.11927.83703.2 972.7 721.7 965.71851.5 546.33132.43736.73796.86290.54647.31082.9 716.8 871.69632.31643.0 746.31433.6 376.6 279.5 373.9 716.8 211.61212.61446.63750.12435.11799.1 419.3 277.6 337.53728.72744.11246.52394.4 629.0 466.7 624.51197.1 353.32025.42416.16263.62454.93004.9 700.2 463.5 563.66228.02018.6 916.91761.3 462.7 343.3 459.4 880.6 259.91489.81777.24607.41805.82991.8 515.1 341.0 414.64581.2 444.6 202.0 388.0 102.0  75.7 101.3 194.0  57.3 328.2 391.51014.7 397.8 659.0 486.9  75.2  91.41009.0 236.9 107.7 206.8  54.4  40.4  54.0 103.4  24.5 174.9 208.6 540.7 212.0 351.1 259.4  60.6  48.8 537.6 316.3 143.8 276.0  72.6  53.9  72.1 138.1  32.7 233.5 278.5 721.9 283.0 468.8 346.4  80.8  50.3 717.84219.81916.73682.0 967.2 717.6 960.21840.9 543.23114.43715.39631.93775.06254.44620.71076.7 712.7 866.6        
0824650116 922.4 743.8 102.2 438.4  72.0 154.9 291.3 360.5 713.9 616.7 626.4  54.6 150.6 733.4 693.4             961.73420.5 469.72015.6 330.4 712.21339.31657.43282.92836.12880.6 250.4 692.13372.53188.9             773.33410.7 377.71620.7 265.7 572.71076.91332.72639.72280.52316.3 201.4 556.52711.72564.2              86.5 381.2 307.4 181.2  23.9  64.1 120.4 149.0 295.1 254.9 258.9  18.1  62.3 303.1 286.6             451.01988.91603.9 220.3 155.0 334.0 628.0 777.21539.31329.81350.7 117.5 324.61581.31495.3              43.7 192.3 155.1  21.4  91.5  32.4  60.8  75.2 148.9 128.6 130.7   9.2  31.5 152.9 144.6             152.0 669.8 540.2  74.3 318.3  52.3 211.6 261.8 518.4 447.9 454.9  39.7 109.4 532.6 503.6             295.81304.51051.9 144.5 619.9 101.7 219.1 509.81009.6 872.2 885.9  77.1 212.91037.2 980.7             368.81626.41311.5 180.2 772.9 126.8 273.1 513.61258.81087.51104.5  96.1 265.51293.11222.7             741.73271.42638.1 362.31554.6 254.9 549.31033.01278.32187.32221.7 193.2 533.82601.02459.4             639.22819.22273.4 312.21339.7 219.7 473.4 890.21101.62182.01914.6 166.5 460.12241.52119.5             649.52864.32309.8 317.21361.1 223.2 480.9 904.41119.22216.91915.1 169.1 467.42277.32153.4              30.4 133.4 107.6  14.9  63.5   8.4  22.5  42.2  52.2 103.3  89.3  90.7  21.9 106.1 100.3             147.4 649.5 523.8  72.0 308.7  50.7 109.2 205.2 253.9 502.7 434.3 441.1  38.5 516.4 488.3             762.33362.02711.2 372.31597.6 261.9 564.51061.61313.72602.12247.92283.2 198.5 548.62527.6             720.23176.32561.4 351.71509.4 247.5 533.31002.91241.12458.32123.72157.1 187.5 518.32525.4                                                                                                                                                                                                                                
0824650211  31.4 106.9  11.2  83.0  50.4  22.1  88.8  41.1 111.7  33.2                                            34.8 230.0  24.0 178.5 108.3  47.4 191.0  88.2 240.4  71.3                                           175.5 272.4 120.7 722.3 438.1 222.6 773.1 356.8 973.1 288.3                                            10.1  19.4  66.1  51.3  31.2  13.7  54.9  25.4  69.1  20.6                                           135.1 209.8 717.0  93.0 337.4 171.4 595.4 274.8 749.4 222.0                                            80.2 124.5 425.3  55.2 330.0 101.7 353.2 163.1 444.6 131.8                                            23.4  45.3 154.5  16.1 119.9  72.8 128.3  59.3 161.5  47.9                                           145.0 225.0 769.0  99.8 596.7 361.9 183.9 294.8 803.8 238.2                                            64.5 100.1 342.0  44.4 265.4 161.0  81.8 284.0 357.5 106.0                                           183.6 285.0 974.1 126.3 755.8 458.4 232.9 808.9 373.4 301.7                                            37.0  71.7 244.8  25.5 190.0 115.3  50.4 203.3  93.9 255.9                                                                                                                                                                                                                                                                                                                                                                                                                                                                                                                                                                                                                                                                                                                                                                                            
0824650313 274.1 214.3 606.6 105.6 293.2 570.4 364.3 107.4 865.5  65.4 415.1  87.3                               276.2 252.7 715.3 124.5 345.8 672.6 429.5 126.61020.5  77.1 489.5 102.9                               213.3 249.6 552.3  96.2 266.9 519.3 331.6  97.8 787.9  59.6 377.9  79.5                               626.0 732.7 572.7 282.2 783.71524.8 973.7 286.92313.6 174.71109.6 233.1                                68.7  80.3  62.8 177.7  85.9 167.1 106.7  30.3 253.4  15.4 121.6  20.5                               296.3 346.8 271.1 767.4 133.6 721.5 460.8 135.81094.8  82.7 525.1 110.4                               587.9 688.0 537.81522.9 265.0 736.0 914.4 269.42172.7 164.11042.0 218.9                               371.0 434.2 339.4 961.1 167.3 464.5 903.6 170.11371.1 103.6 657.6 138.2                                86.4 101.1  79.1 223.7  31.2 108.2 210.3 134.3 319.0  19.4 153.1  25.8                               898.31051.3 821.82327.1 404.91124.62188.01397.2 411.6 250.71592.2 334.5                                37.9  44.3  34.7  98.0  13.8  47.4  92.1  58.9  16.7 139.7  67.1  11.4                               424.5 496.8 388.41099.6 191.4 531.51033.9 660.2 194.61568.8 118.5 158.1                                54.6  63.9  50.0 141.3  19.8  68.3 132.9  84.9  24.1 201.5  12.3  96.7                                                                                                                                                                                                                                                                                                                                                                                                                                                                                                                                                                    
0824650414 327.4 479.2  63.3 356.7  91.3  47.7 214.8 446.9 230.5 396.7  84.7 253.6 558.1                         339.91148.5 151.7 854.8 218.6 114.2 514.71071.0 552.3 950.8 202.8 607.61337.7                         502.01158.8 223.91262.5 322.9 168.6 760.21581.9 815.71404.3 299.5 897.41975.7                          39.7  91.4 133.7  99.5  25.5  10.7  60.0 124.7  64.4 110.7  21.4  70.8 155.7                         371.2 856.81254.3 165.6 238.7 124.7 562.11169.6 603.11038.3 221.5 663.61460.8                          79.0 182.3 266.8  28.3 198.6  21.3 119.6 248.8 128.3 220.9  42.5 141.2 310.7                          27.5  63.3  92.7   9.9  69.0  17.7  41.6  86.4  44.6  76.7  14.8  49.1 107.9                         219.7 507.1 742.3  98.1 552.5 141.4  73.8 692.2 357.0 614.5 131.1 392.8 864.6                         467.41079.11579.7 208.51175.7 300.7 157.0 707.9 759.61307.7 278.9 835.71839.8                         236.4 545.7 798.9 105.5 594.6 152.1  79.5 358.0 745.0 661.4 141.1 422.7 930.5                         413.9 955.41398.7 184.71041.0 266.2 139.0 626.81304.3 672.6 247.0 740.01629.0                          64.4 148.6 217.5  23.1 161.9  41.5  17.4  97.5 202.8 104.6 180.0 115.1 253.3                         261.1 602.7 882.2 116.5 656.6 168.0  87.7 395.4 822.7 424.2 730.3 155.81027.5                         586.21353.21981.0 261.51474.4 377.0 196.8 887.71847.3 952.61639.9 349.81048.0                                                                                                                                                                                                                                                                                                                                                                                                                                                        
0824650514 316.1  66.2 126.3  26.6 313.6 131.6  79.3 471.8 350.2 267.2  70.4 198.5 118.8                         369.4 253.2 483.6 126.71200.8 503.7 303.41806.61341.11023.0 269.3 760.0 454.6                          63.6 208.0  83.2  17.5 206.4  86.6  52.2 310.5 230.5 175.9  46.4 130.7  78.2                         142.6 467.1  97.8  49.0 463.5 194.5 117.2 697.2 517.6 394.8 104.0 293.4 175.5                          20.5  67.0  14.1  26.8  66.4  27.9  16.9  99.9  74.2  56.6  15.0  42.1  25.2                         366.51200.6 251.2 479.7 125.7 499.6 300.91792.01330.31014.7 267.1 753.9 450.9                         148.9 487.7 102.1 194.9  51.1 483.9 122.3 728.0 540.4 412.2 108.6 306.3 183.2                          77.8 254.7  53.4 101.8  21.4 252.7 106.1 380.1 282.2 215.3  56.8 160.0  95.7                         555.51820.1 380.7 727.1 190.51805.7 757.4 456.22016.61538.2 404.91142.8 683.5                         410.21344.1 281.1 537.0 140.71333.5 559.3 336.92006.11136.0 299.0 844.0 504.8                         311.01018.7 213.1 407.0 106.71010.7 424.0 255.41520.51128.8 226.7 639.7 382.6                          68.2 223.0  46.7  89.2  18.8 221.3  92.9  56.0 332.8 247.1 188.5 140.1  83.8                         228.9 749.9 156.9 299.6  78.6 743.9 312.1 188.01119.2 830.8 633.8 166.9 281.6                         133.6 437.5  91.6 174.8  45.9 434.0 182.1 109.7 652.9 484.7 369.8  97.4 274.7                                                                                                                                                                                                                                                                                                                                                                                                                                                        
0824650616 169.3 660.4  43.0 107.8 663.7 176.6 825.8 272.9 310.7  31.3 152.1 580.5 145.8 188.4 150.2             185.31188.1  88.9 193.81194.0 317.61485.7 491.0 559.0  64.6 273.71044.5 262.2 338.8 270.1             747.31228.4 358.0 781.54816.81280.95993.51980.32254.8 260.11103.64213.41057.61366.51089.3              32.7  53.7 209.3  34.2 210.3  56.0 261.7  86.5  98.5   9.2  48.3 184.0  46.3  59.8  47.7             114.9 188.8 736.2  55.1 739.9 196.8 920.6 304.2 346.4  40.1 169.6 647.2 162.5 210.0 167.4             751.01234.54817.1 359.8 785.41287.36023.61990.22266.2 261.41109.14234.51062.91373.31094.7             193.6 318.21241.2  92.8 202.51247.41552.1 512.9 584.0  67.4 285.91091.1 274.0 353.9 282.2             936.51539.56007.0 448.7 979.46036.91605.32481.92826.0 325.91383.15280.61325.41712.61365.1             303.9 499.41948.5 145.6 317.81958.2 520.82436.6 916.7 105.8 448.71712.9 430.0 555.6 442.9             347.1 570.62226.2 166.4 363.02237.2 595.02783.8 919.8 120.9 512.61957.0 491.3 634.7 506.0              21.5  35.3 137.2   8.3  22.5 137.9  36.8 171.5  56.8  64.6  31.7 120.6  30.4  39.2  31.3             165.7 272.21062.0  79.4 173.21067.2 283.91327.9 438.8 499.6  57.7 933.5 234.4 302.8 241.4             655.91078.24206.8 314.3 685.94227.71124.25260.51738.11979.1 228.3 968.6 928.31199.4 956.1             158.4 260.31015.4  76.0 165.71020.5 271.41269.7 419.6 477.8  55.2 233.9 892.6 289.6 230.9             207.1 340.41327.8  99.3 216.61334.4 354.91660.4 548.7 624.7  72.1 305.81167.2 293.1 301.8             163.4 268.51047.5  78.3 170.91052.7 280.01309.8 432.8 492.8  56.9 241.3 920.8 231.2 298.7                                                                                                                                                                                                                                
08246507161040.2 586.7 912.9  77.31115.9 175.0 166.9 190.21808.8 708.6 171.9 185.6 286.1 345.7 803.3            1065.61561.72430.3 205.52970.8 465.7 444.1 506.24815.41886.4 457.5 493.9 761.6 920.22138.6             594.11543.81354.8 114.61656.1 259.6 247.6 282.32684.41051.6 255.1 275.4 424.6 513.01192.2             933.22425.31367.8 180.02601.7 407.8 389.0 443.44217.31652.0 400.7 432.6 667.0 805.91872.9              42.6 110.5  62.4  97.0 118.5  18.7  17.8  20.3 192.1  75.3  18.4  19.8  30.5  36.8  85.4            1144.22973.81677.12609.8 220.7 500.0 476.9 543.65171.12025.7 491.3 530.4 817.8 988.12296.5             149.5 388.4 219.1 340.9  23.2 416.7  62.4  71.1 675.4 264.6  64.3  69.4 106.9 129.2 300.0             141.9 368.6 207.9 323.5  22.0 395.4  62.1  67.5 640.8 251.1  61.0  65.8 101.5 122.6 284.7             163.9 425.9 240.2 373.8  25.4 456.8  71.7  68.4 740.4 290.1  70.5  76.0 117.2 141.6 328.9            1864.54845.92732.84252.7 359.55198.5 814.8 777.1 885.73300.9 800.5 864.21332.61610.13742.2             720.81873.21056.41643.9 139.02009.5 315.0 300.5 342.53257.3 309.5 334.1 515.2 622.51446.6             146.6 380.9 214.9 334.3  22.7 408.6  64.2  61.2  69.7 662.3 259.5  68.0 104.8 126.7 294.2             159.6 414.5 233.8 363.8  24.7 444.6  69.8  66.6  75.9 720.7 282.4  68.6 114.1 137.8 320.1             281.6 731.7 412.7 642.2  54.4 785.0 123.1 117.4 133.81272.3 498.5 121.0 130.6 243.2 565.1             343.5 892.7 503.5 783.4  66.3 957.6 150.2 143.2 163.31552.2 608.1 147.6 159.3 245.6 689.4             819.32129.21200.81868.6 158.02284.1 358.1 341.5 389.23702.41450.4 351.8 379.8 585.6 707.5                                                                                                                                                                                                                                
0824650816 198.6 556.3 276.9 863.41209.6 399.91045.6 523.8 560.7 427.5 322.0  72.0 118.3 930.3 136.9             191.6 288.4 143.6 447.6 627.0 207.3 542.0 271.6 290.6 221.6 167.0  37.4  61.4 482.2  71.0             564.0 303.1 422.71318.01846.4 610.41596.1 799.6 855.8 652.6 491.5 109.8 180.61420.1 209.0             273.1 146.8 411.1 638.1 893.9 295.5 772.7 387.1 414.4 316.0 238.0  53.2  87.5 687.5 101.2             883.8 475.01330.7 662.32893.4 956.42501.31252.91341.11022.6 770.1 172.0 282.92225.4 327.4            1244.2 668.71873.3 932.32907.71346.53521.41763.91888.01439.61084.2 242.1 398.23133.0 460.9             401.1 215.6 603.9 300.6 937.31313.11135.1 568.6 608.6 464.1 349.5  78.1 128.41009.9 148.6            1073.5 576.91616.3 804.42508.83514.61161.81521.91629.01242.1 935.4 208.9 343.62703.2 397.7             530.2 285.0 798.2 397.31238.91735.6 573.81500.4 804.5 613.4 462.0 103.2 169.71334.9 196.4             568.6 305.6 856.0 426.11328.61861.2 615.31609.0 806.0 657.8 495.4 110.7 182.01431.5 210.7             429.9 231.1 647.3 322.21004.61407.3 465.31216.6 609.5 652.3 374.6  83.7 137.71082.4 159.3             320.0 172.0 481.8 239.8 747.81047.5 346.3 905.6 453.7 485.6 370.3  62.4 102.5 805.7 118.6              39.3  21.2  59.1  29.5  91.7 128.4  42.5 111.0  55.7  59.6  45.5  34.3  10.2  98.8  13.5              74.4  40.0 112.0  55.8 173.7 243.3  80.5 210.3 105.4 112.8  86.1  64.8  11.7 187.2  25.4             953.5 512.41435.5 714.52228.23121.51031.82698.51351.71446.81103.2 830.8 185.6 305.2 353.2             104.0  56.0 156.6  78.0 243.0 340.3 112.6 294.2 147.4 157.8 120.4  90.7  16.3  26.7 261.8                                                                                                                                                                                                                                
082465099   87.5   8.7  16.1  40.3  56.6  30.1  30.1 119.9                                                       146.4  95.7 178.8 360.4 506.5 268.7 269.21074.1                                                         7.5  49.5   9.2  22.9  32.1  17.1  17.1  67.9                                                        16.8 111.6  11.0  51.4  72.2  38.4  38.5 153.1                                                        65.2 348.5  42.6  79.6 225.4 119.6 119.8 477.8                                                        93.3 498.7  61.0 113.8 229.5 171.1 171.4 683.9                                                        34.4 229.1  22.5  41.9 105.5 148.2  78.8 314.2                                                        34.4 229.6  22.5  42.0 105.7 148.5  78.8 314.8                                                       202.31082.3 132.2 247.0 497.9 699.8 371.3 372.0                                                                                                                                                                                                                                                                                                                                                                                                                                                                                                                                                                                                                                                                                                                                                                                                                                                                                                                                                                                                                    
08246510162001.9 553.51817.61261.8 152.8 132.02329.0 752.62314.21212.6 394.11455.4 402.8 350.9 314.5            2022.91007.33308.12296.4 278.0 240.24238.81369.74211.82206.9 717.22648.8 733.0 638.6 572.2             540.3 973.1 883.6 613.4  74.4  64.21132.1 365.91124.9 589.5 191.6 707.5 195.9 170.6 152.9            1834.33303.7 913.42082.3 252.1 217.83843.51242.03819.12001.1 650.32401.8 664.6 579.0 518.9            1265.32278.9 630.12069.1 174.0 150.32651.3 856.82634.41380.4 448.61656.8 458.5 399.5 358.0              87.6 157.7  43.7 143.2  99.4   8.4 183.4  59.4 182.2  95.6  31.1 114.7  31.8  27.7  24.9              72.1 129.8  36.0 117.8  81.8   8.1 150.9  48.9 150.0  78.7  25.7  94.4  26.2  22.9  20.5            2357.74246.51174.03855.62676.5 324.0 279.91596.44909.02572.2 835.83087.2 854.3 744.2 666.9             744.21340.3 370.61216.9 844.8 102.4  88.41559.31549.3 811.9 263.9 974.4 269.7 235.0 210.6            2342.64219.21166.53830.82659.3 322.0 278.14908.61586.22555.6 830.53067.4 848.8 739.5 662.6            1215.02188.3 605.01986.91379.3 167.0 144.32545.9 822.72529.7 430.81590.9 440.3 383.6 343.7             377.2 679.2 187.9 616.7 428.2  51.9  44.9 790.2 255.4 785.2 411.5 493.8 136.7 119.1 106.8            1463.52635.9 728.82393.31661.4 201.2 173.83066.6 991.03047.11596.6 518.9 530.3 462.0 414.0             386.1 695.3 192.3 631.3 438.3  53.2  45.9 808.9 261.5 803.7 421.2 136.9 505.5 121.9 109.3             333.0 599.6 165.9 544.4 378.0  45.9  39.6 697.6 225.5 693.2 363.3 118.1 436.0 120.7  94.3             266.4 479.7 132.7 435.6 302.4  29.4  25.4 558.1 180.4 554.6 290.6  94.5 348.8  96.6  84.2                                                                                                                                                                                                                                
0824651115  57.7 520.8  90.0 124.4 350.4 301.0 554.9 718.3 320.7 256.7  67.7 131.3 367.2 426.8                    34.3 107.8  18.7  25.8  72.6  62.3 114.8 148.6  66.4  53.2  11.3  27.3  76.0  88.3                   543.0 189.1 295.2 408.21150.2 988.01821.22357.81052.5 842.4 221.8 430.81205.11400.7                    76.6  21.4 241.0  57.6 162.2 139.4 256.8 332.4 148.4 118.8  25.1  60.8 170.0 197.5                   109.9  30.7 345.7  59.8 232.6 199.9 368.3 476.8 212.9 170.4  36.0  87.2 243.8 283.3                   362.0 126.11139.6 196.8 272.2 658.61214.01571.7 701.6 561.6 147.9 287.2 803.4 933.7                   309.5 107.8 974.3 168.3 232.7 655.51038.01343.7 599.9 480.2 126.5 245.6 686.8 798.3                   579.1 201.71823.4 314.8 435.41226.81053.82514.81122.6 898.5 236.5 459.51285.41494.0                   752.7 262.22370.1 409.2 565.91594.61369.72525.01459.21168.0 307.4 597.21670.81942.0                   330.4 115.11040.0 179.6 248.4 699.8 601.11108.01434.5 512.6 135.0 262.1 733.2 852.2                   262.4  91.5 826.0 142.7 197.3 555.8 477.4 880.01139.2 508.6 107.2 208.2 582.3 676.8                    42.0  11.8 132.0  22.9  31.6  88.8  76.3 140.6 182.0  81.3  65.1  33.4  93.1 108.2                   116.5  32.6 366.6  63.4  87.6 246.7 211.9 390.6 505.6 225.8 180.7  38.2 258.5 300.4                   379.7 132.31195.6 206.5 285.5 804.4 691.01273.71648.9 736.1 589.2 155.1 301.3 979.6                   443.0 154.41394.9 240.9 333.1 938.5 806.21486.01923.9 858.8 687.4 181.0 351.5 983.3                                                                                                                                                                                                                                                                                                                                            
0824651214 676.2 243.6 387.5 252.51620.71161.7 726.71822.9 218.6 154.7 570.61424.71266.3                         663.4 129.2 205.6 134.0 859.6 616.2 385.5 966.8 116.0  82.1 302.7 755.7 671.7                         153.3  83.0  47.6  30.4 198.7 142.4  89.1 223.4  21.5  15.3  70.0 174.7 155.2                         368.4 199.2  71.8  74.4 477.3 342.2 214.1 536.8  64.5  45.7 168.1 419.6 372.9                         202.2 109.4  31.6  62.7 262.0 187.8 117.5 294.6  28.4  20.1  92.3 230.3 204.7                        1629.0 880.6 317.2 504.7 328.81513.0 946.52374.1 284.7 201.5 743.11855.61649.2                        1159.8 627.0 225.9 359.4 234.11502.8 673.91690.3 202.7 143.5 529.11321.11174.2                         715.1 386.6 139.3 221.6 144.4 926.6 664.21042.2 125.0  88.5 326.2 814.6 724.0                        1835.6 992.3 357.4 568.7 370.52378.61705.01066.5 320.7 227.0 837.32090.91858.4                         134.8  72.9  21.1  41.8  26.8 174.6 125.2  78.4 196.3  13.5  61.5 153.5 136.4                          87.3  47.2  13.7  27.1  17.4 113.1  81.1  50.8 127.2  12.3  39.9  99.4  88.4                         555.4 300.3 108.2 172.2 112.2 719.7 515.9 322.8 809.5  97.1  68.8 632.7 562.4                        1428.6 772.3 278.2 442.6 288.41851.21326.9 830.12082.1 249.7 176.7 651.71446.4                        1266.7 684.8 246.7 392.5 255.71641.31176.5 736.01846.1 221.4 156.7 577.81442.9                                                                                                                                                                                                                                                                                                                                                                                                                                                        
