0124130110  20.2  25.6  20.4  53.4  40.0  16.3  56.7   8.0  18.5                                                  26.0 116.1  92.8 242.9 181.9  73.8 258.3  36.0  83.7                                                  46.4 130.9 132.5 347.1 259.9 105.4 369.1  64.3 119.6                                                  26.4  92.9 117.6 246.1 184.3  74.8 261.7  36.5  84.8                                                 100.1 282.8 358.4 286.2 561.5 227.7 797.6 138.8 258.3                                                  74.3 209.7 265.7 212.2 556.1 168.8 591.3 102.9 191.5                                                  20.5  72.2  91.5  73.1 191.4 143.3 203.5  28.4  66.0                                                 106.6 301.2 381.7 304.8 798.9 598.1 242.5 147.8 275.1                                                   8.9  31.1  39.4  31.5  82.3  61.6  25.1  87.5  28.4                                                  23.6  83.0 105.2  84.0 220.0 164.7  66.8 233.9  32.6                                                                                                                                                                                                                                                                                                                                                                                                                                                                                                                                                                                                                                                                                                                                                                                                                                                                                                        
0124130214  66.0 169.0 907.2 548.0 220.4 164.6 525.0 218.1 500.8 219.4 925.3 845.41049.0                          32.9  12.3  65.3  39.5  16.0  12.0  37.9  15.8  36.1  15.9  66.6  60.9  75.5                         142.5  16.6 283.4 171.3  68.9  51.5 164.1  68.2 156.5  68.6 289.1 264.1 327.7                         923.9 133.6 342.51110.6 446.6 333.41064.0 441.81014.9 444.51875.31713.32126.0                         551.4  79.8 204.41097.3 266.6 199.0 635.0 263.7 605.7 265.31119.21022.51268.8                         190.9  22.2  70.8 379.8 229.5  69.0 219.8  91.4 209.7  91.9 387.4 353.9 439.1                         138.3  16.1  51.3 275.0 166.2  66.9 159.2  66.2 151.9  66.6 280.5 256.3 318.0                         527.6  76.3 195.61049.8 634.1 255.0 190.4 252.3 579.5 253.81070.8 978.31213.9                         188.7  21.9  70.0 375.4 226.8  91.3  68.2 217.3 207.3  90.8 382.9 349.8 434.1                         502.5  72.7 186.3 999.9 604.0 242.9 181.4 578.6 240.3 241.81019.8 931.71156.1                         189.9  22.1  70.5 377.9 228.3  91.9  68.6 218.7  90.9 208.6 385.4 352.1 436.9                         942.7 136.3 349.51876.01133.2 455.7 340.21085.6 450.81035.6 453.51748.22169.3                         859.8 124.3 318.71711.01033.5 415.6 310.3 990.2 411.2 944.5 413.71745.21978.5                        1070.9 154.8 397.02131.21287.3 517.6 386.51233.3 512.21176.5 515.22173.81986.0                                                                                                                                                                                                                                                                                                                                                                                                                                                        
0124130316 311.6 462.12505.12316.8 723.3 810.71086.7 423.9 177.91538.12896.9 308.6 886.0 656.91881.8             225.9  56.5 305.6 282.6  88.3  99.0 132.6  51.8  17.5 187.7 353.4  30.2 108.2  80.2 229.6             394.1  66.4 533.1 493.1 154.0 172.6 231.3  90.3  30.4 327.4 616.5  52.7 188.6 139.9 400.5            2517.0 423.6 628.23149.6 983.21102.11477.3 576.2 241.82091.03938.2 419.61204.5 892.92558.2            2325.2 391.3 580.43146.1 908.31018.11364.7 532.3 223.41931.73638.2 387.61112.7 824.92363.3             702.7 118.4 175.5 950.8 879.3 307.8 412.5 160.9  67.6 583.81099.5 117.2 336.3 249.4 714.2             791.7 133.3 197.71071.2 990.7 309.3 464.7 181.3  76.1 657.81238.8 132.1 378.9 280.9 804.7            1072.7 180.6 267.81451.41342.3 419.1 469.8 245.6 103.1 891.21678.4 178.9 513.4 380.61090.3             358.6  54.4  89.6 485.2 448.7 140.2 157.1 210.5  27.7 298.0 561.1  47.9 171.7 127.3 364.5              98.0  15.0  24.6 132.6 122.6  38.4  43.0  57.6  22.5  81.4 153.3  13.2  47.0  34.9  99.6            1532.4 257.9 382.52073.31917.5 598.6 671.0 899.4 350.8 147.22397.6 255.5 733.3 543.71557.4            2915.9 490.7 727.83945.43648.81139.11276.81711.4 667.5 280.12422.4 486.01395.41034.52963.6             194.9  29.6  48.7 263.6 243.8  76.2  85.4 114.4  44.7  15.1 161.9 304.8  93.3  69.2 198.0             868.4 146.2 216.81175.01086.7 339.3 380.3 509.7 198.9  83.5 721.51358.8 144.8 308.2 882.6             635.1 107.0 158.6 859.3 794.7 248.2 278.1 372.8 145.5  61.1 527.6 993.6 105.9 304.0 645.5            1882.3 316.8 469.82546.82355.4 735.3 824.21104.8 430.9 180.81563.72945.1 313.8 900.8 667.8                                                                                                                                                                                                                                
0124130414 442.1 183.1 131.1 178.6 576.1 101.5 342.1 328.7 244.3  72.3 503.0 353.7 167.1                         451.0 314.6 225.1 306.8 989.8 174.2 587.7 564.6 419.6 124.1 864.1 607.7 287.0                         179.2 301.9  89.5 122.0 393.3  69.3 233.6 224.4 166.8  49.4 343.4 241.5 114.1                         112.1 188.8  78.2  76.3 246.0  34.7 146.1 140.3 104.3  24.8 214.7 151.0  71.4                         174.5 293.8 121.7  87.1 382.8  67.5 227.3 218.4 162.4  48.1 334.2 235.1 111.1                         591.5 996.4 412.7 295.2 402.4 228.5 770.9 740.6 550.5 162.81133.6 797.2 376.4                          64.6 108.7  45.1  32.3  44.0 141.6  84.1  80.8  60.1  14.3 123.6  87.0  41.1                         346.0 582.8 241.4 172.7 235.4 759.4 133.7 433.2 322.0  95.3 663.0 466.3 220.2                         331.9 559.0 231.5 165.7 225.8 728.5 128.3 432.5 308.9  91.4 636.0 447.2 211.2                         243.4 409.9 169.8 121.5 165.6 534.2  94.1 317.2 304.7  67.0 466.3 328.0 154.9                          42.3  71.2  29.5  21.2  28.8  92.7  13.2  55.1  52.9  39.4  80.9  57.0  27.0                         514.8 867.1 359.1 256.9 350.21130.0 198.9 670.9 644.5 479.0 141.7 693.7 327.6                         358.2 603.4 249.9 178.8 243.7 786.2 138.4 466.8 448.5 333.3  98.6 686.4 228.0                         146.5 246.6 102.2  73.2  99.7 321.4  45.3 190.8 183.3 136.3  32.3 280.6 197.3                                                                                                                                                                                                                                                                                                                                                                                                                                                        
0124130514 843.61245.8 312.6 623.91100.2 324.6 483.3 320.01229.5 688.9 251.7 634.5 869.4                         824.3 535.5 134.5 268.2 473.0 139.6 207.8 137.6 528.6 296.2 108.3 272.8 373.8                        1233.7 542.7 201.2 401.4 707.8 208.9 311.0 205.9 791.0 443.2 162.0 408.3 559.4                         243.4 107.1 158.2  79.3 139.7  33.9  61.4  32.6 156.1  87.5  25.7  80.6 110.4                         600.7 264.3 390.3  98.0 344.7 101.8 151.5 100.3 385.2 215.9  78.9 198.8 272.4                        1085.6 477.6 705.2 177.0 353.2 183.8 273.6 181.2 696.0 390.0 142.5 359.2 492.2                         212.0  93.3 137.8  33.3  69.1 121.7  53.5  28.4 136.0  76.2  22.4  70.2  96.2                         457.6 201.4 297.3  74.7 148.9 262.6  77.5  76.4 293.4 164.5  60.2 151.5 207.5                         202.6  89.2 131.6  31.8  66.0 116.3  28.2  51.1 129.9  72.9  21.4  67.1  91.9                        1217.2 535.5 790.7 198.5 396.0 698.4 206.1 306.8 203.1 437.3 159.8 402.8 551.9                         666.9 293.4 433.2 108.8 217.0 382.6 113.0 168.1 111.3 427.6  87.6 220.7 302.4                         152.0  66.9  98.8  23.9  49.5  87.3  21.2  38.4  20.4  97.5  54.7  50.4  69.0                         611.6 269.1 397.3  99.8 199.0 350.9 103.6 154.2 102.1 392.1 219.8  80.4 277.3                         850.7 374.2 552.6 138.7 276.8 488.1 144.1 214.4 142.0 545.4 305.6 111.7 281.5                                                                                                                                                                                                                                                                                                                                                                                                                                                        
0124130612 399.6 525.0 140.1 112.2  69.4 195.5 525.0  90.7 109.6 323.2 477.0                                     407.6 884.9 236.0 189.0 116.9 329.4 884.9 152.7 184.7 544.7 803.9                                     539.6 891.3 312.3 250.2 154.7 436.01171.3 202.1 244.4 720.91064.1                                     121.5 200.6 263.6  49.6  28.0  98.2 263.6  36.5  55.1 162.3 239.5                                      82.0 135.4 177.9  47.5  18.9  66.3 177.9  24.7  37.2 109.5 161.6                                      40.7  67.2  88.3  23.6  16.7  32.9  88.3  12.3  18.5  54.4  80.2                                     193.1 319.0 419.1 111.8  89.6  55.4 419.1  72.4  87.5 258.0 380.8                                     539.6 891.31171.3 312.3 250.2 154.7 436.0 202.1 244.4 720.91064.1                                      57.0  94.0 123.5  33.0  23.3  13.2  46.0 123.5  25.9  76.1 112.2                                      92.4 152.5 200.4  53.5  37.8  21.3  74.7 200.4  27.8 123.4 182.0                                     327.4 540.8 710.6 189.5 151.8  93.9 264.5 710.6 122.6 148.3 645.5                                     489.0 807.91061.6 283.1 226.8 140.3 395.21061.6 183.2 221.5 653.4                                                                                                                                                                                                                                                                                                                                                                                                                                                                                                                                                                                                                                                                                
012413079   38.4  21.8  72.5  28.9  12.3  31.9  16.8  33.8                                                        62.9  92.7 309.1 122.9  64.9 135.7  88.9 143.8                                                        24.4  79.3 149.6  59.6  25.2  65.8  34.5  69.7                                                       122.2 318.2 180.1 238.9 126.1 263.8 172.8 279.6                                                        33.4 108.5  61.4 204.8  34.5  90.0  47.2  95.4                                                        12.4  39.9  22.7  75.3  30.0  33.1  17.4  35.1                                                        39.6 123.5  69.9 233.2  92.7  40.8  55.9 108.5                                                        18.1  58.5  33.2 110.4  44.0  18.6  48.5  51.4                                                        54.8 142.6  80.7 269.3 107.1  56.5 118.3  77.5                                                                                                                                                                                                                                                                                                                                                                                                                                                                                                                                                                                                                                                                                                                                                                                                                                                                                                                                                                                                                    
0124130814 349.7 152.7 300.7 299.8 578.4  82.2 380.6 104.3 262.4 295.6  71.2 697.9 130.9                         357.1 254.9 502.0 500.6 965.8 137.2 635.4 174.0 438.1 493.6 118.91165.4 218.5                         134.7 220.2 189.4 188.8 364.2  41.5 239.6  60.4 165.3 186.2  35.9 439.4  82.5                         305.4 499.3 218.0 428.1 825.9 117.4 543.4 148.8 374.7 422.1 101.7 996.6 186.9                         304.5 497.9 217.3 428.1 823.5 117.0 541.8 148.4 373.6 420.9 101.4 993.7 186.3                         598.3 978.3 427.0 841.1 838.7 229.81064.6 291.5 734.0 827.0 199.11952.7 366.0                          51.4  84.0  36.7  72.3  72.0 138.9  91.4  23.1  63.1  71.0  13.8 167.6  31.5                         389.7 637.1 278.1 547.8 546.21053.8 149.7 189.9 478.0 538.6 129.71271.6 238.4                          80.3 131.2  57.3 112.9 112.5 217.0  24.8 142.8  98.5 111.0  21.5 261.8  49.2                         265.0 433.3 189.2 372.6 371.5 716.8 101.9 471.6 129.2 366.3  88.2 864.9 162.2                         300.1 490.6 214.2 421.8 420.6 811.5 115.3 533.9 146.2 368.1  99.9 979.2 183.6                          43.0  70.2  30.7  60.4  60.2 116.1  13.3  76.4  19.3  52.7  59.4 140.0  26.4                         724.31184.4 516.91018.31015.41959.2 278.21288.9 352.9 888.61001.2 241.0 443.1                         113.8 186.0  81.3 160.0 159.5 307.7  35.1 202.5  51.1 139.6 157.3  30.4 371.2                                                                                                                                                                                                                                                                                                                                                                                                                                                        
012413099   37.8  36.8   9.7  31.0  34.8  21.2  12.8  10.5                                                        69.6 344.8 112.5 290.6 326.4 198.5 135.9 122.2                                                        67.6 344.4 109.2 282.2 317.0 192.7 132.0 118.7                                                        11.1  70.3  68.4  57.7  64.8  39.4  23.8  19.5                                                        56.5 287.9 279.9  91.3 265.0 161.1 110.3  99.3                                                        63.8 325.2 316.2 103.2 266.5 182.0 124.6 112.1                                                        37.7 191.9 186.6  60.9 157.2 176.6  73.6  66.2                                                        15.5  98.4  95.6  25.0  80.6  90.5  55.1  27.2                                                        12.3  77.7  75.6  19.8  63.7  71.6  43.6  26.3                                                                                                                                                                                                                                                                                                                                                                                                                                                                                                                                                                                                                                                                                                                                                                                                                                                                                                                                                                                                                    
0124131014 241.0 961.0 138.3 292.2 263.2 328.2 244.7 684.4 204.0 855.7 147.4 518.4 539.4                         206.8 332.0  38.3 101.0  91.0 113.4  84.6 236.5  70.6 295.6  40.8 179.1 186.4                         972.6 391.5 224.7 474.8 427.6 533.2 397.51112.0 331.51390.4 239.5 842.2 876.3                          84.6  34.1 135.7  41.3  37.2  46.4  34.6  96.6  28.9 120.8  16.8  73.2  76.2                         282.3 113.7 453.2  65.3 124.2 154.8 115.4 322.8  96.3 403.6  69.6 244.5 254.4                         232.6  93.7 373.3  44.9 113.6 127.6  95.1 265.9  79.3 332.5  47.8 201.4 209.6                         319.5 128.7 512.8  73.9 156.0 140.5 130.6 365.2 108.9 456.7  78.7 276.7 287.9                         210.3  84.7 337.5  39.0 102.7  92.5 115.3 240.4  71.7 300.6  41.5 182.1 189.5                         687.1 276.61103.0 158.7 335.4 302.1 376.7 280.8 234.2 982.2 169.2 595.0 619.1                         172.2  69.4 276.3  31.9  84.1  75.7  94.4  70.4 196.8 246.1  34.0 149.1 155.1                         864.0 347.81387.0 199.6 421.8 379.8 473.7 353.1 987.8 294.4 212.7 748.1 778.5                          91.4  36.9 146.6  17.0  44.7  40.2  50.2  37.4 104.5  31.2 130.6  79.2  82.4                         515.8 207.6 827.9 119.2 251.8 226.8 282.8 210.8 589.6 175.8 737.3 127.0 464.7                         537.4 216.4 862.7 124.2 262.4 236.3 294.7 219.7 614.4 183.2 768.2 132.4 465.4                                                                                                                                                                                                                                                                                                                                                                                                                                                        
0124131114  98.4 188.5  53.2  49.3  49.2  21.5  18.5  39.5  77.6 102.4  54.5  75.3  44.9                         159.01324.8 373.1 346.1 345.1 188.4 161.3 277.0 545.3 719.6 382.6 528.7 315.2                         309.01343.9 725.3 672.7 670.9 366.1 313.6 538.41060.21399.1 743.91027.8 612.6                          83.7 363.5 696.7 182.0 181.5  99.1  84.9 145.7 286.8 378.5 201.3 278.1 165.8                          77.3 335.7 643.4 181.2 167.6  91.5  78.4 134.6 264.9 349.5 185.9 256.8 153.1                          77.0 334.7 641.5 180.7 167.6  91.3  78.2 134.2 264.1 348.5 185.3 256.0 152.7                          22.3 120.4 230.7  65.0  60.3  60.2  22.6  48.3  95.0 125.3  66.7  92.1  55.0                          18.5 100.2 191.9  54.1  50.2  50.1  21.9  40.2  79.0 104.3  55.5  76.6  45.7                          60.9 264.5 507.0 142.8 132.5 132.1  72.2  61.8 208.7 275.4 146.5 202.4 120.7                         124.4 541.01036.8 292.0 270.8 270.1 147.4 126.3 216.8 563.2 299.5 413.7 246.7                         165.7 720.51380.9 388.9 360.7 359.7 196.3 168.2 288.7 568.4 398.8 551.0 328.5                          85.9 373.4 715.6 201.6 187.0 186.5 101.8  87.2 149.7 294.6 388.7 285.6 170.3                         120.5 523.81003.9 282.7 262.2 261.5 142.8 122.3 209.9 413.2 545.3 290.0 238.8                          69.9 303.9 582.3 164.1 152.2 151.8  82.9  71.0 121.8 239.8 316.3 168.3 232.4                                                                                                                                                                                                                                                                                                                                                                                                                                                        
0124131212 149.4 363.6 370.7 210.0 145.9 246.1 108.1 215.5 149.3 332.4 619.4                                     102.3  88.7  90.4  51.3  35.6  60.1  21.2  52.6  31.4  81.1 150.9                                     361.5 128.7 319.2 180.9 125.6 212.0  93.1 185.6 128.5 286.3 533.4                                     368.8 131.3 319.5 184.5 128.2 216.3  95.0 189.4 131.2 292.1 544.2                                     201.9  71.9 174.9 178.3  70.2 118.4  52.1 103.7  71.8 159.9 297.9                                     121.5  36.4 105.3 107.3  60.9  71.3  25.1  62.5  37.2  96.3 179.3                                     239.4  85.3 207.4 211.4 119.8  83.3  61.7 123.0  85.2 189.6 353.3                                      65.5  19.7  56.7  57.8  32.8  22.8  38.4  33.7  20.1  51.9  96.5                                     187.3  56.1 162.3 165.4  93.8  65.1 109.9  38.7  57.3 148.3 276.3                                     105.0  31.5  91.0  92.7  52.6  36.6  61.6  21.7  54.0  83.2 154.9                                     329.1 117.2 285.1 290.6 164.7 114.4 193.0  84.8 169.0 117.0 485.5                                     627.1 223.2 543.2 553.8 313.7 217.9 367.7 161.4 322.0 222.9 496.6                                                                                                                                                                                                                                                                                                                                                                                                                                                                                                                                                                                                                                                                                
042421016   94.6  37.2 176.1 208.8  93.4                                                                          59.2   6.7  39.1  46.3  16.6                                                                          15.4   4.5  10.2  12.0   4.4                                                                         171.7  60.9  23.9 134.3  60.1                                                                         206.0  73.0  28.7 135.9  72.1                                                                          58.3  16.6   6.6  38.5  45.6                                                                                                                                                                                                                                                                                                                                                                                                                                                                                                                                                                                                                                                                                                                                                                                                                                                                                                                                                                                                                                                                                                                                                                                                                                                                                                                                                        
0424210215 533.11824.0 260.31036.7  53.0 282.01023.1 485.9 112.3  95.0  88.6  62.4 113.5  99.8                   564.48914.11271.55066.2 258.61377.84999.62374.1 548.2 463.6 432.7 304.3 553.9 487.1                  1952.19010.94398.29999.8 894.24766.09999.88212.61896.21603.41496.51052.41915.91684.7                   271.11251.04281.02433.1 124.3 661.82401.11140.2 263.4 222.7 207.9 146.2 266.1 234.0                  1105.85104.09999.82491.3 506.52699.69796.24651.81074.1 908.3 847.7 596.21085.2 954.3                    32.8 151.0 516.5  73.8 293.6  79.9 289.7 137.7  31.9  27.0  25.2  14.2  32.2  28.3                   294.51359.04650.4 663.42643.0 135.02608.31238.6 286.1 241.9 225.8 158.8 289.0 254.2                  1091.15036.39999.82458.39795.1 499.82663.94590.21059.9 896.2 836.5 588.31070.9 941.7                   513.72370.68112.31157.14610.5 235.31253.94549.9 498.9 421.9 393.8 277.0 504.1 443.3                   102.2 471.21612.0 230.0 916.2  38.3 249.3 904.2 429.4  83.9  78.4  45.0 100.3  88.2                    84.2 388.01327.4 189.4 754.4  30.9 205.3 744.5 353.6  81.7  64.5  36.4  82.6  72.6                    78.0 359.41229.7 175.5 699.0  28.7 190.2 689.8 327.6  75.7  64.1  33.7  76.5  67.3                    40.1 184.8 632.1  90.3 359.3  14.8  97.8 354.6 168.4  39.0  33.0  30.8  39.4  34.7                   113.3 522.51787.6 255.11016.0  52.0 276.41002.7 476.2 110.0  93.1  86.9  61.1  97.8                    88.9 409.71401.6 200.0 796.6  32.6 216.7 786.2 373.4  86.3  73.0  68.1  38.4  87.2                                                                                                                                                                                                                                                                                                                                            
0424210314 305.0 447.4 312.5 573.53787.42133.12887.2 764.7 923.63847.9 721.5 891.51142.2                         176.5  18.4  11.7  26.7 175.8  99.0 134.0  35.6  43.0 178.6  33.6  41.5  53.1                         314.3  20.3  20.8  47.5 313.1 176.4 238.7  63.3  76.4 318.1  59.7  73.8  94.5                         182.0  11.8  19.0  27.6 181.3 102.1 138.2  36.7  44.3 184.1  34.6  42.8  54.8                         479.8  30.9  49.8  31.7 477.9 269.2 364.3  96.6 116.6 485.5  91.1 112.6 144.2                        3787.2 303.8 445.7 311.2 571.22124.62875.7 761.6 919.93832.6 718.6 887.91137.6                        2111.9 169.5 248.6 173.6 318.62103.61603.6 424.8 513.02137.2 400.8 495.2 634.4                        2875.6 230.7 338.4 236.4 433.72864.31613.2 578.3 698.52910.0 545.6 674.2 863.8                         726.2  58.4  85.6  59.8 109.6 723.3 407.4 551.4 176.5 734.9 137.9 170.3 218.2                         887.1  71.3 104.5  73.0 133.9 883.6 497.7 673.6 178.5 897.7 168.4 208.1 266.5                        3848.5 308.7 452.9 316.3 580.43833.32159.02922.2 774.0 934.8 730.2 902.31156.0                         682.4  54.8  80.4  56.2 103.0 679.7 382.9 518.2 137.3 165.8 690.6 160.1 205.1                         854.6  68.6 100.7  70.3 129.0 851.2 479.5 648.9 171.9 207.7 864.8 162.2 256.8                        1108.4  89.0 130.5  91.2 167.31104.1 621.9 841.7 223.0 269.31121.7 210.4 260.0                                                                                                                                                                                                                                                                                                                                                                                                                                                        
04242104183196.36326.3 431.3 407.54118.13139.32482.1 673.41944.49999.84425.82706.11161.46298.61010.08109.84719.13149.12235.6 152.5 144.11455.31109.4 877.2 238.0 687.24432.51564.0 956.3 410.52225.8 357.02865.81667.76304.92261.5 305.2 288.42913.62221.11756.2 476.51375.78874.63131.41914.6 821.74456.3 714.65737.83338.9 242.7  87.1 172.3   9.0 112.2  85.6  67.7  14.8  53.1 341.5 120.6  73.8  31.7 171.6  27.6 220.9 128.6 225.2  80.9 159.9   8.9 104.1  79.4  62.8  13.7  49.2 316.9 111.9  68.5  29.5 159.2  25.6 205.0 119.34078.51462.92895.4 197.5 186.61436.81136.0 308.3 890.05740.72025.61238.5 531.62882.7 462.33711.62159.83091.61108.92194.8 149.7 141.51428.7 861.2 233.7 674.64351.51535.5 938.9 403.02185.1 350.52813.51637.22429.0 871.31724.4 117.7 111.21122.5 855.7 183.6 530.13418.91206.4 737.7 316.61716.8 275.42210.51286.3 420.2 150.8 298.3  16.4  15.5 194.2 148.1 117.1  91.8 591.4 208.7 127.7  54.9 297.0  47.7 382.4 222.61886.8 676.81339.5  91.4  86.4 872.0 664.8 525.6 142.72655.8 937.1 573.0 246.01333.6 213.91717.1 999.29999.84509.78926.0 608.5 574.95810.34429.33502.0 950.12743.46244.53818.01638.68886.81425.09999.86658.34388.71574.23115.6 212.5 200.82028.11546.11222.5 331.7 957.76177.41332.7 572.03102.0 497.53994.02324.12654.8 952.31884.7 128.6 121.51226.9 935.3 739.5 200.7 579.33736.71318.5 346.11876.4 301.02416.01405.91097.3 393.7 779.0  53.2  50.3 507.2 386.6 305.7  83.0 239.51544.5 545.1 333.3 775.6 124.5 998.6 581.26277.02251.44456.1 303.9 287.12900.72211.31748.4 474.41369.68835.23117.51906.1 818.1 711.55712.33324.0 944.7 338.9 670.7  45.8  43.3 436.6 332.9 263.2  71.5 206.21329.7 469.2 287.0 123.2 667.7 859.7 500.38103.22906.45752.6 392.2 370.63744.62854.62257.0 612.31768.19999.84024.42460.61056.15727.3 918.44291.14684.51680.33325.6 226.8 214.32164.81650.31304.8 354.01022.26593.62326.61422.5 610.63311.0 531.04263.1        
0424210518 327.53338.21146.8 659.2 635.3 131.61101.96631.1 201.13130.3 545.72822.5 125.1 236.92586.0 660.91007.3 315.21397.5 480.1 276.0 266.0  55.2 461.32775.9  84.31310.5 228.51181.6  52.4  99.31082.6 276.8 421.83412.51484.05198.22988.02879.6 596.24994.79999.8 911.39999.82473.59999.8 566.61073.69999.82995.74566.01158.1 503.75135.21014.1 977.3 202.41695.09999.8 309.34815.4 839.54341.8 192.4 364.43978.11016.71549.6 656.5 285.62911.01000.0 554.0 114.8 960.95782.5 175.42729.7 475.92461.3 109.1 206.62255.1 576.4 878.5 631.9 274.92801.9 962.6 553.3 110.5 924.95565.8 168.82627.4 458.12369.0 105.0 198.92170.6 554.8 845.5  76.9  33.5 340.5 117.1  67.3  64.9 112.5 676.3  17.8 319.3  55.8 287.9  10.3  24.3 263.8  67.5 102.81111.9 483.64930.41693.7 973.6 938.3 194.49794.0 297.04623.4 806.04168.7 184.7 349.93819.4 976.11487.86800.02957.09999.89999.85954.15738.01188.09952.81815.89999.84928.99999.81128.92139.39999.85969.49098.7 140.2  61.0 621.1 213.4 122.7 118.3  19.7 205.11233.6 582.4 101.6 525.2  18.7  44.2 481.2 123.1 187.53198.61391.09999.84872.42800.72699.1 558.94681.79999.8 854.22318.59999.8 531.11006.39999.82807.94279.9 539.8 234.82393.3 822.2 472.7 455.5  94.4 790.04754.1 144.22244.32023.5  89.7 169.91854.0 473.9 722.22881.91253.39999.84389.92523.42431.9 503.64218.19999.8 769.69999.82088.9 478.5 906.79899.82529.93856.1  72.0  31.4 318.8 109.6  63.1  60.8  10.2 105.3 633.2  16.6 299.0  52.2 269.6  22.7 247.0  63.2  96.3 200.0  87.0 886.3 304.6 175.1 168.8  28.1 292.61760.5  46.0 831.1 145.0 749.4  26.7 686.6 175.6 267.52638.71147.59999.84019.42310.42226.6 461.13862.19999.8 704.69999.81912.69893.0 438.1 830.22316.43530.6 658.3 286.32918.71002.7 576.4 555.5 115.1 963.55797.9 175.92737.0 477.22467.8 109.4 207.22261.1 880.81014.7 441.34499.11545.6 888.5 856.2 177.41485.18937.1 271.04218.9 735.53804.0 168.6 319.33485.3 890.7        
04242106181777.57091.25736.2 680.61194.08440.1 617.77028.7 685.32692.86592.51155.94109.78763.62205.5 692.4 690.01717.31328.81074.9 127.6 223.81581.5 115.81317.0 128.5 504.71235.3 216.7 770.11642.1 413.4 129.9 129.47074.31372.14427.8 525.4 921.76514.9 476.85425.4 529.02078.65088.7 892.23172.26764.61702.5 534.5 532.65708.31107.14416.7 424.0 743.75256.9 384.84377.8 426.91677.24106.1 720.02559.75458.41373.8 431.3 429.8 424.4  82.4 328.4 265.7  55.4 390.8  23.0 325.5  31.9 124.8 305.3  53.6 190.4 405.8 102.2  29.0  32.11129.1 219.1 873.6 706.7  84.01039.8  76.2 865.9  84.5 331.8 812.2 142.5 506.41079.6 271.8  85.4  85.18434.21635.86525.95278.9 626.41098.8 568.56468.3 630.62478.16066.91063.73782.08064.92029.7 637.2 635.0 378.2  73.5 292.7 236.8  22.6  49.4 348.3 290.1  28.4 111.2 272.1  47.8 169.7 361.7  91.1  25.8  28.67011.31359.85424.94388.3 520.7 913.56456.8 472.6 524.32060.15043.4 884.33144.06704.31687.3 529.8 527.9 553.4 107.4 428.2 346.4  33.0  72.2 509.6  30.0 424.4 162.7 398.1  69.9 248.2 529.1 133.3  37.8  41.82640.1 512.12042.71652.4 196.2 344.02431.3 178.02024.7 197.51899.1 333.01183.92524.5 635.4 199.6 198.96571.51274.65084.74113.1 488.1 856.26051.9 442.95039.8 491.41930.9 828.82946.86283.81581.5 496.5 494.81090.6 211.6 843.9 682.6  81.1 142.21004.4  73.6 836.4  81.7 320.5 784.5 489.11042.8 262.5  82.5  82.24068.5 789.13147.92546.5 302.2 530.13746.7 274.33120.2 304.31195.52926.6 513.23890.3 979.1 307.5 306.48760.41699.06778.25483.1 650.61141.38067.6 590.46718.5 655.02574.06301.51104.93928.32108.2 661.9 659.62148.8 416.81662.71345.0 159.7 280.01978.9 144.91648.0 160.8 631.41545.7 271.1 963.62054.8 162.4 161.9 496.5  96.4 384.2 310.8  29.6  64.8 457.2  26.9 380.8  37.2 146.0 357.2  62.7 222.7 474.8 119.6  37.5 557.7 108.3 431.5 349.1  33.3  72.8 513.6  30.2 427.7  41.8 164.0 401.2  70.5 250.2 533.3 134.3  38.0        
04242107151001.22498.4 643.22748.92346.6 401.42693.0 306.7 895.12620.8 484.2 621.23702.79999.8                   958.9 508.4 130.9 559.3 477.5  81.8 548.0  62.5 182.2 533.3  98.6 126.5 753.42685.2                  2473.2 525.4 337.51442.41231.3 210.71413.1 161.0 469.71375.2 254.1 326.01942.96925.6                   537.7 114.3 285.1 313.7 267.8  36.7 307.3  28.1 102.2 299.0  44.3  71.0 422.41505.5                  2726.6 579.21445.3 372.11357.5 232.21557.9 177.5 517.91516.1 280.2 359.42142.07635.2                  2319.7 492.81229.6 316.61352.9 197.61325.4 151.0 440.61289.9 238.4 305.81822.36495.8                   241.6  51.4 128.1  33.1 141.0 120.4 138.1  12.7  46.0 134.4  20.0  32.0 189.8 676.3                  2670.0 567.21415.3 364.41557.31329.4 227.4 173.8 507.11484.7 274.4 352.02097.67476.9                   172.0  36.6  91.2  23.6 100.4  85.7  11.8  98.3  32.8  95.7  14.3  22.8 135.1 481.4                   851.6 181.0 451.5 116.3 496.7 424.1  72.6 486.6  55.5 473.6  87.6 112.3 669.12384.7                  2597.0 551.71376.6 354.41514.71293.0 221.21483.9 169.1 493.3 266.9 342.42040.27272.4                   302.6  64.4 160.4  41.4 176.5 150.7  20.7 172.9  15.9  57.6 168.3  40.0 237.7 847.1                   517.5 110.0 274.4  70.7 301.9 257.7  35.4 295.8  27.1  98.4 287.8  42.7 406.61449.1                  3691.2 784.11956.6 503.72152.81837.8 314.42109.1 240.2 701.02052.5 379.3 486.59999.8                  9999.82824.07047.41814.07754.26619.31131.97596.5 865.02524.77392.81365.71752.29999.8                                                                                                                                                                                                                                                                                                                                            
0424210815 336.3 111.3  23.8 154.9 159.3  25.4  66.5 324.5 134.9 749.3 443.7 160.6 255.9 155.0                   403.2 716.3 190.3 997.41025.5 203.7 427.92090.1 868.64827.92858.31033.91648.4 998.1                   128.9 691.9  60.9 318.6 327.6  65.2 136.7 667.6 277.51541.9 912.9 330.3 526.5 318.8                    19.5 104.3  34.6  48.1  49.5   8.0  20.7 100.7  41.9 232.4 137.6  49.9  79.4  48.1                   182.0 977.7 323.3  86.0 462.9  92.0 193.2 943.3 392.12178.71289.9 466.7 743.9 450.5                   187.41006.3 332.8  88.5 463.3  94.7 198.8 970.9 403.52242.51327.7 480.3 765.7 463.7                    21.4 114.2  37.9   8.2  52.7  54.1  22.7 110.2  45.9 254.4 150.7  54.6  87.0  52.7                    66.9 359.1 118.8  25.4 165.4 170.0  27.1 346.4 144.0 800.0 473.7 171.4 273.2 165.5                   388.82088.8 690.7 183.5 961.7 988.8 196.5 412.6 837.64655.22756.1 997.01589.4 962.4                   157.7 846.8 280.1  74.5 389.9 400.9  79.7 167.3 817.01887.01117.2 404.2 644.3 390.2                   906.94872.71611.1 428.02243.22306.5 458.1 962.24701.31953.76429.22325.53707.62244.8                   534.22869.9 949.0 252.11321.31358.6 269.9 566.82769.01150.76396.01369.72183.81322.2                   189.01014.9 335.6  89.2 467.3 480.5  95.5 200.5 979.2 407.02261.71339.0 772.2 467.6                   305.21639.7 542.2 144.1 754.9 776.2 154.2 323.91582.0 657.53654.12163.4 782.6 755.4                   182.2 978.4 323.6  86.0 450.5 463.2  92.1 193.3 944.0 392.42180.41290.9 467.0 744.5                                                                                                                                                                                                                                                                                                                                            
0424210913 723.9 717.0 346.9 117.9 110.5 116.3 129.6 699.1 226.6  78.1 368.8 221.4                               746.82061.0 996.9 338.7 317.5 334.0 372.42009.7 651.2 224.21059.9 636.2                               739.52060.6 987.2 335.4 314.4 330.8 368.71990.2 644.9 222.01049.6 630.0                               351.2 978.3 969.0 159.3 149.3 157.1 175.1 944.9 306.2 105.5 498.4 299.2                                99.7 277.4 274.8 133.0  34.0  37.5  49.7 268.0  86.9  24.0 141.4  84.9                                71.6 199.2 197.3  95.5  32.5  27.0  35.7 192.4  62.4  17.3 101.5  61.0                                80.4 223.7 221.6 107.3  36.5  27.4  40.1 216.1  70.1  19.4 114.0  68.5                               110.8 308.6 305.6 147.9  50.3  37.8  41.7 298.0  96.7  26.7 157.2  94.4                               720.82008.51989.3 962.3 326.9 306.5 322.4 359.4 628.6 216.41023.1 614.1                               225.0 626.6 620.6 300.3 102.1  95.7 100.7 112.2 605.2  67.6 319.2 191.7                                46.8 130.1 128.9  62.4  21.3  16.0  17.7  23.4 125.7  40.8  66.3  39.9                               374.21042.41032.4 499.4 169.7 159.1 167.4 186.61006.8 326.3 112.4 318.8                               219.5 611.4 605.6 293.0  99.6  93.4  98.2 109.5 590.5 191.4  66.0 311.5                                                                                                                                                                                                                                                                                                                                                                                                                                                                                                                                                                    
0424211015 216.7 174.6 352.11470.31216.31466.7 231.61928.2 562.31966.0 359.9 692.0 160.8  64.5                   186.2  64.7 130.4 544.2 450.2 542.9  85.8 713.6 208.2 727.6 133.3 256.2  56.0  19.2                   146.6  63.2 102.7 428.4 354.4 427.4  67.6 561.8 163.9 572.8 105.0 201.7  44.1  15.1                   346.8 149.4 120.41013.9 838.71011.4 159.81329.6 387.81355.6 248.2 477.2 110.9  44.5                  1504.5 648.0 522.11053.33638.94388.3 692.85769.11682.15882.11076.72070.2 480.8 192.7                  1241.4 534.7 430.8 869.13629.93621.0 571.74760.31388.04853.6 888.51708.2 396.8 159.1                  1500.7 646.4 520.81050.74388.23629.9 691.15754.81678.05867.51074.02065.0 479.7 192.3                   222.1  95.7  77.1 155.5 649.1 537.0 647.5 851.2 248.3 867.9 159.0 305.5  71.1  28.6                  1978.5 852.1 686.61385.15785.24785.45771.0 911.12212.17735.51415.92722.4 632.3 253.4                   564.4 243.1 195.9 395.21650.11365.01646.1 259.92164.02206.4 403.9 776.6 180.4  72.4                  2017.6 869.0 700.21412.55899.64880.05885.1 929.17736.82255.81443.92776.2 644.8 258.4                   354.9 152.9 123.2 248.51037.5 858.31035.0 163.51360.6 396.81387.3 488.3 113.5  45.6                   698.6 301.0 242.5 489.22042.71689.72037.7 321.82678.8 781.12731.3 500.0 223.3  89.6                   124.5  53.7  43.3  87.2 363.9 301.1 363.0  57.4 477.2 139.2 486.6  89.2 171.3  12.9                    30.9  13.4  10.8  21.7  90.0  74.5  89.8  14.3 118.0  34.5 120.3  22.1  42.4   9.4                                                                                                                                                                                                                                                                                                                                            
0424211118 410.8 408.4  49.1  70.6 253.7 221.0 321.5 424.9 103.4  60.3 167.6 229.9 287.3 442.0 476.7 490.3 174.5 435.01702.5 204.4 294.21057.5 921.11340.11771.4 430.6 250.9 698.4 958.41197.61843.01987.42044.3 727.2 432.41702.3 203.1 292.41051.0 915.51332.01760.6 427.9 249.4 694.1 952.61190.31831.81975.32031.8 722.7  30.3 119.0 118.3  20.1  73.5  64.1  93.2 123.1  30.0  14.1  48.6  66.7  83.3 128.1 138.1 142.0  50.6  59.7 234.6 233.2  22.5 144.9 126.2 183.6 242.6  59.1  27.6  95.7 131.3 164.1 252.4 272.2 280.0  99.7 265.51045.11038.8 124.8 179.5 562.0 817.71080.8 262.8 153.2 426.2 584.8 730.81124.51212.61247.3 443.7 230.2 906.1 900.6 108.2 155.7 559.4 709.0 937.1 227.8 132.8 369.5 507.0 633.6 975.01051.31081.4 384.7 338.61333.11325.1 159.1 229.0 823.1 716.91378.7 335.1 195.3 543.6 746.0 932.11434.41546.81591.1 566.0 450.21772.51761.9 211.5 304.41094.4 953.21386.9 445.6 259.7 722.7 991.81239.41907.32056.72115.6 752.5 103.3 406.3 403.8  48.6  69.9 250.9 218.5 317.9 420.2  59.6 165.7 227.4 284.1 437.1 471.4 484.9 172.5  39.1 153.5 152.6  14.8  25.9  94.8  82.6 120.2 158.8  38.7  62.7  86.0 107.4 165.2 178.1 183.2  65.3 172.6 679.1 675.1  81.1 116.7 419.3 365.3 531.4 702.4 170.8  99.6 380.1 474.9 730.8 788.0 810.6 288.4 239.8 944.1 938.5 112.7 162.2 582.9 507.7 738.7 976.4 237.4 138.4 385.0 660.21015.91095.51126.8 400.9 301.71187.91180.8 141.8 204.0 733.4 638.8 929.41228.5 298.6 174.1 484.4 664.71278.21378.31417.8 504.4 468.71845.51834.4 220.2 316.91139.4 992.41444.01908.6 463.9 270.4 752.51032.71290.42141.42202.7 783.5 506.11992.61980.7 237.7 342.21230.31071.51559.12060.8 500.9 291.9 812.51115.01393.32144.12378.3 846.0 520.82050.52038.3 244.7 352.21266.01102.71604.42120.7 515.5 300.4 836.11147.41433.82206.52379.3 870.6 180.0 708.5 704.3  84.6 121.8 437.5 381.0 554.4 732.7 178.2 103.9 288.9 396.5 495.4 762.4 822.1 845.6        
04242112151172.31427.6 478.2 587.8 585.11538.76200.3 373.2 315.8 312.61021.0 183.9 503.12336.0                  1159.8 890.6 298.3 366.7 365.1 959.93867.7 232.9 197.1 195.0 637.0 114.8 313.91457.2                  1419.8 895.2 365.2 448.9 446.91175.04734.6 285.0 241.2 238.7 779.7 140.5 384.21783.8                   453.1 285.7 347.9 143.3 142.7 375.01510.7  91.0  77.0  76.3 248.9  44.9 122.7 569.2                   564.7 356.1 433.6 145.3 177.8 467.41882.9 113.4  96.0  95.0 310.1  55.9 152.9 709.5                   562.0 354.4 431.5 144.6 177.7 465.11873.9 112.9  95.5  94.6 308.7  55.7 152.1 706.0                  1532.9 966.51177.0 394.3 484.6 482.45111.7 307.7 260.4 257.7 841.8 151.7 414.81925.9                  6279.23959.24821.41614.81985.01976.05196.51260.21066.31055.43448.1 620.91698.87889.3                   311.7 196.6 239.3  80.2  98.6  98.2 258.01039.1  53.0  42.0 171.2  24.8  84.4 391.6                   258.5 163.1 198.5  66.6  81.8  81.4 214.0 861.9  52.0  34.9 142.0  20.6  70.0 324.8                   197.7 124.7 151.8  50.9  62.6  62.3 163.6 659.0  39.8  33.7 108.6  15.8  53.6 248.4                  1005.8 634.2 772.3 258.7 318.0 316.6 832.43353.9 202.0 170.9 169.1  99.6 272.21263.6                   102.4  64.6  78.7  26.4  32.5  32.3  84.8 341.3  20.7  17.5  13.9  56.3  27.8 128.7                   478.4 301.7 367.4 123.1 151.3 150.6 396.01595.2  96.1  81.4  80.5 262.8  47.4 601.1                  2344.61478.41800.3 603.0 741.3 737.91940.47819.0 470.6 398.2 394.21287.5 231.9 634.4                                                                                                                                                                                                                                                                                                                                            
