0224160116 191.32506.4 482.1 962.91194.8 557.31137.0 349.2 630.72336.81329.83665.4 752.2 236.21090.8             106.7 134.5  26.0  51.8  64.2  30.0  61.1  18.9  33.9 125.4  71.4 196.7  40.5  10.3  58.6            2515.5 242.2 610.21218.81512.3 705.31439.1 442.0 798.22957.81683.24639.4 952.0 299.01380.7             424.4  34.9 535.2 205.7 255.2 119.1 242.8  74.7 134.8 499.0 284.0 782.6 160.7  43.0 233.0             944.9  91.01191.6 229.3 568.1 265.0 540.6 166.1 299.91111.0 632.31742.6 357.7 112.4 518.7            1180.9 113.71489.3 286.5 572.2 331.1 675.6 207.6 374.81388.5 790.22177.8 447.0 140.4 648.2             532.1  51.3 671.0 129.2 257.9 319.9 304.5  93.6 168.9 625.6 356.1 981.3 201.4  63.3 292.1            1122.0 108.11415.0 272.2 543.7 674.6 314.6 197.2 356.11319.3 750.82069.3 424.7 133.4 615.9             288.1  22.3 363.3  70.0 139.7 173.3  80.9 164.9  91.5 338.8 192.8 531.3 109.1  27.5 158.2             606.8  58.5 765.2 147.3 294.0 364.8 170.2 347.2 106.7 713.5 406.01119.0 229.7  72.2 333.1            2343.0 225.52954.8 568.31135.21408.6 656.91340.4 411.7 743.51567.74321.1 886.7 278.51286.0            1318.3 127.01662.5 319.8 638.7 792.5 369.7 754.2 231.7 418.31550.02431.2 498.9 156.7 723.6            3694.9 355.64659.8 896.21790.12221.31035.92113.7 649.21172.44344.42472.21398.3 439.02028.0             730.4  70.4 921.2 177.3 353.9 439.2 204.9 417.9 128.4 231.8 858.8 488.81347.1  86.9 401.0             139.9  10.9 176.4  34.0  67.9  84.2  39.3  80.1  24.7  44.5 164.5  93.7 257.9  53.0  76.8            1075.1 103.61355.8 260.8 520.9 646.4 301.5 615.1 189.0 341.21264.1 719.41982.7 406.9 127.8                                                                                                                                                                                                                                
0224160211 237.7 134.4 647.0 604.7  72.3 730.0 242.9 281.3  70.9 287.8                                           232.8  88.3 424.9 397.1  47.5 479.4 159.5 184.7  46.6 189.0                                           107.3  72.0 195.8 183.0  17.6 220.9  73.5  85.2  17.3  87.1                                           659.3 442.1 249.91124.9 134.31358.0 451.7 523.2 131.8 535.3                                           615.2 412.6 233.21123.1 125.31267.2 421.5 488.2 123.0 499.5                                            39.9  26.8  14.6  72.7  67.9  82.0  27.4  31.7   6.5  32.4                                           745.8 500.1 282.61361.51272.4 151.9 511.0 591.8 149.0 605.5                                           238.2 159.7  90.3 434.7 406.3  48.6 490.4 189.0  47.7 193.4                                           278.2 186.6 105.5 507.7 474.5  56.7 572.9 190.6  55.7 225.9                                            38.8  26.1  14.2  70.8  66.2   6.4  79.8  26.6  30.8  31.5                                           285.0 191.1 108.0 520.2 486.1  58.1 586.9 195.3 226.1  57.0                                                                                                                                                                                                                                                                                                                                                                                                                                                                                                                                                                                                                                                                                                                                                                                            
0224160312 171.7  50.0 336.9  96.2  79.3  78.5  79.1 362.9 192.2 266.8 156.0                                     175.1  70.0 471.8 134.7 111.0 109.8 110.7 508.2 269.0 373.5 218.4                                      30.0  41.2  80.8  23.1  17.6  18.5  16.8  87.0  46.1  64.0  37.4                                     352.2 483.6 140.7 270.9 223.1 220.8 222.71022.5 541.2 751.4 439.3                                      84.8 116.4  27.2 228.3  49.5  52.1  47.2 246.0 130.2 180.8 105.7                                      62.1  85.2  19.9 167.2  47.8  38.2  34.6 180.1  95.4 132.4  77.4                                      65.9  90.5  21.2 177.5  50.8  38.5  36.7 191.2 101.3 140.6  82.2                                      58.9  80.8  18.9 158.5  45.3  34.4  36.2 170.7  90.4 125.5  73.4                                     380.1 521.9 151.91024.4 292.4 240.8 238.3 240.3 584.1 810.9 474.1                                     197.0 270.5  78.8 530.8 151.5 124.8 123.5 124.6 571.8 420.2 245.7                                     277.0 380.3 110.7 746.4 213.1 175.5 173.7 175.1 804.0 425.6 345.5                                     158.2 217.3  63.3 426.3 121.7 100.3  99.2 100.1 459.2 243.1 337.5                                                                                                                                                                                                                                                                                                                                                                                                                                                                                                                                                                                                                                                                                
0224160416 694.5 125.4 133.2 237.8  33.7 243.7  90.9 135.5 433.7 560.1 108.8 168.5 484.3 162.5  72.8             777.9 930.1 988.61764.7 280.31809.1 674.11005.53219.34158.1 807.11250.73595.61206.0 539.7             133.5 884.2 169.6 302.7  48.2 310.3 115.7 172.5 552.0 713.0 138.5 214.5 616.5 206.9  92.6             142.4 943.2 170.2 322.9  51.4 331.0 123.4 184.0 588.9 760.6 147.7 228.9 657.7 220.7  98.8             260.71727.8 311.7 331.3  94.0 606.2 226.0 337.01078.71393.3 270.5 419.11204.8 404.2 180.9              22.7 150.0  27.2  28.9  51.4  52.7  19.7  29.4  93.7 121.0  23.6  36.5 104.6  35.2  15.8             267.51772.7 319.8 339.9 606.7  96.4 231.8 345.71106.71429.4 277.5 430.01236.1 414.7 185.6              85.1 563.4 101.7 108.1 192.9  24.6 197.8 110.0 351.8 454.4  88.3 136.7 392.9 131.9  59.1             145.0 960.4 173.3 184.2 328.7  52.3 337.0 125.7 599.6 774.4 150.4 233.0 669.7 224.7 100.6             482.53198.3 576.9 613.21094.6 173.91122.1 418.2 623.72579.0 500.6 775.72230.1 748.0 334.8             625.74147.2 748.1 795.11419.3 225.41455.0 542.2 808.72589.2 649.11005.92891.8 970.0 434.1             114.7 759.8 137.1 145.8 260.1  41.4 266.6  99.4 148.3 474.4 612.7 184.4 529.8 177.8  79.6             182.41208.2 218.0 231.7 413.5  65.8 423.9 158.0 235.7 754.3 974.3 189.2 842.5 282.6 126.5             539.93578.6 645.5 686.11224.7 194.51255.5 467.9 697.92234.22885.7 560.2 868.0 837.0 374.6             175.51163.0 209.9 223.1 398.1  63.3 408.1 152.1 226.9 726.1 937.8 182.1 282.2 811.0 121.8              66.5 439.9  79.4  84.4 150.6  19.3 154.4  57.6  85.9 274.7 354.7  69.0 106.8 306.7 103.0                                                                                                                                                                                                                                
022416055   26.2  79.4  57.2  15.5                                                                                21.2  21.9  15.8   4.4                                                                                79.6  27.0  59.0  16.0                                                                                55.2  18.8  56.9  11.2                                                                                 9.5   3.3   9.8   7.1                                                                                                                                                                                                                                                                                                                                                                                                                                                                                                                                                                                                                                                                                                                                                                                                                                                                                                                                                                                                                                                                                                                                                                                                                                                                                                                                                                                                                                                                    
0224160611  91.3 475.3 119.5 255.9 130.7 444.5 556.5 405.6 475.9 151.9                                            52.4  57.4  11.6  30.9  12.7  53.7  67.1  49.0  57.4  15.1                                           476.9 100.2 131.2 280.9 143.4 488.0 611.0 445.3 522.4 166.7                                            73.7  12.5  80.7  43.5  17.8  75.4  94.4  68.9  80.8  21.2                                           249.1  52.4 272.6  68.6  75.0 254.9 319.1 232.6 272.9  87.1                                            82.2  13.9  89.9  18.2  48.5  84.1 105.3  76.8  90.0  23.6                                           444.9  93.5 486.9 122.4 262.1 133.8 570.0 415.5 487.4 155.6                                           561.1 117.9 614.0 154.3 330.5 168.8 574.3 524.0 614.7 196.2                                           404.5  85.0 442.7 111.3 238.3 121.7 414.0 518.3 443.2 141.5                                           477.4 100.3 522.4 131.3 281.2 143.6 488.6 611.7 445.9 166.9                                           101.1  17.1 110.6  22.3  59.6  24.4 103.4 129.4  94.4 110.7                                                                                                                                                                                                                                                                                                                                                                                                                                                                                                                                                                                                                                                                                                                                                                                            
0224160710  27.3  71.0  89.6  63.4 141.5 147.2  99.9  55.2 168.2                                                  21.6  16.9  21.3  15.1  33.5  34.8  23.7  13.1  39.8                                                  69.2  20.7  67.9  48.1 107.2 111.5  75.7  41.8 127.4                                                  89.5  26.8  69.6  62.1 138.7 144.3  97.9  54.1 164.8                                                  60.9  18.3  47.4  59.8  94.4  98.2  66.7  36.9 112.2                                                 161.4  60.3 125.5 158.4 112.0 260.3 176.6 113.4 297.3                                                 168.2  62.8 130.8 165.1 116.8 260.8 184.1 118.2 309.9                                                 111.5  41.7  86.7 109.5  77.5 172.9 179.8  78.4 205.5                                                  52.0  15.6  40.4  51.0  36.1  80.5  83.8  56.9  95.7                                                 193.3  72.2 150.3 189.8 134.2 299.7 311.8 211.6 135.8                                                                                                                                                                                                                                                                                                                                                                                                                                                                                                                                                                                                                                                                                                                                                                                                                                                                                                        
0224160810  84.5  43.2  59.2  31.4  32.8  30.6  18.0  10.2  35.6                                                 143.7 429.9 589.9 312.1 326.0 304.6 212.8 125.7 354.1                                                  71.4 418.7 293.0 155.1 162.0 151.4 105.7  62.5 176.0                                                  99.4 583.0 297.4 215.9 225.6 210.8 147.2  87.0 245.0                                                  36.7 268.6 137.0 188.0 104.0  97.1  59.4  32.1 112.9                                                  53.3 312.0 159.2 218.4 115.6 112.8  78.8  46.6 131.2                                                  35.8 261.6 133.5 183.1  96.9 101.3  55.6  31.3 110.0                                                  19.8 144.1  73.5 100.9  53.4  55.8  52.1  17.3  60.6                                                   9.8  71.1  36.3  49.8  26.4  27.6  25.8  15.2  29.9                                                  58.2 340.9 173.9 238.6 126.3 131.9 123.3  86.1  50.9                                                                                                                                                                                                                                                                                                                                                                                                                                                                                                                                                                                                                                                                                                                                                                                                                                                                                                        
022416099   27.3  71.6  64.3  73.1  85.8  34.5  23.0 114.7                                                        24.8  37.8  33.9  38.6  45.2  18.3  12.2  60.5                                                        82.7  60.0 113.3 128.8 151.1  75.9  50.6 202.1                                                        66.5  38.6 101.4 103.5 121.5  48.9  32.6 162.5                                                        84.6  61.4 129.0 115.9 154.6  77.7  51.7 206.7                                                       100.3  72.7 152.9 137.4 156.2  92.1  61.3 245.1                                                        33.0  19.2  50.2  45.1  51.3  60.1  16.2  80.4                                                        20.0  11.6  30.4  27.3  31.1  36.4  14.7  48.7                                                       136.1  98.7 207.6 186.5 212.0 248.7 125.0  83.2                                                                                                                                                                                                                                                                                                                                                                                                                                                                                                                                                                                                                                                                                                                                                                                                                                                                                                                                                                                                                    
0224161013  87.5 147.2  72.1 558.9 189.1 109.1 286.6 131.4 386.4 117.2  89.2 153.5                                72.9  69.0  27.1 261.6  88.6  51.1 134.2  61.6 180.9  54.9  36.8  71.9                               146.7  82.4  67.9 526.3 178.1 102.8 269.9 123.8 363.9 110.4  84.0 144.6                                45.9  25.3  43.4 164.4  55.7  32.2  84.3  38.7 113.7  34.6  23.2  45.2                               584.8 328.3 552.8 270.7 710.4 409.81076.7 493.41451.8 440.2 334.8 576.6                               191.3 107.4 180.8  88.6 686.6 134.1 352.1 161.4 474.7 144.0 109.5 188.6                                95.6  52.7  90.4  35.5 343.0 116.1 175.9  80.7 237.2  72.0  48.2  94.3                               295.0 165.7 278.9 136.61059.2 358.4 206.8 249.0 732.3 222.1 168.9 290.9                               122.2  74.8 115.5  49.3 438.6 148.4  85.7 224.9 303.3  92.0  61.6 120.5                               401.3 225.3 379.3 185.81440.7 487.4 281.2 738.8 338.6 302.1 229.7 395.7                               103.4  57.0  97.8  38.4 371.1 125.6  72.5 190.4  87.3 256.6  52.2 102.0                                66.0  36.3  62.3  24.5 236.5  80.1  46.3 121.3  55.7 163.5  49.7  65.0                               153.4  86.2 145.0  71.1 550.6 186.3 107.5 282.4 129.5 380.7 115.5  87.9                                                                                                                                                                                                                                                                                                                                                                                                                                                                                                                                                                    
0224161114 110.1  65.4  94.7 112.1 125.0  26.2  83.1 191.7 201.2  31.5 117.9  69.2  65.3                         131.1 192.4 278.8 330.1 368.1  96.2 244.6 564.6 592.4 115.6 347.0 203.7 192.2                          75.5 186.6 160.5 190.0 211.8  55.4 140.8 324.9 340.9  66.6 199.7 117.2 110.6                         111.9 276.8 164.3 281.8 314.3  82.2 208.9 482.0 505.8  98.7 296.3 173.9 164.1                         133.6 330.3 196.0 284.1 375.1  98.0 249.3 575.3 603.7 117.8 353.6 207.6 195.8                         149.6 370.0 219.6 318.2 376.8 109.8 279.2 644.4 676.3 131.9 396.1 232.5 219.3                          23.8  58.8  34.9  50.6  59.9  66.7  44.4 102.3 107.3  16.9  62.9  37.0  34.9                          97.5 241.1 143.1 207.3 245.5 273.7  71.6 419.8 440.6  86.0 258.1 151.5 142.9                         232.5 575.2 341.3 494.6 585.6 653.1 170.6 433.91051.2 205.0 615.7 361.3 340.9                         244.3 604.3 358.5 519.7 615.3 686.2 179.2 455.91052.4 215.4 646.9 379.6 358.1                          29.8  73.5  43.7  63.2  74.9  83.5  17.5  55.5 128.0 134.3  78.7  46.2  43.6                         140.7 348.0 206.5 299.3 354.4 395.2 103.3 262.6 606.1 636.0 124.1 218.7 206.3                          80.2 198.4 117.7 170.6 202.0 225.2  58.9 149.7 345.4 362.5  70.8 212.3 117.6                          71.7 177.2 105.2 152.4 180.5 201.2  46.8 133.7 308.6 323.8  56.2 189.7 111.4                                                                                                                                                                                                                                                                                                                                                                                                                                                        
022416129  166.3 242.2  98.9  57.4 279.2 346.9  70.0 176.7                                                       162.2 158.9  65.0  37.7 183.2 227.6  46.0 115.9                                                       241.9 162.8  96.8  56.2 273.2 339.5  68.5 172.9                                                        63.1  42.5  61.8  11.8  71.3  88.5  14.4  45.1                                                        31.4  21.2  30.8  10.1  35.4  44.0   7.2  22.5                                                       280.8 188.9 275.1 112.4  65.2 394.0  79.5 200.6                                                       352.0 236.8 344.8 140.8  81.7 397.5  99.7 251.5                                                        41.0  27.6  40.2  13.2   7.7  46.3  57.5  29.3                                                       173.1 116.5 169.5  69.3  40.2 195.4 242.9  49.1                                                                                                                                                                                                                                                                                                                                                                                                                                                                                                                                                                                                                                                                                                                                                                                                                                                                                                                                                                                                                    
0524380110 805.8 559.9 124.9 144.8 389.0 406.3 215.2  65.1 147.6                                                 821.51131.9 252.3 292.6 786.4 821.5 435.0 131.5 298.3                                                 565.91122.3 173.9 201.6 541.8 565.9 299.7  90.6 205.5                                                  78.4 155.5 108.0  25.8  75.1  78.4  41.6  10.2  23.5                                                 109.9 217.8 151.4  27.1 105.2 109.9  58.3  14.2  32.8                                                 388.3 770.0 535.0 119.3 138.4 388.3 205.7  62.2 141.1                                                 406.3 805.8 559.9 124.9 144.8 389.0 215.2  65.1 147.6                                                 191.4 379.6 263.7  49.1  68.3 183.3 191.4  25.6  56.0                                                  33.3  65.8  45.8   8.3  11.0  31.9  33.3  17.7  10.0                                                  98.4 195.1 135.6  24.3  32.3  94.2  98.4  52.2  12.7                                                                                                                                                                                                                                                                                                                                                                                                                                                                                                                                                                                                                                                                                                                                                                                                                                                                                                        
05243802161193.87304.21438.7 724.18115.76847.5 373.87184.4 156.1 377.3 658.9 159.5 260.32895.1 247.2            1194.07356.51449.0 729.38173.86896.5 376.57235.8 157.2 380.0 663.6 160.7 262.22915.8 249.0            7443.97495.99033.64546.59999.89999.82346.49999.8 979.62368.64137.01001.01634.09999.81551.5            1444.51454.68899.8 882.39888.58343.3 455.48753.8 190.2 459.7 802.8 194.3 317.23527.5 301.2             713.6 718.64396.3 866.04884.74121.4 225.04324.2  94.0 227.2 396.6  96.1 156.71742.5 148.8            8273.98331.89999.89999.85053.49999.82608.19999.81088.82632.74598.31112.61816.29999.81724.5            6976.87025.69999.88466.84261.29999.82199.29999.8 918.12220.03877.4 938.21531.59999.81454.1             355.3 357.72188.2 431.1 217.02431.42051.42152.4  46.9 113.1 197.5  47.9  78.1 867.4  74.1            7321.47372.69999.88885.04471.69999.89999.82307.8 963.52329.74068.9 984.51607.19999.81526.0              89.1  89.7 548.3 108.1  54.5 609.2 514.1  28.2 539.3  28.4  49.6   9.7  19.7 217.4  17.9             358.9 361.42210.5 435.5 219.22456.12072.3 113.22174.3  47.3 199.5  48.4  78.9 876.2  74.9             646.9 651.43985.3 785.0 395.24428.03736.1 204.03919.9  85.2 205.9  87.1 142.11579.7 134.9              91.6  92.3 564.0 111.2  56.0 626.6 528.7  29.0 554.7   9.8  29.3  51.0  20.2 223.6  18.4             215.0 216.51324.2 260.9 131.41471.31241.4  67.91302.4  22.8  68.5 119.6  23.3 524.9  43.1            2934.12954.79999.83560.71792.19999.89999.8 924.99999.8 386.2 933.71630.7 394.6 644.1 611.6             193.6 195.01192.2 234.9 118.31324.71117.7  61.11172.7  20.5  61.7 107.7  21.0  42.6 472.6                                                                                                                                                                                                                                
05243803182876.59999.83941.72404.6 785.62527.97169.19268.2 347.49999.89999.81163.8 628.51117.32527.99999.89999.82812.19375.8 932.1 568.7 185.8 597.81695.22191.5  82.26587.79100.8 275.3 148.7 264.3 597.85734.32453.79999.89638.89999.88057.42632.18470.69999.89999.81163.89999.89999.83899.52105.73743.78470.69999.89999.83884.9 939.79999.8 785.6 256.7 825.82341.93027.5 113.69100.99999.8 380.2 205.4 365.1 825.87922.03389.82336.8 565.37791.0 774.6 154.5 496.81408.71821.1  68.45474.27562.6 228.8 123.6 219.6 496.84765.12039.0 634.2 153.52114.3 210.3 128.3 134.9 382.4 494.3  15.01485.62052.3  62.2  26.9  59.7 134.91293.2 553.42461.0 595.38205.1 815.7 497.7 162.71483.51917.9  72.05765.17964.5 240.9 130.2 231.3 523.25018.32147.37135.31725.99999.82364.91442.7 471.41516.75560.7 208.59999.89999.8 698.3 377.1 670.41516.79999.86226.09249.52237.29999.83065.61870.2 611.01966.15575.7 270.29999.89999.8 905.2 488.8 869.01966.19999.88070.6 169.5  41.1 564.7  56.3  34.4  11.3  36.1 102.2 132.1 396.8 548.2  16.7   7.3  16.0  36.1 345.4 147.99999.86766.49999.89272.05656.21847.75946.39999.89999.8 817.09999.82737.51478.22628.15946.39999.89999.89999.89355.59999.89999.87820.62554.78221.69999.89999.81129.69999.83784.92043.83633.68221.69999.89999.8 980.5 237.33269.0 325.1 198.4  64.9 208.5 591.1 764.2  23.02296.93173.2  41.6  92.2 208.51999.4 855.6 375.3  90.91251.1 124.5  76.0  24.9  79.9 226.3 292.5   8.9 879.11214.5  36.9  35.4  79.9 765.3 327.5 938.0 227.03127.1 311.0 189.7  62.1 199.5 565.5 731.0  22.02197.23035.4  91.9  39.8 199.51912.6 818.42461.0 595.38205.1 815.7 497.7 162.7 523.21483.51917.9  72.05765.17964.5 240.9 130.2 231.35018.32147.39999.85887.29999.88067.24921.31607.65173.79999.89999.8 710.99999.89999.82381.81286.12286.65173.79999.89999.82507.39999.83435.82096.0 684.72203.56248.98078.6 302.89999.89999.81014.4 547.8 973.92203.59999.8        
0524380416 400.7  26.21560.5 193.4  40.2  58.6 269.8  39.9 180.5 291.1 126.7 292.2  51.51181.4 353.0             486.0 292.69999.81734.3 449.7 524.32419.7 446.01618.92610.91135.42620.3 461.39999.83166.5              22.9 168.7 656.8  81.5  17.0  24.7 113.6  16.9  76.1 122.6  53.4 123.0  21.8 497.3 148.6            1911.19999.81150.36820.91768.22061.69516.91753.86367.09999.84465.39999.81814.19999.89999.8             231.31710.0 139.36660.9 214.0 249.51151.3 212.3 770.31242.2 540.21246.7 219.65042.91506.5              38.6 284.4  18.61107.6 137.3  41.6 191.5  28.4 128.2 206.7  89.9 207.4  36.6 838.6 250.6              59.1 435.9  28.51697.8 210.4  43.7 293.5  43.4 196.4 316.7 137.8 317.9  56.11285.4 384.1             325.12404.4 195.89365.81160.2 300.8 350.8 298.41083.01746.6 759.61752.9 308.77090.72118.3              38.2 281.7  18.51097.1 136.0  28.3  41.2 189.7 127.0 204.7  89.1 205.4  36.3 830.6 248.2             215.51593.1 129.86205.5 768.8 199.4 232.41072.6 197.81157.3 503.31161.5 204.64698.11403.5             351.32598.1 211.59999.81253.7 325.1 379.01749.1 322.41170.2 820.71894.1 333.57662.02288.9             149.31103.3  89.94297.4 532.4 138.1 161.0 742.8 137.0 497.0 801.5 804.4 141.73253.6 972.0             352.62607.6 212.39999.81258.3 326.3 380.41755.5 323.61174.51894.2 823.7 334.77690.12297.3              51.2 378.0  24.71472.0 182.5  37.9  55.2 254.5  37.6 170.3 274.6 119.5 275.61114.5 333.0            1445.39999.8 870.09999.85158.61337.31559.27197.51326.44815.37766.23377.07794.21372.09418.8             427.43160.9 257.39999.81525.2 395.5 461.12128.0 392.21423.72296.1 998.52304.4 405.79321.8                                                                                                                                                                                                                                
05243805131940.01664.01327.2 156.0 150.5  91.9 467.6 666.9 158.2 409.7 664.7 806.1                              1984.25640.24498.7 528.4 509.7 311.31584.72260.1 535.91388.52252.82732.1                              1699.25631.23852.5 452.5 436.5 266.61357.11935.5 458.91189.11929.22339.7                              1351.44478.73841.5 359.9 347.2 212.11079.31539.4 365.0 945.71534.41860.8                                98.1 324.7 278.5 222.2  20.3  12.4  78.4 111.7  21.3  68.7 111.3 135.0                                93.9 311.0 266.7 212.8  20.1  11.9  75.0 107.0  20.4  65.8 106.6 129.3                                50.0 165.3 141.8 113.1  10.8  10.4  39.9  56.9  10.9  35.0  56.7  68.8                               463.71536.61318.01051.3 123.6 119.2  72.8 528.2 125.3 324.6 526.5 638.5                               669.52218.61903.01517.8 178.4 172.0 105.1 534.7 180.9 468.6 760.1 921.8                                99.7 330.2 283.3 226.0  21.4  20.6  12.6  79.7 113.6  69.8 113.2 137.3                               404.01338.61148.2 915.8 107.7 103.9  63.5 322.7 460.2 109.2 458.7 556.2                               667.32211.21896.61512.8 177.8 171.5 104.8 532.9 760.1 180.3 467.0 918.8                               813.32695.12311.71843.8 216.6 209.0 127.7 649.5 926.4 219.7 569.2 923.4                                                                                                                                                                                                                                                                                                                                                                                                                                                                                                                                                                    
0524380616  30.7  40.2 127.9  16.0 142.7  29.0  29.7  75.8  68.0  17.6   9.8 142.7  11.1 423.4  35.8              60.5 476.71521.1 188.41698.5 343.2 351.7 901.5 808.8 207.9 140.01698.5 135.65041.0 424.5              79.9 481.42011.4 249.12246.0 453.9 465.01192.01069.5 274.9 185.02246.0 179.36666.1 561.3             260.21569.22054.8 811.97321.81479.31515.83885.83486.3 895.8 602.97321.8 584.29999.81829.6              21.8 163.3 213.8 682.0 761.6 154.0 157.8 404.2 362.7  93.3  51.5 761.6  58.42260.2 190.4             290.81753.92296.77329.1 907.51653.51694.34343.43896.91001.3 673.98184.0 653.09999.82045.1              56.9 342.4 448.31430.3 177.21597.2 330.7 847.7 760.6 195.5 131.61597.2 127.54740.4 399.2              58.3 351.2 459.81467.2 181.81638.3 331.1 869.5 780.1 200.5 135.01638.3 130.84862.4 409.5             153.2 923.81209.73860.1 478.04310.3 870.9 892.42052.4 527.4 355.04310.3 344.09999.81077.1             137.2 827.31083.33456.7 428.13859.9 779.9 799.12048.6 472.3 317.93859.9 308.09999.8 964.6              33.5 201.4 263.7 841.3 104.3 939.4 189.9 194.6 498.6 447.4  77.5 939.4  75.12787.9 234.8              12.5  93.6 122.5 390.6  48.5 436.1  88.2  90.4 231.5 207.7  53.5 436.1  33.51294.2 109.1             290.81753.92296.77329.1 907.58184.01653.51694.34343.43896.91001.3 673.9 653.09999.82045.1              14.5 108.2 141.6 451.5  56.0 504.2 102.0 104.5 267.7 240.1  61.8  34.2 504.21496.3 126.1             867.85235.46855.89999.82708.99999.84935.65057.39999.89999.82988.82011.39999.81948.96104.5              70.9 427.0 559.11784.0 221.01992.1 402.6 412.51057.3 948.6 243.8 164.11992.1 159.05912.6                                                                                                                                                                                                                                
0524380713  16.5 578.9 147.7 434.1 104.1 188.1 440.7  49.9 125.8  29.4 132.2 114.0                                12.3 140.0  35.8 105.0  25.2  45.5 106.6  12.2  30.5   7.2  32.0  27.6                               708.0 286.62069.36085.31457.42635.76178.3 698.11761.8 512.51851.41596.8                               176.0  71.32016.91512.2 362.3 655.01535.3 173.6 437.9 127.5 460.2 396.9                               529.3 214.36067.71547.01089.61970.54618.9 522.01317.2 383.21384.21193.8                               122.2  49.51399.7 357.01049.5 454.61065.5 120.5 303.9  88.5 319.4 275.5                               225.9  91.52588.2 660.01940.6 464.81970.2 222.7 561.9 163.5 590.5 509.3                               537.5 217.66161.51570.94619.71106.42000.9 530.01337.5 389.11405.61212.2                                49.8  16.2 569.9 145.4 427.3 102.4 185.2 433.8 123.8  28.9 130.1 112.2                               149.0  60.41706.8 435.21279.7 306.6 554.31299.3 146.9 107.9 389.4 335.9                                26.8   8.8 305.7  78.0 229.2  55.0  99.4 232.7  26.4  66.5  69.8  60.2                               156.9  63.61797.2 458.31347.5 322.8 583.71368.1 154.7 390.2 113.6 353.7                               134.5  54.51540.3 392.81154.9 276.7 500.31172.6 132.6 334.4  97.4 351.5                                                                                                                                                                                                                                                                                                                                                                                                                                                                                                                                                                    
05243808161741.95920.89999.82723.49999.8 301.89999.8 893.13060.32301.91777.8 873.68536.32477.55942.8            1658.8 670.33614.0 308.43233.7  34.31460.6 101.2 346.5 260.7 201.3  99.0 966.3 280.5 672.8            5864.5 697.29999.81089.99999.8 120.95163.8 357.51224.7 921.3 711.5 349.73416.2 991.52378.3            9999.83808.49999.85954.39999.8 659.79999.81952.66690.95032.83886.81909.99999.85416.79999.8            2646.6 314.71069.35766.25159.5  54.62330.3 161.4 552.8 415.8 321.2 157.91541.7 447.51073.3            9999.83406.59999.89999.85325.9 590.19999.81746.65984.74501.73476.61708.49999.84845.09999.8             126.6  15.2  51.2 275.7  23.6 246.7 111.5   6.8  26.5  20.0  15.5   7.2  73.8  21.5  51.4            9999.81532.55208.79999.82395.99999.8 265.5 785.82692.32025.11564.0 768.67509.82179.65228.1             608.4  72.4 245.91325.5 113.21186.0  10.2 535.7 127.2  95.7  73.9  34.2 354.5 103.0 246.8            2985.6 355.01206.36504.9 554.95820.5  61.62628.9 182.1 469.1 362.3 178.11739.2 504.81210.8            2222.4 264.3 898.04842.1 413.14332.5  45.91956.9 135.6 464.2 269.7 132.61294.6 375.8 901.3            1694.8 201.6 684.83692.6 315.13304.1  35.01492.4 103.4 354.0 266.3 101.2 987.3 286.6 687.4             657.0  78.2 265.51431.3 122.21280.7  11.0 578.5  34.6 137.3 103.3  79.8 382.8 111.2 266.5            8496.91010.13433.09999.81579.19999.8 175.17481.7 517.91774.51334.81030.8 506.61436.63445.8            2399.1 285.3 969.45227.0 445.94677.0  49.52112.4 146.3 501.1 377.0 291.1 143.11397.5 973.0            5886.7 699.82378.49999.81094.19999.8 121.35183.3 358.91229.4 924.8 714.2 351.03429.1 995.3                                                                                                                                                                                                                                
052438099   91.3 914.5 321.9 771.4 201.8 178.4 144.3  60.0                                                        53.6 127.8  45.1 107.8  28.3  25.0  16.6   6.8                                                       936.0 222.9 786.41885.1 493.0 435.9 352.4 146.5                                                       319.4  76.1 762.4 643.1 168.3 148.8 120.3  50.1                                                       787.2 187.51879.3 661.3 414.6 366.6 296.4 123.2                                                       175.4  33.5 418.6 147.4 353.1  81.7  54.2  22.1                                                       153.3  29.3 365.8 128.8 308.6  80.8  47.4  19.3                                                        96.4  18.5 230.1  81.0 194.1  50.9  45.0  12.2                                                        30.0   5.8  71.3  25.2  60.2  15.8  14.0   9.3                                                                                                                                                                                                                                                                                                                                                                                                                                                                                                                                                                                                                                                                                                                                                                                                                                                                                                                                                                                                                    
0524381016 914.21511.23934.0 666.74158.49999.84104.09999.88645.53759.18286.3 916.91761.3 913.4 769.9             738.7  71.4 185.7  25.3 196.31153.8 193.7 531.4 407.9 177.4 391.0  37.3  83.2  43.2  29.2            1423.1  83.2 357.6  60.7 378.02222.6 373.11023.7 785.7 341.7 753.1  83.4 160.2  83.1  70.1            3861.0 225.5 372.7 164.51025.46030.31012.02777.22131.7 926.92043.1 226.2 434.4 225.3 189.9             390.4  22.9  37.8  98.2 103.8 609.7 102.4 280.9 215.6  93.8 206.7  19.8  44.0  22.9  15.5            4086.8 238.7 394.51026.8 174.16383.01071.22939.72256.4 981.12162.6 239.4 459.8 238.5 201.0            9999.81431.02365.66158.21043.66509.56424.39999.89999.85884.49999.81435.22757.01429.71205.1            4032.0 235.5 389.21013.0 171.81070.86297.52900.32226.1 968.02133.7 236.2 453.6 235.3 198.3            9999.8 656.01084.42822.9 478.42983.99999.82944.96203.62697.45945.9 657.91263.9 655.4 552.5            8601.8 502.2 830.22161.0 366.32284.39999.82254.46187.32065.04551.8 503.7 967.5 501.8 423.0            3685.0 215.2 355.7 925.8 157.0 978.75755.5 965.92650.72034.51950.0 215.9 414.6 215.0 181.3            8240.4 481.2 795.32070.2 350.92188.39999.82159.75927.44549.61978.2 482.6 926.9 480.7 405.2             623.8  36.5  60.3 156.8  21.4 165.8 974.2 163.6 448.7 344.5 149.8 330.2  70.3  36.5  24.7            1674.7  97.9 161.7 420.8  71.4 444.82615.6 439.01204.7 924.7 402.1 886.3  98.2  97.8  82.5             738.0  43.2  71.3 185.5  25.3 196.11152.6 193.5 530.9 407.5 177.3 390.6  37.3  83.1  29.2             465.9  27.3  45.1 117.2  16.0 123.8 727.6 122.2 335.2 257.3 112.0 246.6  23.6  52.5  27.3                                                                                                                                                                                                                                
05243811161097.54380.4 829.61698.0 402.75439.21320.9 456.9 920.5 467.2 515.9 186.4 762.91704.31563.4            1073.21730.5 327.8 670.8 159.22148.8 521.9 180.6 363.7 184.6 203.9  73.7 301.5 673.4 617.7            4405.31779.81345.32753.6 653.08821.02142.1 740.91492.8 757.6 836.6 302.31237.22764.02535.4             801.2 323.81292.0 500.9 118.91604.2 389.7 134.8 271.6 137.9 152.2  55.1 225.1 502.7 461.2            1682.7 679.92713.3 513.9 249.53369.2 818.3 283.1 570.2 289.4 319.6 115.5 472.61055.8 968.5             330.8 133.7 533.4 101.1 206.8 662.3 160.9  55.7 112.2  57.0  62.9  18.3  93.0 207.6 190.5            5480.12214.08836.91673.53425.4 812.32664.7 921.61856.9 942.31040.6 376.01538.93438.23153.9            1299.9 525.22096.2 397.0 812.6 192.82602.8 218.7 440.6 223.6 246.9  89.3 365.1 815.6 748.2             380.8 153.9 614.0 116.4 238.1  56.6 762.4 185.2 129.1  65.6  72.4  21.0 107.0 239.0 219.2             893.5 361.11440.8 272.9 558.6 132.61789.1 434.5 150.4 153.7 169.8  61.4 251.0 560.7 514.3             390.3 157.8 629.3 119.3 244.0  58.0 781.4 189.8  65.7 132.3  74.2  21.5 109.7 244.9 224.7             435.3 175.9 701.8 133.0 272.1  64.6 871.4 211.7  73.3 147.6  75.0  24.0 122.3 273.1 250.6              96.9  39.2 156.1  29.7  60.6  14.5 193.8  47.2  16.4  32.9  16.8  18.5  27.3  60.8  55.8             733.5 296.41182.8 224.1 458.6 108.81468.7 356.8 123.5 248.6 126.2 139.4  50.4 460.3 422.2            1689.1 682.52723.8 515.91055.9 250.53382.1 821.4 284.1 572.4 290.5 320.8 116.0 474.4 972.2            1546.1 624.72493.1 472.2 966.4 229.33095.7 751.8 260.1 524.0 265.9 293.7 106.2 434.2 970.1                                                                                                                                                                                                                                
0524381216 409.4 525.3 541.5 609.82140.1  89.8 260.8 340.7 157.7 364.7 174.7 795.4 252.4  91.9 157.9             414.9 746.1 769.2 866.13039.8 127.4 370.4 483.8 223.9 518.0 248.11129.8 358.4 130.5 224.3             536.1 751.5 994.01119.23928.4 164.6 478.7 625.2 289.3 669.4 320.61460.0 463.2 168.6 289.8             553.1 775.3 994.71154.84053.1 169.9 493.9 645.1 298.5 690.7 330.81506.4 477.9 174.0 299.0             624.6 875.41123.21157.94576.5 191.8 557.7 728.4 337.0 779.9 373.51700.9 539.6 196.4 337.6            2226.03120.34003.54127.44647.7 683.31987.52596.01201.12779.71330.96062.91923.1 699.81202.9              54.8  76.7  98.4 101.4 114.2 400.5  48.9  63.8  29.6  68.4  32.8 148.9  47.3  13.9  29.7             259.4 363.5 466.4 480.8 541.41900.1  79.7 302.5 140.0 323.9 155.1 706.2 224.1  81.6 140.2             342.9 480.6 616.6 635.7 715.82512.3 105.3 306.2 185.1 428.2 205.1 933.8 296.3 107.9 185.4             136.4 191.2 245.3 252.9 284.7 999.1  33.6 121.8 159.1 170.3  81.6 371.4 117.9  34.4  73.8             368.1 516.0 662.0 682.5 768.52697.1 113.1 328.7 429.3 198.7 220.11002.4 318.0 115.8 199.0             152.6 213.9 274.4 282.9 318.51117.8  37.6 136.3 178.0  82.4 190.6 415.5 131.9  38.5  82.5             818.81147.71472.61518.21709.56000.3 251.4 731.1 954.9 441.91022.5 489.6 707.4 257.5 442.5             250.5 351.1 450.5 464.4 522.91835.2  77.0 223.7 292.2 135.2 312.8 149.8 682.1  78.8 135.4              56.4  79.0 101.3 104.5 117.6 412.5  14.0  50.4  65.8  30.5  70.4  33.8 153.4  48.8  30.5             136.7 191.5 245.7 253.3 285.21000.7  33.7 122.0 159.4  73.8 170.6  81.8 372.0 118.1  34.5                                                                                                                                                                                                                                
08244801161188.11412.81989.5 406.91897.9 487.11949.5 158.6 303.5 400.4 847.3 501.2 199.62493.51628.1            1183.41185.11668.8 341.31592.0 408.61635.3 133.0 254.6 335.9 710.8 420.4 167.42091.61365.7            1412.91189.81992.4 407.51900.7 487.81952.4 158.8 303.9 401.0 848.6 501.9 199.92497.21630.5            2001.61685.62004.5 577.22692.7 691.02765.9 224.9 430.5 568.01202.2 711.0 283.13537.72309.8             359.5 302.7 360.0 506.9 483.6 124.2 496.7  34.5  77.4 102.1 216.0 127.8  43.4 635.3 414.8            1908.11606.91910.82690.8 550.3 658.72636.7 214.4 410.4 541.51146.0 677.8 269.93372.52201.9             467.7 393.9 468.4 659.6 135.0 629.2 646.3  52.7 100.7 132.8 281.0 166.2  66.3 826.6 539.8            1960.81651.21963.62765.1 565.52637.8 676.9 220.3 421.7 556.41177.7 696.5 277.43465.62262.8              88.3  74.4  88.4 124.4  25.6 118.7  30.6 121.9  19.1  25.1  53.1  31.4  10.1 155.9 101.8             252.2 212.4 252.5 355.6  72.8 339.2  87.1 348.4  22.8  71.7 151.5  89.7  28.6 445.6 291.0             342.1 288.1 342.6 482.4  98.7 460.2 118.2 472.7  30.9  73.7 205.5 121.6  38.8 604.6 394.8             835.6 703.7 836.81178.3 241.01124.0 288.51154.6  94.0 179.8 237.2 296.9 118.31476.8 964.2             482.1 406.0 482.8 679.9 139.1 648.6 166.5 666.2  54.3 103.8 136.9 289.6  68.3 852.1 556.4             118.7 100.0 118.9 167.4  34.3 159.7  41.1 164.0  10.8  25.6  33.8  71.4  42.3 209.8 137.0            2516.12118.92519.83548.3 725.63384.9 868.63477.0 282.7 541.2 714.01511.2 893.7 355.92903.6            1632.61374.91635.02302.3 470.82196.3 563.62256.0 183.5 351.2 463.3 980.6 579.9 231.02885.5                                                                                                                                                                                                                                
0824480216 185.71469.8 181.2 809.51263.3 338.0 592.3 463.9 681.4 555.4 933.6 884.7 117.4 141.22152.9             139.9 312.6  38.6 172.2 268.7  72.0 126.0  98.7 145.0 118.2 198.6 188.2  20.1  24.1 457.9            1494.8 422.1 411.81840.42872.1 768.41346.41054.51549.21262.52122.52011.3 266.7 320.94894.6             149.6  39.0 334.2 184.1 287.3  76.9 134.7 105.6 155.0 126.4 212.3 201.2  21.5  25.8 489.5             814.2 230.01820.1 224.41564.4 418.6 733.4 574.4 843.9 687.71156.11095.5 145.3 174.92666.0            1282.0 362.02865.7 353.21578.4 659.01154.7 904.41328.61082.71820.31724.9 228.8 275.24197.7             328.2  92.8 733.5  90.5 404.1 630.5 295.6 231.6 340.1 277.2 466.0 441.6  58.7  70.51074.4             590.3 166.81319.4 162.7 726.71134.1 303.5 416.4 611.7 498.6 838.1 794.2 105.4 126.81932.6             457.9 129.41023.6 126.2 563.8 879.8 235.4 412.5 474.6 386.8 650.2 616.1  81.8  98.41499.3             682.2 192.71524.9 188.0 839.91310.7 350.7 614.5 481.3 576.2 968.6 917.9 121.8 146.52233.6             552.2 156.01234.3 152.2 679.91061.0 283.9 497.4 389.6 572.3 784.1 743.0  98.6 118.61808.0             942.1 266.12106.0 259.61160.01810.2 484.3 848.6 664.7 976.4 795.71267.6 168.2 202.33084.8             891.7 251.91993.2 245.71097.91713.3 458.4 803.2 629.1 924.1 753.11266.1 159.2 191.52919.7              67.8  17.7 151.4  18.8  83.5 130.2  34.9  61.1  47.9  70.3  57.3  96.2  91.2  11.8 221.7              85.7  22.4 191.4  23.7 105.5 164.5  44.1  77.2  60.5  88.8  72.4 121.6 115.2  12.3 280.2            2198.9 620.94915.6 605.72707.34225.11130.31980.61551.22278.91857.23122.42958.7 392.3 472.0                                                                                                                                                                                                                                
0824480315  89.2  14.2  43.9  24.9  25.2  49.4   8.9  21.0  42.4  13.2  44.1  81.8  13.7  16.8                   199.3 852.02644.81497.11514.52972.9 527.11262.22551.0 788.32655.74932.1 820.11006.6                    29.9 803.8 395.3 223.8 226.4 444.3  78.9 188.7 381.2 117.9 396.9 737.0 122.6 150.5                    97.02615.7 414.4 728.0 736.51445.7 256.4 613.81240.5 383.41291.42398.3 398.8 489.5                    54.01455.8 230.7 715.8 409.9 804.6 142.7 341.7 690.4 213.4 718.81334.8 222.0 272.5                    54.71473.3 233.4 724.4 410.1 814.3 144.5 345.8 698.7 216.0 727.41350.9 224.7 275.8                   109.32947.3 466.91449.2 820.3 829.8 288.9 691.61397.8 432.01455.22702.4 449.4 551.6                    12.8 427.0  67.7 210.0 118.9 120.3 236.0 100.3 202.6  62.7 210.9 391.5  65.2  80.0                    45.21218.4 193.1 599.1 339.2 343.1 673.4 119.5 577.9 178.6 601.61117.1 185.8 228.1                    93.52520.8 399.31239.5 701.7 709.81393.3 247.1 591.6 369.51244.62311.4 384.4 471.8                    27.5 739.4 117.2 363.6 205.9 208.3 408.7  72.6 173.6 350.7 365.1 677.9 112.8 138.5                    97.42626.7 416.11291.6 731.1 739.61451.8 257.4 616.41245.7 385.02408.4 400.5 491.6                   182.64927.3 780.42422.71371.41387.32723.3 482.81156.22336.7 722.12432.7 751.2 922.1                    28.7 771.5 122.3 379.4 214.8 217.3 426.5  75.7 181.1 365.9 113.2 381.0 707.4 144.5                    35.7 960.0 152.2 472.1 267.3 270.4 530.6  94.2 225.4 455.3 140.8 474.0 880.3 146.5                                                                                                                                                                                                                                                                                                                                            
0824480418 225.2  58.8 243.1 392.4 304.1  47.1 125.6 132.1 305.4  29.6  75.9 145.1  17.9  56.3 333.7 114.5 529.1 327.5 529.52193.73541.62743.7 423.61132.31191.32755.9 332.0 683.81308.5 200.2 507.43011.51032.24775.1  81.2 503.3 543.5 877.3 679.7 105.0 280.6 295.2 682.7  82.3 169.5 324.2  49.7 125.8 746.0 255.81182.9 354.02196.5 572.43829.02966.4 458.01224.21288.02979.6 359.0 739.31414.7 216.4 548.63255.91115.95162.6 575.03567.8 929.73852.44818.4 743.81988.42092.14839.8 583.01200.82297.9 351.5 891.05288.61812.68385.8 444.22756.1 718.22976.04804.5 574.61536.11616.13738.7 450.4 927.71775.1 271.6 688.34085.41400.36478.0  49.5 356.5  93.0 384.9 621.3 481.4 198.7 209.1 483.5  46.7 120.1 229.6  28.2  89.1 528.3 181.2 837.7 180.01116.7 291.11205.71946.51508.0 232.9 654.81514.7 182.5 375.9 719.2 110.1 278.91655.2 567.42624.5 189.71176.7 306.71270.62051.21589.1 245.4 655.81596.2 192.4 396.1 757.9 116.0 293.91744.2 597.92765.6 446.22768.5 721.52989.44826.23738.9 577.21543.01623.4 452.4 931.81783.1 272.8 691.44103.81406.66507.2  29.3 210.4  54.9 227.2 366.6 284.1  44.0 117.3 123.4 285.3  70.9 135.5  16.7  52.6 311.8 106.9 494.3 106.5 660.4 172.2 713.11151.2 891.8 137.8 368.1 387.3 895.8 108.0 425.4  65.2 165.0 978.9 335.61552.1 208.91295.9 337.81399.32259.01750.1 270.2 722.3 759.91757.9 211.8 436.2 127.8 323.71920.9 658.43045.8  15.8 112.8  29.5 121.8 196.6 152.4  23.6  63.0  66.2 153.0  14.9  38.1  72.7  28.3 167.2  57.4 265.1  77.6 480.9 125.4 519.2 838.2 649.4 100.4 268.1 282.0 652.3  78.7 161.9 309.8  47.5 712.8 244.41130.2 488.13028.5 789.23270.15279.44090.1 631.41687.91775.84108.2 494.91019.31950.5 298.4 756.31538.67118.2 163.61014.8 264.51095.71769.01370.5 211.6 565.6 595.11376.6 165.9 341.6 653.6 100.1 253.51504.22385.1 777.24822.81256.75207.58407.36513.31005.42687.82827.96542.3 788.01623.23106.1 475.11204.47148.92450.2        
0824480510 303.5 183.2 449.4 324.1  86.0 345.9  92.2 285.2 484.3                                                 295.2  98.6 241.7 174.4  46.3 186.1  49.7 153.4 260.5                                                 153.7  85.0 125.8  90.8  19.4  96.9  20.8  79.9 135.6                                                 446.0 246.7 148.9 263.4  69.9 281.1  75.0 231.8 393.6                                                 316.5 175.1 105.7 259.2  49.6 199.5  53.2 164.5 279.4                                                  46.2  25.6  15.5  37.8  27.3  29.1   6.3  24.0  40.7                                                 339.1 187.5 113.2 277.6 200.3  53.2  57.0 176.2 299.2                                                  50.9  28.2  17.1  41.7  30.1   6.5  32.1  26.5  44.9                                                 276.3 152.8  92.3 226.2 163.2  43.3 174.2  46.5 243.8                                                 482.2 266.6 161.0 394.8 284.8  75.5 303.9  81.0 250.6                                                                                                                                                                                                                                                                                                                                                                                                                                                                                                                                                                                                                                                                                                                                                                                                                                                                                                        
0824480618 781.3  87.81347.0 607.8 718.3 595.9 439.1 644.61419.81109.8 979.3 662.9 160.0 116.9 615.1 272.6  71.8 803.9 241.03698.71668.81972.41636.21205.71769.93898.73047.42689.11820.1 439.2 320.71688.9 748.2 196.9  53.3 142.0 244.7 110.5 130.5 108.3  79.8 117.1 257.9 201.6 177.9 120.5  29.2  17.1 111.8  49.6  10.51396.03725.0 418.32897.83425.02841.32093.63073.46770.35291.94669.63160.6 762.6 556.82932.81299.3 341.8 622.41660.7 186.62863.51527.01266.8 933.41370.23018.32359.32081.81409.1 340.1 248.31307.6 579.3 152.5 738.11969.5 221.23395.81532.11502.21106.91624.93579.42797.82468.91671.0 403.2 294.41550.6 687.0 180.8 610.01627.6 182.92806.41266.21496.6 914.81342.92958.22312.22040.41381.0 333.3 243.41281.5 567.8 149.4 445.91189.8 133.72051.4 925.61094.0 907.5 981.62162.31690.21491.51009.5 243.7 177.9 936.8 415.0 109.3 660.91763.5 198.13040.71371.91621.51345.2 991.23205.12505.32210.71496.3 361.1 263.71388.5 615.1 161.91472.23928.4 441.26773.63056.03612.02996.42207.93241.15580.84924.63333.2 804.2 587.23092.91370.2 360.51147.83062.7 344.05280.92382.62816.02336.11721.42526.95566.43839.32598.6 627.0 457.82411.31068.3 281.11011.22698.3 303.14652.62099.12481.02058.21516.62226.24904.13833.32289.4 552.4 403.42124.4 941.2 247.6 680.11814.6 203.93128.81411.71668.51384.11019.91497.23298.02577.92274.7 371.6 271.31428.7 633.0 166.6 138.6 369.8  33.3 637.5 287.7 340.0 282.1 207.9 305.1 671.9 525.2 463.5 313.7  44.3 291.1 129.0  27.3  75.4 200.9  18.2 346.3 156.3 184.7 153.3 113.0 165.8 365.1 285.4 251.8 170.5  41.2 158.2  70.2  14.9 630.11681.2 188.92898.81307.91545.81282.4 944.91387.13055.52388.42107.51426.5 344.2 251.4 586.4 154.3 271.6 724.6  81.51249.3 563.7 666.3 552.7 407.3 597.91316.91029.4 908.3 614.8 148.4 108.4 570.5  66.6  41.1 109.4   9.9 188.5  85.1 100.6  83.4  61.5  90.3 198.7 155.3 137.1  92.8  22.5  13.2  86.1  38.2        
0824480715 233.2 127.1 871.2 444.31421.41103.9 309.4 369.91505.3 183.3 932.3 800.3 524.8 172.0                   196.8  27.4 234.3 119.5 382.2 296.9  83.3  99.5 404.8  39.5 250.7 215.2 141.2  37.1                    73.8  23.6  87.9  44.9 143.3 111.3  31.3  37.4 151.8  14.9  94.0  80.7  53.0  14.0                   875.2 278.8 152.0 531.31699.91320.2 370.0 442.31800.3 219.21115.0 957.1 627.7 205.7                   435.9 138.9  75.7 518.9 846.6 657.4 184.3 220.3 896.5 109.2 555.3 476.6 312.6 102.5                  1441.5 459.2 250.21716.0 875.02174.4 609.4 728.52965.2 360.91836.41576.31033.8 338.7                  1114.7 355.1 193.51326.9 676.72165.1 471.3 563.32293.0 279.11420.11219.0 799.4 262.0                   297.1  94.7  51.7 353.7 180.4 577.0 448.1 150.2 611.1  74.5 378.5 324.9 213.1  69.9                   359.3 114.5  62.5 427.7 218.2 697.8 542.0 152.0 739.0  90.1 457.7 392.9 257.7  84.5                  1527.9 486.7 265.21818.8 927.52967.72304.7 645.9 772.1 382.61946.51670.81095.7 359.0                   115.9  37.0  16.2 137.9  70.4 225.0 174.8  49.1  58.6 238.3 147.6 126.7  83.2  21.9                   938.1 298.9 162.91116.8 569.51822.21415.1 396.6 474.11929.8 234.91025.9 672.8 220.5                   802.3 255.6 139.3 955.0 487.01558.21210.1 339.2 405.51650.2 200.91022.0 575.4 188.6                   518.8 165.3  90.1 617.6 315.01007.6 782.5 219.4 262.21067.1 130.0 660.9 567.3 122.0                   107.5  34.3  15.0 127.9  65.3 208.6 162.0  45.5  54.4 220.9  21.6 136.9 117.5  77.1                                                                                                                                                                                                                                                                                                                                            
082448088   66.7  75.6  15.3  97.1  33.2 181.0  16.3                                                              90.3 179.8  45.3 231.0  89.5 430.7  48.3                                                             103.0 181.2  51.7 263.7 102.1 491.6  55.1                                                              12.6  25.0  28.3  36.3  12.5  67.6   6.2                                                             134.0 235.6 266.9  67.2 132.8 639.4  71.6                                                              33.1  66.1  74.8  15.2  96.1 179.1  16.2                                                             254.7 448.0 507.6 127.7 652.1 252.4 136.1                                                              13.7  27.3  30.9   6.3  39.7  13.6  73.9                                                                                                                                                                                                                                                                                                                                                                                                                                                                                                                                                                                                                                                                                                                                                                                                                                                                                                                                                                                                                                                                                                                                
08244809181145.91373.2 158.8 258.81941.7 894.01174.14244.72065.8 258.3 562.8 443.91304.8 270.61005.2 923.5 595.31142.71210.0 139.9 228.11711.0 787.81034.63740.31820.3 227.6 495.9 391.11149.8 238.4 885.7 813.8 524.61374.91215.0 168.3 274.42058.7 947.91244.84500.52190.3 273.9 596.7 470.61383.4 286.81065.7 979.1 631.2  89.7  79.3  95.0  16.2 134.3  61.9  81.3 293.5 142.9  16.9  39.0  30.8  90.3  18.8  69.6  63.9  41.3 188.1 166.3 199.2  18.5 281.6 129.7 170.3 615.5 299.6  35.3  81.7  64.5 189.3  39.3 145.8 134.0  86.41955.81728.32071.1 239.4 390.31348.41770.86402.23115.7 389.5 848.8 669.41968.0 408.01516.01392.8 897.8 885.2 782.3 937.4 108.4 176.71325.5 801.52897.71410.2 176.4 384.2 303.0 890.8 184.7 686.2 630.5 406.41171.41035.21240.5 143.4 233.81754.0 807.63834.41866.1 233.3 508.4 401.01178.7 244.4 908.0 834.2 537.84309.13807.94563.1 527.3 859.86452.52970.83901.46864.8 858.11870.01474.84335.9 898.83340.13068.71978.02082.61840.42205.4 254.9 415.63118.41435.81885.66817.3 414.8 903.8 712.82095.5 434.41614.31483.1 956.0 197.3 174.3 208.9  19.4  35.5 295.3 136.0 178.6 645.5 314.2  85.7  67.6 198.5  41.3 152.9 140.5  90.6 546.8 483.2 579.0  67.0 109.2 818.7 377.0 495.11789.7 871.0 109.0 187.2 550.2 114.1 423.9 389.4 251.1 425.3 375.8 450.3  52.2  85.0 636.7 293.2 385.01391.9 677.4  84.8 184.6 427.9  88.8 329.7 302.9 195.31305.01153.21381.9 159.8 260.51954.1 899.71181.54271.82078.9 259.9 566.4 446.7 272.31011.6 929.4 599.1 223.0 197.1 236.2  22.0  40.2 333.9 153.8 202.0 729.9 355.3  41.9  96.9  76.4 224.4 172.9 158.9 102.5 998.8 882.71057.7 122.3 199.41495.6 688.6 904.33269.41591.2 199.0 433.5 341.91005.0 208.4 711.3 458.5 915.3 808.9 969.3 112.1 182.71370.6 631.1 828.82996.21458.2 182.4 397.3 313.3 921.1 191.0 709.5 420.2 580.0 512.6 614.2  71.1 115.8 868.4 399.9 525.11898.4 923.9 115.6 251.8 198.6 583.6 121.1 449.6 413.1        
0824481015 419.6 660.4 205.2 541.2 141.0 442.8 586.0 168.5 250.0  75.3 165.8 328.91265.3 477.3                   421.0 721.7 224.2 591.5 154.1 483.9 640.4 184.1 273.2  82.3 181.2 359.51382.9 521.6                   671.5 731.5 357.6 943.4 245.7 771.81021.4 293.6 435.8 131.2 289.0 573.32205.8 832.0                   197.9 215.6 339.2 278.0  72.5 227.5 301.0  86.6 128.5  38.7  85.2 169.0 649.9 245.2                   547.5 596.4 938.6 291.6 200.4 629.3 832.8 239.4 355.3 107.0 235.6 467.51798.4 678.3                   109.8 119.6 188.2  58.5 154.3 126.2 167.0  48.1  71.3  17.3  47.3  93.8 360.5 136.1                   445.1 484.8 763.0 237.1 625.3 162.9 677.0 194.6 288.8  87.0 191.6 380.01461.9 551.4                   594.1 647.11018.4 316.4 834.6 217.4 682.8 259.8 385.5 116.1 255.7 507.21951.3 736.0                   143.8 156.6 246.4  76.6 202.0  49.5 165.3 218.7  93.4  22.6  61.9 122.8 472.1 178.1                   244.6 266.4 419.2 130.3 343.5  89.5 281.1 371.9 107.0  47.8 105.3 208.8 803.1 303.0                    41.5  45.2  71.0  22.1  58.2  14.3  47.6  63.0  18.2  27.0  17.9  35.4 135.9  51.3                   141.3 153.9 242.1  75.3 198.5  48.7 162.4 214.9  61.8  91.7  22.2 120.6 463.8 175.0                   326.6 355.8 559.9 174.0 458.9 119.6 375.4 496.8 142.9 212.0  63.9 140.61072.8 404.7                  1300.91417.02230.3 692.71827.7 476.01495.21978.8 568.7 844.1 254.0 559.71110.61611.8                   481.0 524.0 824.6 256.2 675.8 176.0 552.8 731.6 210.3 312.2  94.0 207.0 410.71580.0                                                                                                                                                                                                                                                                                                                                            
0824481113  40.4  99.0  31.9 286.5 245.5 105.6 331.1 129.2 111.2 412.3  88.9  96.2                                35.7  37.9  12.3 109.5  93.9  40.4 126.5  49.4  42.6 157.6  34.1  36.8                               110.2  59.6  47.2 338.8 290.4 124.8 391.5 152.7 131.5 487.6 105.1 113.8                                26.5  11.5  28.2  81.4  69.8  30.0  94.0  36.7  31.6 117.1  25.3  27.4                               334.7 180.8 355.3 143.0 882.2 379.11189.6 463.9 399.31481.6 319.2 345.5                               285.7 154.3 303.3 122.1 878.6 323.61015.3 396.0 340.81264.6 272.5 294.9                               118.1  63.9 125.4  50.5 363.1 311.2 419.6 163.7 140.9 522.6 112.7 121.9                               388.0 209.6 412.0 165.81193.51022.9 439.5 537.9 462.91717.9 370.1 400.5                               146.4  79.1 155.4  62.6 450.0 385.7 165.8 520.1 174.6 647.7 139.6 151.1                               124.8  67.5 132.5  53.4 383.8 329.0 141.4 443.5 173.0 552.4 119.1 128.9                               485.3 262.1 515.2 207.41492.71279.3 549.61725.1 672.7 578.9 462.9 500.9                                88.5  38.3  94.0  30.3 272.1 233.2 100.3 314.4 122.7 105.6 391.6  91.4                               106.9  57.8 113.5  45.8 328.7 281.7 121.1 379.8 148.2 127.6 473.1 102.0                                                                                                                                                                                                                                                                                                                                                                                                                                                                                                                                                                    
0824481216 446.0  86.9  26.5 312.3 194.7 165.8 222.2 259.4 107.7  48.9  64.6  85.5 274.9 453.6 256.3             531.6 614.4 233.22210.61377.91173.11572.61836.0 761.7 411.6 456.7 604.41945.93211.11814.2              97.6 579.0  42.9 405.4 252.7 215.2 288.5 336.7 139.8  75.6  83.9 110.9 356.9 588.8 332.7              21.7 128.0  25.0  89.7  56.0  47.7  63.8  74.5  31.0  14.1  18.6  24.6  79.0 130.2  73.6             370.02197.4 427.7 162.4 959.0 816.51094.61277.9 530.2 286.5 317.9 420.71354.42234.91262.7             227.91353.1 263.4 100.0 947.4 502.8 674.0 786.9 326.5 176.5 195.8 259.1 834.01376.1 777.5             192.91145.4 223.0  84.7 802.0 499.9 570.6 666.1 276.4 149.4 165.8 219.3 706.01165.0 658.2             261.11550.6 301.8 114.61085.7 676.7 576.2 901.7 374.1 202.2 224.4 296.9 955.71577.0 891.0             306.11817.6 353.8 134.31272.7 793.3 675.4 905.4 438.6 237.0 263.0 348.01120.31848.61044.5             122.7 728.3 141.8  53.9 510.0 317.9 270.7 362.8 423.6  95.0 105.4 139.5 448.9 740.7 418.6              46.4 274.7  53.6  16.4 192.4 120.0 102.2 136.9 159.8  66.4  39.9  52.7 169.4 279.4 157.9              63.6 377.0  73.5  22.4 264.0 164.6 140.2 187.9 219.3  91.1  41.4  72.3 232.4 383.4 216.7              95.9 568.8 110.8  42.1 398.3 248.3 211.4 283.4 330.8 137.3  74.2  82.4 350.6 578.5 326.9             324.81929.1 375.4 142.51350.7 841.9 716.8 960.91121.8 465.4 251.5 279.1 369.31961.91108.5             540.73211.8 625.0 237.22248.81401.71193.31599.81867.7 774.8 418.7 464.6 614.81979.51845.5             302.31795.5 349.4 132.71257.2 783.6 667.2 894.41044.2 433.2 234.1 259.8 343.81106.71826.1                                                                                                                                                                                                                                
