062544019   23.3  20.7   8.7  16.8  36.5   9.7   6.7  53.5                                                        48.3 253.6 122.9 205.9 448.4 118.3 101.8 657.7                                                        42.5 252.0 108.4 181.5 395.2 104.3  89.7 579.6                                                        11.9  87.2  77.3  62.8 136.7  36.1  24.9 200.5                                                        34.1 202.1 179.2  86.9 316.9  83.7  72.0 464.9                                                        76.9 456.0 404.3 196.0 328.3 188.7 162.21049.0                                                        13.5  99.2  88.0  36.7  71.4 155.5  28.3 228.0                                                         8.7  64.1  56.8  23.8  46.2 100.4  26.6 147.2                                                       113.8 675.2 598.6 290.2 486.11058.8 279.3 240.1                                                                                                                                                                                                                                                                                                                                                                                                                                                                                                                                                                                                                                                                                                                                                                                                                                                                                                                                                                                                                    
0625440216 416.41512.02315.3 410.62270.0 713.9  92.52572.1 316.7 108.81102.5 271.11373.5 617.0 273.7             409.0 941.41441.5 255.71413.3 444.5  57.61601.4 197.2  67.8 686.5 168.8 855.2 384.2 170.5            1538.4 975.15423.3 961.75317.01672.0 216.56024.8 741.7 254.72582.4 634.93217.21445.1 640.9            2366.41500.05448.01479.38179.22571.9 333.09267.91140.9 391.73972.4 976.64949.02223.0 985.9             403.1 255.5 927.81420.71392.8 438.0  56.81578.2 194.4  66.8 676.5 166.4 842.8 378.6 168.0            2319.61470.35340.48177.81450.12521.1 326.49084.81118.4 384.03893.9 957.34851.22179.0 966.4             715.6 453.61647.42522.6 447.42473.2 100.82802.4 345.1 118.51201.2 295.41496.5 672.2 298.2              49.2  31.2 113.0 173.0  30.8 169.6  53.4 192.1  23.8   6.6  82.4  20.4 102.7  46.2  20.6            2631.11667.76057.49275.81644.79094.12859.6 370.21268.5 435.54416.71085.85502.52471.61096.1             306.3 194.2 704.91079.4 191.51058.2 332.8  43.21199.1  50.8 514.0 126.5 640.3 287.7 127.7              61.4  39.0 141.2 216.1  38.4 211.8  66.7   7.0 240.0  29.7 103.0  25.4 128.2  57.7  25.7            1116.2 707.62569.83935.1 697.83858.01213.2 157.14371.5 538.2 184.8 460.72334.41048.6 465.1             259.2 164.4 596.7 913.6 162.1 895.7 281.7  36.61014.9 125.1  43.0 435.1 542.0 243.5 108.1            1395.6 884.63212.94920.0 872.44823.61516.8 196.45465.6 672.9 231.12342.7 576.01311.0 581.5             615.8 390.41417.62170.7 385.02128.2 669.3  86.72411.4 296.9 102.01033.6 254.21287.7 256.6             261.9 166.1 602.8 923.0 163.8 904.9 284.6  37.01025.4 126.3  43.5 439.6 108.2 547.6 246.0                                                                                                                                                                                                                                
0625440315  89.3 387.8  75.2 437.8 957.5 278.2  72.7 127.7 621.4 173.6 204.7 118.0 141.6 502.4                    72.8 177.0  27.5 199.8 436.9 127.0  26.6  58.3 283.6  79.3  93.5  53.9  64.7 229.3                   402.3 225.4 189.81105.72418.1 702.4 183.5 322.21569.2 438.4 516.9 297.9 357.41268.6                    48.1  25.9 116.9 132.0 288.4  83.9  17.6  38.5 187.2  52.4  61.7  35.6  42.7 151.4                   455.5 255.21108.9 214.82738.0 795.2 207.7 364.91776.7 496.3 585.2 337.3 404.61436.4                  1008.1 564.62454.3 475.42771.01760.1 459.7 807.43932.71098.51295.2 746.5 895.53179.4                   285.7 160.1 695.4 134.8 785.11717.0 130.3 228.81114.2 311.3 367.0 211.6 253.8 900.8                    46.2  24.9 112.2  17.5 126.7 276.9  80.5  37.0 179.7  50.3  59.3  34.2  41.0 145.3                   113.3  61.0 275.7  42.8 311.3 680.6 197.8  41.4 441.7 123.5 145.6  83.9 100.7 357.1                   650.7 364.41584.0 306.81788.43911.41136.0 296.7 521.2 709.0 836.0 481.8 578.02052.0                   174.6  97.8 424.8  82.4 479.61048.7 304.7  79.6 139.8 680.6 224.2 129.3 155.1 550.2                   207.6 116.3 505.2  97.9 570.41247.4 362.4  94.7 166.3 809.5 226.2 153.8 184.4 654.5                   104.0  56.0 253.1  39.3 285.7 624.7 181.5  38.0  83.3 405.4 113.3 133.6  92.4 327.8                   140.4  78.7 341.7  66.3 385.8 843.7 245.1  64.1 112.5 547.5 153.0 180.4 104.0 442.7                   524.1 293.61275.9 247.21440.53150.5 915.0 239.0 419.82044.4 571.1 673.4 388.1 465.6                                                                                                                                                                                                                                                                                                                                            
0625440411 365.7 726.7 403.3 351.8 140.3 133.6  86.1 114.7  98.4  36.3                                           379.01744.0 967.6 844.1 336.5 320.3 206.4 275.0 235.9  86.9                                           763.01767.01948.61699.7 677.5 645.0 415.5 553.8 475.0 175.0                                           418.9 970.01927.9 933.1 372.0 354.1 228.2 304.0 260.8  96.1                                           364.1 843.21675.8 929.8 323.4 307.8 198.3 264.3 226.7  83.6                                           139.2 322.1 640.1 355.2 309.9 117.7  75.8 101.0  86.7  32.0                                           124.3 287.6 571.5 317.1 276.7 110.3  58.9  90.2  77.4  24.9                                            56.6 130.8 259.9 144.2 125.8  50.2  47.8  41.1  35.3  10.5                                           100.8 233.4 463.7 257.3 224.5  89.6  85.3  44.0  62.8  18.6                                            85.1 196.8 391.1 217.1 189.4  75.6  71.9  37.1  61.8  15.7                                            18.1  41.6  82.6  45.9  40.1  16.0  15.3   7.9  13.1  11.3                                                                                                                                                                                                                                                                                                                                                                                                                                                                                                                                                                                                                                                                                                                                                                                            
0625440510 212.0 382.7 161.51279.6 119.5 799.8 494.1 229.6 686.9                                                 132.9  50.1  17.0 167.2  12.6 104.6  64.7  27.7  89.8                                                 367.1  76.6  58.4 461.9  43.2 288.7 178.4  82.9 248.0                                                  95.3  16.0  36.0 119.9   9.1  75.0  46.4  19.9  64.4                                                1286.1 268.1 484.0 204.3 151.11011.5 624.9 290.3 868.7                                                  64.0  10.8  24.2   8.2  80.5  50.4  31.2  13.4  43.3                                                 794.5 165.6 299.0 126.2 999.7  93.4 386.0 179.4 536.7                                                 481.2 100.4 181.2  76.5 605.5  56.6 378.5 108.7 325.1                                                 171.7  28.7  64.7  21.9 216.0  16.2 135.0  83.5 116.0                                                 678.8 141.5 255.5 107.9 854.1  79.8 533.9 329.8 153.3                                                                                                                                                                                                                                                                                                                                                                                                                                                                                                                                                                                                                                                                                                                                                                                                                                                                                                        
0625440616 863.6  70.2 166.5 229.1 801.6 655.9 138.01160.2 571.7 253.1 383.2 155.3 528.31132.2 327.1             883.3 163.3 387.6 533.31866.41527.1 321.02701.41331.0 589.2 892.1 361.51230.02636.2 761.5              37.7  85.7  16.6  22.8  79.6  65.1  13.5 115.1  56.8  25.2  38.1  15.5  52.5 112.4  32.6             142.1 323.4  21.1  85.9 300.2 245.6  50.7 434.5 214.1  94.8 143.5  58.2 197.9 424.0 122.6             223.0 507.5  41.3  97.9 471.1 385.5  81.1 681.8 336.0 148.8 225.2  91.3 310.5 665.3 192.3             818.81863.8 151.4 359.3 494.41415.5 297.62504.01233.8 546.1 826.9 335.11140.12443.5 705.9             667.11518.6 123.4 292.8 402.81409.5 242.52040.21005.2 445.0 673.8 273.0 928.91990.9 575.2             112.5 255.9  16.7  49.4  68.0 237.5 194.4 343.7 169.4  75.1 113.6  46.1 156.6 335.4  97.0            1192.02713.5 220.3 523.1 719.72518.62060.7 433.21796.2 795.11203.8 487.81659.83557.41027.6             579.51319.1 107.2 254.3 349.91224.41001.8 210.71772.2 386.6 585.3 237.2 806.91729.4 499.6             248.0 564.3  45.9 108.9 149.8 523.8 428.6  90.2 758.1 373.6 250.4 101.5 345.2 739.8 213.8             383.3 872.5  70.9 168.3 231.5 809.9 662.7 139.41172.2 577.6 255.7 156.9 533.81143.9 330.5             131.5 299.2  19.6  57.8  79.5 277.8 227.3  46.9 402.0 198.1  87.8 132.8 183.1 392.3 113.4             534.31216.3  98.8 234.5 322.71129.0 923.7 194.21634.1 805.2 356.4 539.7 218.71594.6 460.7            1162.82647.1 214.9 510.3 702.12457.02010.3 422.63556.31752.2 775.61174.4 475.91619.21002.5             325.0 739.7  60.2 142.7 196.3 686.6 561.8 118.2 993.7 489.7 216.8 328.2 133.1 452.5 969.7                                                                                                                                                                                                                                
0625440718  24.2  64.3 144.4  79.3 146.3  77.3 219.8 713.9 135.2  77.8 147.4 179.3  33.6 170.9 474.8 173.1 303.6  21.6  31.2  69.9  38.4  70.8  37.4 106.4 345.3  65.5  37.7  71.3  86.8  16.3  82.7 229.7  83.8 146.9  66.9  36.4 217.5 119.4 220.3 116.4 331.11075.4 203.7 117.1 221.9 270.0  50.6 257.4 715.2 260.7 457.3 173.8 118.0 251.6 310.2 572.4 302.3 860.62795.7 529.3 304.2 576.8 701.8 164.1 669.11859.3 677.71188.7  92.8  63.0 134.3 301.8 305.6 161.4 459.41492.1 282.5 162.4 307.9 374.6  87.6 357.2 992.3 361.7 634.4 176.0 119.5 254.8 572.7 314.3 306.3 871.82832.0 536.2 308.1 584.3 711.0 166.2 677.81883.5 686.51204.1  90.3  61.3 130.7 293.6 161.2 297.3 446.91451.6 274.9 158.0 299.6 364.5  85.3 347.5 965.5 351.9 617.3 267.5 181.6 387.3 870.4 477.7 881.4 465.54304.8 815.0 468.3 888.11080.7 252.61030.32863.01043.41830.3 881.7 598.51276.72869.81574.62905.91534.54369.12686.91543.82928.03562.9 832.63396.79439.73440.26034.8 162.3 110.2 235.0 528.1 289.8 534.8 282.4 804.02611.6 284.1 538.8 655.6 153.3 625.11736.9 633.11110.4  90.9  61.7 131.5 295.5 162.2 299.2 158.1 449.81461.0 276.7 301.5 366.8  85.8 349.7 971.7 354.2 621.2 177.4 120.5 256.8 577.2 316.7 584.4 308.7 878.72854.3 540.4 310.5 716.5 167.5 683.11898.3 691.91213.6 217.1 147.4 314.3 706.4 387.6 715.3 377.81075.43493.3 661.4 380.0 720.7 205.0 836.12323.3 846.81485.3  32.2  17.6  46.6 104.6  57.4 105.9  56.0 159.1 516.7  97.9  56.3 106.7 129.8 123.7 343.6 125.3 219.7 206.7 140.3 299.3 672.6 369.1 681.0 359.71023.93326.1 629.7 361.9 686.2 835.0 195.22212.1 806.21414.2 584.5 396.8 846.31902.31043.81926.21017.22896.19408.61781.11023.41940.92361.7 551.92251.62280.44000.2 209.4 142.2 303.2 681.4 373.9 690.0 364.41037.43369.9 638.0 366.6 695.2 846.0 197.8 806.52241.21432.8 371.6 252.3 538.11209.4 663.61224.6 646.71841.25981.41132.3 650.61233.91501.5 350.91431.53977.91449.8        
0625440816 607.2 390.95556.42898.13144.21620.5 366.0 320.21226.7 304.6 292.01727.8 309.1 587.6 461.2             584.9 125.71786.1 931.61010.7 521.0 117.7 103.0 394.4  98.0  94.0 555.4  99.5 189.0 148.3             328.4 109.71002.8 523.1 567.5 292.5  66.2  57.9 221.5  54.0  42.3 311.9  51.4 106.2  83.3            5625.11877.11208.28960.69721.55010.41131.4 989.73792.8 941.6 902.65342.0 955.51816.71425.8            2917.9 973.7 626.88911.75042.82599.1 586.9 513.51967.4 488.5 468.32771.1 495.7 942.4 739.7            3168.51057.4 680.69677.25047.32822.3 637.3 557.52136.4 530.4 508.53009.1 538.31023.4 803.2            1616.9 539.6 347.44938.02575.62794.3 325.3 284.61090.2 270.7 259.51535.5 274.7 522.3 409.9             305.4 102.0  65.7 932.5 486.4 527.7 272.0  53.8 206.0  50.2  39.3 290.0  47.8  98.7  77.5             263.0  87.8  56.6 803.0 418.9 454.4 234.3  53.0 177.4  43.3  33.9 249.8  41.2  85.0  66.8            1215.8 405.8 261.23713.21936.72101.21083.0 244.6 214.0 203.6 195.21154.6 206.6 392.7 308.3             242.9  81.2  52.3 741.7 386.9 419.8 216.4  49.0  42.9 163.9  31.3 230.7  38.1  78.6  61.7             182.9  61.1  39.4 558.2 291.2 315.9 162.9  36.9  32.3 123.3  30.1 173.7  28.7  59.2  46.5            1726.1 576.0 370.85271.62749.52983.01537.5 347.2 303.81163.9 289.0 277.1 293.3 557.5 437.6             229.9  76.8  49.5 701.8 366.1 397.2 204.8  46.3  40.6 155.0  37.8  29.6 218.3  74.3  58.4             565.0 188.6 121.51725.3 899.9 976.4 503.3 113.7  99.5 381.0  94.7  90.8 536.6  96.1 143.3             436.3 145.7  93.81332.1 694.9 753.9 388.6  87.8  76.9 294.2  73.1  70.1 414.3  74.2 141.0                                                                                                                                                                                                                                
062544098   66.6  87.2  62.7 223.7 156.9  51.5 129.5                                                              41.7  23.0  13.8  61.4  43.1  11.4  35.6                                                              71.2  25.0  23.6 104.8  73.5  19.4  60.7                                                              38.7  13.6  21.4  57.0  40.0  10.6  33.0                                                             228.4 100.1 131.1  94.2 236.0  77.3 194.7                                                             157.2  68.9  90.3  64.9 231.6  53.3 134.1                                                              30.0  10.6  16.6  10.0  44.2  31.0  25.6                                                             128.0  56.1  73.5  52.8 188.6 132.3  43.4                                                                                                                                                                                                                                                                                                                                                                                                                                                                                                                                                                                                                                                                                                                                                                                                                                                                                                                                                                                                                                                                                                                                
0625441014 381.0 368.5 264.8 184.5  88.8 150.8 155.6  64.8 293.3 455.1 182.2  56.7 399.6                         395.6 941.5 676.5 471.4 226.7 385.3 397.6 165.4 749.41163.0 465.4 144.71021.2                         382.2 940.7 653.7 455.5 219.1 372.3 384.2 159.9 724.21123.8 449.7 139.8 986.8                         271.8 669.0 647.0 323.9 155.8 264.8 273.2 113.7 515.0 799.2 319.8  99.5 701.7                         186.4 458.7 443.6 318.8 106.9 181.6 187.4  78.0 353.1 547.9 219.3  68.2 481.1                          69.1 169.8 164.3 118.1  82.3  67.3  69.4  23.2 130.8 202.9  81.2  20.3 178.2                         150.6 370.5 358.3 257.5 179.4  86.3 151.3  63.0 285.2 442.6 177.1  55.1 388.6                         155.7 383.0 370.5 266.2 185.5  89.3 151.7  65.2 294.9 457.6 183.1  57.0 401.8                          40.2  98.8  95.6  68.7  47.9  21.3  39.2  40.4  76.1 118.0  47.3  11.9 103.7                         302.2 743.8 719.3 516.8 360.1 173.2 294.4 303.8 126.4 888.5 355.6 110.6 780.2                         474.51167.81129.4 811.4 565.4 271.9 462.2 476.9 198.4 898.9 558.2 173.51224.9                         183.9 452.5 437.7 314.5 219.1 105.4 179.2 184.8  77.0 348.4 540.6  67.3 474.7                          33.9  83.4  80.6  58.0  40.4  18.0  33.1  34.1  11.4  64.2  99.6  39.9  87.4                         415.41022.4 988.8 710.4 495.0 238.1 404.6 417.5 173.7 787.01221.3 488.7 151.9                                                                                                                                                                                                                                                                                                                                                                                                                                                        
0625441116 888.8 338.2 526.91107.41279.01027.5 399.1 919.4 618.4 459.81033.4 465.7 913.9 141.1 154.0             884.8 284.7 443.5 932.11076.6 864.9 336.0 773.9 520.5 387.0 869.8 392.0 769.2 118.8 129.7             289.4 244.7 145.1 304.9 352.1 282.9 110.0 253.2 170.3 126.6 284.5 128.3 251.6  31.2  34.0             514.2 434.7 165.5 541.6 625.6 502.6 195.3 449.7 302.5 224.9 505.4 227.8 447.0  69.1  75.4            1108.7 937.4 356.7 555.71349.01083.7 421.0 969.7 652.2 484.91089.9 491.1 963.8 148.8 162.4            1284.61086.0 413.3 643.81353.11255.6 487.71123.5 755.7 561.81262.7 569.01116.7 172.4 188.2            1027.0 868.2 330.4 514.71081.81249.5 389.9 898.2 604.1 449.11009.5 454.9 892.8 137.9 150.5             383.3 324.1 123.4 192.2 403.8 466.4 374.7 335.3 225.5 167.7 376.8 169.8 333.2  51.5  56.2             916.2 774.6 294.8 459.2 965.11114.8 895.6 347.9 539.0 400.7 900.6 405.9 796.5 123.0 134.3             607.9 514.0 195.6 304.7 640.4 739.6 594.2 230.9 531.7 265.9 597.6 269.3 528.5  81.7  89.1             445.4 376.6 143.4 223.3 469.2 541.9 435.4 169.2 389.6 262.1 437.8 197.3 387.2  59.9  65.3            1032.9 873.3 332.3 517.71088.11256.71009.6 392.2 903.4 607.6 451.7 457.6 897.9 138.7 151.3             451.5 381.7 145.3 226.3 475.6 549.3 441.3 171.5 394.9 265.6 197.5 443.8 392.5  60.7  66.2             910.5 769.8 293.0 456.4 959.11107.8 890.0 345.7 796.4 535.7 398.2 895.1 403.3 122.3 133.4              79.7  67.4  25.7  40.0  83.9  96.9  77.9  30.3  69.7  46.9  34.9  78.3  35.4  69.3   9.5              89.3  75.5  28.8  44.8  94.0 108.6  87.3  34.0  78.1  52.6  39.1  87.8  39.6  77.6   9.7                                                                                                                                                                                                                                
0625441216 135.9  25.5 103.7  44.4 480.1 387.5 107.0 225.0 139.7  65.1  13.9 134.3  35.1 158.1  76.0             216.7 240.3 806.2 344.63734.83014.4 831.51749.81086.2 505.7 134.01043.8 272.31229.3 590.3              26.0 158.0 120.6  51.6 558.3 450.6 124.4 261.6 162.4  75.7  16.1 156.1  40.8 183.8  88.3             164.2 800.2 182.1 261.12829.12283.4 629.91325.5 822.8 383.1 101.6 790.7 206.3 931.2 447.2              67.2 327.4  74.6 249.91157.4 934.2 257.8 542.3 336.7 156.8  41.6 323.5  84.5 381.0 183.0             779.13799.6 864.22900.01239.49999.82991.06294.53907.01818.7 481.83754.7 979.34421.72123.0             627.93061.8 696.42336.8 998.89999.82410.25072.13148.31465.5 388.23025.6 789.23563.11710.8             169.5 826.1 188.0 630.5 269.52920.82357.41368.5 849.4 395.5 104.8 816.3 213.0 961.4 461.6             362.31766.6 401.91348.4 576.36246.45041.51390.71816.5 845.6 224.11745.7 455.42055.9 987.1             223.01086.9 247.3 829.6 354.63842.93101.6 855.61800.5 520.3 137.91074.0 280.21264.8 607.3             101.1 492.3 112.1 375.8 160.71740.61404.8 387.6 815.5 506.3  62.5 486.5 127.0 572.9 275.2              12.3  74.3  14.0  56.7  24.3 262.4 211.8  58.5 123.0  76.4  35.6  73.4  19.3  86.5  41.6             214.11043.5 237.4 796.5 340.53689.62977.9 821.51728.71073.0 499.5 132.4 269.01214.4 583.1              37.5 228.0  42.6 174.1  74.5 805.9 650.5 179.5 377.7 234.5 109.2  23.2 225.3 265.3 127.5             253.01233.4 280.6 941.4 402.44361.13519.9 971.02043.31268.3 590.4 156.51218.9 318.0 689.2             118.8 579.0 131.8 441.9 188.92047.01652.1 455.8 959.1 595.3 277.2  73.5 572.2 149.3 673.8                                                                                                                                                                                                                                
0925440113 638.5 482.1 320.3 812.31102.7 354.7 928.1 387.0 129.01086.5 519.6 156.8                               627.4 273.8 182.0 461.4 626.3 201.5 527.2 219.8  73.3 617.1 295.2  89.1                               467.3 270.1 135.6 343.7 466.5 150.1 392.7 163.8  54.7 459.6 219.9  66.4                               271.9 157.2 118.7 200.0 271.5  87.4 228.5  95.3  25.5 267.5 128.0  31.0                               805.4 465.5 351.5 233.5 804.0 258.6 676.6 282.1  94.1 792.1 378.9 114.4                              1102.7 637.3 481.2 319.7 810.8 354.1 926.5 386.3 128.81084.5 518.7 156.5                               304.0 175.7 132.7  88.2 223.6 303.5 255.4 106.6  28.5 299.0 143.1  34.6                               923.9 534.0 403.2 267.9 679.4 922.3 296.7 323.7 107.9 908.7 434.6 131.2                               370.0 213.9 161.5 107.3 272.1 369.3 118.9 310.9  43.3 363.9 174.1  52.6                                70.0  40.5  30.6  20.4  51.5  69.8  22.6  58.8  24.6  68.8  33.0   8.1                              1086.0 627.7 473.9 314.9 798.61084.1 348.7 912.4 380.4 126.8 510.9 154.2                               505.8 292.4 220.8 146.7 371.9 504.9 162.5 425.0 177.2  59.1 497.5  71.9                                90.7  52.4  39.6  26.4  66.7  90.5  29.2  76.2  31.8   8.6  89.2  42.7                                                                                                                                                                                                                                                                                                                                                                                                                                                                                                                                                                    
0925440210 115.5  80.2  71.2  27.7  86.1  26.4  43.3  46.3  12.2                                                 184.2 551.3 489.0 201.9 591.7 205.6 297.0 318.0 103.6                                                 126.3 544.5 335.3 138.5 405.7 141.0 203.7 218.1  71.1                                                 111.5 480.5 333.6 122.2 358.0 124.4 179.7 192.4  62.7                                                  28.9 155.2 107.8  95.6 115.7  35.4  58.1  62.2  16.3                                                 136.0 586.1 406.9 360.9 149.0 151.8 219.2 234.7  76.5                                                  27.4 146.9 102.0  90.5  35.2 109.5  55.0  58.9  15.4                                                  47.5 255.4 177.3 157.3  61.1 190.3  58.3 102.3  26.7                                                  70.7 304.7 211.5 187.6  77.5 227.0  79.0 114.0  39.8                                                  10.4  55.3  38.4  34.1  13.3  41.2  12.7  20.8  22.2                                                                                                                                                                                                                                                                                                                                                                                                                                                                                                                                                                                                                                                                                                                                                                                                                                                                                                        
0925440316 275.5 504.2 128.52364.6 539.9 531.3 169.3 432.9  54.3 464.9 788.5 501.8 155.31366.9 341.2             273.2 418.8 106.81964.1 448.4 441.3 140.6 359.6  45.1 386.2 655.0 416.8 129.01135.3 283.4             511.8 428.8 200.03681.0 840.3 827.0 263.4 673.8  84.4 723.71227.4 781.0 241.62127.7 531.1              97.8  82.0 149.9 702.8 160.5 158.0  50.4 128.7  13.0 138.3 234.4 149.2  46.2 406.3 101.5            2453.82055.63762.5 958.54029.13964.91262.63230.4 404.13469.75885.33744.61158.19999.82546.3             549.1 460.0 841.9 214.53949.2 887.2 282.6 722.9  90.5 776.41316.9 837.9 259.22282.7 569.8             540.1 452.5 828.1 211.03884.6 886.8 278.0 711.0  89.0 763.71295.3 824.2 255.02245.4 560.5             146.2 122.5 224.1  52.61051.0 240.0 236.2 192.5  19.4 206.7 350.5 223.1  69.1 607.6 151.7             437.4 366.5 670.7 170.93145.8 718.2 706.7 225.1  72.1 618.51049.0 667.5 206.51818.4 453.9              26.8  22.5  41.1   9.7 192.1  44.0  43.3  13.9  35.3  37.9  64.2  40.9  12.7 111.1  27.8             470.9 394.5 722.0 184.03386.5 773.1 760.8 242.4 619.9  77.61129.2 718.5 222.31957.5 488.6             808.7 677.41239.9 315.95816.21327.71306.6 416.11064.6 133.31143.41234.0 381.73361.9 839.1             509.3 426.7 780.9 199.03663.0 836.2 822.9 262.1 670.5  84.0 720.11221.4 240.42117.3 528.5             132.9 111.4 203.8  47.9 955.5 218.2 214.7  68.5 175.0  17.6 187.9 318.7 202.8 552.3 138.0            1412.31183.12165.5 551.79999.82319.02282.0 726.71859.3 232.71997.03387.32155.2 666.61465.6             341.8 286.3 524.0 133.62457.7 561.1 552.2 175.9 449.9  56.4 483.2 819.6 521.5 161.41420.6                                                                                                                                                                                                                                
0925440416 361.4 174.6 552.71230.1 134.81910.3 234.7 292.61742.7 607.9 783.2 462.6 185.5 371.0 174.1             354.0 104.8 331.6 737.9  80.91145.9 140.9 175.51045.4 364.7 469.9 277.5 111.4 222.6 104.5             125.0  76.6 117.1 260.5  22.9 404.5  49.8  62.1 369.1 128.8 165.9  98.1  39.4  78.7  36.2             551.5 337.8 163.21149.7 126.01785.4 219.4 273.51628.8 568.2 732.0 432.4 173.4 346.8 162.7            1250.9 766.2 370.01171.7 285.64049.9 497.5 620.13694.81288.71660.4 980.6 393.2 786.5 369.0              82.0  50.3  21.5  76.9 170.9 265.4  32.7  40.7 242.1  84.5 108.9  64.4  25.9  51.6  23.8            1953.21196.3 577.61829.64072.0 445.8 776.8 968.25769.22012.22592.61531.2 614.01228.0 576.0             201.2 123.2  52.4 188.4 419.2  36.8 651.0  99.8 593.9 207.2 267.0 157.7  63.3 126.5  58.2             282.9 173.3  83.7 265.0 589.6  64.7 915.7 112.6 835.4 291.4 375.5 221.8  89.0 177.9  83.5            1780.21090.3 526.51667.53711.4 406.35763.8 708.0 882.51834.02363.01395.6 559.61119.3 525.0             608.5 372.7 180.0 570.01268.4 139.01969.8 242.0 301.71797.1 807.6 477.0 191.3 382.6 179.5             789.5 483.6 233.5 739.51645.9 180.32556.0 314.0 391.42331.8 813.3 618.9 248.2 496.4 232.9             458.5 280.8 135.7 429.5 955.7 104.71484.1 182.4 227.31354.0 472.3 608.5 144.2 288.3 135.3             155.0  95.0  40.4 145.2 323.0  28.4 501.5  61.7  76.9 457.6 159.7 205.7 121.5  97.5  44.9             363.9 222.9 107.7 340.9 758.6  83.11178.0 144.8 180.51074.7 374.9 483.0 285.3 114.5 107.4             141.0  86.4  36.8 132.1 293.8  25.9 456.2  56.1  70.0 416.2 145.2 187.1 110.5  44.4  88.7                                                                                                                                                                                                                                
092544057   62.4  36.0   7.9  16.8  53.4  72.3                                                                    99.0 156.2  42.2  90.7 232.4 314.7                                                                    39.7 135.8  17.0  36.3 116.3 157.4                                                                     5.7  19.1  11.1   5.2  16.4  22.1                                                                    16.4  56.1  32.3   7.1  48.0  65.0                                                                    84.1 230.6 132.7  35.9  77.0 267.2                                                                   115.5 316.8 182.3  49.2 105.8 271.2                                                                                                                                                                                                                                                                                                                                                                                                                                                                                                                                                                                                                                                                                                                                                                                                                                                                                                                                                                                                                                                                                                                                                                                                                                            
0925440612 370.6 105.2  94.7 228.6 169.3 121.2  24.0 257.3 239.1  38.9 110.1                                     435.3 490.7 441.61066.3 789.6 565.1 139.41200.11115.5 226.4 513.5                                     117.7 467.3 119.4 288.2 213.5 152.8  37.8 324.4 301.5  61.3 138.9                                      94.8 376.4 106.9 232.2 172.0 123.1  24.4 261.3 242.9  39.5 111.9                                     265.31053.8 299.1 269.2 481.3 344.4  85.0 731.5 679.9 138.0 313.0                                     194.4 771.8 219.1 197.2 476.1 252.3  62.3 535.8 498.0 101.1 229.3                                     136.8 543.1 154.2 138.8 335.0 248.1  43.9 377.0 350.4  71.2 161.4                                      17.9  70.7  20.2  18.2  43.7  32.4  23.2  49.1  45.7   7.5  21.1                                     299.71190.2 337.8 304.0 734.0 543.5 389.0  96.0 767.9 155.9 353.5                                     278.01103.9 313.3 282.0 680.9 504.2 360.8  89.0 766.3 144.6 327.9                                      34.1 135.2  38.5  34.6  83.4  61.8  44.3   8.8  93.9  87.3  40.2                                     123.6 490.5 139.3 125.4 302.6 224.1 160.4  39.6 340.5 316.5  64.3                                                                                                                                                                                                                                                                                                                                                                                                                                                                                                                                                                                                                                                                                
0925440714  53.1 206.7  45.6 112.8  57.5  68.5  97.5 171.6  72.6 120.2  90.4  30.9  11.1                          82.3 661.7 145.8 360.9 183.8 219.0 311.9 549.1 232.3 384.5 289.3  98.6  43.9                         335.0 691.9 593.81470.2 748.6 891.91270.72237.3 946.31566.61178.3 401.4 178.5                          70.0 144.4 562.1 306.6 156.2 186.0 265.0 466.5 197.4 326.7 245.7  83.8  37.3                         180.5 372.61451.8 319.8 403.2 480.3 684.31204.8 509.6 843.6 634.5 216.2  96.2                          89.5 184.7 719.3 158.5 392.3 238.0 339.1 596.9 252.5 418.0 314.4 107.2  47.7                         107.5 222.0 864.6 190.5 471.6 240.2 407.6 717.6 303.6 502.5 377.9 128.8  57.3                         155.3 320.71249.2 275.2 681.3 346.9 413.31036.7 438.6 725.9 546.0 186.1  82.8                         277.2 572.42230.3 491.31216.3 619.3 737.81051.3 782.91296.0 974.8 332.1 147.7                         114.4 236.2 919.9 202.7 501.7 255.5 304.4 433.7 763.4 534.6 402.1 137.1  61.0                         192.6 397.71549.5 341.4 845.1 430.3 512.6 730.41285.9 544.0 677.2 230.8 102.7                         143.6 296.61155.4 254.6 630.1 320.9 382.3 544.6 958.8 405.6 671.4 172.1  76.6                          32.9  84.7 329.8  72.7 179.9  91.7 109.2 155.5 273.7 115.8 191.7 144.2  17.6                           9.2  23.5  91.2  20.2  49.8  25.4  30.3  43.1  75.7  32.1  53.0  39.9  13.7                                                                                                                                                                                                                                                                                                                                                                                                                                                        
0925440813  17.3 102.9 202.5 321.9  75.4 114.9  24.1 200.6  76.8 188.2  93.4 296.0                                13.7  30.2  59.4  94.4  22.2  33.7   7.2  58.8  22.6  55.2  27.4  86.8                               121.7  56.8 533.1 847.8 198.5 302.4  79.0 528.2 202.0 495.5 245.7 779.4                               245.2 114.3 545.81709.1 400.0 609.6 159.11064.8 407.2 998.8 495.21571.3                               393.3 183.3 875.71724.4 641.7 978.1 255.21708.4 653.31602.5 794.52521.1                                87.6  40.9 195.0 383.8 610.3 217.7  56.9 380.3 145.5 356.7 176.9 561.1                               136.6  63.7 304.0 598.4 951.7 222.8  88.6 592.9 226.8 556.2 275.8 874.9                                21.3   8.0  47.2  92.7 147.4  34.6  52.7  91.9  35.2  86.2  42.8 135.5                               242.9 113.2 540.71064.61693.0 396.2 603.8 157.6 403.3 989.3 490.51556.4                                89.3  41.7 198.7 391.2 622.0 145.6 221.9  58.0 387.6 363.5 180.3 571.9                               227.4 106.1 506.3 997.01585.5 371.0 565.5 147.6 987.7 377.7 459.41457.6                               109.9  51.3 244.5 481.3 765.4 179.2 273.0  71.3 476.9 182.4 447.3 703.7                               361.1 168.3 804.01583.22517.8 589.2 898.0 234.31568.6 599.81471.3 729.5                                                                                                                                                                                                                                                                                                                                                                                                                                                                                                                                                                    
092544099  959.1 792.1 294.7 126.4 515.01503.5 233.3 930.8                                                       938.8 343.8 128.0  54.9 223.6 652.5 101.3 404.0                                                       769.0 341.0 104.9  45.0 183.2 534.5  83.0 331.0                                                       181.6  80.6  66.6   8.6  43.3 126.2  15.8  78.2                                                        57.1  25.4  21.0   6.3  13.7  39.7   5.1  24.6                                                       487.3 216.1 178.5  66.5  28.6 338.7  52.6 209.7                                                      1492.4 661.7 546.5 203.4  87.3 355.4 161.0 642.2                                                       136.1  60.4  49.9  15.0   6.5  32.5  94.7  58.6                                                       910.0 403.5 333.3 124.1  53.3 216.7 632.5  98.2                                                                                                                                                                                                                                                                                                                                                                                                                                                                                                                                                                                                                                                                                                                                                                                                                                                                                                                                                                                                                    
0925441011  99.7  62.3  25.5 103.6  98.6  31.7  12.7 143.4  26.0 108.9                                           158.6 378.3 179.4 629.5 599.0 192.5  95.7 871.6 178.9 662.0                                            97.2 371.0 109.9 385.6 366.9 117.9  58.7 533.9 109.6 405.5                                            26.4 125.4  78.3 130.3 124.0  39.9  15.9 180.4  32.7 137.0                                           165.1 630.3 393.7 186.7 623.4 200.3  99.6 907.1 186.1 688.9                                           156.8 598.8 374.0 177.4 622.4 190.3  94.6 861.7 176.8 654.5                                            33.8 161.2 100.7  41.1 167.5 159.4  20.5 231.9  42.0 176.1                                            11.1  52.4  32.8  13.5  54.5  51.9  16.7  75.4  13.7  57.3                                           230.4 880.2 549.7 260.7 914.9 870.5 279.6 139.0 259.9 962.1                                            27.0 128.3  80.2  32.8 133.3 126.9  40.8  16.3 184.6 140.2                                           173.8 663.8 414.6 196.6 690.0 656.5 210.9 104.9 955.3 196.0                                                                                                                                                                                                                                                                                                                                                                                                                                                                                                                                                                                                                                                                                                                                                                                            
0925441118 139.0 519.5 166.2  75.5 243.8  94.3  58.9 102.8 174.5  29.4 263.4 400.9 277.0 406.9 572.4 354.4 288.7 158.6 919.7 294.2 133.6 431.5 166.9 110.9 182.0 308.8  64.8 466.2 709.8 490.4 720.51013.5 627.4 511.1 614.8 954.01141.2 518.01673.9 647.0 429.8 705.61197.9 251.21808.52753.81902.32794.93932.02433.71982.5 191.2 296.71109.4 161.2 520.5 201.3 133.7 219.5 372.5  78.2 562.4 856.2 591.5 869.11222.6 756.7 616.5  74.3 115.2 430.4 137.7 202.0  78.1  48.8  85.2 144.6  24.4 218.2 332.2 229.5 337.2 474.3 293.6 239.2 284.2 441.01649.1 527.5 239.5 299.1 198.7 326.1 553.7 116.2 835.91272.7 879.21291.81817.31124.8 916.3 105.0 162.8 608.8 194.8  88.5 285.7  73.4 120.5 204.4  43.0 308.6 469.9 324.6 476.9 670.8 415.3 338.3  56.2  87.1 325.4 104.2  47.4 152.7  59.1  64.4 109.3  18.4 165.0 251.2 173.5 254.9 358.6 222.0 180.9 115.2 178.7 668.1 213.7  97.1 313.5 121.2  80.6 224.4  47.1 338.7 515.6 356.2 523.3 736.2 455.7 371.2 201.1 312.01166.8 373.3 169.5 547.4 211.7 140.6 230.8  82.2 591.4 900.5 622.1 914.01285.8 795.9 648.4  24.0  37.1 138.4  44.3  20.2  65.0  25.2  15.8  27.5  46.5  70.2 106.8  73.8 108.4 152.5  94.4  76.9 307.7 477.41785.4 571.1 259.3 837.6 323.8 215.1 353.1 599.4 125.71377.9 951.91398.51967.51217.8 992.0 472.6 733.42743.1 877.4 398.31286.9 497.4 330.5 542.4 920.9 193.11390.31462.42148.73022.81871.01524.1 324.0 502.81880.5 601.5 273.1 882.2 341.0 226.6 371.9 631.3 132.4 953.11451.31473.02072.21282.61044.9 479.8 744.62784.8 890.7 404.31306.5 505.0 335.5 550.7 934.9 196.11411.52149.21484.73068.81899.41547.3 678.31052.53936.71259.1 571.51846.8 713.8 474.2 778.41321.6 277.11995.33038.22098.83083.72685.12187.3 416.8 646.72418.8 773.7 351.21134.8 438.6 291.4 478.3 812.1 170.31226.01866.81289.61894.72665.51344.0 338.1 524.51961.8 627.5 284.9 920.3 355.8 236.4 388.0 658.6 138.1 994.31514.01045.91536.72161.81338.1        
0925441216 297.2 192.4 138.8  27.3 190.2 407.7 159.7 469.1 356.7 110.5 175.8 205.5 280.6 331.4  24.1             351.3 883.9 637.6 156.1 873.81874.0 733.82156.21639.4 507.6 807.9 944.21289.31523.2 137.7             224.8 873.7 407.9  99.9 559.01198.7 469.41379.31048.7 324.8 516.8 604.0 824.8 974.4  88.1             160.1 622.1 402.7  71.2 398.1 853.6 334.3 982.2 746.8 231.3 368.0 430.1 587.3 693.8  62.8              22.5  86.9  56.3  40.7  55.7 119.2  46.8 137.2 104.3  32.4  51.5  60.1  82.1  96.9   7.1             222.1 863.4 558.8 403.1  98.71184.6 463.91363.01036.4 320.9 510.7 596.9 815.0 962.9  87.1             484.81884.81219.8 879.9 215.31205.91012.62975.72262.5 700.51114.91303.01779.32102.1 190.0             185.4 720.3 466.2 336.3  82.4 460.9 988.41137.2 864.7 267.8 426.1 498.0 680.0 803.4  72.7             558.92173.01406.31014.4 248.21390.32981.71167.42608.5 807.61285.41502.32051.42423.5 219.1             423.21645.31064.8 768.1 188.01052.62257.5 883.92597.5 611.5 973.21137.41553.21834.9 165.9             126.0 489.4 316.8 228.5  56.0 313.1 671.5 263.0 772.6 587.4 289.5 338.4 462.0 545.8  49.4             204.8 796.0 515.2 371.7  91.0 509.31092.2 427.71256.7 955.6 295.9 550.4 751.5 887.8  80.3             240.6 935.2 605.3 436.6 106.9 598.41283.2 502.51476.51122.6 347.6 553.3 882.91043.0  94.3             331.31287.7 833.4 601.2 147.1 823.91766.9 691.82033.01545.7 478.6 761.7 890.21436.1 129.9             392.71526.5 987.9 712.7 174.4 976.72094.6 820.12410.11832.5 567.4 903.01055.41441.1 153.9              19.0  73.3  47.5  34.3   6.8  46.9 100.5  39.4 115.7  88.0  27.3  43.4  50.7  69.2  81.7                                                                                                                                                                                                                                
