022517018   15.0   8.2  23.6  21.3   9.3  38.8  14.7                                                              19.6  34.4  99.7  89.7  39.1 164.1  62.0                                                               9.8  31.4  49.7  44.6  19.5  81.6  30.9                                                              44.6 114.8  78.4 163.5  89.1 299.3 112.9                                                              39.9 102.5  70.0 162.4  79.5 267.3 100.9                                                              11.4  36.5  20.0  57.9  52.0  95.1  36.0                                                              75.1 193.2 131.9 306.2 275.3 149.9 190.1                                                              19.3  61.8  33.8  98.0  88.1  38.4 161.2                                                                                                                                                                                                                                                                                                                                                                                                                                                                                                                                                                                                                                                                                                                                                                                                                                                                                                                                                                                                                                                                                                                                
0225170212 379.4 116.0  69.5 610.1 266.4 257.9 272.9 193.6 236.0 150.6  91.9                                     385.1 169.5 101.5 891.7 389.4 376.9 398.7 282.9 344.8 220.1 134.3                                      88.9 128.0  18.8 205.7  89.9  87.0  92.1  65.3  79.6  50.9  24.9                                      40.1  57.7  16.3  92.8  40.6  39.3  41.5  29.5  35.9  23.0  11.3                                     627.1 903.0 276.0 165.2 634.0 613.8 649.3 460.6 561.5 358.3 218.7                                     266.6 383.8 117.4  70.3 617.2 260.9 276.0 195.8 238.7 152.3  93.0                                     257.7 371.0 113.5  67.9 596.5 260.5 266.8 189.3 230.7 147.3  89.9                                     273.3 393.5 120.3  72.1 632.8 276.3 267.5 200.8 244.7 156.2  95.4                                     190.2 273.7  83.7  50.2 440.2 192.2 186.1 196.9 170.3 108.7  66.4                                     234.6 337.8 103.3  61.9 543.2 237.2 229.6 242.9 172.4 134.1  81.9                                     130.7 188.2  53.0  27.6 302.5 132.2 127.9 135.3  96.0 117.1  36.6                                      57.3  82.4  23.3  12.2 132.4  57.9  56.0  59.3  42.1  51.3  32.8                                                                                                                                                                                                                                                                                                                                                                                                                                                                                                                                                                                                                                                                                
0225170313 111.3 326.1 252.6  92.3 115.0 130.1 197.2  66.9 377.1  64.6 491.4 382.5                                97.9 209.8 162.5  59.4  74.0  83.8 126.9  34.5 242.6  33.3 316.1 246.1                               337.4 246.9 560.2 204.7 255.0 288.5 437.3 148.2 836.5 143.11090.1 848.4                               259.1 189.6 555.4 157.2 195.8 221.6 335.8 113.8 642.3 109.9 837.0 651.5                                79.5  58.2 170.3 131.9  60.1  68.0 103.0  28.0 197.0  27.0 256.6 199.8                               101.5  74.3 217.4 168.4  61.6  86.8 131.5  35.7 251.4  34.5 327.6 255.0                               117.4  85.9 251.5 194.8  71.2  88.7 152.1  42.1 290.8  40.7 379.0 295.0                               200.1 146.4 428.9 332.2 121.4 151.2 171.1  87.9 496.0  84.9 646.3 503.1                                41.9  30.7  89.7  69.5  25.5  31.7  35.9  54.3 103.8  14.3 135.2 105.3                               391.7 286.6 839.8 650.4 237.6 296.1 335.0 507.7 172.0 166.11265.7 985.1                                40.2  29.4  85.9  66.6  24.4  30.4  34.4  52.0  14.2  99.4 129.5 100.8                               513.5 375.61100.8 852.6 311.4 388.0 439.1 665.5 225.41273.1 217.71291.3                               397.5 290.8 852.1 659.9 241.1 300.4 339.9 515.1 174.5 985.4 168.51284.2                                                                                                                                                                                                                                                                                                                                                                                                                                                                                                                                                                    
022517049    5.1  35.3  16.3  23.1  49.5  33.8  29.7  19.0                                                         5.0  33.8  15.6  22.1  47.3  32.3  28.4  18.1                                                        66.7  64.6 168.6 239.4 514.6 350.9 308.7 196.5                                                        21.1  20.4 144.4  94.2 202.5 138.1 121.5  77.4                                                        42.6  41.2 234.1 107.6 328.2 223.8 196.9 125.3                                                        94.6  91.6 520.7 239.2 339.6 497.9 438.0 278.8                                                        63.6  61.6 350.2 160.9 228.4 491.1 294.6 187.5                                                        55.7  53.9 306.3 140.7 199.8 429.5 292.8 164.0                                                        34.5  33.4 189.4  87.1 123.6 265.6 181.1 159.3                                                                                                                                                                                                                                                                                                                                                                                                                                                                                                                                                                                                                                                                                                                                                                                                                                                                                                                                                                                                                    
022517057   26.3  28.4   8.0  12.0  28.7  44.8                                                                    30.9  85.0  23.8  35.6  86.0 134.5                                                                    46.5  94.9  35.7  53.5 103.5 161.8                                                                     7.3  18.5  19.9   8.4  20.1  31.4                                                                    12.4  31.5  33.9   9.5  34.3  53.6                                                                    34.0  86.7  93.5  26.1  39.2 147.8                                                                    75.7 154.5 166.6  58.1  87.2 168.5                                                                                                                                                                                                                                                                                                                                                                                                                                                                                                                                                                                                                                                                                                                                                                                                                                                                                                                                                                                                                                                                                                                                                                                                                                            
0225170612 319.9 327.1 108.2 308.0 181.0 110.3  56.9 529.8 109.5 394.2 317.9                                     324.3 451.6 149.4 425.2 249.8 152.2  78.6 731.4 151.1 544.3 438.8                                     331.9 452.0 152.9 435.2 255.7 155.7  80.4 748.6 154.7 557.0 449.1                                      89.2 121.5 124.2 117.0  68.8  34.4  17.4 201.1  33.3 149.7 120.7                                     311.8 424.6 434.2 143.6 240.2 146.3  75.5 703.2 145.3 523.3 421.9                                     178.2 242.6 248.1  82.1 233.6  83.6  43.2 401.7  83.1 299.0 241.0                                      74.3 101.1 103.4  33.6  97.4  57.2  14.5 167.4  27.8 124.6 100.5                                      31.4  42.7  43.7  14.2  41.1  24.2  12.2  70.6  11.8  52.6  42.4                                     545.1 742.4 759.1 251.0 714.7 419.9 255.7 132.0 254.0 914.9 737.6                                      71.6  97.5  99.7  32.4  93.8  55.2  27.6  14.0 161.3 120.1  96.8                                     402.5 548.2 560.5 185.4 527.8 310.0 188.8  97.5 907.8 187.6 544.6                                     322.2 438.7 448.6 148.4 422.4 248.2 151.2  78.0 726.6 150.1 540.7                                                                                                                                                                                                                                                                                                                                                                                                                                                                                                                                                                                                                                                                                
0225170712  45.7 102.4  85.9  24.0  44.9  80.9  35.2  95.8  80.9  44.4  15.0                                      70.2 285.2 239.2  81.3 124.9 225.3  97.8 266.9 225.3 123.7  52.0                                     163.7 296.5 558.1 189.6 291.4 525.5 228.1 622.7 525.5 288.5 121.3                                     136.5 247.2 554.8 158.1 242.9 438.2 190.2 519.2 438.2 240.6 101.1                                      24.8  55.9 125.4 105.2  55.0  99.0  43.0 117.3  99.0  54.4  18.4                                      68.9 124.8 279.9 234.8  79.8 221.1  96.0 261.9 221.1 121.4  51.1                                     128.2 232.3 521.2 437.2 148.5 228.2 178.6 487.7 411.6 226.0  95.0                                      38.1  86.2 193.3 162.2  45.3  84.7 152.7 180.9 152.7  83.9  28.3                                     152.8 276.9 621.4 521.1 177.1 272.1 490.7 213.0 490.7 269.4 113.2                                     128.2 232.3 521.2 437.2 148.5 228.2 411.6 178.6 487.7 226.0  95.0                                      68.2 123.5 277.0 232.3  79.0 121.3 218.8  95.0 259.2 218.8  50.5                                      14.0  31.5  70.6  59.2  16.6  31.0  55.8  24.3  66.1  55.8  30.7                                                                                                                                                                                                                                                                                                                                                                                                                                                                                                                                                                                                                                                                                
022517089  232.1 376.1  47.0 134.9 103.2  85.5 110.5  95.4                                                       235.4 498.0  62.2 178.5 136.6 113.2 146.3 126.3                                                       388.0 506.7 102.4 294.3 225.1 186.6 241.1 208.1                                                        25.6  33.4  54.0  19.4  14.9   9.9  16.0  12.7                                                       119.3 155.8 252.3  25.3  69.3  46.0  74.2  58.9                                                        88.8 115.9 187.7  18.8  67.4  34.2  55.2  43.9                                                        55.3  72.2 116.9  11.8  42.0  32.1  34.4  27.4                                                        95.8 125.1 202.7  20.3  72.7  55.6  36.9  47.3                                                        73.9  96.5 156.3  15.7  56.1  42.9  28.5  46.0                                                                                                                                                                                                                                                                                                                                                                                                                                                                                                                                                                                                                                                                                                                                                                                                                                                                                                                                                                                                                    
022517098   40.7  36.5 220.2  94.3  46.1  39.6  91.0                                                              36.3  14.8  88.7  38.0  18.6  16.0  36.7                                                              31.7  14.4  77.6  33.3  16.3  14.0  32.1                                                             255.9 144.5 129.7 268.5 163.8 140.6 259.1                                                             105.0  59.3  53.3 257.2  67.2  57.7 106.3                                                              42.2  19.1  17.2 103.2  44.2  18.6  42.7                                                              35.0  15.9  14.3  85.7  36.8  18.0  35.5                                                              91.1  41.2  37.0 223.2  95.6  46.7  40.1                                                                                                                                                                                                                                                                                                                                                                                                                                                                                                                                                                                                                                                                                                                                                                                                                                                                                                                                                                                                                                                                                                                                
0225171014 315.2  99.1  73.4 106.9 403.5 180.9 298.0 269.3 550.8 174.7 202.7  98.6  94.2                         323.5 180.4 133.5 194.5 734.6 329.3 542.4 490.31002.8 318.0 368.9 179.4 171.4                          84.9 150.5  28.1  51.1 192.6  86.4 142.2 128.6 262.8  83.4  96.8  47.1  45.0                          45.9  81.4  25.7  27.7 104.2  46.8  77.0  69.6 142.2  45.2  52.4  25.5  24.4                          92.3 163.7  51.5  30.6 209.5  94.0 154.7 139.9 286.0  90.8 105.3  51.3  49.0                         417.1 739.9 232.5 172.1 250.7 424.6 699.3 632.11292.9 410.0 475.6 231.3 221.0                         181.1 321.3 101.0  74.8 108.9 411.2 303.7 274.5 561.4 178.1 206.6 100.5  96.0                         305.2 541.4 170.2 126.0 183.5 693.0 310.7 462.5 946.0 300.0 348.0 169.3 161.7                         274.8 487.5 153.2 113.4 165.2 624.1 279.8 460.8 851.9 270.2 313.4 152.4 145.7                         573.21016.9 319.5 236.5 344.51301.7 583.6 961.2 868.8 563.5 653.7 317.8 303.7                         174.6 309.6  97.4  72.1 105.0 396.3 177.7 292.6 264.5 540.9 199.1  96.8  92.5                         204.2 362.2 113.9  84.3 122.8 463.6 207.9 342.3 309.4 632.8 200.7 113.3 108.2                          84.4 149.6  47.1  27.9  50.8 191.4  85.9 141.4 127.8 261.3  82.9  96.2  44.8                          80.1 142.1  44.7  26.5  48.2 181.8  81.6 134.3 121.4 248.2  78.8  91.4  44.5                                                                                                                                                                                                                                                                                                                                                                                                                                                        
0225171114 229.2 198.7 390.7 148.7 580.3 884.8 151.8 114.7 501.0 246.4 266.1 538.4 254.2                         221.1  98.8 194.2  73.9 288.3 439.6  75.5  57.1 248.9 122.5 132.2 267.5 126.4                         170.7  88.0 149.9  45.7 222.7 339.4  54.8  35.3 192.2  94.6 102.1 206.6  97.6                         388.7 200.2 173.6 129.9 506.9 772.8 132.6 100.2 437.6 215.2 232.4 470.3 222.1                          95.5  49.3  42.7  83.9 124.6 189.9  30.7  19.8 107.6  53.0  57.2 115.6  54.6                         585.4 301.5 261.4 514.0 195.61164.0 199.7 150.9 659.1 324.1 350.0 708.3 334.4                         901.3 464.2 402.4 791.3 301.11175.4 307.4 232.31014.7 499.0 538.81090.5 514.8                         117.9  60.8  52.7 103.5  31.6 153.7 234.3  24.4 132.7  65.3  70.5 142.6  67.4                          69.9  36.1  31.3  61.4  18.8  91.1 138.9  22.5  78.7  38.8  41.8  84.6  40.0                         503.1 259.1 224.7 441.7 168.1 656.11000.3 171.6 129.7 278.5 300.8 608.7 287.4                         238.9 123.1 106.7 209.8  79.9 311.6 475.0  81.6  61.6 269.0 142.9 289.1 136.5                         259.3 133.6 115.8 227.7  86.7 338.2 515.6  88.5  66.9 292.0 143.6 313.8 148.2                         541.9 279.1 242.0 475.8 181.1 706.81077.5 184.9 139.7 610.1 300.0 324.0 309.6                         247.1 127.3 110.4 216.9  82.6 322.2 491.2  84.3  63.7 278.1 136.8 147.7 298.9                                                                                                                                                                                                                                                                                                                                                                                                                                                        
0225171213  46.0 239.3  36.3 294.9 105.7 233.3 144.1  46.1 471.0  87.8  95.3 260.2                                41.9 110.1  16.8 135.7  48.7 107.4  66.3  21.3 216.7  40.5  43.9 119.7                               278.6 175.6 138.6 903.6 323.5 714.7 441.3 176.41443.3 268.9 291.7 797.2                                31.4  15.9  82.4 101.5  36.4  80.3  49.7  16.0 162.1  30.3  32.9  89.6                               345.2 217.6 908.5 171.7 400.9 885.6 546.8 218.51788.4 333.1 361.5 987.7                               118.5  74.7 311.6  59.0 384.0 303.7 187.6  75.0 613.3 114.3 124.0 338.8                               271.4 171.1 714.2 135.0 880.1 315.1 429.8 171.81405.8 261.9 284.2 776.4                               164.5 103.7 432.8  81.9 533.3 191.0 421.9 104.2 851.9 158.7 172.2 470.5                                42.1  21.3 110.7  16.8 136.4  48.9 107.9  66.7 217.8  40.7  44.1 120.3                               556.2 350.61464.0 276.61804.1 645.91427.0 881.1 352.1 536.8 582.41591.7                                87.5  44.2 230.2  34.9 283.7 101.6 224.4 138.6  44.4 453.1  91.7 250.3                               106.0  66.9 278.9  52.8 343.7 123.1 271.8 167.9  67.2 548.9 102.3 303.2                               303.6 191.4 799.0 151.0 984.6 352.6 778.8 480.9 192.21572.8 293.0 317.9                                                                                                                                                                                                                                                                                                                                                                                                                                                                                                                                                                    
0325230110  19.1  42.4  43.1  78.1 115.3  77.2  11.9  60.6  41.7                                                  18.9  39.6  40.3  72.9 107.6  72.0  11.1  56.6  38.9                                                  51.5  48.6 103.6 187.7 277.2 185.4  30.2 145.7 100.0                                                  66.0  62.4 111.3 205.2 302.9 202.6  38.8 159.2 109.3                                                 123.7 116.9 208.7 212.2 568.0 379.9  72.6 298.4 204.9                                                 185.1 174.7 312.1 317.3 575.4 568.3 108.6 446.3 306.5                                                 122.1 115.3 206.0 209.4 379.7 560.6  71.7 294.6 202.3                                                  10.3   9.7  21.5  21.8  39.5  58.2  39.0  30.6  21.1                                                  94.9  89.6 160.0 162.7 294.9 435.5 291.3  55.7 157.1                                                  63.6  60.1 107.2 109.0 197.7 291.8 195.2  37.4 153.3                                                                                                                                                                                                                                                                                                                                                                                                                                                                                                                                                                                                                                                                                                                                                                                                                                                                                                        
0325230215 247.2 241.1 314.81594.6 969.73921.2 712.21221.3 206.0 157.0 497.01370.11538.0 950.5                   166.8  32.7  46.4 234.5 142.7 576.5 104.8 179.6  24.4  18.6  73.2 201.5 226.2 139.8                   179.9  33.1  50.1 253.0 153.9 622.0 113.1 193.8  26.3  20.0  78.9 217.4 244.0 150.9                   266.4  48.9  52.2 374.8 227.9 921.4 167.4 287.0  38.8  29.6 116.9 322.0 361.4 223.4                  1605.4 350.1 341.4 445.81373.25553.21008.51729.5 291.7 222.2 703.81940.22178.01346.0                   965.8 210.6 205.4 268.31358.63340.8 606.81040.5 175.5 133.8 423.51167.31310.3 809.8                  3986.3 869.1 847.61106.95607.53409.82504.24294.6 724.2 551.71747.54817.95408.43342.3                   702.3 153.2 149.4 195.1 987.9 600.82429.2 756.6 127.7  97.3 307.9 848.8 952.8 588.9                  1223.3 266.8 260.2 339.71720.81046.44231.5 768.5 222.3 169.4 536.31478.51659.71025.7                   126.9  23.4  24.9  35.3 178.5 108.6 438.7  79.8 136.7  14.2  55.7 153.3 172.1 106.4                    90.4  16.7  17.8  25.2 127.1  77.3 312.4  56.8  97.4  13.3  39.7 109.2 122.6  75.8                   482.1 105.2 102.6 134.0 678.2 412.41667.5 302.9 519.4  87.7  66.8 582.7 654.1 404.3                  1375.6 300.0 292.5 382.01935.01176.64758.3 864.21482.0 250.0 190.4 603.11866.31153.4                  1547.4 337.4 329.1 429.72176.71323.65352.7 972.11667.1 281.2 214.2 678.41870.21297.4                   946.2 206.4 201.3 262.81331.0 809.43272.9 594.41019.4 172.0 131.0 414.91143.61283.7                                                                                                                                                                                                                                                                                                                                            
032523039   40.8  17.9 118.7  82.6  15.1  75.1  57.9 132.1                                                        42.2  23.3 154.9 107.7  19.6  98.0  75.6 172.3                                                        15.7  19.8  57.3  39.9   7.3  36.3  28.0  63.8                                                       169.4 184.2 100.5 372.9  84.6 339.2 261.5 596.8                                                       116.1 126.2  68.9 367.4  58.0 232.3 179.1 408.8                                                        12.4  15.7   6.9  45.3  31.6  28.7  22.2  50.4                                                       105.1 114.2  62.4 332.5 231.2  52.5 162.1 369.9                                                        79.7  86.6  47.3 252.1 175.3  39.8 159.5 280.5                                                       189.2 205.7 112.2 598.9 416.4  94.4 378.7 292.0                                                                                                                                                                                                                                                                                                                                                                                                                                                                                                                                                                                                                                                                                                                                                                                                                                                                                                                                                                                                                    
032523049   98.0 334.5 235.5 229.0 261.4 372.5 277.3 811.0                                                        48.2  16.2   9.2  10.3  12.7  18.1  13.5  39.1                                                       317.9  31.3  74.9  72.9  83.2 118.5  88.2 257.9                                                       150.7  11.9  50.5  31.8  39.5  56.2  41.9 122.2                                                       171.4  13.6  57.4  32.4  44.9  63.9  47.6 139.1                                                       218.7  17.3  73.2  41.3  46.2  81.5  60.7 177.4                                                       356.9  35.1 119.4  84.1  81.8  93.4  99.0 289.5                                                       233.5  18.4  78.2  44.1  49.3  61.1  87.0 189.4                                                       806.3  79.1 269.7 189.9 184.7 210.8 300.4 223.6                                                                                                                                                                                                                                                                                                                                                                                                                                                                                                                                                                                                                                                                                                                                                                                                                                                                                                                                                                                                                    
032523057   31.9  80.0  14.5   9.9  61.5  81.7                                                                    33.8 123.9  22.4  15.2  95.3 126.5                                                                   125.7 147.0  83.3  56.4 284.5 377.7                                                                    13.1  19.1  47.8   5.9  36.8  48.8                                                                     7.6  11.0  27.5   5.1  21.2  28.1                                                                    95.5 111.7 281.0  63.3  42.9 287.0                                                                   128.5 150.2 378.1  85.1  57.6 290.8                                                                                                                                                                                                                                                                                                                                                                                                                                                                                                                                                                                                                                                                                                                                                                                                                                                                                                                                                                                                                                                                                                                                                                                                                                            
0325230614  71.8 567.6  44.2 267.3  93.0 135.6 378.9 110.0 310.7 218.5 171.5 139.0 159.7                          47.4 229.8  14.4 108.3  37.7  55.0 153.4  44.6 125.8  88.5  69.5  56.3  64.7                         601.2 368.8 227.11374.4 477.7 696.91948.6 565.51597.91123.4 882.0 714.3 821.2                          25.9  12.8 125.3  59.0  20.6  30.0  83.7  24.4  68.6  48.3  37.9  30.8  35.3                         278.5 170.81352.0 105.2 221.3 322.7 902.3 261.9 740.0 520.2 408.5 330.8 380.3                          82.1  40.4 398.3  24.9 187.6  95.2 265.9  77.2 218.0 153.3 120.4  97.5 112.1                         136.9  84.0 664.7  51.8 312.9 108.8 443.6 128.8 363.8 255.8 200.8 162.7 187.0                         398.4 244.41934.5 150.5 910.6 316.6 461.7 374.71058.7 744.3 584.4 473.3 544.1                          98.8  48.5 479.2  29.9 225.6  78.5 114.5 319.9 262.3 184.5 144.8 117.3 134.9                         325.1 199.51578.8 122.8 743.2 258.4 376.91053.6 305.8 607.5 476.9 386.3 444.1                         226.0 138.71097.3  85.4 516.6 179.6 262.0 732.3 212.6 600.6 331.5 268.5 308.7                         175.6 107.8 852.5  66.4 401.3 139.6 203.5 568.9 165.2 466.6 328.0 208.6 239.8                         140.6  86.3 682.4  53.2 321.3 111.7 162.9 455.4 132.2 373.5 262.6 206.2 192.0                         162.9 100.0 790.8  61.6 372.3 129.5 188.8 527.8 153.2 432.8 304.3 238.9 193.5                                                                                                                                                                                                                                                                                                                                                                                                                                                        
03252307161844.41102.8 794.93095.81009.73606.12639.2 385.8 868.86450.91359.31497.63277.5 305.89999.8            1800.2 311.7 224.7 874.9 285.41019.1 745.9 109.1 245.61822.9 384.2 423.3 926.2  86.52875.5            1051.3 304.5 131.3 511.0 166.7 595.2 435.6  63.8 143.51064.6 224.4 247.3 541.0  50.61679.3             667.4 193.3 115.7 324.4 105.9 377.9 276.6  32.5  91.1 675.9 142.5 157.0 343.5  25.81066.1            3063.8 887.1 530.5 382.4 485.71734.41269.4 185.6 417.93102.6 653.8 720.41576.4 147.14894.1             957.3 277.3 165.8 119.6 465.3 542.0 396.7  58.1 130.7 969.4 204.4 225.2 492.6  46.11529.1            3579.11036.3 619.7 446.71739.4 567.41482.8 216.8 488.23624.4 763.8 841.51841.5 171.95717.1            2602.7 753.6 450.7 324.91264.9 412.61473.4 157.7 355.02635.6 555.4 612.01339.1 125.04157.4             221.1  64.1  38.4  27.7 107.5  35.2 125.2  91.7  30.3 223.9  47.3  52.1 113.8   8.6 353.1             767.2 222.2 132.9  95.8 372.9 121.7 434.3 317.9  40.5 776.9 163.8 180.5 394.8  32.11225.4            6451.71868.01116.9 805.13135.41022.63652.22672.9 390.8 879.91376.71516.83319.4 309.79999.8            1310.3 379.5 226.9 163.6 636.9 207.8 741.8 542.9  79.5 178.81326.9 308.1 674.2  63.02093.0            1450.0 419.9 251.1 181.0 704.7 229.9 820.9 600.8  87.9 197.91468.3 309.5 746.1  69.72316.1            3247.3 940.3 562.2 405.31578.2 514.81838.31345.4 196.7 443.03288.4 693.0 763.5 155.95187.1             162.3  47.1  28.2  20.4  78.9  25.8  91.9  67.3   8.0  22.3 164.3  34.7  38.3  83.6 259.2            9999.82957.01768.01274.44963.31618.85781.44231.2 618.51392.99999.82179.32401.05254.6 490.2                                                                                                                                                                                                                                
03252308161633.72305.7 181.3 434.2 535.3 523.3 523.32296.9 304.33967.04127.7 422.24242.23531.32003.7            1621.91581.8 124.4 297.9 367.3 359.1 359.11575.8 208.82721.52831.7 289.72910.22422.51374.6            2304.71592.6 176.7 423.3 521.8 510.2 510.22239.2 296.73867.24023.9 411.64135.53442.51953.3              95.9  66.3  93.6  17.7  21.8  21.3  21.3  93.2  10.0 160.9 167.4  17.2 172.0 143.2  81.3             363.0 250.9 354.0  22.4  82.3  80.4  80.4 352.7  37.5 609.0 633.7  64.9 651.2 542.1 307.7             505.8 349.6 493.3  38.9  93.0 112.1 112.1 491.5  65.2 848.7 883.1  90.4 907.6 755.5 428.7             445.4 307.8 434.3  27.4  81.9 100.9  98.7 432.7  46.0 747.2 777.5  79.6 799.0 665.2 377.5             459.8 317.8 448.5  30.1  84.5 104.2 101.9 446.8  50.5 771.5 802.8  82.2 825.0 686.8 389.8            2295.81586.52239.0 176.1 421.6 519.8 508.2 508.2 295.53852.34008.4 410.04119.53429.21945.8             186.9 129.2 182.2  11.6  34.4  42.4  41.5  41.5 181.5 313.5 326.1  33.5 335.2 279.0 158.4            3992.82759.13894.0 306.1 733.2 904.0 883.8 883.83879.2 513.96971.3 712.97164.65963.93384.1            4156.12871.94053.2 318.6 763.2 940.9 919.9 919.94037.9 534.96973.8 742.17457.66207.83522.4             351.9 243.2 343.2  21.7  64.7  79.8  78.0  78.0 341.9  36.4 590.4 614.3 631.4 525.6 298.3            4272.42952.34166.7 327.5 784.5 967.3 945.7 945.74150.9 549.97169.17459.4 762.96381.63621.0            3550.12453.13462.2 272.2 651.9 803.8 785.8 785.83449.1 456.95956.96198.2 633.96370.13008.8            1997.91380.61948.5 153.2 366.9 452.4 442.3 442.31941.1 257.23352.43488.2 356.83585.02984.2                                                                                                                                                                                                                                
0325230910 313.7 164.3 121.6 246.7 450.5 126.4 571.4 128.6 276.6                                                 306.3  94.9  70.3 142.5 260.1  73.0 330.0  74.3 159.8                                                 133.2  78.8  24.5  62.0 113.2  25.5 143.5  25.9  69.5                                                  73.3  43.4  22.3  34.2  62.3  14.1  79.0  14.3  38.3                                                 216.1 127.9  78.1  40.5 183.6  42.1 232.8  42.8 112.7                                                 447.7 264.8 138.7 102.7 208.3 106.7 482.4 108.5 233.5                                                  76.9  45.5  23.4  14.2  35.8  65.3  82.8  15.0  40.2                                                 572.8 338.8 177.4 131.3 266.4 486.5 136.5 138.8 298.7                                                  78.5  46.5  23.9  14.5  36.6  66.7  15.1  84.6  41.0                                                 267.9 158.5  83.0  61.5 124.6 227.6  63.9 288.6  65.0                                                                                                                                                                                                                                                                                                                                                                                                                                                                                                                                                                                                                                                                                                                                                                                                                                                                                                        
0325231015  41.0  26.2  30.0  81.1  10.2  38.0  46.2  27.0  13.2 117.6 198.6   7.7  32.3 114.3                    84.9 519.0 595.01614.6 204.1 756.2 919.3 536.1 260.52342.83959.4 187.7 641.42278.0                    53.2 510.8 372.71011.2 127.9 473.6 575.8 335.8 163.21467.22479.7 117.6 401.71426.6                    61.4 588.9 374.81165.8 147.4 546.0 663.8 387.1 188.11691.52858.8 135.6 463.11644.7                   170.31636.71041.41193.9 409.41517.41844.81075.7 522.64701.67946.1 376.51287.14571.6                    13.8 164.3 104.6 119.9 325.3 152.4 185.2 108.1  52.6 471.9 797.4  30.4 129.3 458.8                    78.6 754.5 480.1 550.41493.7 188.8 850.5 495.9 241.02167.33662.9 173.6 593.42107.4                    96.0 922.2 586.8 672.71825.6 230.7 855.0 606.1 294.52648.94476.8 212.2 725.22575.7                    55.1 528.4 336.2 385.51046.0 132.2 489.9 595.6 168.81517.72564.9 121.6 415.51475.7                    18.5 220.8 140.6 161.1 437.1  54.2 204.7 248.9 145.2 634.11071.7  40.7 173.7 616.6                   248.12384.91517.51739.74721.7 596.62211.12688.21567.5 761.49999.8 548.61875.56661.6                   420.94046.12574.62951.68010.81012.03751.34560.72659.31291.89999.8 930.73181.89999.8                     9.9 117.8  75.0  86.0 233.1  29.0 109.2 132.8  77.5  37.7 338.2 571.5  92.7 328.8                    66.3 636.6 405.1 464.41260.2 159.3 590.2 717.5 418.4 203.31828.53090.3 146.51777.9                   241.22318.31475.21691.24589.9 579.92149.42613.11523.7 740.26659.89999.8 533.31823.1                                                                                                                                                                                                                                                                                                                                            
03252311162288.42742.45985.91105.12887.46910.35078.42746.21462.5 687.31002.83081.59999.81017.92224.0            2190.8 300.2 655.1 121.0 316.1 756.3 555.8 300.6 160.2  75.3 109.9 337.31467.4 111.5 243.5            2647.2 302.7 791.6 146.2 381.9 913.8 671.6 363.2 193.5  91.0 132.7 407.61773.1 134.7 294.2            5908.6 675.5 809.5 326.2 852.32039.61498.9 810.6 431.7 203.0 296.1 909.53957.5 300.5 656.5             899.9 103.0 123.4 269.2 129.9 310.7 228.4 123.6  65.9  24.8  36.2 138.6 602.8  45.9 100.1            2793.1 319.4 382.7 835.2 154.3 964.2 708.6 383.2 204.1  96.0 140.0 430.01870.8 142.1 310.4            6838.1 781.7 936.82044.7 377.5 986.31734.7 938.1 499.6 234.9 342.61052.64580.0 347.8 759.7            4996.1 571.2 684.51493.9 275.9 720.71724.6 685.4 365.1 171.6 250.4 769.13346.3 254.1 555.1            2651.1 303.1 363.3 792.8 146.5 382.5 915.2 672.6 193.8  91.1 132.9 408.21775.7 134.9 294.6            1226.6 140.3 168.1 366.8  67.8 177.0 423.5 311.2 168.4  33.8  49.3 188.9 821.6  62.5 136.4             392.4  45.0  53.9 117.4  21.8  56.7 135.5  99.6  53.9  28.8  15.9  60.5 262.9  20.1  43.7             623.1  71.4  85.5 186.4  34.5  90.0 215.2 158.2  85.6  45.6  17.2  96.0 417.4  31.8  69.3            2988.2 341.7 409.4 893.6 165.1 431.11031.5 758.1 410.0 218.4 102.7 149.82001.5 152.0 332.1            9999.81528.61831.83998.4 738.21928.74615.83392.21834.4 976.9 459.2 669.92058.3 680.01485.6             820.2  93.9 112.5 245.3  45.4 118.4 283.2 208.2 112.6  60.0  22.7  33.0 126.4 549.4  91.2            2126.0 243.1 291.3 635.8 117.5 306.7 733.9 539.4 291.7 155.4  73.1 106.6 327.31424.0 108.2                                                                                                                                                                                                                                
0325231215 257.9 194.7  63.8  78.6 372.3 589.5 941.3 413.4 224.1 174.9 441.3 541.2  74.7  38.9                   269.9 498.2 163.2 201.1 952.71509.02409.51058.2 573.5 447.61129.51385.1 191.0  99.3                   201.7 493.2 122.0 150.3 712.01127.71800.6 790.8 428.6 334.5 844.11035.2 142.8  74.3                    41.8 102.1  77.1  31.2 147.3 233.3 372.4 163.6  88.7  69.3 174.6 214.1  23.7  12.4                    68.8 168.1 126.9  33.3 242.7 384.3 613.6 269.5 146.1 114.1 287.7 352.8  39.0  20.3                   393.2 961.7 726.0 237.7 292.92199.03511.31542.1 835.8 652.21645.92018.6 278.3 144.7                   627.61535.01158.7 379.4 467.52216.15604.92461.41334.01041.02627.23222.0 444.1 230.9                  1007.02463.21859.3 608.7 750.23556.15632.53949.82140.61670.44215.85170.3 712.5 370.5                   437.71070.4 808.0 264.6 326.01545.32447.63908.3 930.2 725.91832.02246.7 309.7 161.1                   233.5 570.9 430.9 141.2 173.9 824.11305.32084.2 915.3 387.2 977.01198.2 165.2  86.0                   180.4 441.1 333.0 109.1 134.4 636.71008.41610.2 707.2 383.3 754.8 925.7 127.7  66.4                   467.71143.9 863.5 282.7 348.41651.32615.54176.51834.1 994.1 775.72400.9 330.9 172.1                   575.41407.41062.4 347.9 428.72031.83218.25138.82256.81223.1 954.42408.8 407.2 211.7                    50.3 122.9  92.8  24.4  37.5 177.4 280.9 448.5 197.0 106.8  83.4 210.3 257.9  14.9                    22.3  54.2  41.0  10.8  16.6  78.3 123.9 197.7  86.9  47.2  36.8  92.7 113.7  12.7                                                                                                                                                                                                                                                                                                                                            
102523015   38.9   4.0  16.7  34.9                                                                                67.5  31.4 112.9 226.9                                                                                 2.5  11.3   4.9  10.2                                                                                19.5  90.8   9.1  81.5                                                                                60.2 225.7  28.0 100.8                                                                                                                                                                                                                                                                                                                                                                                                                                                                                                                                                                                                                                                                                                                                                                                                                                                                                                                                                                                                                                                                                                                                                                                                                                                                                                                                                                                                                                                                    
1025230216 245.4 151.1 101.7 162.8 110.8 453.9  80.7 300.4 319.9  22.0  90.9 108.9 362.5 261.7  56.9             290.6 634.3 426.8 683.4 465.01906.2 338.51261.41343.4 114.9 381.4 457.11522.41099.0 238.5             176.2 624.6 258.8 414.2 281.91155.4 205.2 764.5 814.2  69.7 231.2 277.1 922.7 666.1 144.6             116.3 412.1 253.7 273.3 186.0 762.2 135.4 504.4 537.2  46.0 152.5 182.8 608.7 439.5  95.4             190.3 674.8 415.4 279.6 304.51248.4 221.7 826.1 879.8  75.3 249.8 299.4 997.0 719.7 156.2             127.3 451.1 277.7 186.9 299.2 834.4 148.2 552.2 588.1  50.4 167.0 200.2 666.4 481.1 104.5             543.51927.71186.5 798.41278.3 869.8 633.12359.82513.1 214.9 713.3 855.12848.02055.9 446.0              81.9 290.0 178.6 120.2 192.4 130.9 536.4 355.0 378.1  26.0 107.4 128.7 428.4 309.3  67.2             357.31267.1 779.9 524.8 840.2 571.72344.0 416.21651.8 141.3 468.9 562.11871.91351.3 293.2             380.91351.0 831.6 559.6 895.9 609.62499.3 443.81653.8 150.6 500.0 599.31996.01440.9 312.6              17.1  60.4  37.2  25.1  40.1  27.3 111.6  19.9  73.9  78.7  22.4  26.9  89.2  64.4  14.1             103.1 365.4 225.0 151.4 242.4 164.9 676.0 120.1 447.3 476.4  40.8 162.2 539.9 389.7  84.6             125.0 443.1 272.8 183.6 293.9 200.0 819.6 145.6 542.4 577.6  49.5 164.0 654.6 472.6 102.6             432.61534.4 944.5 635.61017.5 692.32838.6 504.01878.32000.4 171.1 567.8 680.71636.5 355.0             310.41100.7 677.5 455.9 729.9 496.62036.2 361.61347.41434.9 122.7 407.3 488.31626.1 254.7              55.6 196.9 121.2  81.6 130.6  88.9 364.1  64.7 241.0 256.6  17.7  72.9  87.4 290.8 210.0                                                                                                                                                                                                                                
1025230318 164.0 692.1  54.5 895.4 520.7 999.9 767.9 152.9 150.8 370.9 773.7  86.7 741.1 291.9 495.8 592.7 529.3 160.6 485.6  38.3 628.2 365.4 701.6 538.8 107.3 105.8 260.3 542.9  60.9 520.0 204.8 347.9 415.9 371.4 716.5 513.5 170.42804.11630.63131.72405.0 478.6 472.11161.52423.1 271.32320.9 914.01552.61856.11657.6  29.7  21.3  89.5 115.8  67.4 129.3  99.3  19.9  19.6  48.0 100.1   9.1  95.9  37.8  64.2  76.7  68.5 930.5 666.82814.9 221.22117.64067.13123.3 621.5 613.01508.43146.9 352.23014.21187.02016.42410.52152.7 536.1 384.21621.5 127.52097.82342.91799.2 358.1 353.2 869.01812.8 203.01736.3 683.81161.61388.61240.11040.6 745.73147.9 247.44072.62368.13492.9 695.1 685.61686.93519.3 393.93370.81327.42255.02695.72407.4 796.3 570.72408.9 189.33116.61812.23480.6 531.9 524.61290.92693.1 301.52579.51015.81725.62062.91842.3 134.3  96.3 406.0  25.6 525.2 305.4 586.5 450.4  88.5 217.6 453.8  40.8 434.7 171.3 290.8 347.7 310.5 132.3  94.8 399.9  25.3 517.3 300.9 577.8 443.7  88.4 214.4 447.1  40.1 428.2 168.7 286.5 342.5 305.9 378.4 271.21144.6  90.01480.8 861.11653.81270.0 252.8 249.31279.6 143.31225.6 482.7 819.9 980.2 875.4 802.4 575.02427.4 190.83140.51826.13507.32693.4 536.0 528.71300.8 303.82599.31023.61738.92078.71856.4  54.4  39.0 164.2  10.4 212.3 123.5 237.1 182.1  36.3  35.9  88.0 183.5 175.8  69.3 117.6 140.6 125.6 768.1 550.42323.5 182.63006.01748.03357.22578.1 513.1 506.01245.12597.6 290.8 979.81664.41989.71776.9 295.2 211.6 892.9  70.31155.2 671.71290.1 990.7 197.2 194.5 478.5 998.2 111.8 956.1 639.7 764.7 682.9 509.9 365.41542.3 121.31995.31160.32228.41711.3 340.6 335.9 826.51724.2 193.11651.5 650.41320.81179.5 611.9 438.51850.9 145.52394.61392.42674.32053.7 408.7 403.1 991.92069.2 231.71981.9 780.51325.91415.5 545.1 390.71649.0 129.62133.41240.52382.61829.7 364.2 359.2 883.71843.5 206.41765.8 695.41181.31412.1        
1025230414 466.9 553.1 605.4 774.4 247.1 834.6 260.7 141.2 160.1 199.8 651.2 270.7 146.3                         464.7 483.1 528.8 676.4 215.9 729.0 227.7 123.4 139.9 174.6 568.8 236.5 127.8                         553.8 486.1 630.3 806.2 257.3 869.0 271.4 147.1 166.7 208.1 678.0 281.8 152.3                         607.9 533.6 632.1 885.0 282.4 953.9 297.9 161.4 183.0 228.4 744.2 309.4 167.2                         782.7 686.9 813.8 890.8 363.61228.0 383.5 207.8 235.5 294.0 958.2 398.2 215.2                         214.1 188.0 222.6 243.7 311.7 335.9 105.0  45.6  51.6  80.5 262.1 109.0  47.2                         845.0 741.6 878.6 961.71230.1 392.5 414.0 224.3 254.3 317.41034.5 430.0 232.4                         251.4 220.6 261.4 286.1 365.9 116.8 394.3  66.8  75.7  94.5 307.7 127.9  69.2                          88.1  77.3  91.6 100.2 128.1  41.0 138.1  43.2  21.3  33.2 107.8  44.9  19.5                         102.2  89.7 106.3 116.3 148.8  47.6 160.3  50.2  21.8  38.5 125.1  52.1  22.6                         169.7 148.9 176.4 193.1 247.0  78.9 266.2  83.2  36.1  40.9 207.7  86.4  37.4                         655.3 575.2 681.4 745.8 954.0 304.41028.2 321.1 174.0 197.2 246.2 333.5 180.2                         261.8 229.7 272.2 297.9 381.0 121.6 410.6 128.3  69.6  78.8  98.4 320.4  72.0                          91.9  80.6  95.5 104.5 133.7  42.7 144.1  45.1  19.6  22.2  34.6 112.4  46.8                                                                                                                                                                                                                                                                                                                                                                                                                                                        
102523058   16.4   7.6  18.0  18.8  42.6  21.3  54.7                                                              19.6  20.0  47.7  49.9 113.5  56.6 145.8                                                               7.6  16.8  18.4  19.3  43.7  21.9  56.2                                                              21.6  48.2  22.1  55.2 125.5  62.6 161.4                                                              22.8  50.7  23.2  55.5 132.1  65.9 169.8                                                              75.8 135.5  77.3 148.2 155.2 176.1 454.1                                                              26.2  58.3  26.7  63.8  66.8 151.9 195.3                                                              98.4 175.8 100.3 192.3 201.3 458.4 228.5                                                                                                                                                                                                                                                                                                                                                                                                                                                                                                                                                                                                                                                                                                                                                                                                                                                                                                                                                                                                                                                                                                                                
1025230616 231.0  33.9 227.2 126.4 213.5 126.8  92.1 118.5 242.9  34.8  73.3 242.4  17.4 233.8  42.5             345.2 339.82190.41217.82058.31222.4 886.71141.62342.2 334.9 705.52336.7 208.62254.3 408.8              34.5 264.5 260.2 144.7 244.5 145.2 105.4 135.7 278.2  39.9  83.9 277.5  19.9 267.8  48.7             339.42189.8 334.11197.22023.61201.8 871.81122.42302.7 329.2 693.62297.3 205.12216.3 402.0             186.21201.0 183.31181.11109.9 659.1 478.2 615.61262.9 180.6 380.41260.0 112.51215.6 220.5             318.62055.5 313.62021.41123.81128.1 818.31053.62161.5 309.0 651.12156.4 192.52080.4 377.3             186.91205.7 184.01185.7 659.21114.2 480.0 618.01267.8 181.3 381.91264.9 113.01220.3 221.4             134.0 864.5 132.0 850.1 472.7 798.9 474.5 443.1 909.0 130.0 273.9 906.9  81.0 874.9 158.8             174.21123.6 171.51105.0 614.31038.3 616.7 447.41181.5 169.0 355.91178.7 105.31137.2 206.3             363.32344.1 357.62305.21281.62166.21286.4 933.21201.5 352.4 742.52459.2 219.52372.5 430.3              35.6 272.5  40.0 268.0 149.0 251.8 149.6 108.6 139.7 286.6  86.4 285.9  20.5 275.8  50.1             105.5 680.2 103.9 668.9 371.9 628.6 373.3 270.9 348.7 715.3 102.3 713.6  63.8 688.5 124.9             362.42338.5 356.82299.71278.52161.01283.4 931.01198.62459.1 351.6 740.7 219.02366.8 429.2              15.4 117.3  17.3 115.3  64.2 108.4  64.4  46.8  60.2 123.3  17.7  37.2 123.0 118.7  21.6             349.42254.8 344.02217.41232.82083.71237.4 897.71155.72371.1 339.0 714.22365.5 211.1 413.9              44.5 340.9  50.0 335.2 186.4 315.0 187.1 135.8 174.8 358.5  51.3 108.1 357.6  25.7 345.0                                                                                                                                                                                                                                
1025230716 386.8 391.2  78.5 151.2  76.5 986.9 271.5 386.9  77.2  43.5 482.4 375.4 318.6 304.1 438.8             406.31316.9 263.9 508.6 257.33322.7 913.91302.3 259.5 146.01624.01263.71072.41023.71477.2             411.01317.2 267.0 514.6 260.33361.7 924.61317.6 262.5 147.71643.11278.51085.01035.71494.5              57.0 182.5 184.6  71.4  35.5 465.7 128.2 182.6  29.2  16.5 227.7 177.2 150.4 143.5 207.1             153.4 491.4 497.0  99.7  97.21253.9 344.9 491.5  98.0  55.2 612.9 476.9 404.7 386.4 557.5              64.3 205.9 208.3  36.0  80.5 525.3 144.6 206.0  32.9  18.6 256.8 199.9 169.6 161.9 233.6            1050.43366.73405.4 682.41315.1 665.22363.33367.8 670.8 377.44199.73267.82773.22647.23819.9             282.6 905.5 915.9 183.6 353.8 179.02310.9 905.8 180.5 101.61129.5 878.9 745.9 712.01027.4             406.41302.41317.3 264.0 508.8 257.43323.8 914.2 259.6 146.11624.61264.11072.81024.01477.6              51.4 164.5 166.4  28.8  64.3  32.0 419.7 115.5 164.6  14.9 205.2 159.7 135.5 129.4 186.6              25.1  80.2  81.1  14.1  31.4  15.6 204.5  56.3  80.2  12.9 100.0  77.9  66.1  63.1  91.0             508.91631.11649.8 330.6 637.2 322.34162.81145.01631.6 325.0 182.91583.11343.51282.51850.6             394.11262.81277.3 256.0 493.4 249.63223.0 886.51263.2 251.7 141.61575.31040.2 993.01432.8             333.11067.41079.7 216.4 417.0 211.02724.2 749.31067.7 212.8 119.71331.51036.0 839.31211.1             317.61017.71029.3 206.3 397.6 201.22597.2 714.41018.0 202.8 114.21269.4 987.8 838.31154.6             462.11481.01498.0 300.2 578.6 292.73779.71039.61481.5 295.1 166.11847.41437.51219.91164.5                                                                                                                                                                                                                                
102523089   18.9  49.9  12.5  55.7  10.6  58.0  56.5  32.5                                                        20.9  92.7  23.1 103.5  19.5 107.8 105.1  60.3                                                        83.5 124.3  92.2 331.8  77.9 345.4 336.7 193.2                                                        12.8  21.3  56.5  63.1  11.9  65.7  64.0  36.8                                                        93.7 139.5 333.4 103.5  87.4 387.8 378.1 217.0                                                        10.4  17.2  45.6  11.4  50.9  53.0  51.7  29.7                                                        97.7 145.5 347.7 107.9 388.5  91.2 394.2 226.2                                                        95.2 141.7 338.6 105.1 378.3  88.8 393.8 220.3                                                        53.0  78.9 188.4  58.5 210.6  49.5 219.2 213.7                                                                                                                                                                                                                                                                                                                                                                                                                                                                                                                                                                                                                                                                                                                                                                                                                                                                                                                                                                                                                    
102523098   11.3  11.5  64.1  16.4  38.0  62.2  29.2                                                              11.3  11.6  64.9  16.6  38.4  62.9  29.6                                                              11.6  11.7  66.2  16.9  39.2  64.2  30.2                                                             108.6 109.6 111.4 159.7 297.2 486.9 228.5                                                              17.8  18.0  18.3 102.5  60.7  99.4  46.7                                                              62.8  63.3  64.4 289.9  92.2 281.1 132.0                                                             105.2 106.1 107.9 486.3 154.6 287.7 221.3                                                              34.2  34.5  35.1 197.4  50.3 116.8 191.3                                                                                                                                                                                                                                                                                                                                                                                                                                                                                                                                                                                                                                                                                                                                                                                                                                                                                                                                                                                                                                                                                                                                
1025231011 879.9 184.9 585.5 399.9 242.1 656.2 241.7 364.1  73.8 620.1                                           883.7 218.9 693.1 473.4 286.6 776.8 286.2 431.0  87.3 734.0                                           116.8 137.7  91.7  62.6  38.0 102.7  37.9  57.1   9.4  97.1                                           580.9 684.6 143.9 311.2 188.4 510.6 188.1 283.4  57.5 482.5                                           389.9 459.5  96.6 305.8 126.5 342.8 126.3 190.2  38.6 323.9                                           204.9 241.5  40.7 160.7 109.8 180.1  66.4 100.0  16.3 170.2                                           653.6 770.4 161.9 512.7 350.1 212.0 211.7 318.8  64.6 542.9                                           204.6 241.1  40.6 160.5 109.6  66.4 179.8  99.8  16.3 169.9                                           353.1 416.2  87.5 277.0 189.2 114.6 310.4 114.4  35.0 293.3                                            33.7  39.7   6.8  26.5  18.1  11.0  29.7  11.0  16.5  28.0                                           616.4 726.5 152.7 483.5 330.2 199.9 541.9 199.6 300.7  61.0                                                                                                                                                                                                                                                                                                                                                                                                                                                                                                                                                                                                                                                                                                                                                                                            
1025231111 694.0 269.9 126.2 201.5  86.0 678.9 311.9 807.8 252.3 533.4                                           695.7 292.4 136.7 218.3  93.2 735.5 338.0 875.2 273.3 577.9                                           235.5 254.6  37.9  74.0  25.8 249.0 114.5 296.3  92.6 195.7                                            74.7  80.7  31.5  23.5   8.1  79.0  36.4  93.9  29.4  62.1                                           168.9 182.6  71.1  26.7  18.2 178.6  82.1 212.5  66.4 140.3                                            44.5  48.1  18.8   7.1  14.1  47.1  21.7  56.0  17.6  37.0                                           680.0 735.1 285.8 133.7 213.4  91.1 330.4 855.6 267.2 564.9                                           301.7 326.1 126.8  59.4  94.7  40.5 318.9 379.5 118.6 250.6                                           813.0 878.8 341.7 159.8 255.1 108.9 859.6 394.9 319.4 675.4                                           216.5 234.0  91.0  34.1  68.0  23.3 228.9 105.2 272.3 179.9                                           530.0 572.9 222.8 104.2 166.4  71.0 560.4 257.5 666.8 208.2                                                                                                                                                                                                                                                                                                                                                                                                                                                                                                                                                                                                                                                                                                                                                                                            
1025231210 248.5 111.5 169.9 514.9 264.7 122.7 710.9 402.7 168.3                                                 238.1  47.4  72.2 218.7 112.5  52.2 301.9 171.1  71.6                                                  65.1  28.9  15.9  59.8  30.8  11.5  82.6  46.8  15.7                                                 109.0  48.4  17.4 100.1  51.5  19.2 138.2  78.3  26.3                                                 513.3 227.6 102.1 155.6 242.5 112.4 651.0 368.8 154.2                                                 254.9 113.0  50.8  77.3 234.1  55.9 323.2 183.1  76.6                                                  73.6  32.7  11.8  17.9  67.6  34.8  93.3  52.9  17.8                                                 715.9 317.3 142.4 216.9 657.6 338.1 156.7 514.3 215.0                                                 397.4 176.2  79.1 120.5 365.0 187.7  87.1 504.0 119.4                                                 107.9  47.9  17.3  26.2  99.1  51.0  19.0 136.8  77.5                                                                                                                                                                                                                                                                                                                                                                                                                                                                                                                                                                                                                                                                                                                                                                                                                                                                                                        
