0625250116 427.0  54.3 220.5  80.2  24.7  56.2 139.7 113.5  42.0 381.5 231.2   7.3  25.0  68.2 285.1             748.43014.99999.84459.61366.83121.27771.96316.42334.29999.89999.8 497.71385.23792.99999.8              91.72910.01502.1 545.9 167.4 382.1 951.3 773.2 285.82600.01575.4  61.0 169.7 464.31943.1             384.69999.81548.92291.1 702.21603.53992.73245.01199.29999.86612.3 255.7 711.71948.68156.0             137.44362.0 553.22251.6 250.9 572.71425.91158.9 428.33897.42361.4  91.4 254.2 696.02912.7              28.61128.7 143.2 582.7 211.8 148.3 369.0 299.9 110.91008.5 611.1  19.0  65.9 180.2 753.7              95.13016.8 382.71557.3 566.0 173.5 986.2 801.6 296.32695.51633.2  63.3 175.9 481.42014.5             242.27691.0 975.33970.01442.7 442.21009.72043.3 755.26871.74163.6 161.1 448.21227.05135.6             196.16228.2 789.93214.91168.3 358.1 817.72035.9 611.65564.73371.7 130.5 363.0 993.64158.8              70.22225.9 282.41149.0 417.6 128.1 292.3 727.7 591.41988.81205.0  46.7 129.8 355.21486.3             668.39999.82692.19999.83982.11220.42787.06939.85640.22084.39999.8 444.41236.93386.89999.8             403.59999.81625.26615.42403.9 736.81682.54189.33404.81258.39999.8 268.3 746.72044.58557.6               6.3 243.7  31.0 125.9  45.8  14.1  32.1  79.7  64.8  24.0 217.7 132.0  14.3  39.0 162.8              29.01145.5 145.4 591.3 215.0  66.0 150.5 374.5 304.4 112.61023.5 620.2  19.3 182.9 764.9             116.33691.9 468.31905.7 692.6 212.3 484.81206.9 980.9 362.63298.71998.7  77.4 215.22465.3             498.59999.82008.18174.22970.4 910.42078.95176.54207.11554.89999.88572.8 331.5 922.62526.3                                                                                                                                                                                                                                
0625250216 612.7 355.8 416.7 105.6 227.7  54.3 396.4  82.1 219.6 146.2 122.0  39.1 216.1  21.8 129.3             742.84486.65255.91330.12871.0 683.14999.11033.82768.91842.21537.5 613.92725.1 341.61629.5             428.64457.93032.1 767.41656.3 394.12883.9 596.51597.41062.8 887.0 354.21572.1 197.1 940.1             503.15233.93038.9 900.91944.6 462.73386.0 700.31875.41247.81041.4 415.81845.8 231.41103.7             122.51273.3 739.3 866.1 473.1 112.7 823.8 170.5 456.3 303.6 253.4 101.3 449.1  56.4 268.6             271.92827.91641.91923.4 486.8 250.11829.4 378.41013.3 674.2 562.7 224.7 997.3 125.1 596.4              53.7 557.9 324.0 379.5  96.1 207.4 361.0  74.8 200.0 133.1 111.1  35.6 196.8  19.9 117.7             478.24974.82888.53383.7 856.31848.3 439.8 665.61782.61186.0 989.9 395.21754.4 220.01049.1              93.8 974.4 565.8 662.8 167.8 362.1  86.2 630.4 349.2 232.4 194.0  77.5 343.7  43.2 205.6             262.02724.91582.11853.4 469.11012.4 241.01762.8 364.6 649.7 542.2 216.5 961.0 120.5 574.7             172.21789.91039.31217.5 308.2 665.1 158.31158.0 239.6 641.4 356.2 142.3 631.3  79.2 377.5             142.61482.6 860.81008.4 255.3 550.9 131.2 959.2 198.4 531.3 353.5 117.9 522.9  65.6 312.7              36.8 381.8 221.8 259.7  65.8 141.9  33.9 247.1  51.2 136.9  91.1  76.1 134.7  13.6  80.6             257.82680.71556.51823.3 461.5 996.0 237.11734.2 358.7 960.6 639.1 533.4 213.0 118.6 565.3              17.6 182.1 105.8 123.9  31.5  67.7  16.2 117.8  24.5  65.3  43.5  36.3  11.7  64.3  38.5             151.51575.3 914.71071.5 271.2 585.4 139.41019.2 210.9 564.5 375.6 313.5 125.2 555.6  69.7                                                                                                                                                                                                                                
0625250316 262.51005.61458.71644.1 868.3 847.5 426.21625.11162.9 257.32362.02081.4 903.64287.12180.5             148.0  44.0  63.8  71.9  38.0  37.1  18.7  71.1  50.9   9.1 103.3  91.0  39.6 187.3  95.3             973.6  75.6 419.4 472.7 249.7 243.7 122.6 467.3 334.4  74.1 679.1 598.5 259.91232.5 626.9            1432.7 111.1 425.5 695.6 367.4 358.6 180.4 687.6 492.0 108.9 999.3 880.6 382.41813.8 922.5            1620.7 125.7 481.3 698.1 415.6 405.7 204.0 777.8 556.6 123.21130.4 996.2 432.52051.71043.6             834.5  64.8 247.9 359.5 405.2 208.9 105.1 400.5 286.6  63.5 582.1 512.9 222.81056.4 537.4             813.4  63.1 241.6 350.4 395.0 208.6 102.5 390.4 279.4  61.9 567.4 500.0 217.11029.7 523.8             347.1  21.6 103.2 149.6 168.6  89.1  87.0 166.6 119.3  21.2 242.1 213.4  92.7 439.4 223.5            1601.4 124.2 475.6 689.8 777.5 410.7 400.8 201.6 550.0 121.81117.0 984.3 427.42027.31031.1            1133.0  87.9 336.5 488.1 550.1 290.6 283.6 142.7 543.7  86.2 790.3 696.4 302.41434.3 729.5             144.2   9.1  42.9  62.2  70.1  37.1  36.2  18.3  69.3  49.6 100.6  88.7  38.6 182.5  92.9            2348.2 182.1 697.31011.51140.1 602.2 587.7 295.51126.9 806.4 178.51443.3 626.62972.71512.0            2063.9 160.0 612.9 889.01002.0 529.2 516.6 259.8 990.4 708.8 156.91439.5 550.82612.81328.9             870.3  67.6 258.5 374.9 422.6 223.2 217.9 109.6 417.7 298.9  66.2 607.0 534.91101.7 560.4            4299.2 333.21276.61851.82087.31102.41075.9 541.02063.11476.3 326.72998.62642.41147.22768.2            2164.3 167.8 642.7 932.21050.8 555.0 541.7 272.41038.6 743.2 164.51509.61330.2 577.62739.9                                                                                                                                                                                                                                
0625250416 491.6  15.2  73.9 112.9 210.4 112.4  27.2 171.9 438.4 244.2 135.8 334.8 146.6  37.2 352.4             684.1 334.01309.01999.03728.31991.7 599.03045.37771.74327.62405.85934.92597.3 670.46246.3              12.3 172.1  26.0  39.6  73.7  39.4   9.6  60.2 153.5  85.6  47.6 117.3  51.4  13.1 123.4              98.01247.1  47.9 286.1 533.6 285.1  85.8 435.91112.1 619.3 344.4 849.3 371.7  96.0 893.9             152.61942.9  74.6 291.9 831.2 444.1 133.6 679.01732.6 964.8 536.41323.1 579.1 149.61392.6             289.53686.6 141.4 553.8 845.7 842.6 253.51288.33287.61830.71017.82510.61098.8 283.72642.4             152.01935.5  74.3 290.8 444.0 828.1 133.1 676.41726.1 961.2 534.41318.1 576.9 149.01387.3              26.0 366.5  11.4  55.2  84.2 156.9  83.9 128.1 326.8 182.0 101.3 249.6 109.3  27.8 262.7             235.42997.9 115.0 450.4 687.71282.6 685.2 206.12673.51488.7 827.72041.6 893.5 230.72148.8             609.47763.8 297.61166.21780.93321.41774.4 533.62713.03855.42143.35287.32313.8 597.25564.7             336.94290.9 164.5 644.6 984.31835.7 980.7 295.01499.53826.61184.62922.21278.9 330.13075.5             184.82353.1  90.3 353.5 539.81006.7 537.9 161.8 822.32098.41168.51602.5 701.3 181.11686.6             464.15911.7 226.6 888.01356.02529.11351.1 406.42065.85271.92935.61632.01761.9 454.84237.2             199.92546.1  97.7 382.5 584.11089.3 582.0 175.1 889.82270.61264.4 702.91734.0 196.01824.9              37.5 529.4  16.4  79.6 121.5 226.6 121.1  29.2 185.1 472.1 263.0 146.2 360.6 157.9 379.5             488.76225.7 238.7 935.11428.12663.41422.9 427.92175.55551.93091.61718.74239.81855.4 479.0                                                                                                                                                                                                                                
0625250518  31.1  35.0  31.2 184.9 587.6 517.2 507.1 116.4 259.3 329.9 182.2 105.7  46.8 150.2 464.6  21.0 118.9  31.6  39.8  35.6 210.5 669.1 588.9 577.4 132.6 295.2 375.6 207.4 120.3  53.2 171.0 529.0  23.9 135.4  36.2  40.5  40.7 240.9 765.9 674.1 660.9 151.7 337.9 429.9 237.4 137.7  60.9 195.7 605.5  27.3 155.0  31.8  35.6  40.1 211.9 673.6 592.9 581.3 133.4 297.2 378.1 208.8 121.1  53.6 172.1 532.6  24.0 136.3 290.9 283.0 293.2 284.64942.94350.84265.6 978.62180.42774.41531.9 887.9 392.41262.53908.1 219.4 999.7 937.4 911.9 944.8 917.35010.49999.89999.83154.37028.68943.64938.22862.01264.74069.69999.8 707.03222.4 824.5 802.0 831.0 806.84406.59999.89999.82774.16181.57865.74343.02517.11112.33579.19999.8 621.82834.0 808.2 786.2 814.6 790.84319.69999.89999.82719.46059.57710.54257.32467.41090.33508.59999.8 609.52778.1 181.0 176.1 182.5 177.2 967.13075.42707.02654.01356.61726.2 953.2 552.5 244.2 785.52431.5 136.6 622.0 410.3 399.2 413.6 401.52192.86973.66138.36018.01380.53914.22161.21252.6 553.61781.15513.6 309.51410.4 523.7 509.4 527.8 512.42798.78900.47834.37680.81762.03926.02758.41598.7 706.52273.27037.0 395.01800.0 286.6 278.8 288.9 280.51531.54870.34286.94202.9 964.22148.32733.7 874.9 386.61244.03850.6 216.2 985.0 163.7 159.3 165.0 160.2 874.62781.32448.12400.2 550.71226.91561.1 862.0 220.9 710.42199.0 123.5 562.6  49.9  55.9  62.9  56.2 332.91058.4 931.7 913.4 209.6 466.9 594.1 328.1 190.2 270.4 836.9  37.7 214.2 235.2 228.8 237.1 230.21256.73996.43517.73448.8 791.21762.92243.11238.6 717.9 317.33159.7 177.4 808.3 740.0 719.9 745.8 724.13954.99999.89999.89999.82489.85548.07059.63897.92259.1 998.33212.3 558.12543.6  19.9  22.2  25.0  22.3 131.8 419.0 368.8 361.6  83.1 184.9 235.2 130.0  75.4  33.4 107.1 331.3  84.8 185.1 180.0 186.5 181.1 988.73143.92767.32713.1 622.51386.81764.7 974.4 564.8 249.6 803.02485.7 139.6        
0625250616 516.32243.7 222.81015.31628.61036.2  97.13071.6 646.8 323.7 315.8 215.6 561.81134.11328.0             505.91242.9 123.5 562.5 902.2 574.0  53.91701.6 358.3 179.4 175.0 119.5 311.3 628.3 735.7            2278.31287.9 555.82533.14063.32585.0 242.17663.61613.5 807.4 787.6 537.61401.62829.33313.3             146.7  83.0 360.2 163.1 261.5 166.4  12.6 493.1 103.9  52.1  50.8  34.7  90.3 182.1 213.3            1018.0 575.52501.1 248.41815.51155.0 108.33424.1 721.0 360.8 352.0 240.3 626.31264.21480.4            1647.3 931.24047.3 401.91831.51869.0 175.15540.81166.6 583.8 569.5 388.71013.42045.62395.6            1039.4 587.62553.6 253.61155.61853.6 110.53495.9 736.1 368.4 359.4 245.3 639.41290.71511.5              48.7  27.6 119.5   9.9  54.2  86.8  55.3 163.6  34.5  17.4  16.9  11.6  30.0  60.5  70.8            3127.81768.17685.2 763.03477.75578.43548.9 332.32215.11108.41081.3 738.11924.23884.34548.8             639.8 361.71571.9 156.2 711.41141.0 726.0  68.12152.0 226.8 221.3 151.1 393.7 794.5 930.5             284.2 160.7 698.1  55.8 316.0 506.7 322.4  25.3 955.6 201.3  98.3  79.9 174.9 352.9 413.2             300.2 169.8 737.4  73.3 333.8 535.3 340.6  32.01009.5 212.6 106.5  70.9 184.7 372.8 436.5             177.3 100.3 435.4  35.6 197.1 316.1 201.1  15.2 596.1 125.6  62.9  61.4 109.1 220.1 257.8             552.7 312.51357.8 134.9 614.5 985.6 627.1  58.81858.8 391.4 195.9 191.1 130.5 686.3 803.7            1139.8 644.42800.4 278.11267.32032.71293.2 121.23833.8 807.2 404.0 394.1 269.0 701.21657.6            1338.9 756.93289.5 326.61488.62387.71519.1 142.34503.4 948.2 474.5 462.9 316.0 823.71662.6                                                                                                                                                                                                                                
0625250716 148.9 417.0 688.3 157.9 258.0 153.5 199.7  39.0 125.0 528.8  28.5 161.0 337.0  93.2 223.3             169.9 755.51247.0 286.0 467.3 278.1 361.7  88.2 226.3 958.0  64.4 291.5 610.6 168.7 404.5             490.8 779.13602.8 826.21349.9 803.11044.7 254.5 653.62767.8 185.9 842.11763.9 487.21168.4             815.41294.43626.71372.72242.91334.41735.8 422.81086.04598.9 308.91399.12930.8 809.51941.4             180.7 286.8 803.41326.1 496.9 295.7 384.6  93.8 240.71018.8  68.5 310.0 649.3 179.4 430.1             300.4 476.91335.92205.1 505.7 491.6 639.4 155.8 400.11694.0 113.9 515.41079.6 298.2 715.1             175.5 278.5 780.01287.5 295.3 482.4 373.4  91.0 233.6 989.1  66.5 301.0 630.4 174.2 417.6             230.7 366.11025.61692.9 388.3 634.3 377.4 119.7 307.21300.5  87.4 395.7 828.8 229.0 549.1              34.2  54.2 151.7 250.2  57.5  93.8  55.9  72.7  45.5 192.3  10.5  58.6 122.6  34.0  81.2             141.3 224.2 628.01036.5 237.8 388.4 231.1 300.6  73.3 796.3  53.6 242.3 507.5 140.3 336.2             624.5 991.42777.64584.91051.31717.81022.01329.4 323.9 831.8 236.61071.52244.6 620.01486.9              22.8  36.1 100.9 166.5  38.3  62.5  37.2  48.4   9.5  30.3 127.9  39.0  81.6  22.6  54.1             184.3 292.6 819.61352.8 310.3 506.9 301.6 392.3  95.7 245.51039.2  69.9 662.3 183.0 438.8             395.0 627.11756.82899.9 665.01086.5 646.5 840.9 204.9 526.12227.8 149.7 677.8 392.2 940.5             103.2 163.8 458.8 757.2 173.7 283.8 168.9 219.7  53.6 137.5 581.7  39.2 177.1 370.8 245.6             258.9 411.01151.41900.5 435.9 712.1 423.7 551.1 134.3 344.81460.0  98.1 444.2 930.5 257.1                                                                                                                                                                                                                                
0625250816 128.0  84.0 339.0  21.0  50.0  63.2  81.1 183.0  19.2 401.1  60.7 271.6  67.1  90.9 419.0             200.0 495.72004.0 154.3 294.8 373.0 478.91081.1 140.82371.1 358.11605.0 396.3 536.72476.8             129.2 488.21294.1  99.7 190.4 240.9 309.3 698.1  90.91531.1 231.31036.4 255.9 346.61599.4             539.42039.81337.3 416.2 795.11006.21292.12916.8 379.66397.7 966.14330.51069.01448.16683.0              20.0  93.8  61.6 248.5  36.7  46.4  59.5 134.1  14.1 294.0  44.5 199.1  49.2  66.7 307.1              53.8 254.0 166.6 673.1  41.6 125.3 160.9 363.1  37.9 796.3 120.4 539.1 133.2 180.3 831.8              95.8 362.0 237.4 959.4  74.0 141.2 229.3 517.6  67.51135.2 171.5 768.4 189.8 257.01185.8             124.6 471.0 308.81248.3  96.2 183.7 232.4 673.5  87.71477.0 223.1 999.8 246.9 334.41542.9             288.41090.4 714.92890.4 222.6 425.1 537.9 690.7 203.03419.9 516.52314.9 571.5 774.13572.4              17.8  83.7  54.9 221.6  13.8  32.7  41.3  53.1 119.6 262.2  39.7 177.5  43.9  59.4 273.9             639.22417.41584.96408.2 493.3 942.31192.41531.33456.9 449.91145.05132.31267.01716.27920.4              91.8 346.7 227.4 918.9  70.8 135.2 171.1 219.7 495.8  64.61087.3 736.0 181.8 246.21135.7             430.91629.31068.24319.1 332.5 635.1 803.71032.12329.9 303.25110.4 771.7 853.91156.75338.2             102.1 386.0 253.11022.9  78.9 150.5 190.4 244.5 551.9  71.91210.3 182.9 819.3 274.01264.3             140.3 530.5 347.81406.0 108.3 206.8 261.7 336.1 758.5  98.81663.6 251.31126.1 278.11737.7             668.02526.21656.26696.5 515.5 984.71246.11600.23612.4 470.17923.41196.55363.21323.91793.3                                                                                                                                                                                                                                
0625250914 202.1 175.3  50.3 103.4  43.6 218.4 103.5 228.3 176.9 309.0  62.9  25.0  63.6                         242.1 790.0 226.1 465.7 218.0 984.5 466.21029.0 797.01392.7 283.2 140.1 286.5                         209.2 786.8 195.3 402.3 188.3 850.4 402.7 888.8 688.41203.0 244.7 121.0 247.5                          49.8 187.2 162.4  95.8  40.4 202.3  95.8 211.4 163.8 286.1  58.3  23.1  58.9                         120.8 454.1 393.8 112.8 108.7 490.8 232.4 512.9 397.3 694.2 141.2  69.9 142.9                          42.4 159.3 138.1  39.6  81.5 172.1  81.6 179.9 139.4 243.4  49.6  19.7  50.2                         262.2 986.4 855.5 244.9 504.3 236.0 504.81114.3 863.11508.2 306.7 151.7 310.2                         120.9 454.6 394.2 112.9 232.4 108.8 491.3 513.5 397.7 694.9 141.4  70.0 143.0                         274.31032.1 895.1 256.2 527.6 247.01115.5 528.2 903.01578.0 320.9 158.7 324.6                         211.1 794.0 688.6 197.1 405.9 190.0 858.2 406.3 896.91214.0 246.9 122.1 249.7                         373.51405.31218.7 348.8 718.4 336.21518.8 719.11587.51229.5 436.9 216.0 441.9                          64.0 240.5 208.5  59.8 123.0  51.9 259.9 123.1 271.6 210.4 367.6  29.7  75.7                          21.6  80.8  70.1  20.2  41.4  17.5  87.3  41.4  91.3  70.7 123.5  25.2  25.5                          64.8 243.5 211.2  60.5 124.5  52.5 263.1 124.6 275.0 213.0 372.2  75.8  30.1                                                                                                                                                                                                                                                                                                                                                                                                                                                        
0625251013 323.0 343.9  65.8  89.0 485.3 128.3 263.5 171.1 222.3  74.5 120.2  62.1                               337.6 948.8 181.3 245.41339.1 353.7 726.9 472.0 613.1 205.4 331.4 171.1                               360.0 950.3 193.4 261.71427.9 377.2 775.1 503.3 653.8 219.0 353.3 182.4                                42.5 111.9 119.1  30.9 168.1  44.5  91.3  59.3  77.0  20.7  41.7  17.3                                77.9 205.5 218.8  33.5 308.7  81.6 167.6 108.9 141.4  38.0  76.5  31.7                               511.71350.91438.2 274.8 372.0 536.11101.8 715.4 929.3 311.2 502.2 259.3                               128.7 339.5 361.5  69.2  93.6 510.1 277.0 179.9 233.6  78.3 126.3  65.3                               273.8 722.6 769.3 147.0 199.01085.7 286.8 382.7 497.1 166.5 268.7 138.7                               174.7 460.9 490.7  93.8 127.0 692.5 183.0 375.9 317.1 106.3 171.4  88.5                               229.5 605.8 644.9 123.3 166.9 910.2 240.5 494.1 320.8 139.6 225.3 116.3                                49.3 129.8 138.2  21.2  35.8 195.0  51.6 105.9  68.8  89.4  48.4  20.0                               120.0 316.6 337.1  64.5  87.3 475.7 125.7 258.3 167.7 217.8  73.0  60.9                                39.6 104.3 111.0  17.1  28.8 156.6  41.5  85.1  55.3  71.8  19.3  38.8                                                                                                                                                                                                                                                                                                                                                                                                                                                                                                                                                                    
0625251112 181.6 484.4 210.8 107.2  44.8 261.7  31.5 193.7 113.1 156.7  44.2                                     208.41024.9 446.0 226.7 118.4 553.6  83.0 409.7 239.1 331.4 116.7                                     570.01050.81220.3 620.2 323.71514.6 226.81121.0 654.0 906.7 319.2                                     243.3 448.51196.9 264.8 138.2 646.5  96.9 478.5 279.2 387.0 136.3                                     119.6 220.4 587.9 255.9  68.0 317.6  47.6 235.1 137.2 190.2  67.0                                      40.2  74.1 197.5  86.0  43.8 106.7  12.9  79.0  46.2  64.0  18.1                                     304.0 560.41495.6 650.8 330.8 172.7 121.0 597.9 348.8 483.6 170.3                                      25.7  47.3 126.0  54.9  28.0  11.8  68.1  50.4  29.5  40.8  11.6                                     222.9 410.81096.2 477.0 242.5 126.6 592.1  88.7 255.7 354.5 124.9                                     126.6 233.2 622.2 270.8 137.7  71.9 336.1  50.4 248.8 201.3  70.9                                     178.7 329.3 878.7 382.4 194.4 101.5 474.6  71.1 351.3 205.0 100.1                                      39.6  72.8 194.2  84.6  43.0  18.1 104.9  12.7  77.7  45.4  62.9                                                                                                                                                                                                                                                                                                                                                                                                                                                                                                                                                                                                                                                                                
0625251216  74.6 162.6 520.8 436.0 472.3 663.4 383.11086.2 158.6 217.1 271.3 260.4 759.2 155.5  70.0              44.9  31.4 100.2  83.9  90.9 127.6  73.7 208.8  30.6  41.8  52.3  50.1 146.0  30.0  10.9             151.2  43.0 337.6 282.7 306.2 430.1 248.4 704.1 102.9 140.8 175.9 168.8 492.1 100.8  40.4             535.8 171.2 373.71002.11085.71524.9 880.52496.8 364.5 499.0 623.5 598.41745.0 357.3 160.7             446.6 142.7 311.5 997.7 904.81270.9 733.82080.9 303.8 415.9 519.7 498.71454.3 297.8 134.0             484.8 154.9 338.11083.1 906.71379.7 796.72259.1 329.8 451.5 564.2 541.41578.9 323.3 145.4             685.9 219.1 478.31532.31282.81389.71127.03196.1 466.5 638.7 798.2 765.92233.7 457.3 205.7             390.9 124.9 272.6 873.3 731.1 792.01112.41821.4 265.9 364.0 454.9 436.51273.0 260.7 117.3            1130.7 361.2 788.62526.32114.82291.23218.11858.1 769.11053.01315.91262.73682.7 753.9 339.0             154.7  49.5 108.0 345.6 289.3 313.4 440.2 254.2 720.7 144.1 180.1 172.8 503.7 103.2  46.5             216.3  69.2 150.9 483.1 404.5 438.2 615.4 355.41007.6 147.2 251.7 241.5 704.2 144.3  64.9             273.3  87.4 190.6 610.5 511.1 553.7 777.7 449.11273.3 185.9 254.5 305.2 889.9 182.3  82.0             261.8  83.7 182.6 584.8 489.5 530.4 744.9 430.11219.6 178.1 243.8 304.6 852.4 174.6  78.6             786.6 251.3 548.61757.41471.21593.92238.71292.63665.6 535.1 732.5 915.4 878.4 524.5 235.9             151.4  48.5 105.7 338.2 283.1 306.7 430.8 248.8 705.3 103.0 141.0 176.2 169.1 493.0  45.5              41.4  10.7  28.9  92.4  77.4  83.8 117.6  68.0 192.5  28.2  38.6  48.2  46.2 134.6  27.7                                                                                                                                                                                                                                
0725210116 185.01524.82883.3 966.4 663.1 424.7 340.42109.02058.6 420.51519.42103.8 345.6 642.5 237.6             105.8 100.5 189.9  63.7  43.8  28.1  22.5 138.9 135.6  27.8 100.1 138.6  22.9  42.4  12.6            1523.2 175.62736.7 917.3 629.4 403.1 323.12001.81953.9 399.11442.21996.9 328.0 609.8 225.6            2908.3 335.12763.31751.41201.6 769.6 616.73822.03730.7 762.02753.53812.6 626.21164.3 430.6             953.9 110.0 906.41713.8 394.2 252.5 202.41253.61223.6 250.0 903.21250.5 205.5 381.9 141.3             644.6  74.4 612.51158.1 388.2 170.7 136.8 847.1 826.8 169.0 610.3 845.0 138.9 258.1  95.5             401.6  46.4 381.6 721.4 241.9 166.0  85.3 527.7 515.1 105.3 380.2 526.4  86.6 160.8  59.6             284.1  26.3 269.9 510.2 171.1 117.4  75.3 373.2 364.3  74.5 268.9 372.3  61.3 113.8  33.8            2118.8 244.22013.23806.81276.0 875.4 560.7 449.32717.9 555.12006.02777.6 456.2 848.2 313.7            2067.5 238.21964.43714.51245.0 854.2 547.1 438.42716.9 541.71957.42710.3 445.2 827.7 306.1             358.3  33.1 340.5 643.7 215.8 148.1  94.9  76.1 470.9 459.6 339.3 469.7  77.2 143.5  42.6            1517.7 174.91442.12726.8 914.0 627.1 401.7 321.91994.51946.8 397.71989.6 326.8 607.6 224.8            2113.6 243.52008.23797.41272.8 873.2 559.3 448.22777.52711.2 553.82001.1 455.1 846.1 312.9             288.9  26.7 274.5 518.9 174.0 119.4  76.5  61.4 379.6 370.5  75.8 273.5 378.7 115.7  34.3             623.6  72.0 592.61120.4 375.6 257.7 165.1 132.3 819.5 799.9 163.5 590.5 817.5 134.4  92.4             144.8  13.5 137.6 260.1  87.3  59.9  38.4  30.8 190.3 185.7  38.0 137.1 189.8  31.3  58.1                                                                                                                                                                                                                                
0725210216 676.7 425.5  77.9 750.0 101.7 106.5  95.1 123.6 130.4 280.5 793.0 693.7 246.1 356.1 161.8             707.21733.1 316.93055.3 413.8 433.4 386.8 503.2 530.71142.53230.22825.61002.41450.4 658.8             440.81717.9 197.51904.1 257.9 270.2 241.1 313.6 330.8 712.12013.11760.9 624.7 903.9 410.6              49.6 192.8 121.3 213.7  29.1  30.4  22.3  35.3  37.2  80.0 225.9 197.7  70.2 101.5  46.2             785.03059.81923.8 351.7 459.3 481.1 429.4 558.6 589.11268.23585.63136.51112.71610.0 731.3              87.5 340.7 214.2  31.4 377.6  53.7  39.3  62.3  65.7 141.3 399.2 349.2 124.0 179.3  81.5              92.2 358.8 225.6  33.1 397.7  54.0  41.4  65.6  69.2 148.8 420.5 367.8 130.6 188.9  85.8              64.6 251.6 158.2  23.3 278.9  37.9  39.7  46.0  48.5 104.4 294.8 257.9  91.6 132.4  60.2             108.7 423.2 266.1  39.0 469.1  63.6  66.6  48.8  81.6 175.5 495.9 433.8 154.0 222.7 101.2             115.2 448.5 282.1  41.4 497.2  67.4  70.6  51.7  82.0 186.0 525.6 459.8 163.2 236.1 107.3             287.01118.4 703.3 128.61239.7 168.0 175.9 157.0 204.2 215.41310.61146.5 406.8 588.5 267.4             830.63237.22035.4 372.13588.2 485.9 509.0 454.3 591.0 623.21341.83318.41177.21703.4 773.7             725.22826.61777.2 324.93133.1 424.3 444.5 396.7 516.0 544.21171.63312.41027.91487.3 675.6             250.5 976.2 613.8 112.31082.0 146.6 153.6 137.1 178.3 188.0 404.71144.01000.7 513.7 233.4             367.21430.9 899.7 164.61586.1 214.8 225.1 200.9 261.3 275.5 593.11676.81466.8 520.4 342.0             161.1 627.5 394.6  72.2 695.5  94.3  98.8  88.2 114.6 120.9 260.2 735.3 643.2 228.3 330.2                                                                                                                                                                                                                                
07252103162018.3 979.6 881.4 613.81160.81708.8 666.9 220.0 979.6  90.6 177.8 729.8 427.11389.71684.9            2047.02193.31973.41374.22599.13826.21493.1 492.52193.3 202.8 398.01633.9 956.33111.73772.7             981.32166.3 946.0 658.81245.91834.1 715.8 236.11051.4  97.3 190.9 783.3 458.51491.61808.5             880.51943.8 943.5 591.21118.01645.8 642.3 211.9 943.5  87.3 171.3 702.9 411.41338.51622.8             606.01337.7 649.3 584.2 769.41132.6 442.0 145.9 649.3  60.1 117.9 483.7 283.1 921.11116.8            1167.22576.71250.61125.3 783.62181.7 851.4 280.91250.6 115.7 227.0 931.7 545.31774.32151.2            1729.53818.21853.11667.41161.12195.91261.5 416.11853.1 171.4 336.31380.5 808.02629.03187.5             660.41457.9 707.6 636.7 443.4 838.51234.4 159.0 707.6  65.5 128.5 527.2 308.61003.91217.2             152.7 337.0 163.6 147.2 102.6 193.9 285.4 111.4 163.6  12.2  23.9 121.9  71.4 232.1 281.4             981.32166.31051.4 946.0 658.81245.91834.1 715.8 236.1  97.3 190.9 783.3 458.51491.61808.5              43.9  96.7  47.0  42.3  29.5  55.7  81.9  32.0   9.2  47.0   6.9  35.1  20.6  66.6  80.8             108.9 240.4 116.7 105.0  73.2 138.3 203.5  79.5  22.6 116.7   8.8  87.0  51.0 165.5 200.7             725.01600.4 776.8 698.9 486.7 920.51355.0 528.8 174.5 776.8  71.9 141.0 338.71102.01336.1             414.5 914.9 444.1 399.6 278.3 526.2 774.6 302.3  99.8 444.1  41.2  80.7 330.8 630.0 763.8            1402.13095.31502.31351.7 941.31780.22620.71022.7 337.41502.3 139.0 272.71119.2 655.02584.1            1705.03764.11826.81643.71144.62164.83186.91243.7 410.21826.8 168.9 331.61360.9 796.52591.8                                                                                                                                                                                                                                
0725210415  61.2 282.4 202.8  88.8 108.3 256.0  23.4 252.6 381.7 419.1 312.0  76.9  73.1 300.9                    59.4 208.4 149.6  65.5  79.9 188.9  17.3 186.3 281.6 309.2 230.1  56.8  53.9 222.0                   332.6 252.9 839.0 367.0 447.71059.2 120.41045.01579.71734.41290.8 317.9 302.01245.2                   236.6 180.0 831.4 261.1 318.6 753.6  85.7 743.51123.81234.0 918.4 226.2 214.9 885.9                    92.5  70.4 324.7 233.1 124.5 294.3  28.6 290.4 438.9 481.9 358.6  88.4  84.0 346.0                   122.8  93.4 431.1 309.6 135.5 390.8  44.5 385.5 582.8 639.9 476.2 117.4 111.5 459.4                   300.7 228.71056.7 758.7 331.9 404.9 108.9 945.01428.41568.41167.2 287.5 273.11125.9                    18.0  13.7  62.8  45.1  19.8  24.1  56.9  56.1  84.8  93.1  69.3  17.2  16.3  66.9                   296.6 225.61042.2 748.2 327.3 399.3 944.6 107.41408.71546.81151.2 283.6 269.41110.4                   452.2 343.91589.11140.9 499.0 608.81440.4 163.71421.02358.61755.3 432.3 410.71693.2                   497.2 378.21747.41254.5 548.8 669.41583.9 180.01562.62362.11930.2 475.4 451.61861.9                   368.1 280.01293.6 928.7 406.3 495.61172.6 133.31156.81748.71920.0 351.9 334.31378.4                    76.6  58.3 268.8 193.0  84.5 103.1 243.7  22.3 240.4 363.4 398.9 296.9  69.6 286.4                    72.4  55.1 254.0 182.4  79.9  97.4 230.3  21.1 227.2 343.4 377.0 280.6  69.2 270.7                   354.8 269.91246.9 895.2 391.6 477.71130.2 128.51115.01685.51850.71377.3 339.2 322.3                                                                                                                                                                                                                                                                                                                                            
07252105182321.85654.73088.78147.66398.09999.85705.72552.76984.91174.8 493.17278.21702.51744.33573.42837.06984.92208.6 488.8 267.1 704.3 553.1 924.2 493.2 220.7 603.8 101.7  42.7 629.1 147.3 150.9 309.0 245.3 603.85557.7 505.1 671.81772.11391.52325.61241.0 555.31519.2 255.6 107.31583.0 370.4 379.5 777.3 617.11519.22979.2 270.8 659.3 950.0 746.01246.7 665.3 297.7 814.4 137.1  57.6 848.6 198.6 203.5 416.7 330.9 814.48062.8 732.71784.2 974.62018.73373.81800.3 805.52203.9 370.8 155.72296.5 537.3 550.41127.6 895.22203.96304.7 572.91395.2 762.12010.22638.11407.8 629.91723.4 289.9 121.81795.7 420.1 430.4 881.7 700.01723.49999.8 965.02350.11283.73386.22659.02371.31061.02903.0 488.3 205.03024.9 707.6 725.01485.21179.12903.05609.0 509.71241.2 678.01788.41404.42347.0 560.41533.2 258.0 108.31597.6 373.8 383.0 784.4 622.81533.22440.6 221.9 540.2 295.1 778.2 611.11021.3 545.0 667.2 112.3  47.2 695.2 162.7 166.7 341.4 271.1 667.26894.4 626.51525.7 833.42198.31726.22884.91539.5 688.8 317.1 133.11963.7 459.4 470.7 964.2 765.51884.6 777.0  70.7 172.0  94.0 247.8 194.6 325.2 173.6  77.7 212.5  12.1 221.4  51.9  53.2 108.8  86.4 212.5 235.9  21.6  52.3  28.6  75.3  59.2  98.8  52.8  23.7  64.6   9.2  67.3  15.8  16.2  33.1  26.3  64.67189.2 653.31590.9 869.02292.21800.03008.21605.3 718.21965.1 330.6 138.8 479.1 490.81005.4 798.21965.11586.3 144.2 351.1 191.9 505.9 397.3 663.8 354.3 158.6 433.7  73.1  30.7 451.9 108.4 221.9 176.2 433.71516.7 137.9 335.7 183.4 483.7 379.8 634.7 338.8 151.6 414.7  57.6  25.0 432.1 101.2 212.2 168.5 414.73466.3 315.1 767.1 419.11105.3 867.91450.5 774.0 346.4 947.6 159.5  67.0 987.3 231.1 236.7 384.9 947.62726.3 247.8 603.4 329.6 869.3 682.71140.8 608.8 272.4 745.3 125.5  52.7 776.6 181.8 186.2 381.3 745.36894.4 626.51525.7 833.42198.31726.22884.91539.5 688.81884.6 317.1 133.11963.7 459.4 470.7 964.2 765.5        
0725210613  60.7 115.1  17.3  39.4  21.6  59.6  49.4 108.9  48.9  84.5  34.8  94.2                                96.3 493.9  92.2 168.6 115.2 255.6 211.9 467.3 209.7 362.4 149.0 404.4                               187.0 505.5 179.1 327.5 223.8 496.6 411.8 908.2 407.4 704.2 289.4 785.8                                17.1  57.6 109.2  37.4  20.5  56.6  46.9 103.4  46.4  80.2  33.0  89.5                                43.9 148.0 281.0  42.0  52.5 145.4 120.6 265.8 119.3 206.1  84.8 230.0                                22.3  75.1 142.6  21.4  48.7  73.8  61.2 134.9  60.6 104.6  43.1 116.7                                94.5 255.3 484.8  90.5 165.5 113.1 208.0 458.7 205.8 355.7 146.2 396.9                                77.6 209.6 397.9  74.3 135.8  92.8 205.9 376.5 168.9 291.9 120.0 325.7                               176.7 477.6 906.9 169.3 309.5 211.5 469.2 389.1 385.0 665.3 273.4 742.4                                76.7 207.2 393.4  73.5 134.3  91.8 203.6 168.8 372.2 288.6 118.7 322.1                               135.9 367.4 697.7 130.2 238.1 162.7 361.0 299.3 660.1 296.2 210.4 571.2                                38.3 129.3 245.4  36.7  83.8  45.9 127.0 105.3 232.2 104.2 180.0 200.9                               152.2 411.5 781.3 145.8 266.6 182.2 404.2 335.2 739.3 331.7 573.2 235.6                                                                                                                                                                                                                                                                                                                                                                                                                                                                                                                                                                    
0725210715 635.5 809.6 241.2 270.3 711.9 553.3 250.2 174.71183.1 474.31950.5 756.81040.9 412.0                   623.1 428.6 127.7 143.1 376.9 292.9 132.5  92.5 626.2 251.11032.4 400.6 551.0 218.1                   801.2 432.6 164.2 184.0 484.6 376.7 170.3 118.9 805.3 322.91327.7 515.2 708.5 280.5                   152.5  82.4 105.0  35.1  92.3  71.8  27.3  18.2 153.3  61.5 252.7  98.1 134.9  53.5                   224.4 121.2 154.4  36.9 135.8 105.6  40.2  26.7 225.6  90.5 371.8 144.3 198.5  78.6                   701.2 378.6 482.4 143.8 161.1 329.7 149.1 104.1 704.8 282.61162.0 450.9 620.1 245.5                   539.1 291.1 370.8 110.5 123.9 326.1 114.6  80.1 541.8 217.3 893.2 346.6 476.7 188.7                   168.5  91.0 115.9  27.7  38.8 102.0  79.3  20.1 169.4  68.0 279.1 108.4 149.0  59.1                   103.0  55.7  70.9  17.0  23.8  62.4  48.5  18.5 103.5  41.6 170.6  66.3  91.1  36.1                  1183.2 638.8 813.9 242.5 271.7 715.6 556.2 251.5 175.6 476.81960.7 760.81046.3 414.2                   458.2 247.4 315.2  94.0 105.3 277.2 215.5  97.5  68.1 460.6 759.3 294.7 405.2 160.5                  1968.21062.61353.8 403.3 451.91190.4 925.2 418.3 292.01978.3 793.11265.61740.5 688.9                   747.2 403.4 514.0 153.2 171.6 451.9 351.3 158.9 110.9 751.0 301.21238.2 660.8 261.6                  1037.7 560.3 713.8 212.7 238.3 627.7 487.9 220.6 154.01043.1 418.21719.7 667.3 363.3                   394.5 213.0 271.4  80.9  90.7 238.6 185.5  83.9  58.6 396.5 159.0 653.7 253.7 348.9                                                                                                                                                                                                                                                                                                                                            
07252108181793.5 629.7 376.91312.02697.36161.55171.2 282.94506.01120.2 883.21265.01644.42046.52160.46161.56161.51754.3 200.1 119.8 416.8 856.91957.21642.7  90.01431.4 355.9 280.6 401.9 522.4 650.2 686.31957.21957.2 520.5 169.1  28.5 123.7 254.3 580.6 487.3  21.5 424.7 105.7  83.3 119.3 155.1 192.9 203.7 580.6 580.6 219.0  71.2  25.1  52.1 107.0 244.3 205.1   9.1 178.7  44.5  35.1  50.3  65.3  81.2  85.8 244.3 244.31267.7 411.8 144.6  86.6 619.21414.31187.0  65.11034.4 257.2 202.8 290.5 377.5 469.8 496.01414.31414.32667.6 866.4 304.2 182.1 633.82976.12497.7 136.72176.4 541.1 426.6 611.1 794.3 988.51043.62976.12976.16168.22003.1 703.3 421.01465.33012.55775.5 316.05032.61251.1 986.41412.81836.62285.72412.96881.66881.65167.51678.2 589.2 352.71227.62523.75765.1 264.84216.11048.1 826.41183.61538.61914.92021.55765.15765.1 149.9  48.8  17.2   8.3  35.7  73.3 167.3 140.4 122.4  30.5  24.1  34.4  44.7  55.6  58.7 167.3 167.34495.31459.9 512.6 306.81067.92195.55015.24209.1 230.3 911.8 718.91029.71338.51665.81758.55015.25015.21073.9 348.8 122.6  73.4 255.2 524.51198.11005.5  55.1 876.2 171.8 246.1 319.8 398.0 420.21198.11198.1 834.4 271.1  95.2  57.1 198.3 407.6 930.9 781.3  42.9 680.8 169.3 191.2 248.5 309.3 326.5 930.9 930.91220.3 396.4 139.2  83.4 290.0 596.01361.41142.6  62.6 995.6 247.6 195.2 363.4 452.3 477.41361.41361.41603.6 520.9 182.9 109.5 381.0 783.31789.11501.6  82.31308.4 325.3 256.5 367.4 594.3 627.41789.11789.12010.0 652.8 229.3 137.3 477.6 981.72242.41882.0 103.11639.9 407.8 321.5 460.5 598.5 786.32242.42242.42125.1 690.2 242.4 145.1 504.91037.92370.91989.8 109.01733.9 431.1 339.9 486.8 632.8 787.52370.92370.96168.22003.1 703.3 421.01465.33012.56881.65775.5 316.05032.61251.1 986.41412.81836.62285.72412.96881.66168.22003.1 703.3 421.01465.33012.56881.65775.5 316.05032.61251.1 986.41412.81836.62285.72412.96881.6        
0725210916 972.7 103.2 289.61240.0 619.9 427.5 399.8 157.7 491.4 226.61474.9 700.1 805.8 977.41220.1             979.0 134.2 376.41612.0 805.9 555.7 519.8 205.0 638.8 294.51917.3 910.21047.51270.61586.1              55.6  71.8  21.5  91.5  45.8  31.6  29.6   9.4  36.4  16.8 108.9  51.7  59.5  72.2  90.1             249.2 321.9  27.4 410.3 205.2 141.5 132.4  41.8 162.7  75.0 488.0 231.7 266.7 323.4 403.7            1254.01619.7 171.8 482.21032.2 711.8 665.7 262.5 818.2 377.22455.91165.81341.81627.62031.6             616.1 795.7  84.5 236.91014.4 349.7 327.1 129.0 402.0 185.41206.5 572.8 659.2 799.6 998.1             418.1 540.0  57.4 160.8 688.4 344.2 222.0  87.6 272.9 125.8 818.8 388.7 447.4 542.7 677.4             389.7 503.3  53.5 149.9 641.6 320.8 221.2  81.6 254.3 117.3 763.1 362.3 417.0 505.8 631.3              96.4 124.5  10.7  37.1 158.6  79.4  54.8  51.2  62.9  29.1 188.6  89.6 103.1 125.1 156.1             483.9 625.0  66.4 186.1 796.7 398.3 274.7 256.9 101.4 145.6 947.6 449.9 517.8 628.0 783.9             190.3 245.7  21.0  73.2 313.2 156.6 108.0 101.1  32.0 124.2 372.5 176.9 203.6 246.9 308.2            1495.61931.7 204.9 575.02462.71231.1 848.9 794.0 313.0 975.9 449.81390.41600.31941.12423.0             698.6 902.3  95.8 268.71150.3 575.1 396.6 370.9 146.3 455.9 210.21368.2 747.5 906.71131.8             807.31042.7 110.7 310.41329.3 664.5 458.3 428.6 169.0 526.8 242.91581.1 750.51047.81307.9             983.91270.8 134.8 378.31620.0 809.9 558.5 522.3 206.0 642.0 296.01926.8 914.71052.71593.9            1233.51593.2 169.0 474.32031.01015.3 700.1 654.8 258.2 804.8 371.02415.71146.71319.81600.9                                                                                                                                                                                                                                
0725211013 291.1 106.4 108.3  58.4 619.0 139.8 334.8 457.4 619.0 288.6  99.4 116.7                               296.6 161.6 164.7  88.7 941.2 212.5 509.1 695.4 941.2 438.8 151.1 177.4                                91.1 135.8  50.6  21.9 288.8  65.3 156.2 213.4 288.8 134.7  40.0  54.5                                93.0 138.7  50.7  22.3 294.8  66.6 159.5 217.8 294.8 137.5  40.8  55.6                                33.8  50.3  18.5  18.8 106.9  24.2  57.9  79.0 106.9  49.9  14.9  20.2                               643.3 960.0 350.5 357.0 192.3 460.91104.11508.32041.7 951.7 327.7 384.6                               123.2 183.9  67.2  68.4  29.6 390.9 211.4 288.8 390.9 182.3  54.0  73.7                               342.8 511.6 186.8 190.3 102.51087.9 245.6 803.71087.9 507.1 174.6 205.0                               472.4 704.9 257.4 262.2 141.21499.1 338.5 810.71499.1 698.8 240.6 282.4                               643.3 960.0 350.5 357.0 192.32041.7 460.91104.11508.3 951.7 327.7 384.6                               294.0 438.6 160.2 163.2  87.9 932.8 210.6 504.5 689.1 932.8 149.8 175.8                                71.1 106.0  38.8  39.5  17.1 225.2  50.9 121.9 166.4 225.2 105.1  42.5                               101.0 150.7  55.1  56.1  24.2 320.3  72.4 173.3 236.6 320.3 149.4  44.3                                                                                                                                                                                                                                                                                                                                                                                                                                                                                                                                                                    
07252111163428.92377.74320.3 499.5 413.1 449.72021.51458.01354.01580.6 494.91966.6 523.83781.6 919.1            3414.41727.23138.3 362.9 300.1 326.71468.51059.2 983.61148.2 359.51428.6 380.52747.0 667.7            2351.21715.22161.1 249.9 206.7 225.01011.3 729.4 677.3 790.7 247.6 983.8 262.11891.7 459.8            4315.93148.52183.2 458.7 379.3 413.01856.21338.81243.31451.3 454.41805.8 481.03472.4 844.0             350.6 255.8 177.4 322.3  24.8  27.0 150.9 108.9 101.1 118.0  35.6 146.8  39.2 282.1  68.7             250.3 182.6 126.7 230.1  23.5  19.3 107.7  77.7  72.2  84.3  25.4 104.8  28.0 201.4  49.0             277.3 202.3 140.3 254.9  26.0  19.6 119.3  86.1  80.0  93.3  28.1 116.1  31.0 223.1  54.3            1991.01452.51007.21830.0 211.7 175.0 190.6 617.7 573.6 669.6 209.7 833.1 222.01601.9 389.4            1421.11036.7 718.91306.2 151.1 125.0 136.1 611.2 409.4 477.9 149.7 594.6 158.51143.3 278.0            1315.9 959.9 665.71209.5 139.9 115.7 126.0 566.0 408.2 442.5 138.6 550.6 146.71058.7 257.4            1545.01127.1 781.61420.1 164.3 135.9 147.9 664.5 479.3 445.1 162.7 646.5 172.31243.0 302.2             383.2 279.6 193.9 352.3  36.0  27.1  29.5 164.9 119.0 110.5 129.0 160.4  42.8 308.4  75.0            1935.51411.9 979.11779.0 205.8 170.2 185.3 832.5 600.4 557.6 650.9 203.8 215.81557.2 378.5             428.1 312.3 216.6 393.5  40.1  30.2  32.9 184.2 132.9 123.4 144.0  43.4 179.2 344.4  83.8            3771.22751.11907.73466.3 400.8 331.4 360.81621.91169.81086.41268.1 397.11577.9 420.3 737.4             876.0 639.1 443.2 805.2  93.2  77.1  83.9 376.8 271.8 252.4 294.6  92.3 366.6  97.7 704.8                                                                                                                                                                                                                                
07252112184041.92816.51367.63420.3 392.2 671.6 569.3 969.42621.53829.52517.6 714.5 714.3 462.33793.2 555.22335.84038.32615.51270.03176.3 364.2 623.7 528.7 900.22434.43556.32337.9 663.5 663.4 429.33522.6 515.62169.22798.32601.0 880.12201.0 252.4 432.2 366.4 623.81686.92464.31620.1 459.8 459.7 297.62441.0 357.31503.11332.21238.3 862.91047.9 120.2 205.8 174.5 297.0 803.21173.2 771.3 219.0 218.9 141.71162.1 170.2 715.63409.33168.92208.21072.2 307.5 526.6 446.4 760.02055.33002.41973.8 560.2 560.1 362.52973.9 435.31831.3 237.1 220.4 153.6  74.7 186.5  36.7  31.2  53.0 143.0 208.8 137.3  39.1  39.1  20.3 206.9  30.4 127.4 566.3 526.3 366.8 178.2 445.4  41.0  74.2 126.3 341.4 498.7 327.9  93.1  93.1  48.3 494.0  72.4 304.2 472.1 438.8 305.8 148.6 371.4  34.2  73.0 105.3 284.7 415.8 273.4  77.7  77.7  40.3 411.9  60.4 253.7 929.3 863.8 601.9 292.3 731.0  83.9 143.6 121.8 560.3 818.4 538.1 152.8 152.7  98.9 810.6 118.7 499.22601.02417.61684.6 818.02045.8 234.6 401.8 340.6 579.82290.51505.9 427.4 427.3 276.62268.9 332.11397.23823.43553.72476.31202.43007.2 344.9 590.5 500.5 852.32304.92213.5 628.2 628.1 406.53335.1 488.12053.72495.92319.91616.5 785.01963.1 225.2 385.5 326.8 556.41504.62198.0 410.1 410.0 265.42177.1 318.71340.7 618.8 575.2 400.8 194.7 486.8  46.6  95.7  81.1 138.0 373.1 545.0 358.3 101.8  54.9 539.8  79.1 332.5 638.4 593.4 413.5 200.8 502.1  51.3  98.7  83.7 142.4 384.9 562.2 369.6 105.0  60.4 556.9  81.6 343.0 288.7 268.4 187.0  90.9 227.1  21.0  44.7  37.9  64.5 174.1 254.3 167.2  47.5  47.5 251.9  37.0 155.13786.73519.62452.51190.92978.4 341.5 584.9 495.7 844.12282.73334.72192.3 622.2 622.0 402.6 483.52034.0 459.2 426.8 297.4 144.5 361.2  33.2  71.0  60.2 102.5 276.9 404.4 265.9  75.5  75.5  39.2 400.5 246.72312.02148.91497.4 727.11818.5 208.6 357.1 302.7 515.41393.82036.01338.5 379.9 379.8 245.92016.7 295.2        
0925150112 382.7 449.9 104.6 372.1  93.1 778.1 207.5 774.1 530.2 171.4 873.4                                     376.7 301.3  70.1 249.2  62.4 521.1 139.0 518.5 355.1 114.8 584.9                                     446.1 303.5  83.0 295.1  73.8 617.1 164.6 613.9 420.5 135.9 692.6                                      59.9  40.8  47.9  39.7   8.0  82.8  22.2  82.4  56.5  16.9  92.9                                     365.7 248.9 292.5  68.0  60.5 505.9 134.9 503.3 344.7 111.5 567.8                                      51.2  34.9  41.0   7.7  33.9  70.8  19.0  70.5  48.3  14.5  79.5                                     785.3 534.3 628.0 146.0 519.4 129.9 289.61080.8 740.2 239.21219.3                                     176.2 119.9 140.9  26.3 116.6  23.4 243.7 242.4 166.1  49.5 273.5                                     781.2 531.5 624.7 145.2 516.7 129.21080.7 288.1 736.3 238.01212.9                                     529.1 360.0 423.1  98.4 350.0  87.5 731.9 195.2 728.2 161.2 821.5                                     129.4  88.1 103.5  19.3  85.6  17.2 179.0  47.8 178.1 122.0 200.9                                     883.7 601.3 706.7 164.2 584.5 146.11222.5 325.91216.3 832.9 269.2                                                                                                                                                                                                                                                                                                                                                                                                                                                                                                                                                                                                                                                                                
09251502161246.7 234.1 126.4 403.1 233.5 224.1 314.8 704.1 220.3 501.6 747.4 380.7 151.2 152.11237.6            1276.0 653.8 353.01125.8 652.1 625.7 879.11966.6 615.31400.82087.61063.2 422.2 424.73457.1             225.9 616.3  62.6 199.3 115.5 110.8 155.7 348.1 109.0 248.0 369.5 188.2  74.8  75.3 611.8              78.5 214.0  40.3  69.3  40.2  38.6  54.1 120.9  37.9  86.2 128.3  65.4  25.5  24.6 212.4             401.11094.6 205.6 111.0 205.0 196.7 276.4 618.1 193.5 440.3 656.2 334.2 132.8 133.61086.6             225.2 614.6 115.5  62.4 198.7 110.5 155.2 347.1 108.7 247.3 368.4 187.7  74.6  75.0 610.1             194.4 530.2  99.6  43.1 171.5  99.4 133.9 299.5  93.8 213.4 317.9 162.0  63.1  60.9 526.4             309.5 844.6 158.6  85.7 273.1 158.2 151.8 477.0 149.3 339.8 506.3 257.9 102.5 103.1 838.4             713.21946.5 365.5 197.3 629.3 364.5 349.8 491.4 344.0 783.01166.9 594.3 236.0 237.41932.3             190.8 520.6  97.8  42.3 168.4  97.6  93.6 131.5 294.0 209.5 312.1 159.0  62.0  59.8 516.8             503.21373.3 257.9 139.3 444.0 257.2 246.8 346.7 775.5 242.7 823.2 419.3 166.6 167.51363.2             758.12069.1 388.5 209.8 668.9 387.5 371.8 522.31168.5 365.6 832.3 631.7 250.9 252.42054.0             377.91031.1 193.7 104.6 333.4 193.1 185.3 260.4 582.3 182.3 414.8 618.1 125.1 125.81023.6             122.8 335.0  63.0  27.3 108.4  62.8  60.3  84.7 189.2  59.3 134.8 200.9 102.4  38.5 332.5             117.9 321.6  60.5  26.2 104.0  60.3  57.9  81.3 181.7  56.9 129.4 192.8  98.3  38.3 319.2            1266.63456.8 649.0 350.41117.5 647.3 621.1 872.61952.1 610.71390.52072.21055.3 419.1 421.5                                                                                                                                                                                                                                
0925150313  57.1   9.2 113.6  39.3  18.3  20.0  43.3  11.1  39.4  43.5 116.7  29.2                               109.6 194.81944.2 671.5 312.0 339.6 739.1 228.5 673.5 743.11997.9 498.7                                10.9 120.7 240.1  83.0  38.6  42.0  91.4  23.3  83.3  91.8 246.7  61.7                               220.71968.6 392.51353.1 628.6 684.21489.4 460.41357.11497.44026.01004.9                                74.5 663.8 132.41321.0 212.0 230.8 502.2 155.3 457.6 504.91357.5 338.9                                24.0 266.2  42.6 529.7 183.0  92.6 201.4  51.2 183.5 202.5 544.3 135.9                                36.4 323.6  64.6 643.8 222.4 103.4 244.8  75.8 223.1 246.1 661.6 165.2                                82.3 733.2 146.21459.1 503.9 234.2 254.9 171.5 505.4 557.71499.3 374.3                                13.6 150.1  24.1 298.6 103.2  48.0  52.3 113.6 103.5 114.2 306.9  76.7                                74.7 665.8 132.81325.1 457.7 212.7 231.5 503.8 155.8 506.51361.7 339.9                                82.7 737.2 147.11467.2 506.7 235.5 256.3 557.8 172.5 508.31507.6 376.4                               226.82023.6 403.44027.41390.9 646.1 703.41531.0 473.31395.01539.21032.9                                54.6 486.7  97.1 968.5 334.5 155.5 169.2 368.2 113.9 335.5 370.2 995.2                                                                                                                                                                                                                                                                                                                                                                                                                                                                                                                                                                    
0925150418 276.2 429.91861.7 372.9 155.61861.7 397.9 476.1 150.8 224.4 855.11023.2 429.0 636.4 172.31148.8 143.5 269.2 247.81072.8 215.0  89.71072.8 229.3 274.4  87.0 129.4 492.8 589.6 247.3 366.8  99.4 662.0  82.8 428.5 253.41708.0 342.2 142.81708.0 365.0 436.8 138.4 205.9 784.5 938.7 393.6 583.9 158.11054.0 131.71912.71130.91760.41527.2 637.07625.21629.31949.6 617.3 918.73502.34190.71756.72606.5 705.54705.3 587.5 369.5 218.5 340.11472.7 123.11472.7 314.8 376.6 119.3 177.5 676.5 809.4 339.4 503.5 136.4 908.8 113.6 117.8  69.7 108.5 469.4  94.1 469.4 100.4 120.1  30.5  56.7 215.7 258.0 108.3 160.5  43.6 289.7  29.11912.71130.91760.47625.21527.2 637.01629.31949.6 617.3 918.73502.34190.71756.72606.5 705.54705.3 587.5 395.3 233.8 363.91575.7 315.7 131.71575.7 403.0 127.7 189.9 723.8 866.0 363.1 538.7 145.9 972.4 121.5 476.4 281.7 438.51898.9 380.4 158.71898.9 405.8 153.8 228.9 872.21043.6 437.6 649.1 175.81171.8 146.4  96.6  57.2  88.9 384.8  77.2  29.7 384.8  82.3  98.5  46.5 176.8 211.6  88.8 131.6  35.7 237.5  23.8 215.5 127.5 198.3 858.7 172.1  71.9 858.7 183.6 219.7  69.6 394.5 472.0 197.9 293.6  79.6 529.9  66.3 869.3 514.0 800.13465.5 694.1 289.63465.5 740.5 886.1 280.6 417.61904.6 798.51184.6 320.72138.5 267.11043.5 617.0 960.44160.0 833.2 347.64160.0 888.91063.7 336.8 501.21910.7 958.41422.0 384.92567.0 320.6 427.6 252.8 393.51704.3 341.4 142.51704.3 364.2 435.8 138.1 205.4 782.8 936.7 582.6 157.81051.7 131.4 642.6 380.0 591.52561.6 513.1 214.12561.6 547.4 655.0 207.5 308.71176.61407.9 590.2 237.11580.7 197.5 145.3  86.0 133.8 578.9 116.1  44.6 578.9 123.8 148.1  37.6  69.9 266.0 318.2 133.5 198.0 357.3  35.81173.8 694.01080.34679.2 937.2 391.04679.2 999.91196.4 378.8 563.82149.22571.61078.11599.5 433.0 360.6  91.2  53.9  83.9 363.0  72.8  28.0 363.0  77.7  92.9  23.6  43.9 166.8 199.6  83.7 124.2  33.7 224.1        
09251505182500.0 321.31747.17964.91687.21334.11108.0 868.6 968.22609.9 478.3 248.21520.13069.91470.0 950.02866.72484.9 217.51182.25389.61141.7 902.8 749.8 587.8 655.21766.1 323.7 168.01028.62077.4 994.7 642.91939.9 189.4 129.0  90.2 410.6  87.1  68.9  57.2  44.9  50.0 134.6  24.8  10.4  78.5 158.3  75.9  49.1 147.91722.21172.5 150.83735.4 791.3 625.7 519.7 407.4 454.11224.1 224.4 116.5 713.01439.8 689.5 445.61344.58020.35460.2 701.73815.63684.92913.62419.81897.02114.55700.21044.4 541.93319.96704.83210.42074.86261.01661.61131.2 145.5 790.63603.9 603.7 501.4 393.1 438.21181.0 216.5 112.4 687.91389.1 665.2 429.91297.21303.9 887.7 114.2 620.42828.0 599.1 393.5 308.5 343.9 926.7 169.9  88.2 539.81090.1 522.0 337.41017.91074.9 731.8  94.2 511.52331.3 493.9 390.6 254.3 283.5 764.0 140.1  72.7 445.0 898.6 430.3 278.2 839.2 832.4 566.8  72.9 396.11805.4 382.5 302.5 251.2 219.6 591.7 108.5  56.4 344.6 695.9 333.3 215.4 649.9 933.3 635.4  81.8 444.12024.2 428.9 339.1 281.7 220.8 663.4 121.6  63.2 386.4 780.3 373.7 241.5 728.62596.21767.5 227.21235.25631.11192.9 943.2 783.4 614.1 684.6 338.2 175.51074.72170.41039.3 671.72026.8 393.0 267.6  27.6 187.0 852.3 180.6 142.9 118.7  93.1 103.7 279.4  21.4 162.8 328.6 157.4 101.8 306.8 135.5  92.3   9.6  64.5 293.7  62.3  49.3  41.0  32.1  35.8  96.3  17.8  56.2 113.3  54.3  35.1 105.81492.31016.0 130.7 710.03236.7 685.7 542.2 450.3 353.1 393.51060.7 194.4 100.91247.6 597.4 386.11165.03062.12084.7 268.01456.86641.71406.91112.5 923.9 724.3 807.42176.4 398.8 207.01267.61225.8 792.22390.51441.6 981.4 126.2 685.93126.6 662.4 523.8 435.0 341.1 380.11024.6 187.8  97.5 596.81205.1 373.01125.4 914.9 622.9  80.2 435.31984.3 420.4 332.4 276.1 216.5 241.3 650.3 119.2  61.9 378.8 764.9 366.3 714.32856.31944.6 250.01358.96195.21312.41037.7 861.9 675.7 753.12030.1 372.0 193.11182.42387.81143.4 739.0        
0925150616  57.9  89.2  45.6  21.4  83.1  23.9  48.1  53.4  25.5  39.5  63.3 127.8  53.5  33.3   8.3             107.51252.0 638.2 298.21165.6 334.0 673.6 748.4 356.3 552.6 887.01794.0 750.2 466.2 143.8             167.31264.1 993.9 464.31815.4 520.21049.11165.7 554.9 860.71381.42794.11168.4 726.1 223.9              83.9 633.4 977.0 232.7 909.6 260.7 525.7 584.1 278.1 431.3 692.21399.9 585.4 363.8 112.2              37.7 284.0 437.9 223.3 407.7 116.9 235.7 261.8 124.7 193.4 310.3 627.5 262.5 163.1  50.4             155.51175.41813.0 924.1 431.7 483.6 975.41083.8 515.9 800.21284.42597.91086.3 675.1 208.2              42.5 320.8 494.8 252.3 117.9 460.6 266.3 295.8 140.9 218.5 350.6 709.0 296.5 184.3  56.9              88.7 669.81033.1 526.7 246.1 961.8 275.6 617.6 294.0 456.0 731.91480.4 619.1 384.8 118.7              98.9 746.71151.7 587.1 274.31072.3 307.3 619.7 327.8 508.4 816.01650.3 690.2 428.9 132.3              45.6 343.7 530.1 270.3 126.3 493.5 141.5 285.3 316.9 234.0 375.6 759.5 317.7 197.5  60.9              72.3 545.5 841.3 428.9 200.4 783.3 224.5 452.7 503.0 239.5 596.11205.6 504.2 313.3  96.7             117.7 889.01371.3 699.0 326.61276.7 365.9 737.8 819.8 390.2 605.31965.0 821.7 510.7 157.5             240.91821.12809.11431.9 668.92615.3 749.31511.41679.3 799.31239.91990.11683.21046.0 322.5              99.1 748.51154.5 588.5 275.01074.9 308.0 621.2 690.2 328.6 509.6 817.91654.4 430.0 132.6              60.5 456.7 704.4 359.1 167.8 655.8 188.0 379.0 421.1 200.5 311.0 499.01009.3 422.1  80.9               9.1  85.1 131.1  66.9  31.3 122.1  35.1  70.6  78.4  37.4  58.0  92.9 187.8  78.6  48.9                                                                                                                                                                                                                                
0925150716  93.1 218.7 128.8 675.2 598.6 146.5 349.0  65.5 814.6 370.9 347.1 734.2 339.6 241.1  63.2              79.4 102.3  60.3 315.7 279.9  68.6 163.2  24.6 380.9 173.5 162.3 343.3 158.8 112.8  23.7             221.7 121.6 168.3 882.2 782.1 191.4 456.0  85.51064.3 484.5 453.5 959.3 443.7 315.0  82.5             113.9  62.5 146.8 453.1 401.7  98.4 234.2  35.2 546.6 248.9 232.9 492.7 227.9 161.8  34.0             706.3 387.2 910.2 536.12492.4 609.71453.0 272.33391.71544.01444.93057.11413.71003.7 262.7             625.0 342.7 805.5 474.42487.7 539.51285.7 240.93001.31366.31278.62705.21251.0 888.1 232.5             145.1  79.6 187.0 110.2 577.2 511.7 298.4  56.0 696.3 317.1 296.7 627.6 290.3 206.1  54.0             360.0 197.4 464.0 273.31432.91270.4 310.8 138.81728.7 787.0 736.51558.2 720.6 511.6 134.0              40.2  22.1  51.7  30.5 159.5 141.4  34.7  82.5 192.4  87.6  82.0 173.4  80.3  57.0  12.0             854.2 468.31100.9 648.43400.23014.5 737.41757.3 329.31867.51747.63697.51709.91213.9 317.7             383.3 210.2 493.9 290.91525.31352.3 330.8 788.4 147.81840.2 784.01658.7 767.1 544.6 142.6             358.0 196.3 461.4 271.81424.81263.2 309.0 736.4 138.01718.9 782.61549.3 716.5 508.7 133.2             768.9 421.6 991.0 583.73060.72713.5 663.81581.8 296.43692.51681.01573.11539.11092.7 286.0             350.1 191.9 451.1 265.71393.11235.1 302.2 720.0 135.01680.7 765.2 716.11514.9 497.4 130.2             245.5 134.6 316.4 186.4 977.0 866.2 211.9 505.0  94.71178.6 536.6 502.21062.4 491.3  91.4              38.4  21.1  49.4  29.2 152.4 135.1  33.2  78.8  11.9 183.8  83.8  78.4 165.7  76.7  54.5                                                                                                                                                                                                                                
092515088   75.1 161.3 264.0 252.4 133.9 606.3 310.8                                                              36.4   7.5  15.1  14.5   6.2  34.6  17.8                                                             101.1   9.6  41.9  40.1  17.1  96.1  49.3                                                             252.3  29.8  63.9  99.9  53.0 239.8 123.0                                                             216.7  20.5  43.9  89.7  36.5 206.0 105.6                                                              80.5   7.7  16.4  33.4  31.9  76.5  39.3                                                             605.4  71.3 153.1 250.5 239.5 127.1 295.0                                                             300.6  35.4  76.1 124.4 119.0  63.1 285.8                                                                                                                                                                                                                                                                                                                                                                                                                                                                                                                                                                                                                                                                                                                                                                                                                                                                                                                                                                                                                                                                                                                                
0925150912 208.6 147.2 281.7 369.8 248.2 135.4 528.9  99.6  97.1  77.0 254.5                                     207.4 131.7 252.0 330.7 222.0 121.1 473.0  89.1  86.9  68.9 227.6                                     128.7 115.8 156.4 205.2 137.8  75.2 293.5  44.3  43.2  34.2 141.3                                     284.3 255.8 180.5 453.5 304.4 166.0 648.6 122.2 119.1  94.4 312.1                                     377.0 339.2 239.3 458.1 403.6 220.1 860.1 162.0 157.9 125.1 413.9                                     249.1 224.1 158.1 302.6 397.3 145.4 568.2 107.0 104.4  82.7 273.4                                     117.4 105.6  74.5 142.6 187.2 125.6 267.7  40.4  39.4  31.2 128.8                                     544.4 489.8 345.6 661.6 868.5 582.9 317.8 233.9 228.0 180.6 597.7                                      64.2  57.7  40.8  77.9 102.3  68.7  37.5 146.2  21.6  17.1  70.4                                      62.3  56.0  39.6  75.6  99.2  66.6  36.4 141.9  21.5  16.6  68.3                                      46.8  42.1  29.8  56.9  74.6  50.1  27.4 106.6  16.2  15.8  51.4                                     255.7 230.0 162.3 310.7 407.8 273.7 149.3 583.3 109.9 107.1  84.9                                                                                                                                                                                                                                                                                                                                                                                                                                                                                                                                                                                                                                                                                
0925151015 100.7 160.6  28.7 214.4 129.1 287.1  50.4 293.1  54.9  26.2 108.7 234.8  85.9  82.8                   119.9 457.0 101.6 610.2 367.2 817.1 143.3 834.1 156.2  92.9 309.2 668.3 244.3 235.4                   194.7 465.1 165.0 990.9 596.31327.0 232.71354.6 253.5 150.8 502.11085.4 396.6 382.3                    26.8  64.0 102.0 136.2  82.0 182.3  32.1 186.1  34.9  16.7  69.1 149.1  54.6  52.6                   261.7 625.4 998.1 221.8 801.91784.6 312.91821.8 340.9 202.8 675.21459.7 533.4 514.1                   155.3 371.0 592.1 131.6 790.51058.5 185.61080.6 202.3 120.4 400.5 865.8 316.4 305.0                   352.4 842.01343.9 298.71794.41079.7 421.32452.9 459.0 273.0 909.11965.4 718.1 692.1                    51.5 123.0 196.2  35.0 261.9 157.7 350.7 358.0  67.1  32.0 132.8 286.9 104.9 101.1                   359.8 859.81372.3 305.01832.31102.52453.7 430.2 468.7 278.8 928.42006.9 733.3 706.8                    56.6 135.2 215.7  38.4 288.0 173.3 385.6  67.7 393.6  35.2 146.0 315.4 115.3 111.1                    24.1  57.3  91.4  16.4 122.1  73.5 163.4  28.8 166.8  31.3  61.9 133.7  48.9  47.2                   129.9 310.3 495.2 110.1 661.1 397.8 885.3 155.3 903.7 169.2 100.7 724.1 264.6 255.1                   287.2 686.31095.3 243.41462.4 880.01958.4 343.41999.1 374.1 222.6 741.0 585.3 564.1                   101.4 242.3 386.6  86.0 516.2 310.6 691.2 121.3 705.6 132.1  78.6 261.6 565.4 199.2                    97.6 233.0 371.9  82.7 496.5 298.8 664.8 116.6 678.6 127.1  75.6 251.6 543.8 198.7                                                                                                                                                                                                                                                                                                                                            
0925151111  90.1  60.0  13.8  28.5  99.6 131.7 107.4  22.7  27.5  43.1                                           144.9 378.3 107.6 179.1 628.0 830.8 677.4 173.9 173.1 271.5                                            94.9 372.0  70.5 117.3 411.2 544.0 443.6 113.9 113.4 177.8                                            12.8  62.1  41.4  19.7  68.6  90.7  74.0  15.7  19.0  29.7                                            30.6 149.4  99.5  22.7 165.1 218.5 178.1  37.6  45.6  71.4                                           160.6 630.0 419.5 119.3 198.6 921.3 751.1 192.8 191.9 301.0                                           214.0 839.5 559.0 159.0 264.6 928.01001.0 256.9 255.7 401.1                                           173.6 681.0 453.5 129.0 214.7 752.7 995.9 208.4 207.5 325.4                                            23.6 115.1  76.7  17.5  36.4 127.2 168.3 137.2  35.2  55.1                                            29.4 143.7  95.8  21.9  45.4 158.9 210.2 171.4  36.2  68.7                                            66.8 261.6 174.3  49.6  82.5 289.2 382.6 311.9  80.1  79.8                                                                                                                                                                                                                                                                                                                                                                                                                                                                                                                                                                                                                                                                                                                                                                                            
0925151210  54.6  47.0  12.2 153.2  48.2  69.4 143.5  49.0  13.5                                                  85.5 169.3  54.4 553.2 173.8 250.5 518.2 176.8  60.5                                                  72.9 167.8  46.4 471.7 148.2 213.6 441.8 150.8  51.6                                                  10.7  30.7  26.4  86.0  27.1  39.0  80.6  27.6   7.6                                                 249.1 573.5 493.5 158.5 506.5 730.21511.0 515.5 176.2                                                  75.0 172.5 148.4  47.7 484.9 219.6 454.3 155.0  53.1                                                 110.2 253.5 218.2  70.1 713.0 224.0 667.9 227.9  77.9                                                 233.0 536.5 461.7 148.31509.0 473.9 683.1 482.2 164.8                                                  76.4 175.7 151.2  48.6 494.0 155.2 223.7 462.8  54.0                                                  12.4  35.3  30.4   7.9  99.2  31.2  45.0  92.9  31.8                                                                                                                                                                                                                                                                                                                                                                                                                                                                                                                                                                                                                                                                                                                                                                                                                                                                                                        
