0620520116  8.9 53.4 46.9 23.3 59.8 91.1  3.3 16.7 87.6 26.8 70.3  6.8  7.2 10.1 60.0           64.7 57.2 26.8 72.0116.9  4.0 21.4112.8 33.4 83.8  8.5  9.0 11.6 72.3          201.8142.1218.0242.3 27.9118.6240.3159.8228.0 51.6 54.0 71.3218.3          130.7209.7236.6 23.8 97.8234.3148.6220.7 45.3 47.5 63.3210.0          152.3191.8 10.9 51.1188.0 79.4167.3 22.3 23.6 30.0152.7          246.9 28.7128.6245.0169.7233.9 57.9 60.4 79.0225.1           47.6170.1259.8206.5252.8 88.6 91.9126.0247.0            8.0 45.3 12.6 34.7  3.2  3.3  4.5 28.9          166.0 62.2144.0 16.1 17.0 24.3129.0          203.1251.3 85.1 88.4121.8245.2          184.0 28.6 27.2 37.3170.1           68.2 71.1 91.4234.2            6.9  9.7 58.1           10.2 60.7           79.3                            
0620520216230.7208.9 85.6187.5214.1 36.8120.2120.9157.5 62.4 70.4168.6161.9 43.8145.1          211.9 88.8191.0217.0 38.5124.0124.7161.4 65.0 73.2172.3165.7 45.8149.0           65.3161.6191.8 29.2 86.0 86.6130.3 46.1 52.6141.6134.7 31.7118.0           49.6 70.1  6.3 23.5 23.7 34.3 10.5 12.3 39.3 36.2  7.6 29.5          168.3 20.6 67.0 67.5 96.2 34.3 39.3116.5110.0 25.3 85.8           28.7 91.7 92.2137.1 49.9 56.7148.4141.6 34.4124.7            9.0  9.1 13.5  4.3  4.9 15.7 14.3  3.1 11.4           30.8 47.6 15.2 17.8 54.0 50.0 11.0 41.2           47.9 15.4 18.0 54.4 50.4 10.1 41.5           25.5 29.9 79.8 74.6 16.5 62.7            8.9 29.7 27.1  5.1 21.4           30.9 28.4  5.9 25.1           83.3 19.2 70.5           17.5 65.7           13.9                            
0620520316137.4117.6 83.0 29.5213.4190.3 74.1 96.6249.0153.4 42.7136.0 63.3 74.5 42.9           60.5 44.1 14.8158.3131.2 38.6 53.2209.2 86.5 22.4 73.3 32.1 38.8 22.5           35.0 11.3138.2111.6 30.4 42.5191.8 71.3 17.1 59.6 27.7 30.6 17.2            8.6110.1 78.2 23.2 30.3164.4 52.7 11.7 43.4 18.9 23.4 11.8           37.8 30.4  7.4 10.7 69.1 18.2  4.1 14.5  6.1  7.5  4.1          208.4 90.3126.3258.5174.0 53.9156.9 78.1 90.7 54.1           69.6 91.4245.8147.1 39.8129.8 59.3 70.0 39.9           29.1152.8 46.3 10.1 38.0 16.2 20.0 10.1          180.7 63.1 14.6 52.4 23.6 29.3 14.7          221.5 93.2208.0137.2153.3 93.5           27.8 85.4 38.8 46.6 27.9           22.0  9.1 10.2  5.8           31.6 38.2 22.1           16.3  9.1           10.2                            
0620520416114.0 10.6 16.1182.0 58.5 60.2 40.4110.2118.6 22.5 46.5 45.8 69.4196.0 71.0           16.7 25.3209.6 87.1 89.3 63.3147.4155.7 34.1 71.6 70.6110.4219.8112.5            2.3 40.6  8.1  8.4  5.3 15.8 17.9  2.9  6.2  6.1 10.1 50.5 10.4           61.7 12.2 12.6  8.6 26.6 27.0  4.3 10.1 10.0 15.3 74.8 15.8          165.2167.5135.6207.2212.5 78.8146.7145.4178.9245.2180.7           48.2 31.7 83.9 91.1 17.0 36.7 36.1 56.1180.9 57.5           32.8 86.0 93.3 17.7 37.9 37.3 57.8183.0 59.2           60.6 66.7 10.9 27.2 26.7 38.6153.0 39.7          152.0 32.5 68.7 67.7 97.0217.7 98.9           36.3 75.2 74.2115.1222.2117.1           12.8 12.6 21.4 93.6 22.1           28.0 44.5163.7 45.7           43.8162.5 44.9          193.3 68.3          194.9                            
0620520516 59.6 56.1 83.3 83.9122.6117.8 50.1 44.0122.2 29.0 33.2 89.8 18.5157.6115.9           28.1 40.6 40.9 58.8 55.8 24.4 20.9 58.6 11.7 15.1 44.5  8.4 83.7 54.6           38.0 38.3 55.4 52.4 22.6 19.4 55.1 10.9 14.1 41.8  7.8 79.4 51.3           59.3 82.4 78.5 33.6 29.3 82.1 18.2 23.7 64.1 11.7123.1 77.1           83.0 79.1 33.9 29.6 82.7 18.4 23.9 64.6 11.8123.8 77.6          116.7 49.4 43.5121.1 28.5 32.7 88.9 18.2156.5114.8           46.7 41.0116.3 26.7 30.8 84.9 17.1151.4110.0           16.9 49.2 10.5 12.3 37.0  6.9 71.7 45.7           43.3  9.0 10.6 32.4  6.0 63.8 40.1           28.4 32.6 88.6 18.1156.1114.4            6.7 20.3  3.7 39.3 26.0           26.4  4.5 49.1 30.1           13.1131.2 83.4           29.2 16.6          149.5                            
0620520612 20.4 91.0 64.9 73.0 61.3126.8 48.7110.4 24.4 47.6 21.3                               13.2  9.1 10.6  8.5 19.5  6.5 15.4  3.0  6.3  2.7                               45.7 52.1 42.9 88.3 33.5 74.9 15.7 32.7 13.8                               34.8 28.2 62.6 23.7 51.9 10.8 23.1  9.5                               32.6 70.7 27.9 59.0 11.5 27.1 10.1                               59.1 22.0 48.8 10.1 21.4  8.8                               46.9 97.5 23.3 45.8 20.4                               38.3  7.6 16.0  6.7                               18.4 37.4 16.1                                7.4  3.1                                6.6                                                                                                                                          
0620520715119.2  8.9 27.0 31.3 24.8 65.1 48.7152.5 55.1 15.9 18.3118.2 28.3 46.5                28.2 77.3 93.0 72.7165.7139.0236.8150.2 51.3 57.5213.4 79.9134.9                 5.6  7.1  5.2 15.0 10.5 42.0 12.2  3.6  4.0 27.9  5.8 11.0                21.2 15.0 43.1 31.4115.3 35.9 10.7 11.1 76.6 17.0 29.9                19.5 53.8 39.7134.6 45.1 12.5 14.4 92.2 22.2 37.8                40.1 29.1 99.4 33.3  9.8 10.2 72.0 15.6 27.7                79.6196.9 88.4 30.0 30.6164.7 44.8 76.5               172.2 68.1 20.8 24.0138.0 32.7 58.0               182.8 73.2 80.9236.2118.5168.3                24.3 27.9149.2 37.3 65.3                 7.3 50.8 10.1 19.7                56.8 11.6 22.7                79.1133.9                31.1                                                
0620520816 23.3 34.9 72.6168.7 96.8 62.7 45.4 49.0 34.5 25.1 78.9 82.9 10.9 79.6 47.1           10.9 26.6 70.8 35.1 21.9 14.8 16.1 10.8  7.7 29.8 28.6  3.8 30.2 15.4           39.1112.6 55.2 33.0 25.2 27.5 18.3 11.7 43.1 45.7  5.8 43.5 26.3          178.0115.6 69.2 50.6 54.5 38.6 28.6 86.5 90.6 12.4 87.2 52.5          205.3164.1134.9141.5111.7 74.6186.0190.6 38.0186.7138.1           92.9 70.1 75.0 54.6 37.4123.9128.9 18.7124.7 72.5           43.0 46.4 32.6 23.5 75.4 79.2 10.3 76.0 44.7           33.0 24.8 15.8 55.6 58.7  7.8 56.1 31.7           27.2 17.3 59.7 63.0  8.4 60.3 34.3           11.6 42.6 45.2  5.8 43.0 25.9           28.7 30.5  4.0 29.0 16.5           97.7 13.9 94.1 57.6           14.9 98.4 60.8           14.1  8.1           58.1                            
0620520916 40.6 23.0 29.4 27.5  8.1 15.4 10.4 48.8  5.4 30.5 38.2 40.0  5.0 29.9 20.7           98.7126.3121.5 40.6 74.7 54.8177.9 30.8137.5156.7160.6 28.1136.0 92.3           70.7 67.2 23.0 41.9 29.4124.2 14.9 79.0 94.3 97.6 13.7 77.9 53.8           80.7 29.4 51.5 36.6142.5 19.1 93.7121.2125.0 17.5 92.5 65.4           27.5 48.8 34.6137.6 17.9 89.6116.4120.2 16.4 88.4 62.1           15.4 10.4 48.8  5.4 30.5 38.2 40.0  5.0 29.9 20.7           22.0 87.3 10.1 58.2 71.0 73.8 10.2 57.3 38.4           65.1  7.6 41.7 51.8 54.0  7.0 41.0 29.7           33.6153.9172.8176.6 31.1152.4116.8           22.2 28.7 30.2  3.6 21.7 13.5          132.3136.2 20.3112.2 73.3          155.4 26.2130.8 88.0           27.7134.7 91.2           19.9 12.4           72.2                            
0620521012 47.4 61.4 12.8 16.1 28.6 34.7 14.0  8.8  6.5 11.8 23.7                              152.6 38.8 47.3 74.4 93.4 41.9 27.5 20.0 36.0 64.6                               50.8 61.3 93.2125.5 54.8 33.3 27.5 47.4 81.9                               12.8 22.6 28.1 11.1  7.0  5.2 10.3 18.7                               28.6 34.6 14.0  8.7  6.5 11.8 23.7                               56.2 24.8 13.8 10.2 20.8 36.6                               30.5 19.1 13.9 28.8 48.2                                7.6  5.7 10.3 20.5                                3.5  6.5 11.5                                4.9  9.3                               17.2                                                                                                                                          
0620521116 38.8 48.8 25.4 83.7 27.1 47.9 15.6139.8 34.2 53.8 75.8 75.4 10.0 28.4 57.0           43.5 22.1 75.9 23.6 42.6 13.7129.6 30.3 48.0 68.5 68.0  8.8 27.5 51.0           29.0 91.8 27.9 53.5 17.9149.9 38.5 59.9 83.5 83.0 10.4 32.0 63.5           48.5 13.4 28.4  8.6 81.6 19.2 29.2 43.2 42.8  5.2 15.6 31.2           51.2 90.3 31.8199.9 68.2 99.1141.6140.9 20.7 57.9114.3           30.3  9.2 85.5 20.5 31.0 45.7 45.3  5.5 16.6 33.1           17.4148.1 37.7 58.8 82.1 81.6 10.2 31.3 62.3           56.4 11.9 20.1 28.1 27.9  3.5 10.7 21.6          119.1158.7190.7190.2 35.5 94.8164.2           42.6 61.3 60.9  7.7 23.8 45.3           90.6 90.0 11.7 35.5 69.4          130.7 18.1 51.8 95.1           17.9 51.4 94.6            6.3 12.5           37.8                            
0620521212 10.7 16.3 32.9 33.1 68.6 43.5 26.8 10.1 64.0  5.1 16.3                                8.4 17.3 17.4 36.6 24.0 12.3  4.9 33.8  2.8  8.4                               26.4 26.5 56.8 35.2 20.9  8.0 52.8  4.1 12.7                               54.2111.7 69.2 40.7 16.4 96.0  8.8 26.3                              112.1 69.5 40.9 16.5 96.4  8.9 26.5                              133.9 81.6 34.9166.2 19.4 56.7                               53.2 22.7127.6 11.0 35.2                               11.7 76.5  6.4 20.8                               32.2  2.7  8.0                               17.7 52.7                                4.1                                                                                                                                          
0720320113 25.3  8.8 15.0 32.8 36.6 52.9  7.4 25.8 30.7  9.2 24.9  3.5                          23.9 39.0 80.1 87.4126.0 19.9 61.1 76.1 25.0 59.4  9.6                          14.2 31.2 34.8 50.5  7.0 24.4 29.2  8.7 23.6  3.4                          53.9 59.6 82.4 11.8 39.7 50.8 14.8 38.5  5.9                         122.4153.6 26.4 81.2 98.7 32.4 79.2 12.7                         162.4 29.6 88.5117.3 36.2 86.4 14.4                          43.4127.4148.4 52.4124.9 22.2                          20.3 27.3  7.3 19.6  2.9                          77.1 25.5 60.3  9.8                          30.4 75.2 11.8                          24.6  3.5                           9.4                                                                                                       
0720320216 41.7 43.9 12.9173.2 58.7160.1169.0 34.1 82.4220.9183.1 38.8110.1 94.6119.0           11.0  3.4 63.5 15.6 54.5 60.5  9.1 24.8123.6 71.2 10.5 29.6 27.3 33.2            3.5 66.5 16.6 57.3 63.4  9.7 26.4128.0 74.5 10.2 31.3 28.9 35.1           21.6  4.8 17.8 20.3  2.8  7.3 42.8 25.3  3.2  9.7  8.9 10.0           85.8193.5201.1 52.8125.4240.4212.4 59.5146.4140.0155.4           74.9 82.2 12.4 33.0153.1 94.9 14.4 42.7 39.5 47.6          189.8 45.0111.9233.9202.3 51.0132.6126.3141.8           50.2121.0238.4209.3 56.7142.0135.6151.1           19.6 97.9 59.7  8.4 26.4 24.2 27.0          183.8136.3 22.8 61.9 57.7 68.3          244.9117.9201.4196.3208.3           67.0157.1150.9166.0           27.5 28.1 30.9           72.4 84.4           79.4                            
0720320310 10.2  9.7 27.9 13.2 41.9 55.6 20.1 13.5 30.2                                          3.0  8.3  4.2 13.0 18.3  6.1  4.3 10.0                                          7.8  4.0 12.3 17.3  5.8  4.1  9.5                                         10.6 34.5 46.3 16.1 10.8 27.2                                         18.6 26.2  8.5  5.8 12.8                                         72.7 28.5 19.0 41.0                                         35.0 26.8 54.5                                          8.7 19.6                                         13.1                                                                                                                                                                                                                               
0720320418 28.4175.3143.1 27.2155.0214.4230.4 81.6 51.9 71.3143.8225.7155.0 86.5176.1182.0 52.6 26.3 16.7  2.8 19.7 41.9 55.0  8.7  5.0  7.3 16.9 50.6 19.7  9.4 26.6 29.0  5.1129.4 25.1141.3203.8221.5 71.2 44.4 61.8130.1216.3141.3 75.7162.8169.0 45.0 16.0 99.1174.7196.2 50.0 30.0 42.8 89.6189.7 99.1 53.5130.1136.5 30.4 18.8 40.3 52.9  8.3  4.8  7.0 16.1 48.7 18.8  9.0 25.3 27.7  4.9185.8206.0 57.0 34.6 49.0 99.7199.9120.4 61.0142.0148.4 35.1247.3119.6 73.2 96.9175.4243.8185.8125.6204.4209.4 74.0143.2 92.0129.7196.8253.9206.0149.4222.1226.3 92.9 15.6 23.5 50.4135.7 57.0 27.6 71.7 76.5 15.9 13.0 30.2 85.9 34.6 17.0 44.8 48.2  9.8 43.1122.3 49.0 25.5 62.3 66.6 13.2190.3 99.7 53.9130.8137.2 30.6199.9141.9216.8221.3 86.7 61.0142.0148.4 35.1 76.3 81.2 17.2169.8 45.4 48.8   
0720320514 73.4 16.7 59.4  7.7 37.8 44.3 49.2 10.6 27.7 10.6 30.8 65.2 18.1                     56.3161.0 28.6121.4134.9144.1 35.1 88.5 35.2 95.7169.5 59.9                     44.8  5.6 27.8 32.9 36.7  7.6 21.8  7.7 24.6 49.6 12.9                     21.7 92.9115.0124.0 27.4 72.8 27.5 79.4149.7 47.9                     12.6 15.1 17.2  3.5  9.9  3.5 10.1 24.4  6.0                     72.3 79.2 17.6 47.3 17.7 52.3110.4 29.9                     90.1 21.2 55.2 21.3 60.6123.6 35.2                     24.1 61.0 24.2 66.9132.7 39.3                     12.5  4.6 14.0 30.5  8.2                     12.5 38.9 79.4 23.6                     14.1 30.6  8.3                     86.3 26.6                     52.9                                                                         
0720320610 11.7 13.4  8.2  8.7  6.1 35.3 29.2  4.8 30.7                                         15.6  9.6 10.2  7.1 40.5 33.6  5.6 35.3                                         10.9 10.6  8.0 45.5 37.9  6.3 39.7                                          6.6  4.6 27.0 24.1  3.7 25.5                                          4.9 28.5 25.7  3.9 27.2                                         21.7 17.5  2.9 18.5                                         89.9 16.8 93.3                                         13.5 80.6                                         14.3                                                                                                                                                                                                                               
0720320718170.7 69.6195.3247.4123.2 75.6 53.8247.4210.9123.5 31.3 69.9120.4 61.2 61.1205.6130.2 48.1160.6222.2 82.6 52.8 36.4222.2177.9 82.8 22.2 48.4 80.4 41.9 41.8172.0 88.2 62.9126.2 31.2 17.5 11.4126.2 74.7 31.3  6.9 15.8 30.0 13.3 13.3 70.5 30.6240.9113.6 68.5 48.3240.9202.0113.8 30.8 63.2110.9 55.1 55.1196.5120.4179.5134.6 93.2274.7251.8179.8 58.4126.7176.7114.0113.9248.2186.5 31.1 22.5179.5130.4 51.4 12.1 31.4 49.7 26.4 26.4124.5 55.3 12.7134.6 81.0 31.1  7.6 17.6 30.0 14.8 14.8 76.5 33.7 93.2 58.1 22.6  5.2 11.5 21.7 10.7 10.7 54.6 24.7251.8179.8 58.4126.7176.7114.0113.9248.2186.5130.6 34.1 75.1127.6 65.9 65.9212.0137.5 12.1 31.5 49.9 26.5 26.5124.8 55.5  6.9 11.7  5.9  5.9 31.8 13.2 30.2 13.4 13.4 70.8 30.8 25.5 25.4121.7 53.7 11.3 62.0 29.0 62.0 29.0131.5   
0720320816193.1208.3171.1 36.8 24.1185.2 75.3133.2123.6 28.4180.7 54.3141.3 29.3141.1          231.8203.3 57.1 35.5214.6117.2170.0160.7 40.9211.1 80.7177.5 46.3177.4          217.2 70.4 44.9226.8136.4187.6179.0 51.4223.8 96.8194.5 57.8194.3           43.0 28.9196.0 85.4145.9136.3 30.2191.9 62.5154.0 34.4153.8            3.9 51.5 13.9 26.6 25.8  4.5 48.6 10.0 29.5  5.1 29.4           31.7  8.8 16.7 14.6  2.9 29.8  5.9 18.8  3.2 18.7           98.5161.2151.7 36.6204.3 73.6169.0 41.5168.8           57.2 51.2 10.3 94.2 22.1 62.5 10.8 62.4           89.8 19.7156.3 40.1115.6 22.8115.5           17.2146.7 35.6 96.7 19.9 96.5           34.4  6.8 22.1  3.6 22.0           69.9164.2 39.1164.0           44.2  7.8 44.1           25.6123.5           25.6                            
07203209 8  7.2  3.4  9.4  2.6  6.4  4.2  4.6                                                   10.3 25.9  7.1 19.1 12.1 13.3                                                   12.2  3.3  9.0  5.9  6.4                                                    9.2 25.2 15.9 17.4                                                    6.3  4.1  4.5                                                   10.6 11.7                                                    8.2                                                                                                                                                                                                                                                                                                                                        
0720321018 37.6  6.4 33.9 36.5 19.7 27.8 59.2 38.1 46.3  9.6  7.7 10.3 31.8 59.2 10.7 19.2 12.8 31.1146.7153.4 88.1121.9197.6157.1175.0 45.9 37.7 52.9141.0197.6 50.6 86.4 63.4 31.0 30.3 16.0 22.5 49.8 31.6 38.6  7.8  6.4  9.2 28.8 49.8  8.7 15.5 10.4144.2 81.1113.3189.0148.0165.9 41.6 34.0 48.1131.9189.0 45.9 79.6 57.8 86.1119.5195.2154.6172.5 44.7 36.6 51.5138.5195.2 49.2 84.5 61.8 63.6136.8 89.1114.1 24.8 19.7 29.4 76.9136.8 27.8 46.9 32.7164.1123.0140.6 31.3 27.9 36.5 98.1164.1 34.7 62.3 44.3198.7214.7 71.0 59.4 80.6183.4233.5 77.4134.7 94.4176.2 46.5 38.2 53.6142.2198.7 51.2 87.4 64.2 56.2 46.4 64.3160.2214.7 61.6112.2 76.4  9.6 12.9 39.0 71.0 12.2 24.2 16.0 10.3 31.9 59.4 10.7 19.2 12.8 45.2 80.6 14.4 28.6 19.0183.4 43.1 75.4 54.5 77.4134.7 94.4 27.1 18.0 31.9   
0720321116 40.5153.9 53.6 38.4 46.3 18.6 45.5 58.2 61.0 24.8129.6 46.7185.0  5.3 99.9          141.5 46.0 32.6 39.6 15.4 38.9 50.1 52.7 22.8117.1 39.9174.3  4.5 88.9          163.7137.5152.2 73.4150.8170.1173.8 95.2221.3152.9242.5 25.5210.3           43.7 52.5 21.7 51.6 65.4 68.5 28.5139.9 52.9193.1  6.1120.0           37.6 14.5 36.9 47.7 50.2 21.5113.0 37.9170.6  4.3 85.5           18.1 44.6 57.0 59.8 26.9127.9 45.7183.6  5.2 98.4           17.8 24.1 25.7  9.8 55.8 18.3112.9  2.3 43.9           56.1 58.9 26.3126.4 45.0182.4  5.1 97.1           73.8 31.3146.8 57.5198.3  6.8127.0           33.1150.9 60.3201.3  7.2131.2           74.7 27.2138.9  2.9 60.1          128.6235.6 17.6193.4          184.1  5.3 99.0           36.6228.1           13.1                            
0720321216 39.2 50.5 76.9  6.3 53.4  5.8 10.7 36.0 28.8 31.0 14.6 76.9 10.8 41.0 11.0          157.1196.1 25.8162.2 23.7 39.3127.2 92.2114.7 55.3196.1 43.1138.3 43.7          215.4 31.0184.3 28.7 50.6149.8122.8136.9 70.0215.4 55.2161.0 56.0           49.4219.4 45.9 77.0189.5163.3177.3112.1243.5 83.2199.6 84.1           33.0  3.7  6.3 23.5 16.4 19.8  9.3 49.4  7.0 27.2  7.1           30.5 53.6155.0127.9142.1 73.7219.4 58.4166.2 59.2            5.8 21.5 15.0 18.1  8.5 45.9  6.4 24.9  6.5           36.1 28.9 31.1 14.6 77.0 10.9 41.1 11.0           86.4 98.1 51.2189.5 39.7131.1 40.2           76.5 37.7163.3 28.9 95.5 29.3           44.4177.3 34.2118.5 34.7          112.1 16.2 57.7 16.5           83.2199.6 84.1           45.0 12.3           45.6                            
0920620116174.7 31.9118.0111.7 75.0129.6 37.2 92.1123.8 25.7 29.6126.0187.6155.4 24.2           51.3159.1152.6119.7170.8 59.2141.3165.0 38.6 47.9167.2222.0195.0 36.7           29.1 26.7 17.1 30.4  8.1 22.9 28.3  5.1  6.4 29.1 59.5 41.2  4.8           88.4 63.9114.2 30.9 79.5 98.8 20.8 26.8110.8172.6139.6 19.6           59.6 98.2 28.5 74.6 93.2 19.0 24.5 95.1166.2133.0 17.9           72.1 20.4 52.8 67.9 12.3 15.8 69.5133.1 92.1 11.6           35.5 88.8120.0 24.4 28.2122.1183.9151.5 23.0           27.3 33.1  6.0  7.5 34.0 68.2 47.8  5.6           84.1 16.4 21.1 85.9155.0121.9 15.4           22.5 29.0116.4178.3145.5 21.2            4.7 23.2 45.2 30.7  3.7           29.9 55.7 38.3  4.5          180.5147.8 21.9          206.8 42.9           29.1                            
0920620212 77.0  9.8 20.5 72.9 34.6 69.2 30.0 33.1 72.2  6.5 56.1                               17.1 34.0118.7 58.9114.2 52.1 56.8117.9 11.2 88.2                                3.7 15.8  6.8 14.6  5.9  6.5 15.5  1.7 11.0                               31.6 14.0 29.6 11.9 13.3 31.2  2.7 22.9                               55.3 99.3 48.8 53.3112.9 10.4 83.8                               52.2 23.6 23.6 54.7  4.6 41.4                               46.0 50.3 98.5 10.6 79.9                               22.5 48.3  4.0 36.2                               52.7  4.4 39.7                               10.2 83.0                                8.0                                                                                                                                          
0920620317 67.5 57.1 28.9 83.5 20.4 16.0 16.5 65.7131.4 29.2 63.7  5.5 30.7 19.5 66.6 26.9     156.7 83.1193.1 64.2 52.7 54.1169.9227.3 83.7166.9 19.0 93.8 62.0171.3 79.0      71.1178.1 54.2 44.1 45.3154.0215.3 71.6150.9 15.4 81.0 52.3155.4 67.4     111.0 27.0 21.1 21.8 81.0152.6 34.0 78.6  7.1 39.4 25.9 82.0 31.7      79.7 66.3 68.0190.6241.4111.7187.8 25.3123.8 77.2191.9 96.5      15.0 15.4 62.4126.5 27.3 60.5  5.2 29.0 18.3 63.3 25.2      12.1 51.2 98.8 21.3 49.5  4.2 25.2 14.3 52.0 19.7      52.6110.9 22.0 50.8  4.3 26.0 14.8 53.4 20.3     225.4 81.6164.2 18.3 91.6 60.3168.7 77.0     153.4223.2 38.4165.9123.3226.4147.3      79.2  7.1 39.7 26.1 82.7 32.0      17.6 89.1 58.4165.6 74.7       8.4  5.0 18.7  6.6      30.9 92.8 37.0      61.2 24.1      78.0             
09206204 7  2.4 10.6 20.5  4.6  2.1 10.4                                                         5.9 10.0  2.5  1.5  5.3                                                        45.6 11.2  4.7 23.6                                                        21.6  8.8 41.4                                                         2.1 10.9                                                         4.3                                                                                                                                                                                                                                                                                                                                                                                                    
09206205 9 10.1 24.9  8.8 16.7 24.9 49.9 76.5 24.8                                               4.7  1.9  3.0  4.7  9.9 15.9  4.6                                               4.1  8.1 12.1 24.4 40.4 12.1                                               2.7  4.1  8.7 13.8  4.1                                               8.2 16.4 26.0  8.1                                              24.5 40.5 12.1                                              75.5 24.4                                              40.3                                                                                                                                                                                                                                                                                 
0920620610 20.2  8.3  4.3 17.5 51.2 23.2 23.4 40.6 41.6                                          5.9  3.2 12.2 38.1 18.0 16.3 29.8 30.5                                          1.7  5.2 16.7  7.4  6.8 12.6 12.9                                          2.9  9.1  3.9  3.6  6.9  7.1                                         33.8 15.6 14.1 26.2 26.9                                         46.6 43.0 75.0 76.5                                         20.8 36.7 37.6                                         33.7 34.6                                         62.5                                                                                                                                                                                                                               
0920620711 34.5 30.6 28.0 82.6131.7 26.2 22.2 98.1151.0132.8                                     5.7  5.2 17.0 27.9  4.5  3.9 22.1 35.6 28.3                                     4.6 14.9 27.4  4.0  3.5 19.4 31.7 27.8                                    13.5 24.7  3.6  3.2 17.5 29.0 25.1                                    69.7 11.3 10.6 53.5 84.7 70.6                                    20.6 17.5 84.0134.3116.2                                     2.8 14.6 27.2 20.9                                    12.5 23.0 17.8                                   110.4 85.0                                   135.4                                                                                                                                                                                  
09206208 9 44.5 25.8 65.4 11.0 42.1 37.1 28.8  8.9                                              15.9 41.1  6.2 25.1 24.3 18.1  5.1                                              23.7  3.5 14.9 12.8 10.6  3.0                                              10.0 38.9 34.2 26.4  8.1                                               5.8  5.1  3.9  1.6                                              22.7 16.9  4.8                                              14.5  4.2                                               3.2                                                                                                                                                                                                                                                                                 
0920620910  5.6 15.0  6.2 10.8  5.2  2.5  7.4  6.4 15.4                                         28.3 11.5 20.6 10.5  4.3 13.8 11.9 29.0                                         31.5 51.8 26.5 11.2 36.9 32.5 73.8                                         23.2 10.7  4.7 15.5 13.4 32.3                                         19.0  8.1 27.8 24.0 52.9                                          4.0 12.8 11.1 27.1                                          5.6  4.9 11.5                                         16.0 37.8                                         33.2                                                                                                                                                                                                                               
0920621011 11.2  6.8 27.2 18.8 15.4 45.0 49.3 28.2 37.0 54.0                                     2.4  9.3  5.9  4.9 14.9 16.7  9.7 11.9 18.7                                     5.2  3.4  3.0  8.9  9.9  5.4  7.2 10.1                                    14.1 11.6 35.2 38.8 23.7 28.7 42.6                                     8.0 25.2 25.4 14.7 20.0 28.0                                    20.6 23.0 12.0 16.3 25.7                                    62.1 36.4 47.3 67.5                                    40.1 51.8 73.2                                    29.7 44.0                                    56.6                                                                                                                                                                                  
0920621116 28.2 16.8  3.9  8.6 14.9  8.5  3.8  8.2 11.5 22.9 28.7 13.0  3.6 22.4  5.7          174.7 57.8117.0165.9116.7 55.3113.4146.8195.6215.8156.1 53.0194.2 79.2           34.1 69.5120.3 69.2 32.6 66.8 92.7151.9176.2110.7 31.0150.3 48.8           17.6 30.6 17.6  8.0 16.8 26.5 44.6 58.7 30.1  7.6 43.8 11.4           63.3 36.2 16.7 34.7 51.4 86.7118.6 56.9 15.9 85.5 26.8           63.0 29.2 60.8 85.4142.8167.5 92.9 27.8141.3 44.1           16.6 34.6 51.2 86.4118.2 56.6 15.8 85.2 26.7           15.9 25.1 42.6 56.3 28.5  7.2 41.8 10.8           49.2 83.7114.9 54.6 15.1 82.5 25.4          123.7148.4 77.6 23.8122.2 35.2          196.9132.9 40.7172.8 62.6          157.7 53.9195.6 80.4           27.0131.3 39.3           40.0 10.3           61.6                            
0920621211 28.7 54.3  6.9 22.7 25.9 14.2 44.8  6.7 38.0 59.2                                    52.9  6.7 22.0 25.1 13.7 43.6  6.4 36.9 57.8                                    12.5 39.4 48.2 26.1 77.4 12.1 67.4 96.8                                     4.8  6.0  3.2 10.9  1.8  9.0 14.0                                    19.6 10.6 32.1  4.6 26.9 43.3                                    12.2 39.6  5.8 33.4 52.8                                    23.1  3.1 18.9 28.9                                    10.6 56.3 83.4                                     8.7 13.6                                    73.0                                                                                                                                                                                  
