0420410114 43.8 17.6  4.2 10.6  5.4 38.7 32.1 23.9 33.4 21.3  7.8 24.8 45.8                     82.0 23.3 51.7 27.5155.4140.0110.3143.3 93.2 39.5112.7169.2                      8.8 21.5 10.4 74.0 63.0 44.8 65.2 40.7 15.6 46.2 85.0                      5.0  2.8 20.2 16.3 10.8 17.1 10.6  3.8 11.1 24.6                      6.4 45.9 38.2 29.2 39.7 26.0  9.5 27.1 54.0                     26.6 21.4 14.1 22.4 12.6  4.8 14.6 28.9                    129.7 91.5133.0 84.6 34.8 93.6159.2                     79.0117.8 72.7 28.8 80.9143.9                     81.5 52.5 21.1 59.2114.0                     75.1 30.0 83.5147.2                     18.8 54.0 96.4                     21.9 41.3                    116.4                                                                         
0420410213 48.4 62.9117.1 51.8 20.4133.5 27.7 29.0 79.2 30.4 88.5122.2                          23.7 42.7 18.6  6.8 51.6 10.1  9.5 28.9 10.1 33.3 45.4                          56.0 25.8  9.3 66.7 12.6 11.8 38.6 13.9 44.2 59.2                          45.8 17.6122.6 26.6 24.9 71.1 29.5 79.9111.6                           7.4 55.1 10.9 10.3 31.1 11.0 35.8 48.6                          22.0  3.9  3.7 11.4  4.2 13.3 18.9                          29.7 28.1 83.6 32.6 93.2127.8                           5.2 17.0  6.1 20.0 28.6                          16.0  5.7 18.7 26.8                          18.9 57.0 74.9                          22.1 28.4                          83.9                                                                                                       
0420410313 84.3 22.0  8.6 86.3 19.1 17.1 30.0 23.3 50.4 35.7 27.9 10.8                          66.9 30.5193.4 59.9 54.7 90.5 69.7142.8113.2 85.8 34.0                           6.4 68.6 14.0 12.5 24.5 17.0 38.5 29.8 22.6  8.0                          28.3  5.6  5.1  9.5  6.8 15.6 10.5  8.8  3.3                          61.5 56.2 92.6 71.5145.3115.6 87.8 35.0                          10.9 21.2 14.8 34.1 25.9 19.6  7.0                          18.9 13.2 30.8 23.1 17.5  6.3                          25.9 54.9 39.1 30.6 10.9                          40.4 28.3 23.9  8.4                          64.2 51.5 19.7                          36.5 13.2                          10.1                                                                                                       
0420410414 27.7134.5 74.3 35.2 72.4 23.4 57.5121.0 17.9 29.2 85.7 56.5 14.4                     57.6 29.9 13.4 28.9  8.7 23.9 49.6  6.8 10.9 35.6 23.4  5.5                    140.7 70.9138.1 46.0116.3183.5 36.6 60.4155.5114.7 30.0                     37.8 77.0 25.4 61.4127.1 19.5 31.5 90.7 60.4 15.6                     36.7 10.3 28.1 61.6  8.7 14.2 44.9 27.6  7.1                     24.5 59.7124.5 18.8 30.5 88.5 58.7 15.1                     18.2 39.3  5.3  9.2 27.9 17.8  4.4                     93.9 14.0 25.4 71.5 46.0 11.2                     31.1 52.1141.8 92.6 28.0                      7.2 23.7 13.7  3.6                     37.5 24.9  5.8                     70.4 19.0                     11.0                                                                         
0420410515 43.0 16.5 18.8170.6 79.2194.3162.1 17.2 38.8 84.0 57.0 94.5 86.5 74.5                 6.8  7.7 92.5 35.5128.3 85.0  7.1 16.5 38.2 26.3 44.5 39.6 32.9                 2.9 39.0 13.2 53.9 34.9  2.7  6.1 14.3  9.4 17.1 15.0 12.1                43.7 15.1 60.0 39.2  3.0  6.9 16.4 10.7 19.6 17.1 13.8               155.7237.5219.0 40.6 85.5161.4125.0173.2164.3149.7               181.2146.9 13.8 31.9 71.8 47.6 81.5 74.0 63.1               233.6 56.0120.0186.3152.2196.6188.8175.7                36.3 78.3152.7116.2164.8155.7140.9                 6.3 15.0  9.8 17.9 15.7 12.7                34.4 23.3 40.2 35.7 29.5                51.0 86.3 78.6 67.3                58.8 52.8 44.2                88.8 76.7                69.5                                                
0420410615 28.0 30.2 87.0 93.0125.7 53.5 30.0 33.2  7.6115.2 37.1154.5 13.7 16.3                22.2 63.9 69.0 87.9 37.3 22.0 24.7  5.1 79.3 28.1124.7  9.9 10.6                68.2 73.5 93.0 40.2 24.0 26.9  5.5 84.1 27.3130.6 10.7 11.6               169.4190.6117.3 67.8 73.7 18.2181.6 80.7212.3 32.2 37.5               196.4124.3 73.1 79.3 20.2187.7 86.5216.9 35.2 40.9               148.2 92.5 99.4 25.7206.5118.0230.4 47.2 54.4                39.9 44.0 10.4137.7 48.9175.9 18.9 22.5                26.7  5.5 83.7 27.2130.1 10.6 11.5                 6.1 90.3 30.1138.0 10.8 12.8                24.5  6.9 37.2  2.7  3.1                97.9224.8 41.6 48.1               146.9 12.3 14.6                65.7 74.7                 5.3                                                
0420410716 72.3 92.2 77.9 23.9 30.7 90.9 21.9 98.6 30.2 61.9 33.0129.4 50.2 39.5 24.3           99.1 84.2 26.6 30.6 97.8 24.4116.3 30.2 67.3 36.3137.7 54.9 43.3 27.1          116.4 33.1 41.2132.8 30.6142.2 40.6 86.4 48.4164.5 71.6 57.4 33.6           29.4 33.5114.9 26.9123.9 33.0 72.7 39.6145.7 59.5 47.2 29.9            9.6 32.5  7.1 36.1  9.5 21.8 10.5 46.0 16.9 12.8  7.7           40.5  8.9 44.8 11.0 28.0 13.4 56.6 21.7 16.4  9.8           30.0140.6 39.9 85.2 47.6162.9 70.5 56.4 33.0           33.4  8.7 20.0 10.6 42.7 15.5 11.8  7.2           44.2 92.7 52.6172.4 77.1 62.1 36.6           27.6 13.2 55.9 21.3 16.1  9.7           30.4122.3 46.5 36.5 22.2           65.8 26.2 19.8 10.7           94.1 77.0 46.6           32.2 17.2           13.0                            
0420410812 71.5 10.5 26.1  7.7 18.5 36.7 11.6 67.0 24.7 81.6 10.6                               35.2 74.5 26.6 57.3113.7 38.5167.0 71.6185.7 35.6                               11.0  3.6  8.7 17.8  5.6 32.6 10.5 41.3  5.2                                8.1 19.5 38.5 12.2 69.9 26.1 84.8 11.2                                5.9 11.8  3.9 24.4  7.7 28.6  3.6                               28.4  9.6 53.4 18.5 66.1  8.8                               19.7 97.9 36.8126.8 18.0                               35.7 11.6 45.0  5.7                               67.1179.8 33.0                               81.7 10.6                               41.7                                                                                                                                          
0420410913138.0112.7 96.7 27.2 62.9 70.5 40.8 73.2 50.9 23.0146.1166.0                          78.3 73.2 18.0 45.2 51.3 28.5 53.5 36.0 15.3117.4137.6                          55.5 12.5 33.1 37.8 22.2 39.5 26.1 10.7 84.7112.3                          11.4 30.4 34.8 20.2 36.4 26.4 10.7 79.4 96.3                           7.0  8.1  4.3  8.5  5.5  2.5 20.2 27.0                          21.6 11.0 22.8 14.2  6.0 49.7 62.6                          12.7 26.6 16.6  6.9 56.2 70.2                          13.4  9.3  3.8 31.5 40.6                          17.4  7.2 58.5 72.9                           4.7 39.8 50.7                          17.1 22.9                         145.6                                                                                                       
0420411011 23.7 44.6 30.1 39.3 29.6 52.6 23.4 11.1 20.5 97.4                                    15.9 10.2 13.7  9.9 19.4  7.9  4.0  7.0 38.5                                    22.6 27.6 19.8 37.5 15.7  8.3 13.8 73.8                                    19.5 12.7 27.6 10.1  5.5  9.8 52.0                                    17.1 33.0 13.6  7.3 11.9 66.0                                    24.2  9.8  4.9  8.6 46.5                                    19.2 10.1 16.8 85.1                                     4.0  6.9 38.2                                     3.6 20.8                                    34.0                                                                                                                                                                                  
0420411111 11.2 28.1 12.1 73.8 20.2 34.8 17.3 36.9 83.4 15.3                                     8.2  3.6 23.3  5.5 10.4  4.8 10.0 27.7  4.3                                     8.9 53.1 13.3 26.0 11.4 27.8 60.8 10.1                                    25.2  5.9 10.2  5.1 10.8 29.9  4.6                                    36.8 64.3 32.0 67.6144.0 28.7                                    16.9  8.3 18.0 42.6  7.4                                    14.5 31.4 73.1 12.8                                    15.4 37.2  6.4                                    76.7 13.7                                    33.4                                                                                                                                                                                  
0420411214 23.1 28.2  9.1  4.1 48.5 22.6 22.4 29.6 17.4  8.3  5.9 24.4 45.1                     69.7 26.6 11.3125.1 58.7 58.3 72.2 47.5 24.3 16.9 62.5118.9                     29.0 13.8139.6 68.4 68.0 83.2 55.9 29.7 20.6 72.7133.3                      4.7 54.4 26.0 25.7 30.3 20.0  9.5  6.7 28.2 50.7                     28.6 11.1 11.0 14.4  9.5  4.3  3.3 12.0 26.2                    123.3122.7143.0 95.5 50.6 37.1129.1185.8                     57.2 70.9 46.5 23.7 16.5 61.3117.1                     70.4 46.2 23.5 16.3 60.9116.5                     58.0 27.9 21.6 75.2136.6                     18.3 12.8 49.8 90.2                      6.2 25.7 47.1                     17.8 34.4                    122.9                                                                         
0520410116 31.6 28.8 32.5  4.9 35.6 27.0 24.0 32.1 16.6  8.2  9.5 45.2  4.3 51.4 46.5          114.6124.2 21.5131.6 99.6 86.0123.0 66.0 33.2 37.9151.8 18.7162.9154.2          116.9 19.4124.3 93.3 80.1115.8 61.0 30.3 34.7144.3 16.9155.5146.8           22.2134.0111.9 87.9125.4 67.7 34.2 39.0154.2 19.3165.2156.5           24.6 18.0 14.4 21.8 10.1  5.1  5.9 29.0  2.9 33.3 29.9          119.2 94.2132.9 73.1 37.4 42.7161.6 21.4172.5164.0           76.1110.8 57.7 28.4 32.6139.2 15.7150.4141.6           87.0 48.1 25.4 29.6123.0 12.6134.1125.3           66.9 33.7 38.5153.0 19.0164.1155.4           17.6 20.5 88.9  9.7 98.3 90.8           10.0 47.4  4.5 53.8 48.7           53.7  5.2 60.7 55.2           28.3191.0183.1           29.4 29.2          193.1                            
0520410214 60.7 41.4 30.3 15.1 90.8 39.2 66.1 38.0 10.7  8.1 76.7 28.2 36.0                     68.0 51.5 28.2142.3 64.8111.0 63.0 19.8 13.4125.0 43.7 60.1                     34.7 17.6 99.9 44.6 73.9 43.2 12.4  9.4 85.2 29.1 41.0                     12.3 79.1 32.8 56.4 31.7  9.6  6.7 66.0 22.9 30.1                     41.7 16.5 28.1 15.9  4.5  3.3 33.7 10.2 14.9                     96.0150.2 93.8 30.7 23.6164.0 68.5 90.2                     70.5 40.9 11.6  8.8 81.5 27.4 38.8                     68.6 22.1 15.0132.9 48.1 65.6                     11.2  8.5 79.4 26.6 37.6                      2.6 27.2  8.0 10.6                     18.4  5.6  8.0                     56.7 76.1                     27.9                                                                         
0520410317 21.8 13.5  5.5  2.7  6.8 80.6 96.8 17.1 18.9 95.2 29.3  8.0 10.1 24.6 87.0 29.6      64.2 26.7 12.1 32.7207.6220.7 76.3 82.0219.6127.3 38.1 46.9 97.4213.2128.1      18.4  8.4 23.1180.0196.6 53.0 57.6195.2 86.4 27.6 31.1 70.2187.0 87.0       3.4  9.1 98.7127.6 23.3 25.8125.9 38.5 10.8 12.4 29.7116.2 38.9       4.0 51.5 64.0 10.5 10.6 62.8 18.2  4.7  5.8 13.6 56.4 18.5     124.1143.5 26.2 28.8141.8 46.6 12.2 15.6 36.3132.0 47.0     261.9194.2200.0261.6226.5136.5153.7213.5260.0226.9     209.2214.2264.4236.5155.8172.4225.8263.1236.8      68.8207.9110.4 30.7 38.1 82.9200.5111.2     213.0117.5 33.7 41.6 88.9206.0118.2     235.7154.0170.7224.7262.8236.0      53.8 65.2135.7230.8157.1      18.5 42.2144.3 54.3      51.7161.4 65.7     218.7136.5     231.2             
0520410416 21.7 25.4  8.1 20.3 10.9  3.1 14.3 31.2 10.6 32.6  2.8 32.4  9.7 44.0  9.4          136.9 54.0121.6 68.4 23.2 88.7160.0 66.8163.2 19.8162.9 62.3185.7 60.6           60.9132.3 76.4 27.0 97.9170.2 74.7173.4 23.1173.0 69.9194.8 68.1           51.2 27.3  8.6 38.0 77.9 26.6 80.6  7.5 80.3 27.0111.3 26.1           65.1 21.7 84.9155.5 63.5158.8 18.6158.4 59.2181.7 57.6           10.5 49.1 95.5 34.9 98.5 10.0 98.1 32.2132.4 31.2           15.2 33.0 10.2 34.4  2.9 34.3 10.3 46.4 10.0          130.6 47.8134.0 13.0133.6 44.4158.3 43.0           93.6193.8 28.7193.5 88.3212.3 86.2           96.6  9.7 96.2 31.3130.2 30.3           30.0196.3 91.1214.6 89.0           29.9  8.9 40.7  8.6           90.8214.4 88.7          123.9 28.0          121.4                            
0520410518223.8116.8197.5114.5255.1136.4147.6173.8135.8 32.4144.3 31.6130.9165.3 88.0224.5 60.1133.5210.2131.2258.9153.2164.1188.9152.6 39.9160.9 38.9147.7181.0112.7233.6 72.0 88.2 33.1204.2 43.4 49.6 67.1 43.1  9.1 47.7  8.9 40.6 60.8 26.1134.6 17.1 86.3249.2115.8126.8153.9115.2 27.5123.5 26.7110.4144.9 71.5211.0 47.4202.5 42.3 48.3 65.5 41.9  8.8 46.4  8.6 39.5 59.3 28.1132.3 16.5218.1225.0238.9217.7 92.0223.0 90.4214.5234.7187.1259.1152.4 62.0 82.2 54.4 10.9 59.8 10.6 51.4 75.1 33.6154.3 22.6 91.4 61.6 12.7 67.5 12.4 58.3 83.9 38.5165.2 26.6 81.7 18.6 88.6 18.1 77.8117.8 53.2189.8 34.1 10.8 59.4 10.5 51.0 74.6 33.3153.7 22.5 12.1  2.5 10.1 16.4  6.9 40.4  4.3 11.8 56.2 81.2 37.0162.0 25.3 10.8 15.9  6.7 39.5  4.2 70.9 31.3148.8 20.9 47.9182.0 30.4113.7 12.7 72.8   
0520410613 46.5 19.1 65.4 12.7141.2 94.5 26.7111.5 50.1 43.0 99.7 22.7                          10.4 36.4  7.0 83.9 56.4 13.0 61.6 26.9 25.0 60.3 11.1                          14.3  2.8 35.9 24.2  5.2 27.1 10.3  9.5 26.4  4.5                          10.5120.9 77.8 20.0 84.2 39.3 33.5 82.6 17.0                          27.5 16.0  3.6 17.9  7.6  6.4 17.4  3.2                         157.9 47.6165.6 89.1 78.7163.7 41.6                          30.0128.1 60.5 52.4126.1 28.8                          33.1 14.2 11.9 32.3  6.0                          66.0 57.3134.0 28.7                          27.4 64.6 12.2                          56.1 10.2                          28.0                                                                                                       
0520410715 22.8  4.4 28.8  7.0 21.1  9.1 92.5 17.0 22.9 42.4 17.6 10.6 34.1  6.8                15.3 84.9 25.7 67.6 30.3206.1 56.8 71.8132.1 58.4 34.7113.7 24.9                19.3  4.9 14.2  6.3 69.5 11.5 15.4 29.9 11.9  7.2 26.0  4.8                29.2 80.4 37.3220.7 68.3 85.1150.0 70.1 42.6130.9 31.5                23.9 10.3110.3 19.2 25.8 47.0 19.8 10.8 37.9  7.6                28.3201.2 53.5 67.8126.5 55.0 32.5 98.5 23.1               130.6 25.2 30.4 58.9 26.1 14.2 48.0  9.9               185.8206.4248.3188.3142.1236.7 98.1                57.0110.4 45.8 29.4 84.8 18.5               132.4 58.6 34.8113.9 25.0               112.9 66.4172.3 45.6                30.5 86.9 19.2                54.4 10.5                36.8                                                
0520410817 48.3 22.5153.1 31.4 15.6 18.5174.8 31.0 35.9 52.0 88.0 54.6 71.9 31.2 44.6 19.4      28.1170.6 34.5 19.4 23.0191.8 34.1 43.4 62.1112.3 65.1 84.6 34.3 53.6 24.1      89.6 15.4  8.6 10.1118.1 15.2 19.9 30.7 50.4 32.5 39.9 15.3 25.5 10.6     122.6 68.2 77.6276.2121.7143.0177.6227.0182.3208.4122.2163.1 80.3      10.7 12.6143.8 21.0 27.7 37.3 65.9 39.3 52.8 21.2 31.7 13.2       7.2 83.5 10.6 13.8 21.2 36.7 22.5 31.8 10.6 17.7  7.5      94.2 12.5 16.3 25.1 42.6 26.6 33.5 12.6 20.9  8.7     142.9164.7198.4243.3202.8226.8143.4184.5 97.2      27.3 36.9 65.3 38.9 52.3 20.9 31.4 13.1      46.8 80.3 49.2 65.2 27.5 40.0 17.1     118.9 69.7 90.0 37.1 57.6 26.3     123.4150.7 65.6 95.9 44.3      93.8 39.1 60.4 27.9      52.6 78.9 34.9      31.6 13.1      21.9             
05204109 9 17.7 47.1 31.2 17.8 28.8 17.7  7.9  9.3                                              24.8 15.4  8.6 14.0  8.6  3.7  4.3                                              41.8 25.0 38.7 24.9 10.9 11.8                                              15.5 25.4 15.4  6.9  8.2                                              14.1  8.6  3.7  4.3                                              14.1  6.3  7.5                                               3.7  4.3                                               2.2                                                                                                                                                                                                                                                                                 
0520411016  4.5 14.5 32.1 32.0 13.2 15.1 68.4 44.6 42.5 19.5 35.2 97.1 27.3 43.3 16.7            4.5 10.5 10.5  4.2  4.7 23.4 13.8 13.1  5.9 10.6 33.7  8.0 13.4  5.1           32.5 32.3 13.3 15.3 69.1 45.1 43.0 19.7 35.6 97.9 27.7 43.8 16.9           69.3 29.7 33.6138.8 91.3 87.9 42.1 75.2175.7 55.8 89.1 36.9           29.6 33.4138.4 91.0 87.5 41.9 74.9175.4 55.5 88.8 36.7           13.8 64.0 41.4 39.4 17.9 32.5 91.6 25.0 40.1 15.3           71.1 46.6 44.4 20.5 36.8110.3 28.7 45.2 17.6          167.3163.1 85.8146.6232.9117.8164.6 76.9          123.3 57.7 97.8202.1 74.7124.8 50.9           55.1 94.2198.3 71.6120.6 48.5           46.0129.2 32.9 56.0 22.8          183.2 60.5 95.5 40.3          154.6199.7117.9           72.7 28.6           49.3                            
0520411110 11.5 72.7 16.1  5.6 28.0 15.9  7.3 17.4 32.9                                         46.6 10.1  3.4 15.7 10.0  4.4 10.9 21.2                                         61.1 23.8 90.3 60.7 28.5 65.0119.0                                          4.5 22.1 12.6  5.9 13.8 26.7                                          7.4  4.5  2.3  4.8  9.9                                         21.9  9.9 24.0 43.2                                          5.9 13.7 26.5                                          6.4 12.0                                         28.7                                                                                                                                                                                                                               
0520411216 20.9 45.4 42.6 41.0182.0 79.1 65.3 10.4163.2 35.0146.5 63.0  9.3 91.0 26.6           19.9 18.4 17.6114.6 35.4 28.0  4.5 86.4 14.7 72.7 26.9  3.8 42.4 10.8           40.9 39.3179.1 76.4 62.9 10.9160.0 33.6143.1 60.7  8.9 88.2 25.4           36.8174.3 72.4 59.3 10.1154.9 31.4137.9 57.2  8.3 83.8 26.1          171.5 70.0 57.2  9.7151.8 30.1134.7 55.2  7.9 81.2 25.0          216.6204.4 65.0249.1159.7244.3202.1 55.0224.8138.5          113.2 20.3202.7 61.1189.3110.1 16.4145.7 47.6           15.6188.4 49.5173.4 84.5 12.6127.5 38.1           51.4  8.2 41.8 14.9  2.3 25.1  6.1          139.4237.1185.7 43.0212.7118.0          122.2 47.6  6.7 71.4 20.8          170.5 34.7200.7 92.2           12.0124.3 36.6           20.2  5.0           56.4                            
0820410113  6.5  3.7 20.6  5.2 37.7 20.8 23.0 16.0 24.1 16.2 20.7 31.8                           3.3 17.5  4.5 32.7 17.7 19.5 13.7 20.4 13.7 17.6 27.5                          10.2  2.7 19.5 10.3 10.3  8.0 10.7  8.1 10.2 16.0                          13.7 89.4 51.5 55.6 41.4 57.8 41.7 51.3 78.3                          26.2 13.8 15.2 10.7 16.0 10.8 13.8 24.0                          89.9 95.7 75.2 98.6 75.5 89.7136.7                          56.1 41.8 58.2 42.0 51.7 78.8                          45.3 62.8 45.6 55.9 84.3                          47.2 33.5 41.6 65.1                          47.4 58.0 87.0                          41.8 65.5                          78.6                                                                                                       
0820410213 77.9 28.5 61.7 15.9 32.8 10.8 18.7 33.2 24.7 27.2 13.1 15.5                          78.7160.6 49.5 94.6 32.3 56.9 95.3 70.9 76.1 42.1 48.6                          62.4 16.1 33.2 10.9 19.0 33.6 25.1 27.6 13.3 15.7                          38.1 76.2 26.8 44.1 76.8 55.7 60.1 32.2 37.4                          20.8  6.3 10.6 21.0 14.0 15.3  8.3  9.7                          12.8 24.6 42.2 29.3 31.9 17.2 20.3                           7.3 12.9  9.5 10.4  5.3  6.2                          24.9 16.5 18.1  9.7 10.4                          29.6 32.2 17.4 20.6                          23.9 11.6 13.7                          12.7 15.0                           8.1                                                                                                       
0820410313 60.9 46.6 60.9 44.8 41.9 11.8 10.2 68.5 14.2 10.0 56.4 17.6                          91.1123.3 88.3 83.6 28.6 22.2134.4 30.5 21.6116.3 36.9                          91.1 69.7 65.6 20.5 15.9110.7 24.7 15.5 85.2 27.5                          88.3 83.6 28.6 22.2134.4 30.5 21.6116.3 36.9                          63.3 19.6 15.2 97.7 23.5 14.8 82.5 29.2                          18.1 14.1 92.7 21.7 13.7 78.0 26.9                           4.1 29.7  6.0  4.0 25.9  7.3                          25.8  4.8  3.3 20.1  5.8                          35.0 25.2127.2 42.1                           4.7 27.9  8.7                          19.6  5.7                          33.8                                                                                                       
0820410416 35.8156.1160.1129.4136.9 31.9173.7150.7 73.7 19.0 51.7 28.0 17.7 77.4 57.6           66.5 69.3 49.8 54.2 10.8 79.6 62.8 29.6  6.4 18.7  9.3  6.0 28.3 21.4          210.0183.6190.4 60.2220.4202.3132.0 35.3 90.7 49.1 33.1136.8 99.0          187.3194.0 62.8223.2205.7136.0 37.0 94.1 51.3 34.8140.9112.8          165.3 44.7199.5178.6 96.4 28.1 70.1 36.0 26.2110.7 77.4           48.7205.8185.6113.2 27.9 75.6 39.3 29.0117.9 83.2           72.5 56.8 26.0  5.7 16.5  8.2  5.4 27.8 18.8          216.5149.9 43.6116.7 59.8 41.0154.8126.3          126.6 33.1 86.3 46.1 31.0131.4 94.4           13.7 39.2 20.2 12.8 60.4 44.0            9.7  4.6  3.2 14.7 10.0           12.8  9.1 41.5 29.5            4.3 21.6 14.6           13.7 10.3           46.5                            
0820410514 65.2 29.1 47.6 38.4140.4 29.1 51.3154.1 56.4 18.8 68.6 54.7 50.2                     18.2 28.7 24.9 89.4 16.3 31.2110.9 34.6 10.7 42.9 33.4 30.5                     12.4 10.7 42.6  7.2 13.6 49.6 15.2  4.9 19.5 14.7 13.3                     16.9 67.4 11.2 23.7 77.1 26.7  8.1 30.5 25.7 23.1                     55.2  9.6 18.5 63.8 20.7  6.4 26.6 20.0 18.0                     38.8 72.2186.4 78.7 29.0 93.5 76.5 70.8                     12.2 45.2 13.7  4.5 17.5 13.2 11.9                     82.4 29.2  8.8 33.1 28.1 25.3                     89.3 30.9115.7 87.0 80.9                      9.8 36.7 28.4 28.5                     11.4  9.5  8.6                     35.5 32.3                     27.4                                                                         
0820410616 39.0 29.3 94.3145.9 63.4 19.9 82.6 21.6 64.0 91.8148.2135.5 71.9 35.9 64.3           10.2 37.8 61.0 25.2  7.0 31.9  7.6 25.5 36.5 62.5 54.6 29.7 12.8 25.6           28.3 46.8 18.2  5.3 26.0  5.6 18.4 30.3 48.1 41.7 21.5 10.3 18.5          143.0 61.5 19.2 80.5 20.8 62.2 89.5145.4132.7 69.9 34.8 62.4           93.6 30.4128.6 32.7 94.4140.1187.9175.8114.6 56.6 94.8           11.2 52.7 12.1 39.5 59.6 95.6 85.2 45.0 22.9 39.7           15.9  3.8 11.3 18.4 31.3 29.7 13.1  6.4 11.4           17.2 53.3 78.2130.9118.5 60.2 29.3 53.5           12.2 20.0 33.6 28.9 14.2  6.9 12.3           60.3 96.4 86.0 45.5 23.2 40.1          142.4129.7 67.8 33.6 60.5          178.1116.9 58.0 96.8           95.3 50.6 86.3           27.0 45.7           23.3                            
08204107 8  5.2  5.6  9.7 39.8 18.2 23.5  7.1                                                    2.1  3.1 13.5  5.9  7.5  2.5                                                    3.4 14.6  6.4  8.1  2.6                                                   26.4 10.2 13.1  4.2                                                   45.0 55.1 19.0                                                   24.5  8.2                                                   10.4                                                                                                                                                                                                                                                                                                                                        
0820410814 27.7 26.2 10.2 26.0  4.3 17.4 20.3 39.5 43.1 39.8 15.3 24.7  4.1                     67.6 28.4 72.5 12.4 49.1 55.6 99.7116.6110.2 44.1 64.6 11.8                     27.1 69.8 11.7 47.1 53.3 96.5113.1 97.0 42.2 62.1 11.2                     29.5  4.8 20.1 23.4 44.6 48.5 44.9 17.6 28.5  4.6                     12.9 50.9 57.5112.6119.6113.2 45.7 66.8 12.3                      8.7 10.1 20.7 22.9 20.9  7.7 11.1  2.3                     37.9 73.4 78.9 73.8 29.6 44.8  8.3                     81.7 87.5 82.2 33.9 50.8  9.6                    152.5146.0 66.6 92.9 19.7                    153.0 71.8 99.1 21.8                     67.0 93.4 19.9                     40.1  7.3                     10.5                                                                         
08204109 9 25.3 12.4 35.9 26.5 47.1 67.1 62.7 14.1                                               3.1  9.2  6.6 11.4 17.9 16.4  3.4                                               4.3  3.2  5.7  8.8  8.1  2.0                                               9.6 16.9 26.8 24.4  4.8                                              12.0 18.9 17.2  3.6                                              32.1 29.6  6.5                                              43.9 10.0                                               9.2                                                                                                                                                                                                                                                                                 
0820411011 48.6 24.0 17.8 29.1 15.6 66.3 43.9 10.2 29.2 14.5                                    29.5 21.8 35.0 19.1 77.3 52.1 12.5 31.7 17.8                                    10.0 16.3  8.8 37.6 26.1  5.9 14.6  8.2                                    12.2  6.6 28.9 19.3  4.5 10.9  6.2                                    10.7 48.8 31.4  7.8 19.8 11.0                                    28.1 16.9  4.0 10.5  5.5                                    70.7 18.3 44.4 26.2                                    11.1 28.4 15.8                                     7.0  3.8                                     9.9                                                                                                                                                                                  
0820411118 37.5 79.6130.5148.6 45.7162.7 59.7174.8152.7126.0197.6 44.1 61.5 48.6129.2 46.6187.2 14.5 26.1 32.9  8.2 34.6 10.1 39.5 31.0 24.7 50.7  7.9 10.4  8.7 25.7  8.3 45.2 54.1 65.1 18.2 74.4 25.0 83.2 67.7 51.6112.0 17.4 26.0 19.5 53.4 18.6 92.9110.3 32.9123.4 39.4135.2114.1 82.2158.6 31.5 40.7 31.6 84.7 30.2147.7 36.3141.3 47.9153.5131.6 96.5177.0 35.0 49.5 38.7 99.2 37.0166.1 42.2 12.6 48.1 37.9 31.0 61.1  9.7 13.0 10.9 32.3 10.4 54.8 55.4167.5145.4119.0190.6 40.8 57.1 45.0122.2 43.1180.0 62.6 50.0 37.5 78.4 12.1 17.9 13.5 38.8 12.9 70.7157.6130.7202.1 46.4 64.5 51.1133.9 49.0191.8 99.8181.0 36.6 51.6 40.5112.9 38.7170.2154.0 29.8 38.7 30.0 81.2 31.7143.0 59.1 80.6 64.8157.3 62.3213.5 12.5 10.5 31.0 10.0 52.9 14.0 40.1 13.3 72.8 31.2 10.1 58.1 33.1146.3 55.8   
0820411216 28.9 15.0  6.0 43.0  2.9 28.5 24.2 41.9 56.2 20.5 53.7 33.4 36.9  6.7 47.7           52.7 23.2131.2 10.1 91.1 75.3129.1152.8 67.0149.2111.6119.3 26.2139.4           10.7 74.4  5.3 52.1 41.2 72.8 92.7 35.9 89.4 59.9 65.4 12.0 81.1           32.1  2.3 22.9 17.2 31.2 42.6 14.6 40.6 24.6 27.4  4.9 35.8           15.8130.2111.3159.0180.4 91.7177.2141.9149.5 35.6168.6           10.9  8.3 15.4 22.1  7.1 20.8 11.8 13.3  2.5 18.0           74.6128.1151.9 66.3148.2110.6118.3 25.8138.5           99.4133.2 53.3129.4 84.1 90.8 19.3119.5          178.7 89.9175.4139.8147.5 34.6166.7          122.3194.7163.0170.1 47.0187.2          118.6 75.3 81.6 16.4 99.0          159.5166.7 44.9184.2          130.0 27.4150.0           30.4157.5           39.6                            
