0620420112 79.4 57.5143.1163.0 19.3117.3148.8 37.1117.5 42.0 31.0                               20.2 57.5 72.4  6.0 42.1 61.5 11.9 42.2 13.7 10.7                               40.2 51.8  4.1 28.7 43.2  8.5 28.8  9.8  7.0                              134.2 12.4 81.1119.5 25.1 81.3 28.7 22.7                               16.9 98.7140.0 33.0 98.9 37.5 27.5                                9.4 13.5  2.7  9.4  2.9  2.3                               85.9 19.0 61.6 22.0 15.4                               27.2 86.1 31.0 24.8                               19.0  5.9  4.3                               22.0 15.5                                4.9                                                                                                                                          
0620420211 11.6  3.0  5.6 26.5  8.7 10.4 13.6 10.7  1.6  9.5                                    18.3 32.4122.0 47.7 58.7 71.1 55.9  7.1 50.9                                     8.6 39.1 12.4 16.3 21.5 15.2  2.0 13.5                                    68.0 23.0 29.3 37.1 27.6  3.3 24.8                                    91.0115.5130.8111.7 16.3 95.3                                    43.5 53.9 41.2  4.9 37.2                                    65.7 51.2  6.3 46.5                                    62.7  8.2 57.4                                     6.0 44.1                                     5.3                                                                                                                                                                                  
0620420316 21.7  4.1 53.6 30.2 82.8 17.8 13.9 40.9  7.4 27.0  2.9 74.1  9.1 15.3  4.8           27.2192.4147.5223.0 92.8 78.6171.6 43.5138.7 17.1215.7 52.4 83.8 28.8           63.8 36.7 96.0 22.2 17.4 49.3  9.1 33.0  3.4 86.6 10.3 19.0  5.9          216.9257.3179.7163.2232.0 99.9210.7 43.9254.1125.6169.5 72.6          240.3133.1115.8199.7 62.5170.1 26.8234.9 74.0122.3 42.6          213.4200.2250.3150.8236.1 69.7263.8166.6205.4117.4           67.8157.8 36.6124.3 14.0205.2 44.4 72.6 26.4          140.4 29.4 97.6 11.0191.0 36.0 60.3 20.6           80.7192.5 33.2246.1 93.9147.0 56.7           56.7  5.9139.7 19.4 32.0 10.7           23.7230.2 67.6113.7 38.4           61.9  7.3 12.0  3.9          155.7196.5 97.0           39.0 12.2           22.6                            
0620420411 79.7 88.3 31.0149.5166.0 47.2 19.2110.1 45.3 60.0                                    28.7  9.4 56.5 68.8 13.9  5.3 34.4 13.2 18.8                                    10.9 63.6 76.7 16.2  6.1 39.3 15.4 21.9                                    22.0 25.7  4.9  2.1 12.1  4.7  6.5                                   135.8 31.6 12.0 73.8 30.3 41.1                                    39.6 15.6 88.0 38.0 50.9                                     2.9 19.8  7.4 10.4                                     7.4  2.8  3.8                                    18.9 27.0                                     9.9                                                                                                                                                                                  
0620420516124.3188.6 40.8248.0162.1245.4162.6127.4180.5 46.8232.5236.5 82.1153.7 95.6           47.3  5.9152.5 32.8142.9 33.0 22.5 42.2  6.9 98.2117.3 12.8 29.3 16.2           13.9209.9 72.8203.1 73.2 49.1 89.0 16.4174.2182.6 30.3 66.4 37.2           57.2 10.1 51.1 10.1  6.2 12.1  2.3 33.2 37.4  3.8  8.9  4.6          187.6252.3188.0155.5203.3 64.9243.3246.1117.1180.2133.1          179.2 52.8 34.1 65.8 10.7145.9155.3 22.3 47.3 25.4          179.7146.0195.9 58.2240.0243.2 97.8171.4123.4           34.4 66.2 10.8146.5155.9 22.5 47.7 25.6           43.8  7.2111.1120.4 13.4 30.5 16.9           14.3165.5174.3 26.8 59.8 33.0           38.2 43.0  4.3 10.4  5.3          229.3 69.2137.3 81.7           76.5146.8 89.6           19.7 10.7           24.9                            
0620420610 94.7124.6  8.9 40.5 26.6 14.4 23.3127.4 28.4                                        143.8 11.0 52.4 35.2 19.9 31.0146.5 37.5                                         15.3 67.3 46.5 24.8 41.3164.9 49.4                                          4.0  2.7  1.8  2.4 16.0  2.8                                         12.7  6.8 11.0 69.5 13.6                                          4.4  7.5 48.3  9.3                                          3.9 25.8  4.7                                         42.9  8.1                                         51.2                                                                                                                                                                                                                               
0620420716110.5 28.8 78.9 64.9154.1 57.5232.4 56.4 75.3 51.5144.6 28.2 85.3141.8 30.2           20.6 56.2 45.4120.7 39.7206.2 38.9 53.3 35.3111.7 18.1 61.4 99.2 21.7           14.6 11.3 32.7 10.7 83.9 10.5 13.7  9.4 29.3  4.6 16.2 28.3  5.3           33.4 87.3 29.1181.9 28.5 39.7 28.4 79.9 12.8 46.0 77.9 15.3           72.3 25.0162.5 24.4 31.6 21.9 65.8 10.9 36.8 64.0 11.9           64.3239.5 63.1 83.4 57.8155.4 29.1 94.0152.6 34.2          150.7 20.9 30.4 18.7 58.3  9.4 32.1 56.6 10.2          148.9177.1140.4233.3 76.4189.7231.4 86.9           29.7 18.3 57.2  9.2 31.4 55.5 11.0           26.6 76.2 12.0 43.6 74.2 14.3           52.2  8.3 28.5 50.7  9.9           28.6 86.3143.1 30.6           14.3 27.6  4.7           84.2 17.0           29.6                            
0620420814149.2 78.4 57.5 64.2 20.9134.4 84.3119.5170.1144.0 79.5 33.6 17.3                     80.1 58.9 65.8 21.6136.6 86.1121.7171.9146.1 81.3 34.5 17.9                     25.5 29.1  8.9 68.2 40.8 57.5 99.7 75.8 37.8 14.8  7.4                     21.5  5.9 49.2 28.1 40.7 75.9 55.3 26.0 10.7  5.0                      6.8 55.2 32.0 46.0 83.8 61.9 29.6 11.2  5.7                     17.1  9.9 13.6 27.2 19.9  9.1  3.4  2.0                     73.7 97.1158.4131.3 69.3 28.2 14.2                     62.4116.6 81.6 41.5 16.5  8.2                    144.2116.4 58.4 25.3 11.3                    167.3111.0 46.3 25.4                     76.9 32.2 16.5                     15.1  7.6                      2.9                                                                         
06204209 9 23.5 13.0  4.9  9.7 24.0 40.5 14.6  4.0                                              22.4  8.1 15.1 38.6 62.3 25.3  6.5                                               4.7  9.3 25.5 39.0 14.0  3.8                                               3.3  9.1 15.0  5.2  1.8                                              17.1 27.6 10.4  2.8                                              68.4 25.6  7.3                                              43.0 11.8                                               4.2                                                                                                                                                                                                                                                                                 
0620421015 14.1 50.0 64.5 69.4  6.7 55.1 22.4 40.7 26.3 18.8 56.6 10.2 45.0 17.8                34.1 44.9 48.6  4.5 37.8 14.4 30.5 16.8 12.1 38.9  7.3 30.5 11.5               138.6145.7 16.1123.8 50.8 89.5 57.7 43.7126.3 27.8 96.7 41.9               169.1 22.1147.3 65.4120.6 73.6 56.9149.8 33.6129.1 54.5                24.3154.4 70.3127.6 78.9 61.3156.8 36.5136.1 58.9                18.1  6.8 12.7  7.9  5.8 18.7  3.5 14.2  5.5                55.8 96.8 63.2 48.3134.9 28.1114.6 46.2                41.3 26.7 19.1 57.3 10.3 45.6 18.1                47.2 35.4 98.9 21.7 81.9 33.8                22.4 64.9 12.1 52.0 21.2                49.6  9.6 39.2 15.2                28.9117.0 47.5                24.4  9.1                37.5                                                
0620421116 34.7 14.3 13.7  4.5 41.2 26.5 13.0 28.6 10.2 10.5 37.1 21.6 24.0 76.3  5.9           68.6 66.5 23.5160.3116.1 63.8129.4 52.2 53.4151.4 92.3 99.1213.0 28.9           28.1  9.5 79.4 50.0 29.7 58.1 23.0 23.7 72.8 42.0 46.1141.7 11.7            9.1 77.0 48.3 28.5 56.1 22.1 22.7 70.6 40.5 44.5138.6 11.2           28.7 15.8  8.7 19.0  6.9  7.0 25.5 12.9 14.4 51.0  3.8          130.5 74.1144.2 61.2 62.5166.1115.3123.2224.2 34.4           46.3 91.8 37.3 38.2121.8 69.5 75.4187.3 21.6           53.8 21.0 21.6 67.8 38.7 42.5134.7 10.7           43.6 44.7135.3 79.5 85.9199.6 26.0           16.8 55.7 31.0 34.2116.2  9.2           56.9 31.8 35.0118.2  9.5           97.3114.6217.7 31.0           64.4172.6 17.6          180.4 19.6           65.5                            
0620421215146.7 39.5 79.7219.6 73.2 61.3143.4 48.8179.8 45.1180.4 37.8 25.5158.6                30.1 63.3201.1 57.8 47.8120.6 37.5157.3 34.6158.0 28.8 18.8135.6                14.7 73.1 13.1 10.4 28.9  8.7 44.5  8.0 44.9  6.6  4.1 34.7               141.3 28.3 24.9 61.2 18.8 88.0 17.1 88.6 14.0  9.1 71.5               132.6115.6198.2 87.4227.2 81.9227.7 70.5 45.9211.0                22.2 55.7 16.7 81.1 15.2 81.7 12.5  8.2 65.4                46.0 13.3 68.4 12.1 68.9 10.9  6.6 54.5                36.1154.0 33.2154.7 30.8 17.9132.3                54.8 10.2 55.2  8.4  5.1 43.1                50.7190.3 42.7 29.4169.1                51.1  7.7  4.7 39.7                43.1 29.7169.8                 4.0 33.2                22.0                                                
0720220110 54.4 95.0 48.4 17.1  9.0 22.9 42.5 53.2 34.0                                         64.5 29.4 10.5  5.2 14.1 25.5 32.6 21.9                                         57.7 21.5 10.2 28.1 51.0 63.1 41.2                                          9.1  4.5 12.1 24.7 28.6 18.9                                          1.9  4.1  7.8 10.2  6.1                                          2.3  3.9  5.0  3.1                                         10.4 13.7  8.8                                         24.8 16.1                                         21.3                                                                                                                                                                                                                               
0720220210 63.2 36.8 24.4 40.9 24.4 27.6 40.6  6.0 58.0                                         37.3 24.8 41.4 24.8 27.9 41.2  6.1 58.7                                         12.7 25.4 12.6 16.1 25.2  3.4 33.8                                         14.3  8.0 10.1 14.2  2.2 22.1                                         14.3 18.2 25.5  3.7 37.7                                         10.1 14.2  2.2 22.1                                         18.1  2.6 25.2                                          3.7 37.4                                          5.5                                                                                                                                                                                                                               
0720220310 75.0 42.6 13.5 26.3 12.9 38.8 44.0 73.0  8.1                                         55.6 18.9 35.4 18.1 51.0 57.4 90.5 10.2                                          9.8 19.6  9.4 27.0 30.9 53.9  5.5                                          5.8  2.8  8.8 10.2 18.1  2.0                                          5.6 17.5 20.4 34.1  3.4                                          8.5  9.8 17.4  1.9                                         28.0 49.4  4.9                                         55.6  5.7                                         10.8                                                                                                                                                                                                                               
0720220412 47.6  5.9 11.5 22.4 28.1 18.3 38.9 63.0 47.7 69.4 23.4                                8.8 17.6 30.3 40.8 25.3 55.3 85.5 66.7 93.0 31.5                                2.3  3.7  5.0  3.2  7.0 11.3  8.9 12.9  3.9                                7.6 10.6  6.3 13.8 25.1 17.6 25.7  7.9                               18.6 10.9 27.1 41.3 30.4 46.0 13.8                               15.2 33.2 54.7 40.9 60.5 19.4                               22.1 34.8 25.4 38.9 11.4                               72.4 55.5 79.3 25.4                               85.7126.0 42.8                               93.2 31.6                               47.7                                                                                                                                          
0720220512  4.5  4.8 11.8 27.6  9.9 24.1 31.6 28.2  8.0 46.3 23.1                                2.7  6.4 13.1  5.0 11.5 17.0 15.0  4.1 26.6 11.1                                6.9 14.3  5.3 12.5 18.5 16.3  4.4 28.9 12.0                               35.8 13.3 31.8 44.8 40.2 10.8 64.0 30.7                               27.9 64.6 85.9 78.6 25.0124.7 62.6                               27.3 35.2 31.4  9.0 51.2 26.1                               78.4 71.5 21.9115.4 56.4                               93.9 29.0143.4 76.1                               28.7134.2 69.3                               42.7 21.0                              112.5                                                                                                                                          
0720220613 67.8 43.2 41.4 30.8  8.9 38.7 11.8 78.3 17.0 52.2 98.0 87.0                          55.1 53.0 39.9 10.8 49.7 15.8 95.1 23.0 65.8127.4114.8                          32.8 26.8  6.9 30.6  9.9 64.5 13.0 41.8 82.5 72.4                          25.4  6.5 29.2  9.4 62.1 12.3 40.0 79.8 69.8                           4.8 23.5  6.8 47.3  9.7 29.7 62.4 53.8                           6.1  2.1 13.2  2.7  8.6 18.8 15.5                           8.7 58.5 11.4 37.4 75.6 65.9                          19.5  3.6 11.3 24.9 22.8                          25.3 76.2140.7128.2                          16.3 34.6 29.2                          95.7 84.8                         151.0                                                                                                       
0720220710  3.1 22.5  5.1 10.7 16.3  9.3 14.7  4.8 19.8                                         11.8  3.0  5.8  9.5  5.0  8.6  2.8 10.4                                         20.9 39.3 60.5 34.5 55.9 19.6 70.2                                         10.0 15.2  8.6 13.7  4.5 18.5                                         29.6 17.0 27.1  9.4 35.3                                         28.8 42.9 14.2 54.9                                         26.0  8.1 30.9                                         12.9 50.5                                         17.3                                                                                                                                                                                                                               
07202208 9 43.4 10.3 15.2  3.5 34.7 24.2 53.8 22.1                                              14.0 20.6  5.1 48.3 34.6 71.7 28.8                                               4.6  1.5 10.7  7.9 18.5  6.4                                               1.9 17.4 11.6 26.5 10.3                                               4.0  2.8  6.6  2.4                                              27.4 59.4 22.6                                              43.5 16.8                                              36.4                                                                                                                                                                                                                                                                                 
0720220910  2.5  3.5 11.3  4.9 14.3 11.7  3.6  5.6  8.4                                          4.0 13.5  5.8 17.1 14.0  4.2  6.6 10.0                                         21.6  9.0 27.5 22.4  6.5 10.3 14.4                                         29.0 78.3 67.6 22.9 32.8 47.8                                         35.9 30.0  9.5 14.0 21.8                                         80.3 26.1 40.3 58.0                                         23.7 33.8 49.3                                         10.9 15.3                                         25.0                                                                                                                                                                                                                               
0720221018 57.9 13.0 26.4 25.2 35.1 28.1 35.7 54.8 26.7  5.3 39.0 73.7 87.0 52.7 53.5  3.5 28.2 65.2114.4111.3142.8126.5144.3175.8122.5 27.6150.7196.3206.9173.1174.1 19.0126.6 27.5 26.3 40.1 32.3 40.9 61.8 30.7  6.1 44.5 82.1 95.9 59.6 60.5  4.0 32.4 48.5 70.2 58.3 71.3 99.9 55.6 11.0 76.5135.9151.8 97.1 98.2  7.5 58.4 67.8 56.1 68.9 97.1 53.5 10.5 74.0132.7148.7 94.2 95.3  7.2 56.2 79.8 95.0138.3 76.6 16.9111.0163.5177.7135.1136.3 10.4 79.9 81.0121.9 64.0 13.2 86.5147.8163.2118.7119.9  9.0 67.0139.7 77.7 17.2112.4164.8178.9136.5137.8 10.6 81.1117.9 25.9146.2193.0204.1169.0170.1 17.7122.0 12.4 83.2144.0159.5114.7116.0  8.5 64.1 19.1 36.8 45.3 24.8 25.2  2.0 13.2170.8184.4143.1144.3 11.7 86.7218.7190.6191.5 26.5148.0202.0202.8 29.7163.3167.2 16.9118.8 17.2120.0  9.0   
0720221117202.7172.8221.8242.3165.1 57.0180.7 81.9112.1 86.0228.6176.5247.5123.0 48.6199.4      86.0150.1182.1 79.8 24.0 92.9 34.1 45.3 36.3160.1 89.1191.4 51.4 19.8121.8     117.4149.9 56.9 15.4 67.6 24.9 30.7 26.7127.2 64.5160.1 35.1 12.7 82.9     203.9 99.9 29.9125.6 45.4 59.4 48.2183.7121.1212.1 66.8 27.6146.2     142.1 44.1158.3 65.0 82.8 68.6211.9153.8234.9 91.9 37.2178.5      13.9 62.2 22.3 27.9 24.0119.4 59.3152.2 32.0 11.4 76.9      17.2  5.6  7.6  6.0 33.7 16.2 49.4  8.8  3.3 22.8      27.8 34.0 29.9135.5 70.2168.3 38.8 14.2 89.6      10.9  9.4 50.8 26.2 72.1 12.7  4.7 32.5      11.7 66.0 32.2 91.0 17.5  6.3 43.3      53.8 28.1 75.9 13.6  5.0 34.6     131.0219.6 74.0 28.3156.2     163.9 36.8 13.4 86.0     110.5 41.9187.9       7.3 49.2      18.8             
0720221216 43.0 19.1 37.3 86.1 55.1 86.9 73.0115.8 12.7 10.6 34.3 86.4 83.8  9.8 50.1           24.2 45.5110.2 66.1111.1 86.0132.3 16.0 12.2 42.0110.6 97.8 11.2 60.4           20.5 49.0 29.1 49.5 40.2 63.0  6.8  5.3 18.6 49.2 47.4  4.9 29.1           90.1 58.1 90.9 76.7120.6 13.6 10.3 36.5 90.5 87.8 10.5 53.0          131.2174.3157.3193.5 34.5 26.9 84.6173.8170.8 27.5123.0          132.1114.7153.6 21.6 16.4 53.9131.6128.4 15.0 75.6          158.2194.2 34.8 27.2 85.4174.7171.7 27.9123.9          178.7 27.9 23.6 71.6157.7154.6 21.7 97.0           45.2 35.6114.1193.8191.1 33.0145.4            3.7 12.4 34.6 33.3  3.5 19.2           10.4 27.0 28.8  2.8 14.6           84.9 82.4  9.6 49.0          171.2 27.7123.4           26.4120.2           13.4                            
