0420460113 11.7 13.3  5.2 42.3 40.6 27.8 35.0  5.4 10.3  9.6 21.1  6.4                          27.2 10.1 75.3 72.7 47.6 63.8 10.6 20.9 17.5 37.7 11.5                          10.4 82.8 80.1 53.1 70.6 11.0 23.8 20.0 42.3 13.1                          33.8 32.4 21.5 30.8  4.4  8.9  7.5 16.4  5.1                         184.4144.3171.8 35.5 68.1 59.3123.7 41.6                         140.8168.3 34.1 65.7 57.2120.3 40.0                         127.7 22.7 42.5 36.5 76.3 27.3                          29.2 57.4 49.7 98.1 34.4                           9.3  7.9 17.3  5.3                          15.4 33.5 10.1                          28.6  9.4                          20.8                                                                                                       
04204602 9  4.7 10.1 14.5 21.4  6.3 14.9 35.3 24.9                                               3.0  4.0  5.6  2.0  4.1 10.3  7.1                                               9.1 12.0  3.7  9.3 23.1 15.6                                              17.3  5.2 12.1 29.4 22.5                                               7.4 17.9 41.2 29.3                                               5.3 12.7  9.5                                              30.2 23.2                                              51.0                                                                                                                                                                                                                                                                                 
04204603 9  4.5  9.0 10.3  9.0 17.5  6.8 27.7 33.1                                               3.4  3.8  3.4  6.7  2.8 10.6 12.8                                               7.4  6.5 12.4  5.0 21.9 26.8                                               7.4 14.3  5.7 25.2 27.5                                              12.5  5.0 22.0 26.9                                              10.3 40.6 48.0                                              16.5 20.1                                              74.7                                                                                                                                                                                                                                                                                 
0420460414121.7 55.5 73.3 23.1 96.0 11.3 98.9 24.4 14.4 68.9 85.1 17.7 35.9                    124.8151.2 52.4178.7 28.1181.8 54.7 35.2145.0166.2 42.0 81.6                     75.7 24.1 98.7 11.8111.8 25.5 15.1 71.2 87.7 18.5 37.4                     30.8134.5 16.8137.8 32.3 21.7 91.9121.4 26.6 50.8                     43.3  4.6 45.0  9.5  5.8 28.5 37.0  7.0 14.4                     24.9166.0 45.3 28.7128.3149.7 34.4 69.1                     26.1  4.9  3.2 15.5 20.8  3.7  7.9                     47.1 29.9131.6153.0 35.8 71.5                      6.1 29.9 38.8  7.4 15.2                     19.9 26.8  4.6 10.0                    115.4 24.4 47.4                     29.3 60.1                     11.1                                                                         
0420460518 77.6 21.1 10.5 67.6  8.0 30.5 84.6 17.5  7.2 13.7119.7 28.6 11.2119.7 14.2  6.2 48.7170.6115.1259.2 80.6206.0270.6155.9 73.8136.2281.5193.5120.2281.5138.9 65.4239.6 29.3156.3 22.3 78.8179.8 46.6 19.8 37.5207.4 69.2 31.2207.4 38.7 16.9124.6 92.7 11.0 44.5123.9 27.0 10.8 21.0153.3 38.3 17.1153.3 21.8  9.3 69.0 70.4192.9264.0141.5 64.2122.2276.6179.8 97.1276.6124.8 56.5229.1 31.9 87.7 18.5  7.5 14.4123.7 30.1 11.7123.7 14.9  6.5 50.8214.1 68.5 31.8 56.1237.3 97.4 47.2237.3 57.7 27.1161.6165.2 80.6145.5284.3202.1129.1284.3148.2 71.6245.8 16.4 31.8194.0 59.7 28.9194.0 32.8 14.0110.6 12.8114.7 26.7 10.5114.7 13.3  5.8 46.0175.1 48.6 22.5175.1 28.7 11.0 84.7227.1158.6291.4177.7 93.9262.8 40.7227.1 50.1 22.8147.9158.6 23.3  9.9 72.6177.7 93.9262.8 11.4 86.8 40.1   
0420460611  5.4 10.7  4.0  3.7  6.2  2.9  5.8  8.9  5.6 10.5                                    34.7 13.5 12.6 22.6  9.9 21.0 29.5 20.0 37.3                                    28.2 26.3 40.2 18.5 37.7 55.1 36.2 67.9                                     9.9 16.0  7.1 14.9 23.4 14.2 27.5                                    14.9  6.7 13.9 21.8 13.3 28.6                                    10.6 24.9 34.2 23.7 43.2                                    10.8 15.4 10.4 20.1                                    32.1 22.0 40.5                                    30.8 59.0                                    38.9                                                                                                                                                                                  
0420460710 10.1  4.2 18.4 20.4 15.9 37.2 18.0 10.4  7.5                                          3.5 14.7 16.3 12.7 30.5 14.4  8.3  6.1                                          6.5  7.2  5.7 13.4  6.4  3.6  2.8                                         29.4 25.7 55.5 29.1 15.1 10.8                                         28.5 60.3 28.8 16.7 11.9                                         49.3 25.1 13.0 10.3                                         54.5 31.2 25.1                                         14.7 10.5                                          6.2                                                                                                                                                                                                                               
0420460812 22.3 10.2 12.7  6.5  3.5  2.9 17.5 11.7  9.7  6.8  5.2                               79.2 98.6 55.2 30.0 25.8131.1 93.4 76.4 58.0 45.7                               51.4 28.3 13.8 10.6 66.4 48.0 37.3 27.0 22.4                               34.2 19.1 14.6 84.1 62.4 49.3 36.2 27.9                                9.5  7.4 45.3 31.8 26.9 18.6 13.9                                3.9 26.5 17.6 13.1 10.1  7.6                               20.2 13.4 10.1  7.8  5.9                               79.4 63.9 47.7 37.2                               46.0 33.6 28.7                               28.6 21.3                               14.8                                                                                                                                          
04204609 9  6.0  7.4  1.9 10.3 10.2  6.6 10.9  2.9                                              18.0  3.9 23.1 24.9 16.1 26.6  7.0                                               4.7 28.1 30.3 20.1 32.2  8.6                                               6.5  7.0  4.3  7.5  2.1                                              41.0 25.5 43.5 11.0                                              27.4 46.5 11.9                                              29.2  7.7                                              12.8                                                                                                                                                                                                                                                                                 
04204610 9 21.4 10.9 39.5 34.7 33.3 48.3 10.0 76.4                                               2.7 11.0  9.5  9.0 12.7  2.5 23.9                                               5.3  4.6  4.4  6.6  1.6 11.0                                              19.0 18.1 25.2  4.9 43.3                                              15.5 24.4  4.3 38.1                                              23.2  4.1 36.6                                               6.1 52.7                                              10.1                                                                                                                                                                                                                                                                                 
0420461118 20.7 58.4 84.4133.0 29.5158.6156.9138.6 31.3 84.8112.5 72.7150.6 98.6 19.1 37.2 37.4 12.8 20.7 32.2  6.6 43.1 42.3 34.3  7.0 20.8 27.5 16.8 39.4 26.0  4.2  8.4  8.4 58.3 88.8 20.2121.3119.8 93.4 21.6 58.7 72.7 49.3113.8 69.7 11.8 26.2 26.3132.9 29.5158.4156.8138.5 31.3 84.7112.3 72.6150.5 98.5 19.1 37.1 37.3 48.1199.8198.3181.2 50.8133.4154.7117.5192.5150.4 30.0 59.5 59.8 63.0 61.9 51.1 10.8 29.6 37.9 26.7 58.0 36.1  6.1 11.9 11.9219.9204.7 66.4159.0180.0142.6214.9175.8 40.2 76.8 77.1203.3 65.3157.3178.4141.0213.5174.2 39.5 75.6 75.9 54.0139.0160.4122.9197.7156.0 32.0 63.0 63.3 31.5 40.2 28.6 61.2 38.3  6.5 12.7 12.8112.8 72.9151.0 98.9 19.2 37.3 37.6 89.1172.2129.2 25.4 47.4 47.6134.7 85.6 15.6 30.9 31.1167.9 36.8 71.1 71.4 24.0 45.2 45.4  7.8  7.8 15.4   
0420461215163.1121.2 87.2 70.3152.2180.2 21.1145.0 68.4153.4 73.0 75.4 21.9 63.6               117.4 84.0 67.5148.4176.8 19.9141.2 65.6149.7 70.1 72.4 20.7 60.9                53.0 41.1 96.7136.0 10.8 90.4 39.8 97.8 42.9 44.5 11.2 36.5                29.4 74.9110.0  8.2 69.3 28.4 75.9 30.7 32.0  8.5 26.0                59.5 82.0  6.1 54.7 23.4 60.4 25.6 26.8  6.3 21.2               166.5 16.9129.9 57.8138.4 61.9 64.1 17.5 53.5                26.3159.6 79.9167.6 84.9 87.4 27.3 74.6                15.2  5.9 17.2  6.4  6.7  2.1  5.4                53.1131.1 57.0 59.0 15.8 49.1                58.6 24.7 25.8  6.1 20.4                62.8 65.0 17.9 54.3                25.4  6.6 22.3                 6.9 23.4                 5.6                                                
0520460113 54.9 21.4 17.4 46.5 13.1  4.2  8.4  8.1 72.7  7.9 29.6 60.7                         110.4 87.7178.8 71.7 25.8 45.9 44.7213.3 43.4141.9199.8                          35.0 88.0 27.2  9.0 17.2 16.6136.3 16.1 60.1119.1                          76.2 24.6  7.4 14.0 13.6121.4 13.1 50.9 95.3                          61.5 21.0 38.6 37.6201.9 36.5127.3187.1                           5.7 10.6 10.3 92.5 10.9 40.1 78.5                           3.5  3.4 32.6  3.3 12.5 29.2                           6.6 61.5  6.4 26.7 50.9                          60.1  6.2 25.9 49.6                          58.5167.9219.8                          25.0 48.2                         150.9                                                                                                       
05204602 8 13.1 20.7 29.9  6.8 13.5  3.1  4.3                                                   23.4 36.7  8.6 17.1  3.7  5.3                                                   53.0 12.2 24.0  5.6  8.1                                                   20.4 37.6  9.1 12.1                                                    8.8  2.1  2.7                                                    3.8  5.4                                                    1.6                                                                                                                                                                                                                                                                                                                                        
0520460316240.7 37.9 43.7211.8140.4126.1173.8 61.3195.1 41.4 31.4 41.4 54.2 76.2198.4           92.1113.1267.3222.2210.3245.9143.9258.5 98.6 72.7 98.6132.2166.0260.3            8.1 64.3 31.5 26.1 41.6 10.8 52.9  7.6  5.1  7.6 10.3 14.3 55.0           73.0 32.9 30.8 47.8 12.7 60.5  8.9  5.9  8.9 11.0 16.8 62.8          189.1175.1218.6 97.4235.4 69.5 49.2 69.6 87.9128.1238.0           93.0148.6 46.9170.8 31.1 22.6 31.1 41.2 59.2174.4          134.1 40.0156.3 28.9 18.8 28.9 35.0 50.9159.9           66.5202.5 45.3 31.1 45.3 59.0 82.3205.7           82.4 11.9  8.7 11.9 16.3 25.2 85.2           57.4 40.0 57.5 73.7110.1224.2            5.6  8.3 10.3 15.8 59.6            5.6  7.5 10.3 41.7           10.3 15.8 59.7           21.7 76.3          113.5                            
0520460417234.9131.7159.6 17.0 26.3 40.7159.3 22.2206.1210.6 53.1127.5 40.1 59.0 56.3 90.0     245.7256.3 86.7125.4168.0256.2113.4268.5269.5189.3243.8166.9197.6193.9227.9     180.5 23.0 31.5 52.4180.3 27.0222.0225.7 67.3149.4 51.7 74.3 71.1119.8      30.2 44.1 70.9204.4 38.1238.4241.4 88.8176.6 70.0 96.9 93.2147.7       3.6  5.9 30.0  3.2 55.6 59.2  8.0 21.7  5.8  9.0  8.5 14.4       8.9 44.0  4.4 77.4 82.0 11.0 29.9  8.8 12.5 11.8 22.3      70.7  7.6125.1130.9 19.8 50.0 14.2 22.6 21.3 35.2      38.0238.3241.2 88.5176.4 69.8 96.6 92.9147.4      68.3 72.6 10.3 28.4  7.5 10.6 10.0 18.8     260.5148.1219.1123.9157.6153.3196.3     153.9223.0129.7163.3159.1201.1      64.4 19.5 27.9 29.4 46.3      49.3 71.2 68.1115.7      22.3 21.0 34.7      29.8 51.6      49.2             
0520460512 15.8  3.4 34.9 26.3  6.7 15.0 17.9 28.4 16.7  6.3 13.2                                7.3 70.5 50.7 13.9 31.4 36.7 54.0 34.6 13.0 28.0                               16.4 10.8  3.1  6.9  8.2 11.6  7.7  2.9  6.2                               99.6 31.2 67.7 77.1114.8 73.4 29.3 61.5                               23.1 48.5 56.1 79.2 53.1 21.5 43.7                               13.2 15.7 25.0 14.7  5.6 11.7                               35.0 51.7 33.0 12.3 26.7                               59.6 38.5 14.7 31.3                               56.4 23.3 46.6                               13.7 29.5                               10.9                                                                                                                                          
0520460613 12.6 39.2 12.5  7.1 30.8  5.5  3.5 45.8 22.8 50.6 11.0 20.1                          69.2 25.1 12.7 56.1 10.7  6.5 79.0 39.5 85.9 20.0 35.3                          68.4 39.3143.8 30.8 20.7175.5113.8183.4 57.4 95.5                          12.5 55.4 10.5  6.4 78.3 39.0 85.1 19.7 34.9                          30.9  5.5  3.5 45.9 22.9 50.7 10.0 20.1                          26.5 15.7156.8 86.9165.2 46.0 79.5                           2.9 36.3 17.4 40.2  8.4 15.3                          24.9 10.4 28.1  5.2 10.1                         126.7194.8 66.2117.6                         135.2 31.9 57.9                          72.3126.1                          28.4                                                                                                       
0520460712 59.3 24.2 69.6  9.6 24.6 11.4 24.2  9.4 16.3 12.6 15.4                               74.3178.7 31.4 75.2 40.0 74.3 30.6 54.4 43.9 52.0                               86.2 11.6 29.6 15.1 29.1 11.3 21.7 16.8 20.6                               37.7 87.2 47.7 86.2 36.7 64.1 52.1 61.4                               11.8  6.2 11.6  4.8  8.7  6.8  8.3                               15.4 29.6 11.5 22.1 17.1 20.9                               15.1  6.0 10.3  8.8 10.7                               11.3 21.7 16.8 20.6                                8.5  6.7  8.0                               11.4 13.9                               10.8                                                                                                                                          
0520460814 35.7 29.7 40.9  8.9 10.4111.7 39.6 18.6 39.2 20.6 67.2 38.6 50.5                     32.4 44.5  9.8 10.4118.6 43.1 20.6 42.7 22.8 72.3 42.0 54.7                     37.3  8.1  9.3 94.8 36.0 16.7 35.7 18.5 61.8 35.1 46.2                     10.4 12.1130.0 49.2 24.1 48.8 26.7 81.1 48.0 62.1                      2.8 30.7 10.0  4.8 10.9  5.2 19.0 10.7 13.3                     35.2 11.6  5.4 11.5  6.0 22.2 11.3 15.5                    127.2 62.6126.5 67.7173.8125.0148.2                     23.2 47.3 25.7 78.9 46.5 60.2                     23.0 10.4 38.3 22.5 27.8                     25.5 78.3 46.1 59.8                     41.8 25.0 30.5                     77.2 96.0                     58.8                                                                         
05204609 8  6.5  3.0 10.2  2.7  5.2  4.8  6.3                                                    7.6 26.0  6.4 12.5 11.5 15.6                                                   11.0  3.0  6.0  5.6  7.4                                                   10.2 20.3 18.6 25.3                                                    5.1  4.7  6.3                                                   10.0 12.2                                                   11.2                                                                                                                                                                                                                                                                                                                                        
0520461012  6.9  8.1 18.8 18.8 20.1  2.3 12.8  3.6 14.4  9.7 10.7                               17.7 39.0 39.0 41.3  4.5 27.9  8.0 30.9 21.5 26.1                               45.1 45.0 47.7  5.3 32.5  9.4 36.0 25.6 27.6                               91.2 95.2 11.9 70.4 22.1 76.5 52.9 61.5                               95.1 11.9 70.3 22.0 76.4 52.8 61.4                               12.7 73.9 23.6 80.1 55.8 64.7                                9.0  2.6 10.1  6.3  7.6                               15.0 57.6 38.5 45.3                               16.9 10.3 12.5                               42.5 49.8                               32.8                                                                                                                                          
0520461111 12.9 11.1  6.6  2.9 10.3  7.8 21.0  8.0 18.8 23.2                                    27.5 16.2  6.8 28.6 19.3 48.2 19.9 44.0 52.4                                    13.9  5.9 24.4 16.5 42.3 17.1 38.5 46.1                                     3.4 13.0  9.8 26.6 10.1 23.8 26.5                                     5.5  3.9 10.8  4.0  9.7 10.9                                    15.4 39.8 15.9 36.2 43.4                                    28.2 10.8 28.3 30.9                                    29.1 65.2 76.3                                    29.2 31.8                                    70.4                                                                                                                                                                                  
0520461216 76.9 88.8114.8 87.9203.3 47.5 27.7 86.1 72.6 24.8 73.6214.0 15.7 38.1 24.0           81.2 96.2 80.4195.0 42.6 24.3 78.6 65.9 21.8 66.8206.3 13.9 34.0 21.1          120.2 92.5208.0 50.5 29.8 90.6 76.7 26.8 77.7218.3 16.9 40.6 25.9          119.2222.2 61.7 33.6117.0 91.3 30.6 92.4231.3 21.7 50.1 29.6          207.1 49.9 29.4 89.7 75.9 26.4 76.9217.5 16.7 40.1 25.5          151.2 89.9205.2189.8 83.5191.0271.1 59.2131.9 81.4           13.2 48.7 39.8 11.9 40.4164.2  8.4 20.9 11.5           28.5 22.5  6.6 22.9111.0  4.3 10.2  6.3           74.2 25.6 75.2215.7 16.2 39.1 24.7           20.2 62.9201.4 12.8 31.7 19.5           20.6 94.1  4.0 10.2  5.8          202.5 13.0 32.2 19.8           67.9145.0 91.9            6.6  3.9            9.8                            
0820460112 37.2111.1116.3138.9 98.7 21.3117.7 47.9 48.6 75.6 22.1                               22.1 23.8 29.5 21.2  3.5 24.3  8.7  8.9 14.2  3.6                               67.7 85.5 62.1 10.9 68.7 26.7 27.2 44.9 11.3                               89.9 65.8 11.8 72.6 28.7 29.1 47.8 12.2                               83.4 16.4 91.1 38.4 39.0 62.3 16.9                               10.5 66.8 25.8 26.2 43.5 10.9                               12.0  4.5  4.6  7.8  2.2                               29.2 29.6 48.6 12.4                               10.8 19.1  4.7                               19.5  4.8                                8.1                                                                                                                                          
0820460218 27.5  5.9 18.6  9.0 22.6 14.8 11.8 10.9 33.1 26.0 63.4  9.0 12.3 29.0  7.8  3.0 63.8 49.6134.4 70.7148.7117.8 92.8 87.9184.8159.0229.4 70.7 95.4174.7 62.9 25.3229.8 32.4 15.8 38.5 29.2 23.3 21.5 58.7 43.4112.4 15.8 24.3 52.1 13.6  5.0113.0 47.8112.9 77.1 65.1 61.2149.8122.8202.9 47.8 67.3138.9 42.0 15.4203.4 56.1 39.3 32.2 30.0 82.3 62.6145.0 24.8 33.5 74.0 21.3  7.5145.6 88.4 75.3 71.0163.9137.0214.2 56.1 77.7153.2 49.5 18.7214.6 54.3 50.9132.9 96.9188.4 39.3 56.2122.1 34.4 12.3188.9 42.1116.5 83.2172.8 32.2 46.7 96.5 28.1 10.8173.4110.9 78.7167.2 30.0 43.6 91.6 28.9 10.0167.7173.9238.4 82.3119.6188.9 73.7 28.0238.8221.6 62.6 85.8163.3 55.5 21.5222.0145.0175.9232.1133.7 54.7262.4 33.5 74.0 21.3  7.5145.6 99.2 29.2 10.3176.4 65.9 26.9232.5  6.5134.3 55.0   
0820460310  8.6 20.2 40.3 10.3 10.9 39.6 31.2  3.7 29.2                                         10.1 21.7  5.3  5.1 21.3 16.1  2.1 14.9                                         46.6 12.2 11.7 45.8 36.3  4.3 34.0                                         25.8 24.9 86.5 71.8  9.5 68.0                                          6.7 25.3 21.4  2.4 19.9                                         24.5 20.6  2.4 19.1                                         70.7  9.3 67.0                                          7.2 54.4                                          6.7                                                                                                                                                                                                                               
0820460418 25.0137.7168.9 31.5 73.3 70.9 89.1160.3195.0140.9 25.2193.0 69.9 57.8 99.7195.8 41.7 25.0 33.5  4.7 11.0 10.5 14.4 30.2 46.2 26.1  3.6 45.1 10.4  9.0 17.0 46.7  6.2169.1 31.6 73.4 71.0 89.3160.5195.1141.1 25.3193.1 70.0 57.9 99.8196.0 41.7 45.5 98.3 95.4127.9190.5220.7172.2 33.8219.1 94.3 79.6140.4221.4 59.1 15.5 14.9 20.4 41.2 61.5 32.8  4.7 60.1 14.6 11.5 24.2 62.2  8.6 36.0 47.4 91.0135.0 75.8 11.1132.8 35.4 28.4 54.4136.0 21.4 45.6 88.2131.6 73.3 10.6129.5 34.0 30.3 52.5132.6 20.4119.3155.6 91.9 14.5153.4 44.9 36.3 67.6156.5 28.1214.0163.7 30.5212.3 87.1 73.1131.7214.8 53.8197.9 46.6237.8130.3112.4168.1239.7 78.3 26.4196.0 72.3 59.9112.8198.8 43.3 45.5 10.5  9.1 17.2 47.1  6.3128.2110.4165.9238.4 76.7 29.8 51.7131.3 20.1 42.0113.4 15.7169.0 29.8 79.0   
0820460518 48.5 18.7 29.7 46.6 14.4 10.1 10.3 27.3 20.1 29.3 18.6  3.2  2.3 37.0 53.3  6.8 20.9175.1204.1222.6159.5130.1138.0200.0178.9203.4174.8 50.6 34.5213.7227.1 93.7181.0139.6172.2 77.6 55.4 60.8133.4 96.1138.5 91.8 19.7 12.5155.6181.5 39.5 98.4202.0122.4 84.7 91.5170.4144.1174.8139.3 31.1 22.5189.1208.8 63.3146.6156.4126.8134.8197.8176.1201.2171.9 48.6 33.0211.9225.8 90.8178.3 44.8 49.5116.1 81.2121.2 77.3 15.2 10.6138.7166.6 31.4 83.4 33.7 79.5 58.4 83.7 55.2 10.6  6.9 98.9137.7 22.8 60.2 86.1 64.0 90.5 60.6 10.9  7.7116.6145.6 25.7 65.9137.9169.4133.1 28.6 20.4184.2205.0 58.9140.4142.9 95.8 21.1 13.4159.8185.1 41.8112.6138.1 30.7 22.1188.2208.2 62.4145.5 19.6 12.4155.2181.2 39.3 98.0  2.4 38.6 55.5  7.2 22.0 25.8 38.1  4.7 13.9217.7 75.7162.2110.6187.2 43.2   
0820460615177.7115.7 31.8 16.4 97.1 35.1 66.6 64.9117.7 17.9124.4143.9 85.0 94.8               169.8 62.1 32.2161.3 67.5123.9121.6171.7 34.8177.8194.2147.5158.8                28.4 14.4 89.6 31.4 60.5 58.9 99.2 15.8115.7135.2 77.9 87.4                 3.6 28.0  8.2 16.0 15.5 29.1  3.9 31.8 40.7 22.7 26.9                12.7  4.0  8.2  7.9 14.9  2.2 16.4 21.8 10.3 12.2                27.8 54.5 53.0 91.3 13.8 97.1126.1 70.9 79.9                17.9 17.3 32.2  4.3 35.1 44.8 25.4 26.9                33.3 61.8  8.9 66.6 81.7 46.1 52.8                60.2  8.6 65.0 79.8 44.8 51.4                16.2117.7137.2 79.6 89.1                17.9 23.9 11.3 13.3               144.0 85.1 94.9               112.1123.5                68.9                                                
0820460711 19.6  3.0 14.7  9.1 15.9 21.3 30.9  3.3 20.7 27.2                                     7.8 37.6 24.9 40.1 50.9 74.2  9.0 49.8 67.2                                     6.0  3.6  6.4  8.5 12.6  1.7  8.2 11.0                                    18.7 31.4 40.5 60.6  6.9 39.5 54.4                                    20.1 24.3 38.0  4.0 23.6 33.6                                    43.0 64.0  7.4 42.0 57.6                                    78.6  9.8 53.3 71.4                                    14.6 77.2 98.6                                     9.5 12.7                                    70.0                                                                                                                                                                                  
0820460811 14.4 27.3  8.6 24.7  5.1  8.5 26.0  3.4 12.4 10.6                                    57.3 20.5 53.1 11.8 20.1 55.2  7.9 29.2 25.4                                    33.9 85.3 22.1 33.2 88.2 13.3 50.5 40.7                                    31.1  7.1 10.8 32.5  4.5 17.5 13.6                                    20.1 30.5 82.6 12.1 46.6 37.4                                     7.0 21.1  2.9 10.1  8.7                                    31.9  4.4 17.2 13.3                                    12.7 48.6 39.1                                     6.8  5.4                                    21.7                                                                                                                                                                                  
0820460913  8.6 12.9  9.5  5.7 29.0  3.1  7.2  6.2 21.9 20.8  5.0  3.7                          52.8 37.2 25.0 95.7 12.0 28.8 27.2 79.3 76.4 21.8 14.9                          57.2 36.3141.8 20.0 45.1 39.0121.7118.1 32.2 24.9                          27.6112.1 13.2 31.4 27.0 84.9 81.9 24.1 16.4                          70.3  8.6 20.6 17.4 56.7 54.4 14.0 10.6                          38.7 84.3 74.8179.4175.9 63.4 46.7                          10.9  9.3 30.3 28.9  7.6  5.3                          22.4 69.0 66.3 18.0 12.3                          60.6 58.2 15.2 10.5                         156.4 50.8 36.8                          48.7 35.2                           9.3                                                                                                       
0820461018234.0199.5129.0 97.0206.9 58.4178.8126.2213.4193.8242.3 63.3 40.7153.3 35.3202.2 60.5218.9152.9129.7225.2 74.6200.5150.1230.7213.9254.3 80.4 53.2176.7 46.5221.2 77.1 98.2 79.4187.9 45.9157.5 95.8195.1173.5228.8 50.1 31.5131.4 30.2182.6 47.7 36.1116.3 20.6 79.8 45.7124.0 92.7166.6 22.8 13.4 61.4 11.4110.9 21.6 86.3 15.1 63.3 34.9 92.8 74.6143.5 16.8 10.9 47.7  9.3 81.8 15.8 50.6166.2113.6202.7181.8234.5 55.1 34.9140.2 30.2190.7 52.6 35.3 19.8 55.3 42.7 85.2  9.3  5.6 28.5  4.9 47.5  8.8 77.6173.9151.0212.0 38.7 26.2 99.5 22.2160.6 36.8121.3 90.4163.9 22.0 12.9 59.6 11.0 98.4 20.8189.2239.3 60.0 38.4148.2 33.3197.8 57.3224.3 46.6 29.1125.0 27.7176.4 44.4 91.4 61.7189.7 54.2230.8 87.9  6.2 28.4  5.4 51.8  9.7 18.5  3.5 32.7  5.9 15.7134.5 29.9 28.3  5.1 49.4   
0820461118112.4  8.9126.7156.3 45.4156.4139.6 78.8 96.4 75.1163.3172.4 83.1166.5215.7202.8177.3  4.4 72.3 97.9 25.9 98.0 82.9 44.3 57.1 41.8115.2125.4 47.3118.7185.0165.1131.2  5.3  8.2  1.9  8.3  6.4  3.1  4.0  2.9  9.2 10.8  3.3  9.7 23.9 18.3 10.7121.9 28.5122.0 95.2 52.9 67.3 50.1129.5139.6 56.4133.0195.4177.5145.4 42.7151.9134.9 74.9 92.2 71.3158.9168.2 79.2162.2213.4199.8173.3 42.8 34.0 17.0 23.4 15.9 47.1 53.4 18.5 49.2115.9 84.5 57.3134.9 75.0 92.3 71.4159.0168.3 79.2162.3213.4199.9173.3 61.8 77.5 58.6142.4152.2 65.6145.8203.8187.7157.8 40.7 29.1 81.1 89.8 33.3 84.1162.2139.5 95.0 38.4 98.9118.9 43.6112.3179.9159.2124.8 77.4 85.9 31.3 80.3158.0135.0 91.0174.7 85.5169.0217.0204.5179.6 94.4177.7221.4210.3187.6 88.6166.8144.6 99.6218.6206.6182.4234.4223.7213.3   
0820461216 22.9  6.2 54.7 21.4 47.1 78.9 35.8  7.5 25.1123.5 79.6 32.7 11.1 70.1 28.8            7.3 62.6 25.5 54.2 88.8 41.5  8.8 26.8135.6 89.5 38.0 13.2 79.4 33.5           19.2  6.8 16.0 27.9 11.6  2.6  7.9 45.2 28.2 10.5  3.8 26.5 10.1           59.5126.6173.2 94.9 23.5 67.1206.5174.0 88.8 34.3162.2 80.5           51.4 84.9 39.2  8.3 27.9130.9 85.6 35.9 12.4 75.7 31.6          160.8 84.0 19.6 58.3196.3161.7 78.3 29.1149.4 70.5          138.2 33.5 94.2229.1203.6130.9 51.8193.6120.8           14.2 44.8176.3139.0 61.6 23.7126.6 55.0            9.6 53.4 33.8 12.8  4.5 29.0 11.1          142.1 95.0 41.1 14.4 84.6 36.3          229.5169.5 78.8222.2159.7          131.8 52.3194.3121.6           21.4119.4 50.7           45.2 18.5           99.5                            
