0621510116116.1172.3174.9 91.6184.1240.6 41.9 79.9163.4 36.2226.5219.1214.6 69.8222.3           43.1 44.7 17.5 50.8143.8  7.0 14.3 38.2  6.0 98.9 86.8 80.5 11.8 91.7           84.8 35.3 93.7195.8 14.4 29.5 74.7 12.2165.5152.0144.5 27.6157.6           36.6 96.2197.9 15.0 30.6 76.9 12.7168.2154.8147.3 25.8160.4           41.9127.9  5.6 11.4 31.2  4.8 85.3 74.0 68.2 10.4 78.5          205.5 17.5 35.1 85.5 14.8177.7164.9157.6 29.7170.3           58.4114.1188.1 51.0238.1232.7229.4 92.3235.0            4.7 12.5  2.2 38.2 31.9 28.8  4.0 34.3           26.0  4.0 74.1 63.7 58.4  8.5 67.8           10.6156.3142.5134.8 23.9148.2           32.9 27.4 27.4  3.5 29.5          214.8210.0 64.4218.2          200.2 54.9209.5           50.2204.4           58.6                            
0621510216 10.8131.1 45.4 34.5 37.7 20.2 74.1 19.8  6.0 45.8 24.2  6.6 14.1 41.3 66.2          113.5 36.8 27.7 30.4 15.8 61.5 15.5  4.8 37.1 18.9  5.3 11.1 33.4 54.6          221.6204.0209.9159.2247.6157.8 61.8222.1171.9 66.8132.8215.8242.3           99.7116.6 62.0177.0 61.1 20.4133.0 71.0 22.6 46.3124.2166.5           86.4 48.0154.4 47.3 14.9110.3 55.5 16.5 35.3 92.8143.5           52.1161.6 51.4 16.5117.3 60.1 18.2 38.5 99.0150.8           96.5 29.2  8.6 62.5 31.4  9.4 20.7 56.8 87.4           95.4 33.4177.7118.6 36.5 75.4169.2207.1            8.4 61.6 30.9  9.3 20.3 56.0 86.4           20.7 10.2  3.0  6.1 18.3 29.2           71.6 22.9 46.7125.0167.2           10.2 24.7 65.3 98.3            6.7 20.3 32.0           42.2 67.5          158.5                            
0621510315 56.8  5.5  9.1 13.5 27.9 34.1 23.5 40.9  9.9137.6 88.5 59.4 88.5 38.7                17.7 27.0 42.2 74.5 93.8 65.8117.3 29.2215.7184.7148.7184.7112.9                 2.7  4.0  7.7 10.7  6.6 11.9  2.9 48.4 29.0 18.7 29.0 11.2                 6.4 11.7 16.3 10.9 20.2  4.4 73.0 45.9 28.4 45.9 18.9                19.4 27.3 16.3 29.8  7.0112.5 68.6 44.2 68.6 28.1                46.4 29.9 55.1 12.7162.2121.4 77.5121.4 52.3                40.3 71.4 17.8183.8144.9 97.1144.9 68.1                48.0 10.8150.8 99.9 68.6 99.9 45.5                22.0195.9159.2121.1159.2 79.2                77.7 49.4 30.7 49.4 20.6               237.7218.2237.7192.3               188.0216.4154.9               188.0116.6               154.9                                                
0621510412  9.9  9.0 10.8 17.1 16.8 14.9 16.8  4.8 12.8  1.9  4.1                               32.5 41.7 60.3 59.3 54.1 59.3 19.0 48.1  6.1 16.0                               38.4 55.8 54.9 50.0 54.9 17.2 44.3  5.5 14.4                               69.4 68.4 62.7 68.4 23.0 56.0  7.3 19.4                               92.9 86.3 92.9 31.8 78.3 10.3 27.3                               85.1 91.7 31.2 77.2 10.1 26.8                               85.1 28.1 71.1  9.9 24.1                               31.2 77.2 10.1 26.8                               24.6  3.1  8.2                                8.6 23.1                                2.7                                                                                                                                          
0621510516 56.8204.3 54.0 52.2 98.0 81.8 57.6171.4 28.4119.7125.3 19.8 32.2 17.5 16.6          184.0 41.7 40.3 79.5 65.2 44.8148.7 23.2 89.3 94.1 14.6 26.8 13.0 12.3          179.6176.7229.3214.9185.3262.0124.7237.2240.6 83.9135.2 76.9 73.9           38.2 76.0 62.1 42.4144.0 21.8 85.6 90.2 13.7 25.2 12.2 11.6           73.8 60.1 41.0141.0 21.0 83.2 87.7 13.2 24.2 11.7 11.1          120.4 80.6201.7 41.9152.5158.2 27.8 47.3 27.3 25.9           66.2183.9 33.2132.6138.3 23.6 37.6 20.9 19.8          150.1 23.7 90.5 95.3 14.9 27.3 13.2 12.5           82.9211.9216.4 58.3 91.4 52.9 50.6           48.3 51.5  7.4 12.0  6.6  6.3          170.5 32.2 54.2 28.9 30.6           34.5 57.7 31.0 29.5            8.4  4.3  4.1            7.5  7.1            3.8                            
0621510615 70.6 85.7164.1 12.6126.2 43.7 88.9194.7 11.5145.2 62.9 35.6 36.3 72.5                67.3142.3  9.8 94.2 32.4 70.2177.0  9.0122.5 47.8 26.1 26.7 55.9               160.1 11.8121.9 41.4 85.2191.6 10.8141.0 59.9 33.6 34.3 69.2                31.0187.9 93.1163.6228.9 28.6201.3132.2 79.7 80.9144.8                19.4  5.5 12.5 50.5  1.9 26.2  8.5  4.4  4.5 10.2                61.7125.7212.2 17.7171.6 85.3 51.1 52.1 96.4                43.4139.8  5.1 76.3 28.2 15.7 16.1 33.5               194.3 11.4144.7 62.5 35.3 36.1 72.1                46.9221.4168.2124.0125.5179.1                23.8  7.7  4.1  4.2  9.3               112.3 64.1 65.3124.9                25.0 25.6 49.3                12.7 27.0                27.6                                                
0621510716 10.8  8.4  4.3 12.1  3.9 26.4 16.9  7.4 42.8 30.8  7.5  4.4 43.4 18.6 40.2           33.8 18.3 51.0 16.2 92.2 66.9 30.2148.4112.0 30.3 18.7149.6 71.9143.0           12.7 37.3 11.3 71.0 49.9 23.4121.1 79.4 23.5 13.0122.3 54.0115.9           20.4  6.1 38.8 28.7 11.2 65.9 44.2 11.3  7.0 66.8 28.4 62.3           18.1 99.3 72.8 33.3156.8120.0 33.5 20.9158.0 78.1151.4           34.8 25.4 10.9 59.9 39.7 11.0  6.3 60.6 28.0 56.5          133.9 64.4211.1178.3 64.6 39.6212.1141.1206.7           44.8181.7145.3 45.0 29.5182.8 98.6176.5          111.8 72.2 20.7 11.5113.0 48.5 97.0          219.9112.2 67.2244.7188.4240.9           72.5 45.1220.8152.5215.8           11.5113.3 48.7 97.3           68.1 29.1 63.6          189.5241.6          183.3                            
0621510813 25.8  7.6 13.9 21.3 19.2 10.7 15.5  3.2  6.1 38.7 12.0 24.3                          30.4 56.0 77.5 72.0 41.3 61.2 12.6 27.0136.2 49.7 84.9                          18.4 28.3 25.5 12.8 20.6  4.0  8.0 49.1 15.9 28.8                          47.9 44.0 26.2 36.6  7.6 14.5 84.9 29.1 53.3                          62.3 35.0 52.6 10.5 22.3122.5 42.4 74.2                          32.0 48.4 10.4 20.1115.3 38.8 68.8                          29.3  5.4 10.1 65.1 22.6 39.2                           8.5 16.3 91.6 32.2 58.4                           3.3 22.0  6.7 11.9                          40.3 12.6 25.4                          76.6131.8                          47.3                                                                                                       
0621510915 29.4 14.6 29.0 14.9 28.9 35.9 20.8 84.1 81.4  7.6 20.4  6.7  5.9 46.0                40.2 76.0 40.7 69.8 89.9 53.9176.1172.7 21.5 53.2 18.7 16.3119.0                39.6 21.1 35.9 48.5 29.6116.6113.2 10.6 29.1  9.3  8.1 61.3                40.2 69.0 88.9 53.3175.0171.7 21.1 52.5 18.5 16.0117.9                36.4 49.2 30.1117.8114.4 10.8 29.6  9.5  8.3 62.1                82.1 48.4166.8163.3 18.8 47.8 16.5 14.3 99.8                64.3191.4188.3 26.8 63.5 23.4 20.3135.2               142.4138.9 13.6 36.0 11.9 10.4 79.8               245.4 61.2141.1 55.0 49.0209.7                59.0137.6 52.9 47.1206.8                13.4  4.5  4.1 31.7                11.7 10.2 78.8                 3.6 28.1                27.2                                                
0621511016163.3139.6176.3212.5153.1165.4196.9 40.7 87.7138.9205.4119.0227.9 45.1181.9           40.5 63.5111.0 47.8 55.6 82.2 10.2 25.2 40.2 91.8 31.2137.9 10.5 68.1           48.1 80.4 35.5 41.6 63.8  7.3 17.7 29.5 72.2 25.0113.8  8.2 51.8          124.8 56.4 65.1 94.0 11.3 27.6 47.7114.5 37.3151.8 12.8 78.8           91.7113.2149.4 22.2 49.5 79.9160.5 64.7193.8 25.1131.2           49.1 73.8  8.8 21.6 35.2 82.9 27.2127.3  9.9 60.6           84.0 10.6 26.0 41.3 93.7 32.1140.1 10.8 69.7           16.2 37.8 63.3138.9 50.4175.1 18.2 99.5            4.1  7.2 19.1  5.5 29.3  2.2 12.4           17.5 43.6 13.1 67.3  4.5 30.0           71.7 24.7113.2  8.1 51.4           57.6185.2 21.6120.7           85.7  6.2 40.4           32.6158.0           14.0                            
0621511113 32.8130.7 56.9 29.0 83.9 69.5 31.6 44.7 31.4 32.8 73.3 32.1                          40.0 16.5  7.8 27.3 21.2  9.4 12.4  8.4  8.7 22.7  9.5                          74.5 35.9116.7 89.5 42.8 59.5 38.5 40.0 93.9 43.4                          14.6 48.9 39.4 17.8 26.4 15.8 16.5 41.8 18.1                          24.1 18.8  8.3 11.0  7.5  7.7 20.1  8.5                          60.2 29.5 38.2 26.1 27.3 63.6 30.0                          22.9 30.5 20.3 21.2 51.8 23.3                          13.4  9.0  9.4 24.5 10.2                          11.9 12.4 32.4 13.6                           8.3 21.7  9.1                          22.7  9.5                          24.9                                                                                                       
0621511216 13.0 49.1 71.6 58.4111.4 64.8175.1 60.0 80.7 10.5 56.2 35.2126.9 53.3 39.9            9.1 13.3 10.2 22.2 11.6 46.6 10.5 15.6  2.3 10.7  6.3 27.9 10.0  7.2           50.0 39.9 74.4 44.7143.9 41.1 57.2  7.4 38.3 25.5 87.0 36.1 26.5           59.4112.9 65.9176.6 61.1 82.0 10.8 57.2 35.9128.5 54.3 40.7           86.5 53.4158.8 49.2 67.5  9.1 46.0 28.3 99.9 43.4 32.2           94.5206.3 88.5124.5 18.0 83.7 55.3164.2 79.9 62.0          167.9 55.0 74.6 10.4 51.4 31.9119.2 48.7 36.2          161.2186.9 39.0155.5116.6217.1150.9126.7           69.3  9.4 47.3 29.2112.3 44.8 33.2           12.7 65.1 41.5140.2 61.9 46.9            8.7  5.2 22.5  8.2  5.9           27.1 97.0 41.7 30.8           65.9 28.3 19.9           93.0 73.3           29.0                            
0721610112  5.2 21.7 53.3 49.3 11.0 42.4 10.6 27.2 59.2 16.7 26.2                                4.8 12.7 11.6  2.6 10.7  2.7  6.6 14.5  3.8  5.7                               49.6 45.8 10.1 39.4 10.7 27.9 55.2 15.3 24.0                              113.2 27.9 92.1 26.6 64.7128.8 39.8 57.6                               25.4 86.6 27.0 60.1122.3 36.7 53.4                               21.1  5.1 12.7 28.4  7.8 11.0                               22.5 52.1110.1 31.3 46.1                               13.5 30.0  8.3 11.7                               71.4 21.4 29.7                               44.6 63.9                               18.4                                                                                                                                          
0721610212 11.6 19.4 52.9 28.9 68.0 34.8 13.7 93.3 67.5 52.2 22.5                                3.9 10.8  5.5 14.8  7.4  3.0 23.1 14.6 10.6  4.4                               18.0  8.9 24.8 11.1  4.5 34.1 24.6 17.7  7.1                               26.8 64.2 32.6 12.7 88.7 63.6 49.1 20.9                               32.5 16.3  6.4 47.8 32.2 26.4 10.3                               43.0 17.5119.5 80.6 63.4 28.8                                8.7 62.0 42.6 32.1 12.8                               27.5 17.3 12.6  5.1                              118.7 87.8 38.7                               62.9 28.5                               20.6                                                                                                                                          
0721610316 27.5 69.7 39.3 34.2 57.4 69.1115.6 88.1173.9 13.9116.2158.5137.8117.1148.7           13.4  7.4  6.4 10.5 13.3 24.8 18.7 47.5  2.7 25.0 39.2 30.2 25.3 34.6           20.1 17.1 28.4 35.2 59.2 47.3116.8  6.9 59.6 92.1 75.1 60.2 83.8            9.4 15.6 19.9 32.6 28.1 65.6  3.7 32.9 54.8 42.9 33.3 48.9           13.3 16.9 28.3 23.9 57.9  3.2 28.5 48.1 37.4 28.8 42.8           28.1 48.3 38.1 90.7  5.5 48.6 77.6 62.2 49.2 70.0           58.7 46.8115.9  6.8 59.0 91.4 74.5 59.7 83.1           76.0159.6 11.3 92.5143.6122.7 93.3133.6          140.1  9.5 76.5124.0 94.2 77.2114.2           26.2160.2198.3180.5161.1190.1           11.4 20.8 15.4 11.5 18.0          144.2123.3 93.8134.2          165.5145.2175.8          124.2155.9          135.2                            
0721610416 24.0 29.7112.6 50.7 22.0 91.3 32.2 35.1  9.5 52.2 80.9 28.9 10.1 99.1 86.8           20.5 73.8 33.6 13.6 64.5 22.5 24.8  6.0 34.6 56.2 19.9  6.4 71.0 60.9           92.7 44.5 18.9 82.1 28.0 30.6  8.2 45.9 72.3 27.7  8.7 89.5 77.8          146.3 69.3200.3 98.3115.0 31.4148.9189.2 90.9 33.4207.8195.7           31.1133.2 48.1 52.1 13.5 74.9120.5 43.5 14.5142.5127.8           60.4 20.7 22.8  5.6 32.2 52.5 18.3  6.0 66.6 57.0           87.4 93.3 29.6135.8177.2 80.4 28.5197.1184.0           33.1  8.9 49.5 77.3 27.3  9.5 95.1 83.0            9.8 53.7 82.8 29.8 10.5111.3 88.8           14.0 24.8  7.9  2.8 29.9 27.5          123.1 44.8 15.1145.1130.4           70.8 26.7185.7172.0            8.5 87.8 76.2           31.9 29.6          192.3                            
0721610516 44.4 45.9 78.8 16.4 64.1 26.6 35.3  5.3 41.4 41.5  5.7 26.3 26.6 33.1 26.5          116.9165.0 44.1145.8 70.3 87.6 14.6 98.7 98.8 15.9 64.3 70.2 83.5 69.9          167.6 45.6148.6 72.4 90.0 15.2111.3111.4 16.5 66.3 72.3 85.8 72.0           78.3193.2124.9146.8 27.5159.5159.6 29.6116.7124.8141.9124.4           63.6 26.4 35.0  5.2 41.1 41.1  5.6 26.1 26.4 32.9 26.2           96.0127.1 23.1140.1140.2 25.1 88.9 96.0122.2 95.6           57.3  9.1 66.1 66.2  9.8 40.0 44.2 54.1 44.0           11.2 82.9 83.0 12.1 52.0 57.2 69.0 56.9           13.5 13.5  2.2  8.1  9.1 10.5  9.0           93.8 14.6 60.3 66.0 78.9 65.7           14.6 60.4 66.1 79.0 65.8            8.8  9.8 11.3  9.7           40.0 49.1 39.8           54.1 44.0           53.8                            
0721610614 20.5 11.8 42.6  3.8 26.4 20.7 15.0 28.6 12.3 27.6  3.8  4.7 24.3                     50.1146.9 16.3 91.9 77.7 60.9114.0 51.9 94.6 16.0 20.8 86.8                     97.1 10.4 61.3 50.5 38.4 70.8 32.2 63.5 10.2 11.9 57.4                     34.9165.0147.5123.9178.1 99.7168.1 34.4 43.0159.0                     21.0 16.5 12.0 25.3 10.8 21.9  3.2  3.9 19.3                     92.4 73.7132.0 63.3121.5 20.6 26.8112.5                     61.3114.6 52.2 95.1 16.2 21.0 87.3                     84.3 39.8 76.1 11.7 15.2 69.3                     73.0135.1 24.9 28.9125.9                     65.5 10.6 12.4 59.3                     21.5 28.0115.6                      3.8 18.9                     24.6                                                                         
0721610718 34.6 16.7  9.7 33.1  3.9  8.4 41.8 12.5 29.5 18.7  9.1 29.3 24.8 54.4 29.6 19.5 23.7 88.1 53.8156.2 23.3 47.6176.1 71.2146.3 95.4 50.7146.0125.2198.3146.7 97.9121.7 28.0 85.1 11.0 24.1111.9 35.1 77.6 50.0 26.0 77.3 62.7135.1 77.9 51.7 60.5 51.7  5.9 12.6 64.0 20.9 46.4 28.3 13.6 46.2 36.4 81.0 46.6 29.4 35.0 22.1 45.7172.4 68.6142.6 92.3 48.7142.2121.6194.9143.0 94.8118.2  5.2 28.9  8.3 19.4 11.2  5.6 19.4 14.7 34.8 19.6 11.6 14.1 56.9 18.0 40.9 27.2 11.8 40.7 31.9 72.7 41.1 28.3 30.6 83.5162.8120.4 60.5162.4141.5212.3163.2123.4138.0 62.1 38.9 19.4 61.8 49.4113.4 62.3 40.3 47.6 84.4 43.6132.4112.1185.9133.2 86.8 98.9 29.3 84.1 68.7144.0 84.7 56.9 66.3 43.5 34.2 76.9 43.8 30.5 32.8111.8185.6132.9 86.6 98.7165.4112.6 70.9 81.7186.3147.1161.9 87.2 99.3 68.4   
0721610816 47.6 30.0180.1 79.1 78.4 52.9 65.7 86.8 90.3 59.0 17.8121.0 74.8110.3134.0            8.5 75.3 27.7 27.4 16.4 21.5 28.4 29.9 18.8  5.3 39.3 25.6 34.5 45.8           45.1 14.5 14.3  9.6 11.4 16.5 17.5 10.9  3.2 23.9 13.5 20.6 28.6          127.0126.0 82.5 99.1136.7140.9 90.5 28.6164.0121.3152.9176.7           44.2 28.3 36.0 50.0 52.4 31.9  9.6 67.0 41.9 59.6 76.5           28.0 35.6 49.4 51.8 31.5  9.5 66.3 41.4 59.0 75.7           24.5 31.8 33.5 21.4  5.9 43.9 29.2 38.6 50.9           40.4 42.4 28.1  7.6 55.0 33.7 48.6 63.3           58.2 35.9 10.9 74.0 46.8 66.0 84.0           37.7 10.5 77.1 49.1 69.0 87.4            6.7 49.2 29.8 43.3 56.8           14.3  8.9 12.3 17.0           63.1 86.4117.6           56.0 72.2           97.2                            
0721610916115.8 44.0 58.1 11.0 31.2 72.3 35.7 13.8 51.9  6.0 40.9 36.3 36.3 14.0 27.8          178.8200.9 65.0150.6217.3161.5 77.4192.1 35.0172.8162.9163.0 78.3133.1          118.1 26.1 64.8138.8 72.6 29.4 98.5 12.4 81.4 73.6 73.7 29.8 53.7           32.2 83.0163.4 92.0 39.6132.4 17.3112.0 93.1 93.2 40.1 69.9           17.6 41.4 20.4  7.8 28.5  3.3 23.9 20.8 20.8  7.9 13.9          110.4 53.4 22.2 75.2  9.3 60.7 54.3 54.4 22.6 38.6          121.0 50.3153.3 23.0132.5122.4122.5 51.0 85.7           25.8 83.7 10.8 68.1 61.2 61.3 26.2 43.8           35.1  4.0 27.2 26.3 26.4  9.8 17.5           15.1 93.1 84.8 84.9 35.6 62.8           11.4 11.0 11.0  4.0  7.4           69.1 69.2 27.6 50.1           62.2 26.7 44.6           26.8 44.6           17.8                            
0721611016 17.2162.6 44.7144.3 84.9111.1122.5 26.4 94.7 19.7162.5 32.8126.0 67.8115.3           30.7  6.3 26.7 12.7 16.6 19.6  3.4 15.0  2.8 30.6  4.5 20.6 10.3 17.6           77.0190.8141.2160.0171.2 44.3152.9 34.5205.7 58.8174.5118.9164.2           63.4 34.4 43.3 49.7  9.4 39.7  7.1 76.9 11.9 51.7 28.8 45.6          122.6141.5153.2 35.4134.3 27.3190.7 47.6156.6 91.9145.9           82.7 92.3 19.4 77.0 14.5141.0 27.5 95.3 53.4 86.2          119.8 25.4 92.4 18.9159.8 31.7123.2 65.8112.6           26.9112.7 22.3171.0 36.6134.9 74.4124.1           22.9  3.8 44.3  6.7 28.1 14.2 27.0           17.1152.7 28.9116.1 60.9 96.1           34.4  5.1 23.4 10.6 20.1           58.7174.3118.8164.1           38.2 20.0 33.4           77.0127.6           68.9                            
0721611118  8.5 12.7  3.6 11.4 16.0 39.0 13.2 26.5  8.5  5.0  7.0 11.3  9.5 16.3  5.4  8.3 32.7 57.3 15.8 52.3 68.9147.3 59.0 98.1 37.3 24.0 31.1 51.8 41.0 69.6 26.3 36.5132.1 26.4 77.9 99.0185.1 86.6145.8 57.5 35.2 48.7 77.3 62.7 99.9 38.2 56.3170.6 23.6 29.9 71.0 27.4 46.3 15.9  9.9 13.0 23.3 17.7 30.3 10.8 15.5 60.8 92.0177.1 80.0137.3 52.5 31.9 44.3 71.1 57.3 92.8 34.6 51.4162.3201.1111.5163.5 69.2 43.3 59.0 91.3 75.0127.0 46.8 67.8187.6187.7230.2147.7 95.6132.3176.3155.8202.0111.6145.7245.4148.5 59.2 36.4 50.2 79.4 64.5112.5 39.4 58.0173.3 98.5 65.1 85.8136.5116.0164.5 69.8 96.8219.3 24.2 31.3 52.0 41.2 69.9 26.5 36.6132.5 19.7 31.6 27.0 43.8 14.8 23.5 83.3 43.9 34.5 59.7 21.6 30.6117.5 56.8 92.1 34.2 50.9161.5 75.8 29.5 40.2140.6 47.3 68.5188.5 25.8 88.8130.5   
0721611218191.1 47.1 96.4 34.8 66.3 93.4142.4 55.1 91.0138.7 82.8 96.9125.7 22.7195.3 51.3 16.1113.5182.0 81.7144.3178.7213.2127.1175.9210.4166.3182.6199.9 53.3246.5120.9 40.1 41.9 13.3 29.1 40.2 63.5 22.9 38.8 61.1 34.5 42.2 52.9  8.5118.2 21.0  6.2 30.8 59.6 85.1132.3 49.2 82.8128.6 75.0 88.5115.8 19.8186.4 45.8 14.1 20.4 29.5 47.8 16.1 28.4 45.8 27.7 31.0 39.4  6.1 85.6 14.8  4.6 57.3 86.7 31.2 55.5 83.8 49.6 60.0 73.7 11.7149.2 28.8  9.2128.8 47.3 80.0125.1 72.4 85.6112.4 18.8183.2 43.9 13.4 73.3125.9165.6116.1133.0152.7 29.4216.8 68.7 23.4 45.7 70.6 40.7 49.6 61.6 10.2131.9 25.4  7.4122.3 70.3 83.3 99.7 18.1180.5 42.5 12.9112.5129.3149.0 28.1214.1 66.1 22.2 75.5 91.2 15.8171.0 37.7 11.3116.5 19.9187.0 46.1 14.2 26.2203.9 57.5 18.6 56.3  9.4  3.0125.6 42.4  6.8   
09216101 9  8.1 17.0 11.2 15.3 12.6  3.1 19.1  1.6                                              29.9 20.7 27.4 23.0  6.0 36.0  2.4                                              42.3 53.7 46.4 12.3 66.9  5.0                                              39.0 33.2  9.0 50.1  3.4                                              42.9 11.1 62.6  4.5                                              10.1 54.7  3.8                                              15.4  1.4                                               6.1                                                                                                                                                                                                                                                                                 
0921610211 27.6120.1 46.0122.9 76.4 64.1 20.2 86.4 11.9 74.2                                    23.1  7.7 24.1 13.7 10.6  3.0 16.7  2.1 13.1                                    39.0111.1 66.7 55.3 16.5 76.2 10.7 64.7                                    40.6 22.5 19.4  5.1 26.9  3.2 21.7                                    68.9 57.4 17.3 78.6 10.2 66.9                                    33.2  9.8 48.4  5.9 39.8                                     7.6 39.3  4.7 32.0                                    10.8  1.7  9.4                                     7.1 46.7                                     5.7                                                                                                                                                                                  
09216103 9 73.5 28.2 58.2 18.6 42.9  7.3 20.0 82.0                                              23.9 50.6 15.4 36.8  6.1 16.5 73.0                                              19.2  5.1 12.9  2.2  5.5 28.0                                              10.9 27.4  4.5 11.7 57.7                                               8.2  1.6  3.3 18.4                                               3.2  8.7 42.5                                               1.7  7.2                                              19.7                                                                                                                                                                                                                                                                                 
0921610412 38.8 36.0 17.5 17.1 12.9 29.4 40.7 32.2  6.4  7.1 62.9                               64.6 31.6 30.9 26.3 54.1 71.8 58.5 11.5 12.8113.0                               29.2 28.6 24.0 50.4 67.3 54.6 10.6 11.7 97.3                               13.5 10.2 26.2 33.2 26.0  5.2  5.7 52.2                               11.0 25.6 32.5 28.3  5.1  5.6 51.3                               19.1 27.8 21.1  4.0  4.3 40.3                               56.6 45.4  9.4 10.4 84.0                               61.1 12.2 13.5116.8                               10.3 10.4 89.7                                2.4 20.8                               23.1                                                                                                                                          
0921610511 27.2 14.1 23.9 18.3 27.5 17.4 16.6  5.9  7.3  2.8                                    44.1 66.7 54.5 80.1 52.3 50.5 19.3 24.3  9.1                                    39.6 31.5 49.1 30.1 28.9 10.1 12.7  5.0                                    49.2 73.4 47.2 45.5 17.0 21.4  8.1                                    60.4 37.8 36.4 13.0 16.4  6.3                                    58.0 56.1 22.0 25.0 10.3                                    34.8 12.4 15.6  6.0                                    11.9 14.9  5.8                                     5.3  2.2                                     2.6                                                                                                                                                                                  
0921610610 24.8 28.1 12.2 16.3  5.7  6.9 16.8 25.9 32.4                                         33.4 14.8 19.9  6.8  8.4 20.5 30.8 38.4                                         18.7 25.2  8.6 10.5 26.0 38.0 47.0                                         10.8  3.7  4.3 10.1 17.1 22.0                                          4.7  5.7 13.5 23.0 26.6                                          2.3  4.8  7.9 10.0                                          5.8  9.6 11.2                                         23.7 27.3                                         43.5                                                                                                                                                                                                                               
0921610713 34.2 89.0126.2168.1 70.0172.1113.1 45.8 29.5 18.4 26.9133.8                          19.2 26.3 44.9 13.7 47.3 24.2  8.9  5.5  3.3  5.0 29.1                          72.7119.1 39.6123.4 63.1 27.1 16.3 10.0 14.7 78.6                         148.3 56.0152.5 85.3 35.7 24.8 13.8 22.4113.6                          87.5191.6135.0 59.2 38.9 25.3 35.7155.8                          91.1 48.0 19.2 11.6  7.2 10.5 61.0                         139.4 62.1 41.1 27.0 37.6160.0                          30.2 20.5 11.4 18.5 91.7                           7.6  4.4  6.9 39.3                           2.9  4.3 27.7                           2.7 15.3                          25.0                                                                                                       
0921610811 41.6 43.9121.9141.4 39.0 35.1 29.8 37.9 18.9 86.6                                    11.6 35.5 44.6 10.1  9.9  7.4 10.8  4.9 27.7                                    37.5 47.1 10.7 10.5  7.9 10.4  5.2 29.5                                   128.0 33.2 29.8 24.8 32.3 15.8 76.2                                    41.9 37.7 28.9 40.8 20.6 91.7                                     9.2  6.9 10.0  4.6 25.7                                     6.2  8.9  4.2 22.7                                     6.7  3.3 16.8                                     4.5 24.9                                    10.8                                                                                                                                                                                  
09216109 9 33.1 29.4 20.8 73.0 11.2  6.6 29.4 59.6                                              16.4 10.1 42.6  6.1  3.4 16.3 33.4                                               9.7 38.1  5.4  3.1 14.3 29.7                                              25.0  3.5  2.2  9.7 21.0                                              15.1  8.7 38.0 73.5                                               1.6  5.4 11.3                                               3.1  6.6                                              29.6                                                                                                                                                                                                                                                                                 
0921611016 46.2127.8 94.2  8.0 32.7 19.3 87.4 41.3 83.6 27.1 37.7 84.4 89.8 34.4 11.0          144.9120.1 10.1 40.5 24.7112.2 50.6 98.1 30.6 46.3 98.9115.1 42.5 12.7          204.7 30.2116.9 68.6198.6135.5195.0 86.9128.0195.8200.8120.8 40.1           23.8 84.9 52.0177.6110.9173.4 67.6 94.3174.3180.2 88.2 29.3            6.9  3.9 21.2  8.9 19.9  5.2  8.0 20.2 22.1  7.3  2.4           16.5 78.4 36.0 74.9 23.1 32.8 75.6 80.7 29.9  9.4           47.3 21.6 44.8 12.0 19.4 45.4 49.0 17.4  5.1           93.8165.9 61.9 87.5166.8172.9 81.6 26.4           90.0 27.1 41.3 90.8 96.3 37.8 11.1           58.9 83.8162.5168.6 78.0 27.6           27.2 59.5 63.9 24.5  6.9           84.6 90.0 34.5 10.0          169.6 78.7 28.0           83.9 27.5            9.9                            
0921611111 10.7 16.8  3.6 13.9  5.2  5.5 18.8  6.8 11.5  1.9                                    76.6 19.6 67.0 26.3 28.1 82.6 34.2 58.4  8.5                                    27.3 90.7 39.0 41.5118.9 49.7 80.6 11.9                                    25.5  9.1  9.8 30.2 11.0 21.1  2.8                                    33.1 35.3 97.1 42.6 70.7 10.9                                    13.2 42.9 16.5 28.1  3.8                                    45.6 17.8 30.0  4.1                                    54.4 86.7 13.3                                    36.4  4.9                                     9.1                                                                                                                                                                                  
0921611214122.3 84.1112.4 80.6113.0 23.5131.0 40.2 77.8 17.9 80.3 24.5 33.8                     88.8117.9 85.2118.6 25.4136.7 43.0 82.3 19.3 84.9 26.5 36.2                     80.6 61.8 81.1 16.4 96.2 29.3 59.4 12.5 61.5 17.0 27.0                     77.1 98.9 22.1126.6 38.1 74.4 16.8 76.9 23.0 32.0                     77.7 15.4 92.4 27.7 56.5 11.8 58.6 16.0 25.3                     22.3127.3 38.4 74.9 16.9 77.4 23.2 32.3                     28.8  7.2 14.6  3.1 15.3  4.0  6.0                     47.6 89.4 21.9 92.1 26.9 40.3                     29.4  5.6 27.5  7.5 10.5                     11.2 56.3 15.2 24.1                     11.7  3.2  4.7                     15.9 25.2                      6.2                                                                         
