0621130116246.6183.2 77.0134.6179.2130.3 53.5186.4138.9166.9180.6 60.4 44.1254.0228.9          192.0 84.9144.6188.2140.3 59.8195.1149.0176.4189.6 67.2 49.6257.0234.5           28.2 53.3 85.9 50.8 19.6 92.6 56.0 75.6 87.2 22.8 15.5208.7158.4           15.6 26.7 14.7  5.4 29.5 16.6 24.7 27.2  6.2  4.4112.7 58.4           50.7 27.7 10.8 55.5 30.9 43.5 51.6 11.4  8.6165.1 98.9           48.3 18.4 88.9 53.3 72.3 83.6 21.4 14.6205.4154.0           10.2 52.9 29.2 41.4 49.1 10.7  8.1160.9 95.2           20.6 10.4 15.3 18.8  4.0  3.0 74.4 39.4           58.2 78.4 90.2 24.0 16.3211.4161.9           45.8 54.2 12.0  9.1169.2112.9           73.4 17.8 12.2194.8140.9           21.9 14.9206.5155.5            3.4 82.9 44.8           62.5 32.1          244.3                            
0621130216 28.0  8.7 84.9  9.0 90.7 59.4 13.2 54.1141.4 32.7 38.2 77.7  5.1 23.4 67.8           12.4123.3 12.7130.2 82.7 20.8 76.2171.4 48.2 55.6114.6  7.8 32.3 92.7           45.8  4.2 49.7 29.9  6.6 26.9 79.3 16.5 19.7 41.1  2.7 10.4 34.8           46.9217.6188.6 68.9181.8237.8143.1155.2207.5 27.7111.3198.1           50.9 30.7  6.8 27.6 80.9 17.0 20.3 42.1  2.7 10.7 35.8          194.2 74.1187.7240.3150.0161.8212.1 30.3118.1203.2           46.8150.2222.4 99.6121.5181.1 18.9 73.0169.4           42.4121.0 27.8 29.4 62.5  3.9 17.4 53.9          217.8 92.5113.6174.0 16.8 67.0161.8          188.7198.4234.3 51.2159.9228.5           69.3134.3 10.2 41.5121.3          146.5 11.1 48.2133.5           27.3 93.4191.2            6.6 22.5           82.5                            
0621130316193.9114.7 93.7174.4177.5 27.6215.4 46.2136.4 55.6225.9210.7 71.1152.6195.2           73.8 64.8140.1143.5 18.1190.7 29.2 91.7 35.7205.5184.5 47.0116.7164.5           24.5 56.9 59.2  5.9110.7 10.4 34.9 11.8130.8 93.9 16.2 43.0 75.2           49.4 51.5  5.0 90.2  8.7 29.9 10.9118.9 83.7 13.6 36.9 66.1          120.1 12.8170.8 23.3 72.5 26.2188.1163.7 35.0 85.7141.8           13.5173.9 24.5 75.2 27.4190.9166.9 36.6 88.6145.2           26.1  2.4  7.9  2.8 34.1 26.0  3.5 10.0 18.5           44.0132.3 53.0223.9208.1 68.1148.6192.0           12.9  4.4 56.1 40.0  5.9 16.4 29.8           16.2152.4124.6 22.5 55.9 93.2           66.8 48.3  7.4 20.6 36.5          220.0 84.0167.9206.6           62.5141.0185.9           25.7 48.0          118.5                            
0621130412113.2 75.8 81.4 19.3 41.6 81.0 50.3 58.6 36.9149.3 10.7                               73.4 78.9 18.4 40.0 78.5 48.4 56.5 35.4146.5 10.3                               55.2 11.2 25.9 54.9 31.9 37.8 25.3115.8  6.4                               12.5 28.5 59.6 35.0 41.4 25.1122.6  7.1                                5.8 12.4  7.2  8.7  5.1 29.1  1.8                               28.3 16.7 20.3 11.5 63.6  3.2                               34.8 41.1 24.9122.1  7.0                               23.2 14.5 75.0  3.9                               17.6 85.4  4.6                               57.1  2.9                               16.7                                                                                                                                          
0621130516 25.1 71.3  3.4125.6121.4 63.7 16.7 51.5 72.1 22.1  9.7 37.5 64.5 72.6116.8           75.2  3.6130.3126.2 67.4 18.1 54.7 76.0 23.9 10.4 40.0 68.2 76.5121.6           10.9193.1190.7149.3 51.6132.9158.8 63.4 30.0 99.6150.2159.3187.9           24.4 22.8 10.3  2.5  7.8 11.1  3.0  1.7  5.4 10.4 11.2 21.1          212.4187.3 90.1175.6193.6115.5 58.1156.4187.9194.0210.9          184.7 86.5172.4191.3111.4 55.1152.7185.3191.6209.4           45.5123.4150.1 56.3 26.0 90.9141.1150.7181.6           35.9 52.3 14.2  6.4 25.5 46.1 52.7 82.5          133.8 45.1 22.1 76.0124.3134.4168.8           64.1 30.4110.5151.0160.1188.5            8.2 32.5 57.0 64.6 97.1           15.0 26.4 30.7 52.0           91.8111.0148.5          151.6182.2          188.8                            
0621130616169.0 70.4 26.3 59.1 92.4 48.3 88.4118.1 54.3174.2  8.0 65.6 10.7 27.2 16.7          202.6124.4191.1219.1177.0216.5227.3185.3245.5 45.9198.0 62.9126.7 86.3           41.1 91.6142.9 77.3138.2159.3 85.4206.5 13.3 99.6 19.8 42.3 27.7           33.6 57.0 26.8 54.0 68.9 30.5130.2  4.3 37.8  6.1 13.7  9.4          127.2 65.4122.6144.1 72.7195.6 10.6 86.1 15.7 34.6 24.6          110.3164.4183.5120.0222.1 19.9136.4 26.5 58.6 39.4           96.1127.0 60.2182.0  9.1 72.2 12.2 27.6 19.1          179.5115.3219.7 18.6131.8 24.9 55.5 37.1          136.8229.7 25.7153.1 33.2 70.7 48.6          190.0 10.5 80.0 14.1 31.5 22.1           49.2202.2 67.1132.6 91.3           12.1  2.3  4.4  3.0           18.0 39.0 25.4            6.3  4.1            9.7                            
0621130716201.3172.2 44.7114.7148.8 68.1 31.5125.4201.9 69.6 18.5 75.7201.0 66.4188.1          200.6 66.8149.1181.0 96.2 48.6159.6223.2 97.9 27.5115.5222.5 94.1213.0           44.2113.8147.8 67.4 31.1124.5201.2 68.8 18.3 75.0200.3 65.7187.3           22.4 32.4 11.8  5.3 26.3 67.4 12.1  3.1 13.6 66.5 11.4 55.1           82.3 33.3 14.9 64.3149.9 34.1  8.6 37.8148.7 32.3132.1           50.9 24.6 91.3181.7 52.1 12.7 57.2180.6 49.5165.6            8.7 38.2 96.9 20.6  4.7 23.2 95.8 19.3 81.7           17.4 49.1  9.0  2.4 10.1 48.4  8.4 39.4          160.4 39.1 10.0 43.3159.2 37.0142.8           98.6 27.8116.4222.9 94.8213.5            4.9 23.9 97.5 19.9 83.3            5.4 27.4  4.6 24.0          115.1 22.4 90.0           93.8212.7           79.7                            
0621130816166.4 55.4 28.1 65.6214.4125.5 74.0117.1 84.6155.0 35.2123.4122.6 84.2221.3           40.4 19.2 48.5191.5 90.1 55.3 83.1 64.1127.3 27.6 88.3 87.6 63.7199.8            4.7 12.0 73.5 27.0 14.0 24.0 16.9 35.3  6.4 26.2 26.0 16.8 80.7            5.6 35.3 11.1  6.5 10.9  7.8 16.4  3.1 10.8 10.6  7.7 39.6           85.6 29.8 17.3 29.8 20.9 42.5  7.9 29.1 28.8 20.8 93.4          152.2 95.3143.6117.9181.0 48.1150.1149.3117.4238.2           34.4 54.4 40.5 80.8 15.8 58.4 57.9 40.3161.7           31.0 24.6 48.6  9.1 33.5 33.2 24.4113.9           36.6 74.3 14.1 53.1 52.7 36.4153.2           56.6 11.0 39.5 39.1 29.4127.3           23.6 79.1 78.5 56.3189.7           15.3 15.2 10.9 53.6           56.5 39.3159.6           38.9158.8          126.8                            
0621130916140.0119.2 19.2206.4177.0 82.9 15.9164.6 55.4 52.9151.2 45.1 41.1206.4 29.8          139.9 25.9220.1194.8110.6 21.4183.6 69.6 66.7171.2 57.4 52.6220.1 38.8           19.2206.2176.9 82.8 15.9164.4 55.3 52.8151.1 45.0 41.0206.2 29.8           58.9 38.5 12.6  2.4 32.6  8.2  7.7 27.3  6.4  5.8 58.9  4.2          239.2182.5 50.6233.4146.7142.7226.5129.2121.5251.0 88.2          148.7 32.6213.2111.0 97.4203.5 85.9 79.7239.2 60.9           10.4135.3 38.9 37.0121.6 31.2 28.2182.5 21.9           27.5  6.8  6.5 25.2  5.4  4.9 50.6  3.6           89.4 86.1193.1 75.2 69.5233.4 52.3           24.9 78.2 20.5 18.3146.7 12.7           75.1 19.3 17.3142.7 12.0           65.1 59.8226.5 44.5           14.3129.2 11.0          121.5  9.8           88.2                            
0621131016  5.8 10.6 10.7 48.3 31.4 12.0 28.2 16.9 29.2  9.8 30.4  5.7 59.0 24.7 21.5            8.9  9.9 41.4 29.5 10.1 23.6 14.1 24.4  8.2 25.4  4.9 51.0 20.7 18.0           17.0 70.3 47.3 19.0 39.1 26.9 40.3 14.0 41.7  8.8 84.3 34.8 30.7           76.2 51.7 21.2 42.8 30.0 44.2 15.6 45.7  9.8 90.8 38.3 33.8          171.9 83.0154.7115.4157.4 65.8160.6 40.9223.4144.6133.6           56.8116.9 74.5119.5 43.9122.5 29.0190.2 97.7 88.7           47.3 30.2 48.7 17.5 50.4 10.9 98.2 42.4 37.4           62.8 94.0 36.2 96.6 23.2173.6 83.8 75.6           64.6 24.7 66.6 13.9133.8 56.6 50.4           37.3 98.9 24.0176.3 86.0 77.6           38.7  8.1 79.2 32.3 31.5           25.0179.4 88.5 80.0           50.3 20.4 17.7          163.6152.6           68.6                            
0621131116 44.9 36.3 94.5 15.0 10.4 55.0174.3 59.0 36.9 18.6 18.0 70.5 39.6 91.2 87.7           37.1 95.9 15.4 10.6 56.0175.9 60.0 37.6 19.0 18.4 71.7 40.4 92.6 89.1           81.1 12.1  9.2 45.7157.9 49.2 30.3 14.9 14.4 59.3 32.5 78.0 74.8           35.7 28.1122.9234.9129.3 82.1 42.9 41.7146.6 86.9173.2169.1            3.7 19.6 77.7 21.4 12.3  6.2  6.0 27.0 13.3 34.0 32.3           13.5 58.3 14.7  9.4  4.4  4.3 18.5 10.2 26.6 25.1          192.9 72.4 46.4 24.3 23.5 85.6 49.7119.0114.9          198.6159.2 90.1 88.2213.0165.2232.3229.5           49.9 26.5 25.7 90.8 53.3125.4121.2           15.2 14.7 60.2 33.1 79.0 75.8            7.3 29.8 16.4 41.0 39.0           29.0 15.9 39.8 37.9           64.1142.6138.3           83.7 80.4          165.1                            
0621131215 10.1 10.6  8.3 14.8 19.8  6.7 19.9 22.1 26.8  8.1  5.0 10.7 37.3 12.1                26.5 18.5 33.1 42.8 14.6 42.8 46.9 55.1 18.0 10.5 24.2 79.1 30.3                21.4 37.8 48.5 17.0 48.6 53.1 62.1 20.9 12.1 28.1 88.0 31.4                30.2 35.5 11.9 35.5 39.0 46.1 14.6  9.4 19.6 67.3 24.4                64.1 23.8 64.1 69.6 80.5 29.4 17.0 34.9121.2 42.3                32.0 80.1 86.4 98.6 34.7 22.7 45.0143.7 54.2                32.0 31.7 37.7 11.6  7.5 15.5 55.9 19.3                86.5 98.7 34.8 22.8 45.0143.8 54.2               116.3 38.2 25.3 49.2152.1 59.1                45.2 30.8 57.8167.3 68.8                 9.2 19.1 66.1 23.9                11.1 42.0 13.8                82.5 32.1                96.3                                                
0721130116 34.1 79.3 38.9 20.6 67.6 28.1  5.7 53.9 33.7 40.3 44.5 23.9 15.0  5.9 59.9          140.7 73.3 39.0125.3 55.5 11.0 95.7 65.1 75.6 82.0 44.2 29.6 11.5114.3          151.1 88.1194.9125.6 28.3177.3139.9154.1162.0 96.9 70.8 29.3185.6           44.3135.8 62.4 12.8115.4 72.7 84.0 90.7 50.1 33.8 13.3124.6           75.7 32.3  6.6 60.8 38.6 45.9 50.5 27.9 17.5  6.8 67.3          110.5 25.4162.9124.4138.7146.8 83.9 59.9 26.5171.7            9.9 83.1 55.0 64.5 70.3 36.8 26.9 10.3 90.8           18.9 10.9 13.3 15.0  7.6  5.0  2.3 21.6           95.0118.3126.4 68.1 47.3 19.7152.0           75.0 81.3 43.8 29.3 11.4113.5           93.2 51.8 35.1 13.9127.6           56.9 38.8 15.6135.7           20.3  7.9 75.0            5.1 52.8           22.6                            
0721130216 15.3  3.5 50.8 33.4 27.4 70.4  6.9 46.5 40.0 26.5  8.6 42.8 38.0 13.5  7.2            7.9 99.1 70.5 54.7138.7 15.1 92.3 81.9 53.1 19.0 86.4 78.6 29.8 15.8           28.7 17.5 12.7 37.5  3.5 25.7 21.5 12.2  4.2 23.3 20.3  7.1  3.6          174.5151.1228.2 50.2199.7188.5148.5 60.5193.6184.7 91.4 52.1          115.4201.7 33.0166.9154.2112.9 40.3159.9149.9 64.1 34.3          180.6 27.0143.1130.2 82.7 30.3135.9126.0 49.4 28.2           69.6222.9213.7178.2 82.3217.9210.4129.6 72.0           45.9 39.5 26.1  8.5 42.2 37.6 13.3  7.1          181.2140.5 55.5186.5177.3 84.9 47.6          127.7 48.0174.5164.9 74.9 41.0           29.3133.4123.5 48.0 27.3           51.2 45.8 16.8  8.8          170.5 79.2 43.9           71.8 39.0           13.9                            
0721130316158.8123.1200.0 28.8145.3 29.2179.0135.1168.8 50.4175.4 37.4 73.2216.5160.9           79.2166.8 18.7 97.7 18.9142.3 88.9131.2 31.6138.3 25.2 47.8187.7122.9          131.5 11.3 68.8 11.4 97.1 61.6 87.7 21.5 93.8 15.1 30.8154.5 80.9           32.1153.6 32.4186.4143.4176.6 55.5182.9 41.4 79.7221.6168.8           15.4  2.6 25.5 13.3 21.8  4.3 24.1  3.2  6.6 42.7 19.3           15.6128.6 77.8117.6 26.5124.7 20.7 40.6175.6 99.6           25.9 13.5 22.0  4.3 24.4  3.2  6.7 43.2 19.5          118.5152.7 41.3159.7 30.3 61.2204.9144.4           97.9 25.5114.6 17.9 35.8166.1 90.8           36.1148.8 26.3 54.1196.4133.4           39.4  5.6 11.2 71.5 32.5           28.8 58.6202.0140.5            8.7 54.5 26.0           99.1 49.1          189.5                            
0721130413 16.7 42.4 13.1 21.6125.0 45.3 85.8125.8 97.4 32.3 71.8113.7                           7.1  2.4  3.3 25.5  7.7 16.0 25.8 19.5  5.3 12.3 21.5                           5.6  9.1 59.5 20.6 40.7 60.0 48.1 13.9 32.5 52.1                           2.8 19.8  6.1 12.5 20.1 15.2  4.3 10.6 16.8                          29.2  9.8 20.6 29.5 25.2  6.7 15.9 25.1                          63.3121.8153.9135.2 46.3 95.1141.9                          43.6 63.8 51.3 15.0 34.9 55.5                         122.6 94.6 31.0 69.3110.5                         136.0 46.7 95.8142.7                          36.9 79.8123.8                          27.2 40.2                          85.3                                                                                                       
0721130516 57.6139.6157.4 58.3 27.4119.8 89.6170.2 38.3 30.2 20.6 63.2 44.7189.3 18.5           90.4115.9 36.5 15.7 74.9 59.4128.5 25.4 19.4 11.9 39.9 30.4148.5 10.7          200.7 91.4 42.7165.3142.6211.7 63.4 51.0 33.4 97.8 72.7226.9 30.4          117.1 52.0182.5160.3225.2 75.8 61.6 41.0124.5 86.1238.6 37.4           16.0 75.7 60.1129.7 25.8 19.7 12.1 40.5 30.9149.7 10.9           33.9 28.5 59.8 10.7  8.3  5.3 17.6 11.6 73.3  4.8          122.7194.5 51.2 40.7 29.0 81.5 59.2211.6 26.1          173.1 39.7 31.2 21.4 65.1 46.2192.0 19.3           85.7 70.4 47.5137.4 96.8246.1 43.4           12.0  8.2 28.6 18.7112.5  7.4            6.4 21.8 14.3 85.4  5.8           13.3  9.7 59.0  3.8           30.5157.4 12.0          125.5  8.8           54.1                            
0721130616 36.5 27.6 47.3222.3141.7 76.3119.9203.9 22.0 72.6 82.6156.7 43.9183.9183.2            4.8  9.3 88.3 31.8 15.4 26.6 68.8  4.0 14.4 17.2 38.2  8.6 53.4 52.8            6.3 65.2 23.6 10.2 17.4 49.3  2.9 10.5 11.4 29.1  5.8 37.4 37.0          118.0 41.5 21.0 31.9 85.6  5.1 19.5 23.4 49.5 10.4 67.8 67.2          214.6161.8197.6250.8 54.7156.9169.6224.8111.6240.8240.4           68.1 99.2194.7 18.9 64.6 73.9145.6 38.4173.6172.8           53.7136.6  9.0 31.9 37.4 79.3 19.1113.5112.6          175.1 13.9 50.8 58.7123.7 29.4152.3151.4           40.8131.6144.6207.0 80.4226.9226.3            8.5 10.1 23.3  4.7 30.7 30.4           35.2 75.5 17.8 98.8 98.0           85.7 21.4121.3120.4           45.9187.4186.7           63.2 62.6          210.3                            
0721130714 87.2  9.3 60.2 27.5 16.5 34.1  7.4 21.7 87.8 68.1 73.3 95.3 47.7                     26.0135.6 69.7 42.9 82.7 20.4 53.4169.7146.5153.1177.2116.2                     15.4  6.8  3.9  8.6  2.1  5.0 26.3 18.1 20.1 26.7 11.5                     46.4 27.1 56.5 12.1 34.5136.3111.9118.6144.8 75.8                     12.0 25.5  5.5 15.6 70.2 53.1 57.5 77.0 36.3                     15.3  3.3  9.4 43.2 31.5 34.4 48.1 22.7                      6.9 20.0 83.2 64.1 69.2 90.5 44.6                      4.0 20.6 14.3 15.8 23.5 10.0                     53.9 39.8 43.4 59.6 26.6                    147.2153.8177.8116.9                    129.6155.5 84.8                    162.0 90.6                    125.5                                                                         
0721130811 10.6  3.6  5.9 10.9 15.5  4.1  8.8 21.3 13.3  8.8                                     9.4 14.7 28.0 38.4 10.9 22.6 50.5 33.5 22.7                                     5.2 10.6 13.6  3.7  7.8 18.7 11.7  7.8                                    16.7 23.9  6.1 12.2 29.5 20.5 12.2                                    42.8 11.2 25.6 55.9 37.4 25.7                                    16.0 32.4 73.7 50.8 32.5                                     9.1 22.0 13.7  9.1                                    42.9 28.2 18.7                                    65.6 43.0                                    28.3                                                                                                                                                                                  
0721130916  4.8  5.1 31.5 27.5 58.3 11.7 13.0  4.2 28.7 27.8 10.4 16.6 36.2  8.8 26.7            6.1 37.6 30.1 68.2 14.2 15.9  4.9 34.3 30.4 11.4 20.2 43.1 10.6 29.3           39.7 31.8 71.5 15.1 16.9  5.2 36.3 32.1 12.2 21.5 45.4 10.3 31.0          158.0224.3 86.2 92.9 32.0169.1158.8 73.4119.6188.1 64.3155.7          209.3 71.9 77.9 28.0150.1139.7 60.5 92.5169.8 52.6136.6          147.3155.5 59.0218.3210.0130.4174.0232.8117.5207.3           38.8 11.9 80.1 72.4 28.9 47.9 95.8 27.1 70.2           13.2 86.5 78.5 31.9 52.4113.1 30.2 76.1           29.1 28.3 10.5 16.8 36.7  8.9 27.2          150.9 67.8112.1180.6 59.2147.8           61.0 93.2170.6 53.1137.4           39.6 82.2 21.7 59.0          131.2 34.0 90.6           72.4167.5           51.3                            
0721131016121.2177.2 56.6139.7 27.7113.8 79.9 53.4 15.2 72.8 37.6203.6115.1 89.4 76.1          159.9 45.8121.5 23.9 87.7 66.2 43.2 11.7 59.9 29.9188.8 88.9 74.8 62.8           85.0177.4 44.9152.4124.6 80.9 26.4115.5 59.3229.1153.7136.2119.7           56.8 10.1 41.9 29.6 19.5  5.2 26.3 12.9123.4 42.5 34.3 27.8           27.8114.1 80.1 53.6 15.2 73.0 37.7203.9115.4 89.7 76.3           21.4 14.4  9.4  2.7 12.7  6.3 64.1 21.8 17.0 13.5           61.0 39.4 10.6 55.0 27.2182.2 82.6 69.1 57.7           27.8  7.9 39.6 20.4155.9 61.9 50.7 41.7            4.9 27.2 12.0118.5 40.0 32.2 26.1            7.0  3.5 35.7 10.8  9.3  7.4           17.9146.7 55.8 45.5 37.3           82.4 27.6 24.0 19.0          183.4167.2151.0           70.1 58.6           47.9                            
0721131115130.8 62.8 87.7 65.4 93.5176.0147.2134.4 30.0 61.2 63.0 42.0120.9 19.4                47.3 68.1 49.3 73.2151.2121.7 99.4 23.7 45.9 47.4 30.8 88.0 13.7                30.8 23.1 33.5 77.5 56.9 49.2 10.1 21.1 22.0 13.4 42.1  6.0                32.2 49.7115.5 80.3 70.6 14.4 29.8 30.9 21.1 61.2  9.3                35.1 80.4 59.2 51.4 10.6 22.3 23.1 14.1 43.9  6.3               122.4 85.9 75.8 15.9 32.5 33.6 23.3 66.0 10.2               167.3154.7 38.4 75.6 77.7 53.1141.2 25.8               125.2 26.7 55.3 57.0 37.6112.0 17.1                24.9 47.8 49.4 32.2 90.9 14.3                 9.8 10.2  6.3 20.6  3.0                21.2 12.9 40.8  5.8                13.4 42.2  6.0                27.2  4.0                11.9                                                
0721131216 78.2 66.1132.0151.2 25.7 65.0112.6137.2 76.2 28.1121.8152.1 11.4 42.5 85.2           45.4 91.3119.3 15.9 44.5 75.2 95.8 53.2 19.6 82.7120.3  7.9 28.0 60.6           78.2 94.5 12.6 36.5 63.4 82.4 44.0 15.5 70.2 95.3  6.3 25.0 50.4          166.1 28.8 77.0128.2152.7 89.2 34.6137.5167.0 14.3 51.6 98.8           37.1 93.2147.5170.9116.9 44.3156.5183.9 19.1 64.6127.9           12.3 24.3 30.8 15.3  5.2 25.1 37.5  2.4  8.1 18.1           62.3 81.2 43.2 15.1 69.1 94.0  6.2 24.4 49.5          133.4 73.2 26.7118.0148.4 10.7 40.6 82.1           93.7 37.0142.6171.7 15.5 54.9113.8           18.9 80.6117.8  7.6 27.1 58.9           30.3 44.8  2.7  9.9 22.3          157.4 12.3 45.5 89.9           19.4 65.2128.8            3.8  8.9           31.4                            
