0622220116 33.5 19.9 61.9  4.4 19.3  2.9  3.4  8.5 58.9 51.2 10.9  8.3 10.9 45.1 38.4          163.8238.0 51.5161.5 33.0 39.6 87.9235.7229.0113.8 86.1120.6222.3213.2          209.5 29.4115.4 19.6 24.2 54.2206.0196.2 66.2 52.9 71.2186.8174.5           89.2207.8 61.2 71.7148.0256.2252.5166.0145.9172.6248.6243.2           28.6  4.4  5.3 12.6 85.4 75.6 16.3 12.3 17.9 67.6 58.5           19.0 23.4 52.8204.2194.2 64.6 51.5 69.5184.7172.3            3.4  8.4 58.2 50.6 10.7  8.2 10.7 44.6 37.9           10.3 68.3 59.8 12.0 10.0 13.2 52.9 45.3          143.3131.0 29.7 25.0 32.3120.1 97.4          250.9161.5141.2168.1246.8241.2          149.3128.8156.1241.6235.2           28.9 40.4138.3124.9           31.5118.0 95.5          145.2131.8          229.2                            
0622220216999.9 34.2 10.7  4.3  7.2 29.8 63.6 18.7 29.3 11.2 12.4 17.2 77.4  6.8 64.7          999.9999.9999.9999.9999.9999.9999.9999.9999.9999.9999.9999.9999.9999.9           49.6 22.3 34.7132.0197.6 82.9122.5 56.0 60.6 78.4214.1 32.7199.1            6.3 10.9 43.6 87.5 28.8 39.0 17.2 19.0 26.6114.3 10.2 88.9            4.4 19.1 40.3 10.8 16.8  7.3  8.0 10.0 50.2  4.1 41.0           30.2 64.4 19.0 29.8 11.4 12.6 17.5 78.4  6.9 65.5          187.0 74.1111.3 49.3 53.5 69.9204.5 28.5188.5          144.3177.8 96.7113.3138.3250.5 61.2240.6           67.3 29.9 32.6 43.8163.9 17.8145.9           44.3 48.1 63.3196.1 27.9179.4           22.0 30.9125.1 10.7 98.1           30.4132.4 11.8114.9          157.9 16.4139.9           74.6251.4           62.2                            
0622220315  5.2  9.8  8.7 20.2 15.0 12.4  4.9  3.9 15.3  3.2 27.8  2.7 23.6  3.5                45.8 41.3 86.2 69.9 60.5 26.2 20.0 70.9 15.5123.6 12.4 95.5 17.8                70.5140.5119.7 97.0 43.1 34.1121.0 27.1169.9 24.2151.4 30.9               131.7111.2 89.6 38.7 30.6112.5 26.7161.6 21.3142.8 27.6               176.7164.2 81.9 67.5177.9 55.3216.7 46.0203.3 61.9               143.7 66.1 53.6158.3 43.3202.1 35.7186.5 48.9                57.0 45.8145.1 36.8191.3 30.2174.5 41.7                18.5 67.1 14.4118.5 11.5 91.0 16.6                54.4 11.0 91.2  9.7 75.7 12.7                44.0203.1 36.3187.6 49.6                76.5  7.6 62.5 10.8                64.9223.5 84.6                52.4  8.7                69.7                                                
0622220416 10.8 21.6 88.0  2.4 10.7 38.6 14.9 16.5 69.7 54.1 18.1 38.1 23.6  8.3 32.6           32.7133.4  3.6 18.5 60.5 25.8 25.8110.6 81.2 27.9 59.7 35.3 12.8 51.9          184.4  7.3 35.4114.3 46.9 51.1163.8141.8 54.9113.2 67.2 25.5 92.3           34.3139.3219.7161.5168.3241.1233.0173.8219.1189.2114.4211.8            3.8 13.5  5.1  5.7 25.4 20.2  6.1 13.3  7.9  2.9 11.1           64.7 25.4 27.9116.4 86.2 30.2 63.9 38.1 14.0 55.7           82.0 88.0205.4188.3 93.2162.9120.0 48.4151.2           37.4139.0116.4 40.4 81.1 50.3 19.5 71.6          146.2123.6 44.2 87.1 54.7 21.7 77.2          222.2152.1204.6169.2 84.1195.8          129.7187.4147.5 66.5177.1           92.3 58.7 23.7 82.1          118.9 47.8150.1           27.5 97.3           41.2                            
0622220518 11.9 19.2 38.4 51.1171.1 20.8125.0 22.2 77.9 72.6 99.5 74.7209.2119.2 30.1 73.2117.7  4.0  8.5 10.7 49.5  4.3 29.0  4.5 18.2 16.6 26.0 17.2 76.7 29.9  5.9 16.8 29.3 12.3 17.2 72.6  6.6 44.3  7.0 29.6 26.9 36.8 27.9117.0 41.4  9.3 27.2 40.7 34.8137.4 13.3 85.1 14.2 55.1 50.9 72.8 52.6179.0 80.4 19.2 51.4 79.2162.9 18.6116.9 19.9 71.8 66.7 92.4 68.7202.2111.2 26.9 67.3 99.8 77.1233.8 80.7201.1194.7222.6197.2272.6229.9 99.1195.5228.8 47.5  7.5 28.8 29.1 39.5 30.3122.9 44.4 10.1 29.5 43.6 50.0157.3150.0183.4152.9256.6192.9 63.8150.9191.5 30.5 27.9 41.7 28.9127.5 46.8 10.7 28.2 46.0 98.0141.0110.5233.1151.3 39.8 98.8149.7133.8 94.3228.3144.0 36.6 92.7142.5136.6248.8177.7 53.7134.6176.2230.2146.9 37.8 95.1145.3253.9150.3228.9253.2 60.0144.9186.0 37.0 59.0143.4   
0622220616 85.8  4.1 28.1  8.1  9.8 44.4 42.3 29.2 23.3  4.2 39.7 30.1  6.0 11.5  9.6           85.7241.8149.1164.7260.8259.1243.7227.8 87.7256.7240.2125.0183.7163.1           28.0  8.1  9.8 44.4 42.3 29.2 23.2  4.2 39.7 30.1  6.0 11.5  9.6           54.1 63.9194.6190.7160.3135.0 28.9185.6154.3 41.3 77.7 62.8           18.8 80.7 77.5 56.1 42.4  8.3 73.4 52.5 11.1 24.4 18.4           93.2 89.8 66.1 50.5 10.1 85.3 62.0 13.7 30.1 22.7          223.2197.5174.0 45.6219.0192.1 63.4121.0 91.9          193.7169.9 43.5215.7188.2 60.7117.0 88.4          138.3 30.1188.6157.6 42.9 80.2 65.0           24.0164.4132.2 31.9 62.3 49.6           40.8 27.9  6.2 11.9  9.9          183.0 57.2111.6 84.0           40.0 75.7 61.0           17.7 13.4           29.5                            
0622220710  5.5 17.5  7.6  5.4 21.2  2.6 14.2 17.0  3.3                                         27.8 12.0  9.3 33.0  4.1 25.5 27.2  5.5                                         37.9 27.5 90.8 12.5 69.2 78.5 17.5                                         11.9 44.5  5.5 31.7 37.0  7.6                                         32.6  4.0 25.2 26.9  5.4                                         15.1 79.3 89.3 21.3                                         10.2 12.2  2.6                                         67.9 14.3                                         17.1                                                                                                                                                                                                                               
0622220816 89.9 27.9212.2 76.4 48.5 60.8133.5123.3214.8206.0119.2111.7127.0 26.3 29.2           12.3161.3 39.8 25.9 30.5 71.9 64.5164.9153.2 61.7 56.7 67.1 11.6 12.8           54.5 10.8  6.2  8.0 20.2 17.5 56.8 49.6 16.5 14.9 18.5  3.1  3.3          144.7 94.0122.8194.2185.3248.9244.1181.6174.4188.6 51.9 56.4           20.5 27.2 60.2 53.6148.4136.5 51.2 46.8 56.0 10.2 10.2           15.1 37.0 32.6 97.2 87.2 31.0 28.1 34.1  5.8  6.4           47.0 41.6126.5114.8 39.6 36.1 43.5  7.6  8.4           92.1197.3187.1 88.7 82.4 95.3 19.1 21.1          188.5177.8 80.3 74.4 86.7 16.5 18.3          245.6184.9177.9191.8 54.1 58.8          174.0166.6181.3 47.2 51.4           71.3 83.3 15.6 17.3           77.3 14.0 15.5           17.4 19.3            3.2                            
06222209 9  7.9  2.3  2.8 11.3  3.8  4.4  6.4  2.0                                              16.8 22.2 78.5 28.7 33.3 46.9 12.5                                               5.9 24.4  8.5 10.0 13.5  3.6                                              31.2 10.1 11.9 17.9  4.5                                              43.2 49.7 67.6 20.2                                              17.4 23.6  6.4                                              27.5  7.5                                              10.1                                                                                                                                                                                                                                                                                 
0622221016 30.6 33.0 30.4 69.0 10.2 33.2 56.4  5.8 26.2 14.8 16.5 12.4 46.3 48.7 10.6           72.1 67.3141.3 23.5 72.4121.8 12.9 54.7 33.6 36.9 28.6 95.1 99.0 26.8           78.1156.6 28.7 83.7136.8 15.7 64.1 40.0 43.8 34.1118.9123.4 29.3          149.6 26.2 78.4129.9 14.4 59.7 36.9 40.5 31.5112.3116.7 29.9           56.1157.1202.7 33.6129.6 81.1 87.5 71.1185.9190.3 62.3           28.9 45.4  4.7 20.2 11.5 12.7 10.6 36.9 38.9  9.0          137.3 15.8 64.4 40.2 44.0 34.3119.3123.9 29.5           29.4110.7 67.0 72.6 58.2166.7171.4 50.6           11.1  7.1  7.8  6.0 23.2 24.6  5.2           29.3 32.2 27.3 85.6 89.4 23.0           20.5 15.4 55.5 58.3 13.0           17.1 60.4 63.4 14.5           47.8 50.3 10.9          153.1 41.4           43.6                            
0622221116162.2 70.8 58.8 45.1176.6 73.4 56.6122.2134.3 29.6 30.9138.3 83.0 19.2117.2           93.2 78.9 61.9202.1 96.2 76.2150.7162.8 37.7 43.4166.8117.8 28.5145.6           29.0 23.4116.6 37.5 27.7 62.8 71.3 12.9 15.2 74.2 43.4  9.4 59.5           18.4 90.8 30.3 24.2 51.8 59.2 10.2 11.9 61.8 35.2  7.4 48.9           72.3 24.6 17.5 39.4 45.4  8.2  9.6 47.5 29.2  5.5 37.1          120.1 87.9165.5177.2 44.9 51.4181.0132.5 31.0160.5           29.0 65.2 73.9 13.5 15.9 76.9 45.3  9.8 61.8           49.7 56.9 10.7 11.4 59.5 33.8  7.1 47.0          122.8 25.2 29.7126.8 74.1 16.4 96.5           29.8 31.1139.0 83.5 19.4117.9            5.5 28.2 16.0  3.4 23.5           32.7 18.9  3.9 27.7           86.8 20.5121.8           10.5 70.4           15.3                            
0622221215 39.6 40.8 97.4  9.3122.0 51.4 86.5 43.2 62.8 33.3 11.3142.5152.5 25.8                27.2 71.6  6.0 83.7 34.8 62.3 28.9 43.3 24.1  7.9111.5121.7 16.1                73.4  6.2 85.6 35.9 63.9 29.8 44.6 24.9  8.2113.8124.0 16.7                17.7170.7 88.7144.4 77.0114.1 61.7 23.9188.1196.0 45.0                22.3  8.1 14.7  6.6 10.3  5.0  2.1 27.0 31.0  3.6               112.1159.0 89.5129.1 72.8 26.7199.5206.4 54.0                78.2 38.1 56.0 29.2 10.8132.5142.7 22.1                67.2 92.6 53.3 19.7177.6186.2 38.3                47.2 26.7  8.8118.3128.5 17.9                36.5 12.6149.5159.3 25.7                 6.6 89.6 98.5 13.2                35.1 40.0  4.6               218.5 68.2                76.1                                                
0922160116173.8176.5 53.2133.9 81.5110.8212.8 77.4191.2 19.1 46.4198.6 34.9 25.8150.3          191.4 64.9151.4 96.3128.2223.2 91.9204.6 24.8 57.0211.0 43.5 32.5167.2           67.0154.3 98.9131.2224.8 94.5206.7 25.9 59.0212.9 45.1 33.7170.0           40.0 24.2 29.7116.4 22.4 80.3  4.6 11.5 88.0  9.2  6.7 48.9           63.6 80.7196.1 60.1170.8 13.6 34.6179.2 25.7 20.3126.8           48.6155.4 34.5125.8  7.8 20.4135.2 14.6 10.5 75.8          176.6 45.7148.4 10.7 25.6157.6 20.3 14.5 94.5          150.4233.0 43.0 95.6236.9 76.6 59.6208.1          120.8  7.3 18.9130.1 13.6 10.7 71.9           29.5 71.3223.1 55.3 41.9185.3            4.0 33.3  3.1  2.5 17.3           78.5  7.8  5.7 42.5           61.6 47.0193.0            4.2 31.9           25.9                            
0922160215190.2 90.2 49.6152.6 51.0 67.2 56.0238.4139.0207.4205.8203.7205.0182.1                38.7 20.3 71.0 21.0 29.8 23.6178.9 61.6133.1131.1128.6130.1 95.1                 6.4 26.1  6.6  9.1  7.3 80.2 21.7 49.0 47.9 46.5 47.4 34.7                11.9  3.3  4.4  3.6 43.0 10.9 26.9 26.2 25.3 25.8 18.0                12.3 17.3 13.7140.1 39.4 86.7 85.0 83.0 84.3 64.7                 4.5  3.7 44.2 10.2 27.8 27.1 26.1 26.7 18.6                 5.0 58.9 14.4 34.5 33.6 32.6 33.2 26.3                48.7 11.4 28.0 27.3 29.3 30.0 20.8               126.6197.1195.4193.2194.6170.4                76.1 74.5 72.6 73.8 55.9               151.5149.0150.5124.2               146.9148.5122.2               145.9119.7               121.3                                                
0922160313 34.8 77.1 60.5 19.1 36.0 89.0 77.8 30.8 20.2 20.3 71.4 30.1                          39.2 29.6  9.3 17.8 46.5 39.5 13.4  9.8  9.8 35.8 13.1                          67.4 21.9 40.5 97.6 85.7 31.4 23.1 23.3 79.0 30.8                          16.0 30.6 78.3 67.9 25.7 16.9 17.0 62.1 25.1                           9.6 26.8 22.1  7.3  5.0  5.0 19.8  7.2                          48.1 40.9 13.9 10.1 10.2 37.0 13.6                          98.3 37.5 28.3 28.5 91.1 36.8                          31.7 23.4 23.6 79.6 31.1                           7.7  7.8 31.8 10.2                           5.3 20.8  7.5                          21.0  7.6                          31.1                                                                                                       
0922160414 77.6 39.7 23.1  9.3 97.4 30.2 51.6 49.7153.0115.7122.3117.9132.9                     29.0 16.1  6.6 77.6 24.1 38.3 36.8130.7 84.9 90.6 86.8110.1                      7.5  3.1 39.7 10.1 18.9 18.0 70.5 44.5 48.4 45.8 55.3                      1.9 23.1  5.6 10.2  9.7 40.3 23.8 26.2 24.6 30.4                      9.3  2.5  4.0  3.9 17.5 10.7 10.7 10.0 12.7                     30.2 51.6 49.7153.0115.7122.3117.9132.9                     13.8 13.1 55.8 34.0 37.3 35.1 42.9                     24.9 87.3 57.4 62.1 58.9 70.1                     84.7 55.3 59.9 56.8 67.8                    160.9166.8162.9175.7                    130.9126.5141.4                    133.1147.8                    143.5                                                                         
0922160512 44.1 50.8 61.4 16.2  8.7 26.5 95.0 60.7 63.5 77.2 18.9                               32.6 40.3 10.6  5.3 17.5 67.0 39.8 41.9 52.4 11.2                               46.6 11.4  6.2 20.9 75.7 46.0 48.3 59.9 13.3                               14.5  7.8 24.1 89.0 56.0 58.6 71.7 17.0                                2.1  6.0 24.8 14.3 15.2 20.0  4.0                                3.2 13.3  7.7  8.2 10.7  2.4                               42.2 23.7 25.1 32.0  7.0                               88.2 91.5118.0 28.6                               57.9 71.0 16.8                               74.0 17.8                               23.5                                                                                                                                          
0922160616  8.2 27.7 34.0  2.5 17.0 29.6  9.7 51.7 17.2 10.7 49.0  7.8 25.2 11.4 23.0           49.3 59.3  4.1 29.6 52.4 17.0 85.1 29.8 20.7 81.4 13.5 41.6 22.1 38.5          158.3 14.2 92.0147.5 56.5190.2 92.5 66.0186.3 46.8127.9 69.3121.6           17.9116.8163.4 67.5203.3117.4 78.1199.8 56.4144.1 81.8137.8            8.8 15.3  4.7 26.4  8.8  5.6 27.5  3.9 11.6  6.0 10.6           96.5 34.3151.4 60.5 40.8146.8 27.9 80.2 43.2 75.3           59.9194.6 97.1 69.8190.8 49.8133.2 73.2126.8           95.1 34.6 24.5 91.2 15.9 47.9 26.3 44.5          152.0118.2223.8 81.5177.7122.8171.8           41.1147.4 28.1 80.7 43.5 75.8          113.7 19.4 56.4 28.6 52.4           77.9173.4118.3167.5           39.4 20.8 36.4           59.4 97.9           55.3                            
0922160711 47.7 32.9  7.8 62.6 55.6 32.6 33.0 51.8 11.4 22.1                                    28.8  6.8 55.9 49.4 28.5 28.9 46.0 10.8 19.0                                     4.6 39.0 34.1 20.8 21.1 31.6  7.1 12.2                                     9.5  8.2  4.5  4.6  7.5  2.0  3.0                                    64.6 38.6 39.2 60.5 13.8 24.2                                    33.8 34.2 53.6 11.9 23.0                                    20.9 31.3  7.0 12.1                                    31.7  7.1 12.3                                    10.9 21.1                                     4.3                                                                                                                                                                                  
0922160814 24.9  6.3  8.4 12.4  8.8  3.4 30.2 13.2 15.5  8.5 12.1 19.0 23.3                     34.7 45.1 67.3 46.9 18.6134.0 70.9 79.7 45.3 66.1 92.0115.3                     12.0 19.5 12.5  4.9 40.9 20.9 24.6 12.0 19.1 30.3 32.7                     26.6 16.9  6.4 52.9 28.5 29.8 16.3 26.0 35.9 42.7                     27.8 10.3 77.5 40.1 45.9 26.7 37.0 54.5 64.0                      6.7 54.9 29.8 31.0 17.0 27.2 37.3 44.4                     22.5 11.0 11.6  6.5 10.0 14.3 17.4                     81.5 91.0 53.1 76.3114.5129.2                     48.6 28.6 39.3 57.6 67.5                     29.9 45.0 65.3 76.0                     26.1 36.0 42.9                     53.5 62.9                     88.1                                                                         
0922160910 32.6 50.5 63.6 90.8 25.9 28.2 65.7 10.8 51.2                                         12.1 16.3 24.6  6.3  6.9 17.0  2.7 12.3                                         24.7 38.9 10.3 10.3 25.6  4.1 20.7                                         49.8 12.6 13.8 33.4  5.4 25.1                                         21.0 23.2 51.5  8.7 39.4                                          5.4 13.1  2.3 10.5                                         14.4  2.4 10.5                                          5.6 26.0                                          4.2                                                                                                                                                                                                                               
0922161013 26.6 37.7 21.8 18.5  8.8  3.5 10.7  9.3 18.7 10.1 23.3 13.7                         126.5 72.7 64.1 31.2 12.2 37.5 32.9 64.7 35.5 76.3 50.3                         112.3 91.7 47.9 19.9 56.8 50.4 92.5 54.1117.0 74.1                          54.8 28.9 10.0 31.5 27.6 55.4 29.8 65.9 42.6                          24.4  9.4 30.1 26.0 48.3 28.3 57.8 36.9                           4.3 12.8 11.1 24.7 12.1 27.7 18.0                           5.2  4.5  9.5  4.9 10.7  7.1                          13.6 30.5 14.8 33.4 22.2                          26.3 12.8 29.3 19.1                          28.7 58.4 37.3                          31.6 20.9                          45.0                                                                                                       
0922161114 24.8 18.3 70.8 29.5 61.8 37.9 21.6 10.5  6.1 30.9 15.8 22.8 19.2                     25.0 88.5 38.8 78.1 49.4 29.5 14.1  8.2 40.6 21.5 31.1 26.2                     71.1 29.7 62.1 38.1 21.7 10.5  6.2 31.1 15.9 22.9 19.3                    117.2182.1138.2 80.3 44.9 27.3120.9 63.3 83.4 73.7                     95.1 62.1 34.4 18.7 10.7 51.5 28.5 36.0 30.9                    124.9 70.4 38.6 22.9 98.3 55.0 73.4 64.4                     43.9 24.8 12.8 64.6 33.4 46.0 39.7                     12.3  7.2 35.9 18.7 27.0 22.8                      3.8 19.7 10.0 13.0 11.0                     10.2  5.4  7.5  6.4                     30.0 37.7 32.4                     19.7 16.6                     24.0                                                                         
0922161216141.3 96.1 28.2 25.8 92.3 81.8160.1 41.4136.1 25.0 10.2 72.7 75.7 20.9 67.0          182.3 70.0 60.1178.2166.0225.1 94.9208.4 58.8 27.3154.3158.4 50.8146.5           47.0 39.7142.9130.0198.7 66.6177.6 38.7 16.5118.3122.3 33.0110.7           10.9 44.6 38.3 84.4 18.6 66.3 10.6  4.2 33.1 34.8  8.9 30.1           37.6 32.1 73.3 15.3 56.8  8.8  3.5 27.7 29.2  7.4 27.8          125.6195.0 63.5173.4 36.7 15.5113.9117.9 31.3 96.8          183.7 55.2161.0 31.3 13.0 92.5 95.9 26.6 86.0          122.6221.8 71.8 31.4172.7176.5 62.6165.2           90.6 14.8  6.2 48.3 50.6 12.4 44.1           55.5 25.4149.2153.3 47.9141.4            3.5 27.0 28.4  7.2 27.0           11.0 11.7  3.0 10.9           86.0 25.1 76.6           26.5 79.8           22.5                            
1022260116 92.4 24.7154.9 68.4 77.7 97.3 15.4 29.5 26.1148.1149.6 99.4 67.4 10.1 79.4           33.9183.4 93.5114.5137.8 24.4 43.8 39.1177.4178.7140.2 92.3 14.4116.6           64.9 25.2 26.8 36.4  4.9 10.0  8.8 60.0 61.1 37.5 24.6  3.2 27.6          156.1167.5188.1 44.7 80.4 73.2217.2218.1190.0154.7 28.4169.5           78.7 98.4 15.7 30.0 26.6149.3150.9110.6 68.3 10.3 80.4          120.0 18.7 35.0 31.1161.0162.5122.5 77.5 11.1 90.4           26.5 46.9 41.9182.2183.6145.8 97.1 15.6122.2            6.4  5.7 41.0 41.8 27.5 15.4  2.3 19.3           10.7 74.9 76.1 48.3 29.4  4.0 36.0           68.0 69.1 43.2 26.1  3.6 32.0          214.0184.3147.9 25.9163.1          185.6149.5 26.4164.5           99.3 16.2124.6           10.1 79.3           11.5                            
1022260216 56.4 20.4 41.8 10.5 10.7 79.9 34.5 56.9  9.2 34.1 49.4 58.1 54.6 15.6 41.0           49.8 96.1 27.8 28.1165.8 82.5132.5 24.1 81.8119.7134.4128.7 39.7 94.6           36.7  9.1 10.1 71.5 30.1 50.3  7.9 29.8 43.5 51.4 48.2 13.5 35.9           19.4 21.8138.9 63.1 96.8 16.9 62.6 86.1 98.4 93.6 28.9 73.5            4.9 38.0 15.6 28.2  4.0 15.4 23.7 28.9 26.8  7.1 19.0           42.0 17.5 28.4  4.4 17.3 26.6 29.1 30.1  7.9 21.3          122.3166.7 33.6121.5153.8168.6162.9 58.1137.1           83.1 13.5 52.3 73.4 84.6 80.2 25.8 62.0           24.4 82.5120.5135.2129.5 40.1 95.2           13.4 20.5 25.0 23.2  6.2 16.5           72.7 84.0 79.5 25.5 61.4          122.4116.8 34.5 84.7          131.4 41.0 96.9           38.4 92.1           28.3                            
1022260314 10.4 20.5  3.0 25.9  4.1 30.9 20.2 21.5 14.8  6.5  4.1 27.4 10.6                     69.0 10.2 81.6 15.1 99.4 68.2 71.2 53.2 25.4 15.0 84.7 40.2                     20.2137.2 27.0158.7119.4123.6 88.9 42.7 29.9141.1 70.1                     25.5  4.0 30.4 19.9 21.1 14.5  6.4  4.0 26.9 10.5                     33.2175.0136.1140.4113.5 51.8 33.1157.9 82.8                     42.9 29.6 28.1 21.5  9.3  5.7 34.8 15.4                    157.6161.8134.7 65.5 42.8178.7110.8                    122.5 88.0 42.1 29.4140.0 69.3                     91.5 44.3 28.0144.3 72.4                     32.0 21.4117.3 54.2                      9.2 54.1 25.9                     34.7 15.3                     85.9                                                                         
1022260412 14.7  4.3 21.9  8.0 14.7 23.7  6.4 33.1  6.2 27.6 21.6                                9.1 42.4 16.2 29.8 45.2 12.7 65.7 12.3 56.0 41.9                               12.3  4.7  9.2 13.2  3.8 20.9  3.7 17.1 12.1                               24.3 42.5 62.8 18.9 88.1 18.3 76.4 58.6                               16.3 26.2  7.0 36.2  6.8 30.2 23.9                               45.3 12.7 65.9 12.3 56.1 42.0                               20.4 92.7 19.7 80.6 62.1                               29.0  5.4 26.5 18.7                               28.2120.1 87.3                               25.6 18.0                               75.6                                                                                                                                          
1022260518 43.3 11.8 10.5 76.3 23.6176.9 74.0 67.9 49.8 29.9 46.0 81.7 96.5 57.1147.1 62.7 36.2 11.1  9.9 72.8 22.2172.4 70.6 64.6 47.2 28.0 43.6 78.0 92.5 54.3142.4 59.6 34.2  2.9 22.5  5.8 65.5 21.6 19.2 13.0  7.2 11.9 24.8 28.4 15.4 46.9 17.3 10.0 18.1  4.9 55.3 17.4 15.5 10.6  5.9 10.6 20.0 25.6 12.5 39.0 14.0  8.1 39.0216.6124.8116.5 82.0 47.4 76.6134.7152.7 92.0192.2 99.3 62.1116.7 37.6 33.9 26.2 12.9 23.8 42.3 52.0 27.8 80.6 31.0 18.0214.4207.9183.7133.3177.3221.5232.9194.7252.9201.9157.6113.6 79.7 45.8 74.3131.7149.8 89.5189.6 96.7 60.2 73.2 41.5 68.2123.3141.3 82.7181.9 89.6 54.8 29.5 50.1 87.6113.2 61.9154.5 67.8 39.6 27.0 51.4 62.6 34.3 94.3 38.0 22.7 82.0 96.8 57.4147.5 63.0 36.4159.7 97.9198.2115.9 66.9125.2212.6133.7 80.2166.6 76.8 45.7174.8127.2 50.4   
1022260613 19.1 21.1 36.6 70.4 58.7 10.2  8.9 16.6 37.8 51.5 86.1 82.8                          10.7 19.3 37.2 30.2  5.3  4.3  8.5 19.9 28.9 47.4 45.2                          21.3 40.5 32.9  5.8  4.7  9.3 22.0 28.4 51.4 49.0                          70.7 59.0 10.2  9.0 16.7 38.0 51.8 86.5 83.2                         114.0 22.7 17.9 32.9 72.6 93.5151.0146.9                          17.9 14.2 26.6 60.6 79.7134.1130.0                           2.7  4.7 10.6 15.2 27.1 28.6                           3.9  9.3 12.1 23.9 22.6                          17.3 25.1 42.1 40.1                          53.3 88.6 85.2                         122.5118.5                         166.9                                                                                                       
1022260716 46.6147.6 68.3 29.4 19.1 44.4 24.1 94.8 33.7 31.1140.4113.3138.5 63.2162.2           80.7 34.7 14.6  9.5 23.2 10.8 51.4 16.9 13.8 75.4 57.0 74.0 31.8 92.1          121.8 53.8 34.0 77.4 41.5156.6 60.8 51.5193.1166.3191.4114.5212.2           23.4 13.7 33.0 17.2 74.6 27.2 22.1114.9 81.8113.1 48.0136.0            5.8 13.8  7.2 32.7 10.1  9.2 49.8 36.6 48.8 21.1 62.6            9.0  4.5 21.5  6.7  5.6 31.2 24.4 30.6 12.4 40.1           10.2 49.0 16.0 13.1 72.2 54.4 70.9 30.2 88.6           27.1  8.3  6.9 38.3 30.8 37.5 15.6 48.8           37.4 31.2149.4121.9147.5 69.2171.1           10.6 56.4 41.7 55.3 24.6 70.4           47.6 34.9 46.7 20.1 60.0          159.2184.6 97.9206.1          157.3 76.1180.6           96.4204.5          128.5                            
1022260818 57.6152.2130.9190.3 81.9 46.7142.2 87.4 69.9179.5 54.8176.5 81.4214.7190.8153.6 30.6 34.9 30.1 53.6 17.0  9.3 31.1 18.6 13.7 47.5 10.2 45.9 16.8 71.1 53.9 35.5  5.9 80.8145.4 51.8 30.8 89.6 55.8 43.2134.0 33.0130.9 51.4172.9145.8 99.0 18.9124.2 41.0 23.3 73.5 44.3 34.0113.3 28.3110.4 40.6151.5124.7 81.9 14.4 76.8 43.3135.4 82.1 65.3172.8 51.0169.8 76.3209.0184.3146.8 31.4 13.2 46.5 29.5 21.7 68.8 16.0 66.7 26.6 98.5 77.2 52.6  9.1 27.0 14.4 10.7 38.1  8.8 36.8 13.1 58.3 43.6 31.3  4.8 50.2 38.6124.2 29.4121.2 46.1162.9135.8 90.8 16.7 23.8 73.7 17.5 71.5 29.2115.0 82.5 56.6  9.9 58.1 12.9 56.3 21.5 85.1 65.6 43.9  7.4 45.0158.4 68.3198.9173.3135.4 27.0 43.5 15.8 67.8 51.2 33.6  5.6 66.2196.1170.2132.3 26.0 97.9 76.6 52.1  9.0209.4174.2 38.8147.2 31.6 19.3   
1022260916 23.3 96.9154.1 36.1 18.8 35.8 66.9 24.5 66.0 80.7 30.7 78.1 52.9 55.2 65.2           32.6 55.7 10.6  5.6 10.5 22.0  7.1 21.6 28.2  8.8 27.0 16.4 17.3 21.3          189.1 53.3 29.6 52.7 93.2 34.1 92.0120.5 41.4117.3 75.6 78.5 91.0           86.1 46.5 85.3149.6 58.1148.1169.0 69.1165.6126.8130.6146.8            9.5 18.3 34.3 11.2 33.8 42.7 13.8 41.1 29.0 30.5 33.3            9.4 17.7  5.9 17.4 22.7  7.2 21.7 13.3 13.9 17.1           34.0 11.0 33.4 42.2 13.7 40.7 28.7 30.1 32.9           23.1 63.1 77.3 28.9 74.9 50.4 52.6 62.2           22.7 29.7  9.2 28.4 17.3 18.2 22.4           76.3 28.4 73.8 49.7 51.8 61.3           32.9 89.5 61.8 64.3 75.4           31.6 21.5 22.7 27.9           59.6 62.1 72.9           41.0 49.0           51.1                            
1022261012 70.8121.5 79.6 28.1 13.3 50.7 58.4 42.4 29.9 45.7 37.1                               78.7 53.5 18.6  8.8 32.4 37.9 29.8 19.9 29.1 25.4                               88.0 32.0 15.3 57.0 65.4 47.9 34.0 51.6 42.0                               21.9 10.3 37.4 43.5 31.0 23.4 33.5 26.9                                3.3 12.2 14.5 10.9  7.4 10.8  9.4                                5.9  7.0  4.9  3.5  5.3  4.3                               28.7 19.4 13.0 21.2 16.6                               23.1 15.5 25.3 19.8                               10.6 17.1 13.4                               11.6 10.0                               14.7                                                                                                                                          
1022261118 32.8 16.8 71.4 58.4 61.7127.4 47.0 77.9 83.1 45.4 57.3 51.3 32.1130.7 14.0 99.7 61.7  8.6 37.3 29.6 31.6 67.4 25.4 41.3 44.6 24.4 29.0 28.2 16.4 69.7  7.2 55.7 31.6 19.5 15.1 16.1 35.0 11.6 21.9 23.9 11.2 14.7 12.9  8.4 36.4  3.7 31.3 16.1 65.6 69.2138.5 53.1 86.5 92.0 51.4 64.4 57.8 36.5141.9 16.1120.3 69.2 56.5119.1 42.7 71.7 76.6 41.3 52.3 46.7 29.0122.3 12.5 92.6 56.5124.2 45.3 75.5 80.6 43.9 55.4 49.6 30.9127.5 13.4 97.0 59.7 91.1147.4154.2 88.7117.3 97.8 66.2195.2 29.6174.6124.2 58.3 62.6 32.7 41.8 37.2 24.8 93.9 10.6 76.8 45.3 99.4 56.5 70.4 63.5 40.4150.8 18.1129.0 75.5 60.7 75.3 68.0 43.6157.6 19.8135.7 80.6 40.4 36.0 23.8 91.5 10.2 74.6 43.9 45.8 28.4120.5 12.2 91.1 55.4 27.5110.8 10.7 82.9 49.6 68.4  7.0 54.6 30.9 30.8177.9127.5 25.9 13.4 97.0   
1022261216 26.9  3.8 39.7  6.0 27.3 17.8 46.3 41.6 20.0 37.6 38.7 16.4 15.0  7.3 67.1           12.6122.4 21.4 85.2 57.3135.2126.1 62.7117.9120.2 53.7 50.0 26.2168.2           19.6  3.0 12.9  8.4 23.5 20.7  9.4 18.4 19.0  7.8  7.2  3.4 32.9           29.6123.8 79.8166.6157.7 86.5149.5151.8 75.4 70.7 35.5196.7           21.8 12.8 34.8 31.1 14.3 28.0 28.8 11.8 10.8  5.4 51.6           58.1136.6127.5 63.6119.3121.6 54.5 50.8 26.8169.5           90.2 82.8 41.1 76.3 78.1 34.7 32.1 15.6131.5          170.1 97.3162.1164.4 85.5 80.4 41.5206.9           89.6153.2155.5 78.3 73.4 37.2199.7           82.8 84.7 38.4 35.5 17.5139.8          147.3 72.0 67.4 33.6192.8           73.7 69.1 34.6194.8           29.9 14.4125.8           13.2119.6           60.7                            
