0422460114 47.1 30.9 52.3 84.3121.9153.3 56.1 49.6 60.4 92.5 67.0 42.5 11.8                     11.5 21.2 34.8 50.1 70.4 23.1 19.9 25.4 39.2 29.1 16.5  4.6                     13.1 24.5 33.0 47.8 14.2 12.3 15.6 28.1 17.8 10.2  3.2                     38.9 55.5 77.2 26.3 22.6 28.9 43.7 29.4 18.7  5.1                     88.8127.7 42.0 36.8 45.4 72.3 50.7 31.3  9.2                    158.8 59.6 52.8 64.0 97.1 70.9 45.2 12.7                     82.2 73.8 87.6137.7 95.8 64.1 19.5                     24.7 28.2 47.1 31.8 20.5  5.6                     27.1 41.5 27.8 17.6  4.9                     50.9 34.6 22.5  6.1                     56.7 35.3 10.5                     25.7  6.9                      4.2                                                                         
0422460213 35.7 34.1 13.6 80.9 63.2 79.5 93.7 96.5 52.1 13.2 26.5117.4                          13.4  5.4 34.6 25.6 33.9 42.0 43.7 22.2  5.2 10.0 50.2                           5.1 33.0 26.9 32.3 40.1 41.7 21.0  5.0  9.5 48.0                          13.1 10.4 12.8 16.4 17.2  8.2  2.3  3.6 20.4                          61.5 77.6 91.6 94.4 50.6 12.7 25.6115.0                          60.4 72.7 75.2 38.1 10.0 18.1 84.4                          90.2 93.0 49.6 12.4 25.0113.4                         118.8 60.4 15.9 28.4130.2                          62.6 16.7 29.7133.5                           7.9 14.2 71.0                           3.6 19.7                          34.4                                                                                                       
0422460311 20.7 12.2 22.5  4.0 34.5 14.9  6.8 16.7 18.9 42.3                                    19.4 31.6  6.1 51.2 23.7 10.6 26.8 27.1 61.7                                    21.0  3.8 32.6 13.9  6.4 15.7 17.7 40.0                                     6.6 54.6 25.8 10.4 26.0 29.1 65.6                                    10.3  4.6  2.3  5.1  5.7 13.0                                    38.8 18.2 42.9 47.6 97.0                                     7.7 19.1 21.7 47.3                                     8.6  9.7 23.1                                    24.4 52.1                                    57.6                                                                                                                                                                                  
0422460414 13.2  9.2 24.7 55.1 55.9 18.4  5.0 25.8 24.3 66.5 14.7 24.4 23.5                      8.9 23.8 53.4 54.2 17.7  4.8 24.9 23.3 64.5 14.2 23.4 22.6                     14.9 35.8 36.4 11.2  3.3 15.5 14.6 44.0  9.9 14.7 14.2                     85.9 86.9 29.7  8.6 40.0 37.9110.6 26.5 38.0 36.9                    169.1 69.5 21.2 88.5 84.8184.7 58.3 85.0 83.0                     70.4 21.6 89.6 85.8185.9 59.1 86.1 84.0                      6.5 30.9 29.2 82.7 19.8 29.3 28.4                      9.0  8.5 26.9  5.3  8.5  8.2                     39.3113.8 27.7 39.5 38.3                     99.4 26.0 37.4 36.3                     70.1 99.7 97.5                     26.1 25.2                     36.4                                                                         
0422460518162.7215.9208.7152.7 60.5 67.4191.2 85.0232.2218.9198.1217.4206.6203.4166.6219.0237.8 61.5 54.7 27.6  8.2  9.3 42.1 11.6 82.3 64.7 46.5 63.1 53.0 50.4 30.0 64.8 92.1114.7 54.8 18.1 20.9 85.1 26.1152.9129.6 92.1127.2111.9 97.9 64.3129.7164.3 48.6 15.6 18.0 76.8 24.9142.5119.3 83.4116.9 92.7 89.0 57.3119.4154.2  7.1  8.1 37.1 10.1 74.3 57.8 41.2 56.3 47.0 44.7 26.3 57.9 83.6  2.7 11.4  3.3 27.1 19.4 12.8 18.7 15.0 14.1  8.6 19.4 28.5 13.1  3.7 27.8 22.3 14.8 21.6 17.3 16.2  9.9 22.4 32.3 18.1120.2 89.0 66.4 87.0 74.6 71.3 44.2 89.1131.9 37.1 27.7 20.4 26.8 24.0 22.5 12.3 27.7 42.9157.5128.5155.1139.7135.3 85.6157.6189.8 96.1131.9116.5112.2 67.6134.4168.8 94.0 81.2 77.7 48.8 96.2140.3114.1 99.9 65.9132.0166.5 86.7 55.5116.6151.4 52.8112.4147.1 67.7 95.5168.9   
0422460612 75.3 15.4 60.8 83.2 78.6 33.2 79.4 43.9 12.3 74.5 15.9                               13.9 56.2 77.7 73.3 30.3 74.1 40.3 11.1 69.3 14.4                               10.4 16.1 14.8  5.7 15.0  7.7  2.3 13.7  2.7                               62.9 59.0 25.8 59.7 31.3  9.2 55.5 10.7                               81.1 34.5 81.9 45.6 12.9 76.9 16.6                               32.1 77.4 42.5 11.8 72.5 15.3                               32.5 17.1  4.6 29.9  5.9                               43.1 12.0 73.3 15.5                                6.2 39.8  8.0                               10.9  2.3                               14.1                                                                                                                                          
0422460713 15.3 58.4 30.0 46.5 36.5 45.9 51.7118.3 56.1 27.0 37.5 10.1                          15.5  8.0 11.8  9.8 11.6 13.3 32.8 14.8  6.4 10.1  2.7                          30.3 46.9 36.8 46.3 52.1119.0 56.6 27.3 37.8 10.2                          25.9 19.4 25.4 26.5 63.3 29.0 12.5 20.0  4.9                          28.8 36.5 41.3 90.9 45.1 20.6 29.6  7.8                          28.4 32.3 74.7 35.3 15.5 25.0  6.0                          40.8 90.0 44.5 20.3 29.2  7.7                          98.7 50.1 23.4 33.1  8.8                         115.6 53.0 76.4 22.1                          26.0 36.3  9.7                          16.0  4.1                           6.2                                                                                                       
0422460810  9.6  2.4 13.5 25.2  9.0  3.3  7.2  4.8 16.9                                          6.6 40.6 66.4 25.7 10.4 22.7 14.5 48.8                                         10.1 16.9  6.2  2.5  5.0  3.4 11.4                                         90.6 38.3 14.8 31.3 22.8 69.2                                         63.1 24.8 52.7 36.3114.0                                          9.7 21.2 13.5 46.1                                          7.8  5.1 18.5                                         10.7 37.9                                         25.5                                                                                                                                                                                                                               
0422460918127.6163.5139.1150.5183.2 65.1 48.7 22.7156.5 95.7204.7119.2117.6 31.8128.0 48.1116.7121.7 89.6 99.2142.2 40.7 29.6 12.9114.8 63.6166.7 73.9 72.7 20.3 80.6 29.2 72.0133.1144.5177.6 61.1 45.5 21.0150.6 90.7199.7113.4111.8 29.6122.1 44.9111.0120.3153.8 46.6 34.1 15.0126.2 71.7177.8 82.7 81.5 23.8 89.9 33.7 80.7165.1 53.0 39.1 17.5137.5 80.2188.3 92.0 90.6 27.8 99.5 38.6 89.9 75.6 57.3 27.8170.9119.3216.1133.7132.1 38.0142.6 56.6131.2 14.1  6.2 56.6 30.9 95.3 36.8 36.1  9.6 40.9 13.9 35.7  4.5 41.9 24.2 74.1 29.6 28.9  6.8 29.8 10.7 28.6 19.0 10.4 34.1 11.5 11.2  3.1 12.9  4.4 11.1 85.0193.7 97.0 95.6 27.1115.2 41.4 94.9143.8 58.0 57.0 14.8 63.9 23.9 56.5158.3156.7 50.5167.1 73.4155.8 66.6 18.1 74.2 29.2 66.0 17.7 73.0 28.5 64.8 20.4  6.7 17.4 29.4 72.3 28.2   
0422461015173.7 35.7128.8 98.1177.9139.8 41.0 94.2 83.6166.9 54.6 17.9 74.8 17.4                58.3167.9147.6208.4177.7 65.9143.3130.9200.0 84.3 28.9120.0 28.1                32.9 27.6 61.5 37.9  9.4 25.8 21.4 53.4 12.0  3.8 18.2  3.7                92.4172.1133.4 37.8 88.7 78.3160.8 50.6 16.3 69.9 15.8               152.3112.3 28.7 71.6 62.4140.2 39.0 11.9 55.1 11.6               181.8 69.4148.0135.6203.4 88.3 30.7124.7 29.9                43.4 98.2 87.4171.1 57.6 19.2 78.5 18.6                27.1 25.2 60.6 14.1  4.3 21.4  4.2                59.4135.8 36.9 11.2 52.3 10.9               123.4 31.3 10.3 45.0 10.0                78.2 26.1112.6 25.4                 5.9 27.1  5.8                 8.8  2.1                 8.6                                                
0422461118  7.7 59.2 10.8 60.0 53.9 50.6 43.6 19.4 18.7 46.5 42.8 29.6 18.0 53.0 27.0 24.8 23.3 28.6  5.0 29.1 25.4 23.6 19.8  8.5  8.2 21.3 19.4 12.8  7.9 24.9 10.5 10.7 10.1 39.2167.5157.1151.1137.3 64.5 62.7143.2135.7 94.9 60.7155.5 82.6 77.8 74.3 39.8 35.4 33.1 31.3 12.0 11.6 30.2 30.6 20.1 11.1 34.8 16.5 15.2 14.3158.4152.4138.6 65.4 63.5144.5136.9 96.0 61.5156.8 83.5 78.7 75.2141.9128.3 58.8 57.1134.1126.7 87.6 55.2146.3 75.8 71.2 67.9122.5 55.3 53.7128.3120.9 83.0 51.9140.4 71.6 67.2 64.0 47.8 46.4115.1 98.2 72.9 44.7126.8 62.5 58.5 55.6 20.9 50.9 46.9 32.6 20.0 57.9 30.0 27.7 26.0 49.4 45.5 31.6 19.3 56.2 29.0 26.7 25.1113.5 77.1 47.7132.6 66.3 62.1 59.1 71.7 43.9125.2 61.4 57.5 54.7 30.4 86.4 43.4 40.4 38.3 54.3 27.8 25.6 24.0 74.7 70.2 66.9 33.9 32.1 29.8   
0422461218 97.0 81.8184.4 29.5 29.6 19.8194.5 40.4181.4115.5124.5179.3 46.8140.3 29.3137.1 64.8 75.6176.4 29.5 29.6 17.8186.8 36.7173.4 97.9116.5171.2 42.6132.0 26.2128.8 59.4157.8 23.0 23.1 13.9168.6 29.5154.7 82.7 90.0152.5 34.3113.7 20.5110.6 48.5 65.0 65.1 42.9247.2 84.6238.9185.4194.1237.5 95.1208.0 59.2205.3134.0  7.6  4.8 72.5 10.6 63.0 29.9 33.4 61.6 11.4 40.1  6.8 38.6 16.9  4.8 72.6 10.6 63.1 29.9 33.4 61.7 11.4 40.1  6.8 38.7 16.9 48.4  6.5 41.4 20.1 22.7 40.4  7.7 28.0  4.3 26.9 10.2 93.3245.4195.4203.7244.2114.8216.9 66.2214.3144.8 82.1 40.9 45.4 80.5 16.1 54.0  9.4 52.2 24.0182.4191.2235.4 92.5205.4 57.3202.6130.9125.6180.3 47.3141.3 29.7138.1 65.5189.2 52.4150.7 30.0147.5 71.9 90.8203.5 56.0200.7128.7 62.0 10.1 60.0 28.5 36.1163.4 83.8 34.8 15.0 81.3   
0522490114 13.5 26.1 18.3 19.6 41.0 20.8  7.0 83.8 20.9 76.0115.2 16.5 59.6                     14.0 10.9 10.6 25.6 11.2  4.1 51.9 11.3 46.3 67.6  9.9 35.2                     18.9 20.3 42.3 21.5  7.3 86.0 21.7 78.1117.8 17.1 61.4                     14.3 30.9 15.1  5.2 66.1 15.2 59.4 84.6 12.0 45.8                     33.0 16.2  5.6 69.8 16.3 62.9 88.9 12.9 48.7                     34.6 11.8138.0 34.9127.8163.3 28.2 95.4                      5.9 72.9 17.2 65.7 92.4 13.6 51.0                     29.0  5.9 25.3 35.4  4.8 18.4                     73.2194.8224.1 61.0172.1                     66.1 92.8 13.7 51.3                    216.2 54.7161.9                     78.6195.8                     42.0                                                                         
0522490210 91.7 77.0 66.3 23.4 58.1 59.0 29.6 20.4 84.5                                         38.5 32.1 10.6 27.5 28.0 13.8  9.3 43.3                                         25.3  8.2 23.6 24.1 10.6  7.2 34.4                                          6.7 19.1 19.5  9.5  5.9 28.6                                          5.7  5.8  2.8  2.1  9.4                                         16.4  8.0  5.0 24.4                                          8.2  5.1 24.9                                          2.6 12.1                                          8.2                                                                                                                                                                                                                               
0522490310 35.5 31.4 36.6  3.4  7.2  6.9 31.5 18.7 21.6                                         65.0 73.4  7.9 16.2 15.4 65.2 38.8 47.5                                         66.7  6.9 14.0 13.4 58.8 34.4 42.3                                          8.1 16.8 16.0 66.9 40.0 48.8                                          1.8  1.8  6.9  3.7  4.7                                          3.0 14.1  8.0 10.2                                         13.4  7.6  9.7                                         34.5 42.5                                         23.8                                                                                                                                                                                                                               
0522490415 75.2151.4 42.1 12.6 45.7 80.3189.4131.2133.8 25.1 37.8185.0115.1112.4                88.5 22.1  6.3 24.5 42.9139.2 72.0 74.0 12.3 19.5133.6 60.2 58.3                51.3 16.0 55.5 94.0201.5147.4149.9 31.1 46.4197.6131.3128.5                 3.3 11.6 24.4 82.1 39.9 41.3  6.6 10.3 77.6 32.4 31.3                 3.6  6.9 27.0 11.9 12.3  2.2  3.0 25.1 10.3  9.9                26.9 87.7 43.4 44.8  7.2 10.3 83.1 35.3 34.1               145.5 77.0 79.0 13.5 21.5140.0 64.7 62.7               186.1188.2 53.1 75.4223.3172.2169.8               129.7 26.2 35.9181.5111.0 98.5                27.2 37.1183.7113.6110.9                 5.9 49.7 20.5 19.7                71.1 29.0 28.0               167.2164.7                84.6                                                
0522490514 82.6179.7 96.0 64.8 55.6193.4 49.5194.7164.6 97.5144.5223.8156.9                     28.8 11.7  7.6  6.3 34.5  5.6 35.1 26.1 12.0 19.9 53.3 23.5                     35.2 23.2 19.1 91.8 16.6 93.1 68.4 35.9 55.3137.7 63.2                      9.4  7.8 41.8  6.8 42.6 29.1 14.9 24.8 63.6 29.3                      4.7 28.4  4.2 28.9 18.8  9.6 14.3 40.5 16.9                     23.3  3.6 23.8 15.5  8.0 11.8 34.2 14.0                     20.3116.4 79.3 42.7 64.8152.6 73.5                     20.7 13.5  7.0 10.3 30.1 12.1                     80.5 43.4 65.8154.1 74.6                     29.8 46.5122.1 53.4                     25.4 64.8 30.1                     93.6 42.6                    114.6                                                                         
0522490616  7.7  8.2 36.9 70.4 73.7  9.7 78.1158.4 65.1 51.8 22.0 40.8 21.0 47.1 21.0            3.0 13.5 26.9 28.4  3.5 30.6 72.6 27.0 20.2  7.8 15.2  7.5 17.9  7.5           14.5 28.6 30.3  3.6 32.5 76.3 28.9 21.6  8.4 16.3  8.0 19.2  8.0          121.7126.0 17.2131.8202.6114.3 86.3 37.5 70.5 36.0 79.6 36.0          181.9 33.5187.1239.5170.8150.5 71.3130.0 69.0142.2 68.9           35.4191.0241.6175.0154.9 74.6134.4 72.2146.5 72.1           38.0 86.4 30.6 25.8  9.9 19.4  9.5 23.0  9.5          244.3180.4160.6 79.1140.2 76.5152.4 76.5          235.7223.5159.6209.2156.4217.9156.3          143.0 66.0122.6 63.7134.6 63.6           52.6 93.3 50.6114.1 50.6           41.4 21.4 47.8 21.4           39.9 86.4 39.8           46.0 20.4           45.9                            
0522490710 23.7 44.5  9.2 38.7 11.8 34.1 54.2 62.0 18.6                                         17.4  3.3 14.8  4.5 12.7 22.2 26.5  6.8                                          6.9 29.7  9.7 26.0 42.2 48.7 13.7                                          5.9  2.1  5.2  8.7 10.3  2.8                                          8.3 24.6 36.7 42.6 11.7                                          7.2 11.1 13.2  3.7                                         32.3 37.5 10.1                                         59.1 17.5                                         20.8                                                                                                                                                                                                                               
0522490811 10.2  7.1 13.7  3.7  3.1  5.6 15.4  8.8 10.5  3.3                                    34.0 64.8 18.7 14.9 26.9 70.7 41.2 52.0 15.7                                    44.4 11.8 10.3 18.6 48.8 27.3 34.9 10.9                                    25.5 20.2 35.3 87.8 53.3 66.3 21.4                                     5.2 10.0 28.7 14.6 19.3  5.5                                     8.0 22.7 11.7 15.4  4.5                                    39.1 23.3 27.6  8.4                                    58.4 72.3 24.0                                    42.3 12.3                                    16.2                                                                                                                                                                                  
0522490913 27.5 62.3 27.5 10.4 34.9 37.0 22.4 23.1 16.7116.8 14.1 28.5                          51.1 21.5  8.2 31.1 29.7 17.5 18.1 13.1 90.4 11.1 22.2                          51.2 21.0 68.5 72.0 42.9 44.2 33.3178.4 28.5 52.6                           8.2 31.1 29.8 17.5 18.1 13.2 90.5 11.1 22.3                          10.6 11.3  6.8  7.0  5.3 38.6  4.6  8.5                          41.1 25.3 26.1 18.9125.8 15.9 28.9                          27.0 27.9 20.2130.8 17.0 30.7                          14.7 10.7 78.2 10.0 18.1                          11.1 80.0 10.3 18.7                          62.7  7.6 13.6                          54.5 92.6                          11.5                                                                                                       
0522491016 63.9137.1163.4128.2 60.6110.7111.3 95.9 39.3124.2161.0 18.5 80.5133.1 57.3           43.1 58.1 38.8 17.3 31.3 31.5 29.3 10.3 37.0 56.5  4.9 25.3 41.2 16.1          128.1 86.0 40.7 72.2 72.7 68.3 28.2 82.9125.7 11.5 55.8 90.0 38.3          119.4 55.0 93.0 93.5 88.5 35.3115.5152.1 16.4 73.7124.2 51.9           36.6 65.9 66.3 62.2 25.0 76.0117.0 10.2 50.5 82.9 34.4           29.4 29.7 27.5 10.6 34.9 53.5  4.6 23.6 38.8 15.1           54.7 51.1 19.5 63.2 91.0  8.8 41.1 69.3 27.6           51.5 19.7 63.6 91.5  8.9 41.4 69.8 27.8           18.1 59.6 86.5  8.2 38.5 65.5 28.5           23.6 34.3  3.1 14.0 26.7  9.9          113.2 10.6 48.3 79.7 32.8           15.8 71.9121.8 50.5            6.5 10.9  4.3           53.4 22.0           36.5                            
0522491115 76.5 54.0 58.2 20.2 22.9  9.4 16.9 23.9 62.6121.4 90.7100.0 67.0121.9                78.7 84.1 29.6 33.1 13.9 27.8 34.3 89.6156.8134.3145.1 95.0157.3                60.1 21.1 23.9  9.8 17.6 24.9 64.6124.3 93.2112.8 69.1124.8                23.1 26.2 10.7 19.3 27.4 69.3131.0 98.9119.3 74.1131.4                 8.1  3.3  6.1  8.4 25.4 48.3 36.9 42.0 27.9 48.5                 3.7  6.8  9.5 28.9 53.5 41.1 46.7 28.2 53.7                 2.9  3.8 10.7 24.5 17.8 20.7 11.7 24.6                 7.1 21.2 41.5 31.5 36.0 23.2 41.7                27.0 55.3 42.6 48.3 29.3 55.6               137.7115.3125.9 79.2138.1               173.9183.8144.1194.4               162.6121.6174.3               132.4184.2               144.6                                                
0522491216 56.5 27.1  5.1 25.7 20.5 27.0 72.4 45.0 56.4 19.1  8.5 27.0 17.8 70.2 74.2           85.2 18.0 76.1 64.4 84.9176.7133.8153.7 60.9 27.9 84.9 57.7173.8178.9            8.6 38.4 31.5 43.8115.5 69.8 85.0 29.6 13.2 43.8 27.8112.6117.8            7.4  6.0  8.5 24.8 13.6 17.9  5.6  2.7  8.5  5.3 23.8 25.6           27.3 38.2 95.0 61.8 76.0 28.3 11.3 38.2 26.4 92.5 97.1           31.4 81.6 51.7 64.3 22.6 10.0 31.4 21.1 79.3 83.5          115.2 69.6 84.8 29.4 13.2 43.7 27.7112.3117.5          157.2176.5 77.6 37.1115.2 73.8195.1199.6          133.6 48.7 23.5 69.6 46.0154.2159.6           60.8 27.8 84.8 57.6173.7178.7            9.4 29.4 19.6 75.3 79.5           13.2  8.8 35.8 38.2           27.7112.3117.5           71.6 75.6          197.1                            
0922490112 32.1 42.8 52.0 23.3  8.0 92.5 35.6 49.2 20.6 19.1 20.7                               32.6 39.9 17.0  6.0 74.2 29.9 37.7 15.1 14.0 15.1                               52.7 23.6  8.1 93.4 36.1 49.9 20.9 19.4 21.0                               29.9 10.1119.0 44.1 60.2 26.5 24.6 26.5                                4.0 52.5 19.1 27.9 10.7 10.0 10.7                               19.7  6.6  9.5  3.6  3.4  3.6                               80.7114.2 47.5 44.7 47.7                               41.6 16.9 15.7 16.9                               24.7 23.0 24.8                                8.9  9.6                                8.9                                                                                                                                          
09224902 8  4.4 20.9  2.1 12.5  6.1 14.4 17.5                                                   11.9  1.6  8.0  3.7  9.1 10.0                                                    5.5 34.0 17.2 38.1 44.7                                                    3.5  1.9  3.9  4.7                                                   10.4 24.5 29.2                                                   11.8 14.4                                                   32.8                                                                                                                                                                                                                                                                                                                                        
0922490314  6.7  3.6 28.0  8.8 30.1 44.2 37.2 10.8 29.5 30.8 29.9  7.3 10.0                      3.9 27.5  9.6 32.5 47.5 40.1 11.8 28.8 33.2 29.2  7.9 10.9                     15.0  4.9 18.0 28.0 22.9  6.5 15.7 18.5 16.0  4.1  5.6                     35.7118.7150.9136.0 46.6 99.1120.4110.0 29.8 40.2                     42.0 60.3 51.3 15.7 37.3 42.9 37.8 10.5 13.2                    164.8150.0 54.5122.5134.2123.5 35.3 47.2                    181.6 76.3154.7166.4155.8 51.2 67.0                     65.7139.9151.8140.9 43.3 57.3                     48.6 55.5 49.2 12.9 18.0                    124.1113.7 31.2 42.0                    125.2 36.0 48.1                     31.6 42.5                     10.8                                                                         
0922490413 87.6 21.9 75.7 80.3 43.9  9.8 16.9 37.4 50.4 92.3117.9 90.8                          24.7 81.9 86.6 48.3 10.0 19.0 41.3 55.3 98.9125.3 97.3                          19.7 21.6 10.6  2.3  3.7  8.8 11.4 24.1 30.6 23.5                          74.8 40.2  8.9 15.2 34.1 46.3 86.5111.3 85.0                          43.3  9.7 16.6 36.8 49.7 91.4116.8 89.8                           4.5  8.2 19.3 24.9 51.7 63.3 50.6                           2.0  3.8  5.3 10.9 14.1 10.6                           6.9  9.7 20.7 24.2 20.1                          23.0 44.4 54.7 43.3                          59.1 71.5 57.8                         130.7112.4                         128.9                                                                                                       
0922490512  7.2 20.5 31.1 62.5 44.7 26.8 58.9 27.0 14.2 26.8 54.1                                3.5  5.5 11.0  8.1  4.3 10.2  4.8  2.7  4.7 10.1                               15.3 31.1 23.2 11.6 29.0 13.1  7.0 13.0 26.4                               49.5 34.8 19.9 46.4 22.4 10.7 22.2 42.4                               68.7 39.2 87.3 43.4 24.4 43.1 81.1                               27.2 64.9 30.2 16.1 30.0 59.7                               36.7 17.0  9.0 16.9 33.4                               40.6 22.6 40.4 76.9                               10.1 19.0 37.1                               10.0 20.3                               36.8                                                                                                                                          
0922490611 24.6 36.9  5.0 11.5 16.3 25.2 16.1 37.6  4.7 13.3                                    67.2  9.9 24.0 30.2 44.1 29.9 68.4  9.3 27.8                                    15.5 36.1 48.7 68.5 48.3 99.7 14.5 41.0                                     4.9  6.7 10.1  6.6 15.9  2.3  5.5                                    15.9 24.6 15.7 36.8  4.6 13.0                                    30.9 22.4 49.6  6.3 18.4                                    30.6 69.7  9.5 25.7                                    49.2  6.3 18.2                                    14.9 41.8                                     5.2                                                                                                                                                                                  
0922490712 90.4 49.3 16.6 61.1 42.6 75.7119.7124.4 76.9 43.5 27.5                               27.6  9.4 35.1 25.9 44.9 69.9 73.4 45.7 26.6 14.0                                4.4 17.8 11.5 23.8 36.1 38.2 24.3 11.8  7.0                                5.6  3.8  7.4 11.5 12.3  7.5  3.9  2.5                               15.0 27.9 45.4 48.0 28.4 15.4  9.1                               19.9 30.9 32.8 20.4 10.9  6.0                               57.4 60.4 36.6 20.5 10.9                               90.3 58.3 31.6 18.9                               61.4 33.5 20.3                               20.9 11.1                                6.1                                                                                                                                          
0922490810 16.1  8.6 47.5 68.2 12.7  8.3 17.7 27.2 32.3                                          4.5 28.5 38.6  7.1  4.4  9.7 13.4 18.2                                         13.5 21.4  3.7  2.5  4.9  7.2  9.6                                        110.3 22.4 13.1 27.8 40.6 52.3                                         31.3 20.7 41.7 59.2 74.4                                          3.6  7.7 10.6 14.3                                          4.7  7.0  9.3                                         14.7 19.9                                         27.4                                                                                                                                                                                                                               
09224909 9 68.5 52.5  7.9 13.6 80.5 30.7 12.4 10.4                                              77.6 12.2 23.4121.3 48.3 21.2 16.1                                               9.4 16.3 90.2 35.9 14.8 11.3                                               2.4 15.4  5.2  2.2  1.9                                              26.3  9.5  3.7  2.9                                              58.1 24.1 20.4                                               8.7  6.7                                               2.7                                                                                                                                                                                                                                                                                 
0922491014 45.4 20.8 11.1 20.1 17.7 50.8 34.6 59.5 71.1 15.2 19.0 90.2 33.2                     30.0 15.9 29.1 25.6 68.3 47.6 78.9 92.8 21.9 27.5125.9 45.8                      7.0 11.3 10.0 30.7 22.0 36.4 44.4  9.5 10.8 58.3 21.0                      6.8  6.1 18.1 11.7 22.0 27.6  5.3  6.5 33.8 11.2                     10.7 29.8 21.3 35.4 43.2  9.2 10.4 56.8 20.3                     29.3 18.7 31.6 38.7  8.2 10.1 51.1 17.9                     53.3 86.9111.6 25.0 31.5136.2 51.2                     62.3 74.2 16.1 20.1 93.7 34.9                    125.9 30.4 33.7151.2 60.0                     33.8 41.2169.1 71.7                      8.7 44.9 15.3                     54.3 19.2                     90.8                                                                         
0922491115 54.4 52.4 38.9 41.2 26.8  4.9 30.2 53.2 31.4 31.7 86.3 51.7 12.0 28.5                94.3 73.8 77.6 53.5 10.4 59.5 95.4 61.5 62.0150.3 93.3 26.7 51.5                71.5 75.1 51.6 10.0 57.5 92.7 59.4 59.9147.2 90.6 25.5 49.7                57.3 38.2  7.1 42.9 72.4 44.4 44.8121.9 70.6 17.8 36.7                40.5  7.6 45.4 76.1 47.1 47.5126.8 74.2 19.1 39.0                 4.8 29.7 52.3 30.8 31.2 85.1 50.9 11.8 27.9                 5.4 10.1  5.7  5.7 17.4  9.8  2.5  4.6                58.3 34.7 35.1 93.0 56.7 13.4 28.5                60.3 60.8148.5 91.7 26.0 50.4                36.4 95.7 58.7 14.0 29.6                96.3 59.2 14.1 29.9               146.0 42.1 82.5                25.1 49.0                11.2                                                
0922491214 78.7 42.3 57.6129.8154.0112.1 47.7 85.9 17.3 84.1153.0 27.5 47.2                     22.2 28.9 69.6 88.4 57.3 25.6 46.2  8.6 45.1 87.5 12.2 25.3                     14.7 36.6 48.8 29.3 11.7 25.2  4.2 24.5 48.2  6.3 11.6                     50.2 65.6 40.7 16.9 32.3  5.8 31.4 64.9  9.0 16.7                    141.9 91.5 41.3 76.3 14.6 74.7140.9 23.2 41.0                    123.9 54.7 96.0 20.4 94.2164.9 29.1 54.2                     33.2 63.3 11.4 61.8122.9 18.0 32.9                     29.1  4.7 28.2 54.1  7.2 13.3                      9.7 50.0 95.1 13.9 28.8                      9.4 20.1  2.7  4.7                     93.3 13.5 27.9                     28.7 53.6                      7.2                                                                         
