0322160116111.9 39.3 63.9 52.1 65.4 53.0 30.3 10.0 66.0134.4 71.0 15.3 27.9 49.2 15.4           93.5144.9126.3147.0127.8 76.3 27.8148.0209.7154.9 40.2 65.7121.3 40.5           57.6 46.7 58.9 47.5 26.9  8.8 59.6124.8 64.2 13.4 24.4 44.0 13.5           74.4 90.9 75.6 45.3 14.3 91.7167.5 97.6 24.2 38.1 70.7 24.4           76.0 62.3 36.3 11.1 76.7149.1 82.1 18.7 30.3 58.0 18.8           77.2 46.4 14.7 93.4169.5 99.4 24.9 39.1 72.2 25.1           37.0 11.3 77.9150.6 83.4 19.1 30.9 59.0 19.2            6.7 46.9 94.8 50.8 10.0 18.2 34.1 10.1           14.9 33.4 16.4  3.4  5.5 10.3  3.4          170.4110.2 25.2 39.5 72.9 25.4          177.0 52.4 82.7144.0 52.7           27.8 42.9 78.2 28.0            9.1 17.4  5.2           28.5  9.1           17.5                            
0322160213  4.6 39.5  7.4 24.4 25.1 36.0 38.2 17.1 27.1 32.9 36.0  4.7                          16.7  3.0  9.7 10.0 15.0 16.0  6.9 10.7 13.5 15.0  2.2                          25.0 73.9 81.0115.1119.5 56.8 79.5 98.4115.1 17.1                          14.5 16.5 24.9 26.6 10.2 16.1 22.4 24.9  3.0                          49.9 68.3 71.7 33.1 48.7 63.2 68.3  9.9                          75.2 78.8 37.2 54.2 69.8 75.2 10.2                         112.4 52.2 73.7 92.0 98.2 15.3                          55.0 77.2 95.9112.4 16.4                          36.3 47.9 52.2  7.1                          68.3 73.7 11.0                          92.0 13.8                          15.3                                                                                                       
0322160315 36.3  4.2 60.2 18.6  9.5 10.8 23.5  3.3 43.4  8.1 31.5  9.3 14.2 11.0                38.2226.8138.4 77.3 90.9155.3 28.4206.6 68.9184.0 76.0119.3 92.1                63.1 19.7 10.0 11.4 24.9  3.4 45.7  8.6 33.2  9.8 15.1 11.7               181.2125.8142.7196.1 48.1235.5114.7219.2124.2162.9144.2                40.6 49.4 89.1 14.1153.4 35.4126.8 39.8 61.9 50.3                27.5 49.4  7.3 89.3 18.5 68.7 21.2 32.1 28.1                59.7  9.1114.1 23.5 81.4 26.9 39.4 31.4                17.7169.9 43.3143.7 48.5 73.9 60.6                34.1  6.3 27.0  7.1 10.8  9.2                80.1197.1 87.9134.1115.5                60.9 18.1 27.9 23.9                67.5 98.2 82.6                31.5 27.4                40.1                                                
0322160414 29.3 49.9 83.3 77.1146.7 36.9 97.5164.9 73.9 45.2 40.3124.4 28.2                      8.8 15.1 13.6 29.0  6.3 19.0 35.8 12.9  7.9  6.9 24.1  4.5                     27.9 25.1 49.5 10.2 31.3 60.0 23.7 12.9 11.3 38.5  7.6                     41.6 82.7 19.6 55.2 97.2 39.6 24.8 21.7 66.5 13.1                     76.5 17.6 50.5 90.5 36.0 22.3 19.5 61.2 11.8                     36.6 96.9164.1 73.3 44.9 40.0123.7 27.9                     24.7 44.8 16.6 10.1  8.9 31.3  5.6                    123.7 48.2 31.3 27.4 79.1 16.5                     86.9 54.6 48.9141.5 31.4                     21.0 18.4 58.4 11.2                     10.1 34.8  6.9                     30.9  6.1                     20.8                                                                         
0322160516 30.8 29.8 27.0 34.0 89.1 57.8 24.0 48.2  9.4 58.8  9.5 83.6 92.4 67.1132.5           27.2 21.9 28.3 77.3 48.9 19.5 40.5  7.7 49.8  7.8 72.2 80.3 57.2117.9           21.1 27.3 75.1 47.3 18.7 39.2  7.4 48.2  7.5 70.1 78.1 55.4115.1           24.5 64.0 39.5 15.1 32.5  6.1 40.2  6.2 59.5 66.7 46.4 91.3           83.6 53.6 21.8 44.6  8.6 54.6  8.7 78.3 86.8 62.4125.7          135.2 58.4119.3 25.9136.8 26.4170.4180.3149.0207.1           35.6 73.4 14.4 87.2 14.6128.5139.1 97.4170.4           29.2  5.5 36.3  5.5 54.2 60.9 42.1 84.4           11.5 74.5 11.7112.8123.2 84.1154.9           14.7  2.5 23.6 27.4 17.4 36.9           14.9130.0140.7 98.8171.9           24.0 27.9 17.7 37.5          174.1142.2201.8          152.9210.1          183.2                            
0322160613 35.5 26.5 33.3 60.8 10.1  4.5 16.2 10.9 54.1 44.7 59.3 25.5                          47.1 57.9 96.2 17.6  8.3 28.0 21.2 87.5 74.7 94.3 41.5                          44.4 77.7 12.7  6.1 22.7 15.2 69.8 58.6 75.9 31.2                          92.1 16.4  7.7 26.3 19.7 83.5 71.0 90.2 39.1                          30.0 14.2 49.3 35.2139.6123.8147.3 69.8                           2.4  7.8  5.4 26.2 23.2 29.1 10.9                           3.6  2.7 12.3 10.7 13.8  5.3                           9.3 43.5 35.6 48.0 19.5                          30.9 25.0 34.3 13.1                         113.9137.4 62.4                         121.7 52.0                          68.1                                                                                                       
0322160712 21.6  8.9 36.8 30.7  7.9 18.7 12.9  3.6 30.1  7.7 12.5                               25.4 91.5 79.4 22.6 49.4 36.0 10.3 71.8 21.8 35.0                               42.2 35.3  9.2 21.9 15.2  4.1 31.3  8.9 14.7                              133.7 38.2 82.8 63.0 18.0123.6 37.1 61.4                               31.9 71.4 53.5 14.7 99.2 30.9 52.1                               19.5 13.5  3.7 28.2  8.0 13.1                               31.7  8.9 64.3 18.8 30.8                                6.3 47.7 13.1 23.9                               12.8  3.6  6.1                               27.3 46.5                               12.7                                                                                                                                          
03221608 9 12.2  8.6  1.9  8.1  7.6  9.3  3.6 10.6                                              32.3  6.2 30.6 28.7 34.6 14.3 42.3                                               4.1 22.4 20.8 23.1 10.0 28.6                                               3.9  3.6  4.4  2.1  5.4                                              19.5 24.2  9.4 27.1                                              22.5  8.8 25.4                                              10.8 30.7                                              12.4                                                                                                                                                                                                                                                                                 
0322160915156.8 38.0178.7 26.5 51.7 77.7 46.6186.5 26.4 36.1120.0 30.5126.6119.8                53.7207.4 35.1 71.4113.1 65.0214.2 35.0 51.2151.0 39.6157.8150.8                67.6  7.0 14.6 24.5 12.9 73.4  7.0 10.6 35.5  8.0 38.4 35.5                45.1 88.1134.7 80.7231.1 45.0 64.6173.0 50.6179.7172.9                 9.9 14.9  8.8 49.3  4.5  6.6 24.6  5.0 26.9 24.5                31.4 18.5 94.8  9.8 13.8 48.5 10.2 52.2 48.4                31.1142.8 14.8 23.1 73.4 17.1 78.4 73.3                87.1  8.7 12.2 43.7 10.0 47.1 43.6                49.2 70.2181.0 55.2187.5180.8                 6.6 24.5  5.0 26.8 24.4                33.7  7.5 36.5 33.6                28.2120.9114.2                30.9 28.1               120.7                                                
0322161015  2.7 29.9 18.6  8.5  2.6 10.8 19.0999.9 11.0  6.5 11.0 14.2  4.5 27.4                39.4 25.6 10.6  3.2 14.7 26.2999.9 15.1  8.7 15.0 19.6  6.1 32.9               174.5115.4 36.6138.4175.9999.9140.2 87.3139.7157.5 66.5196.5                71.0 23.5 89.6136.9999.9 91.1 56.8 90.7117.2 41.3161.3                10.7 46.2 72.2999.9 47.2 26.6 47.0 58.1 20.1 92.4                13.5 24.0999.9 13.9  8.0 13.8 18.0  5.6 30.5                90.8999.9 61.8 35.9 61.4 74.7 25.4124.1               999.9 92.4 57.8 92.0118.7 42.1162.7               999.9999.9999.9999.9999.9999.9                36.8 62.7 76.1 26.0125.9                36.5 45.7 15.0 75.7                75.7 25.9125.4                32.8143.4                56.6                                                
0322161115 57.7 12.0 27.2 51.1 55.7 37.4 17.6 31.7 63.6 10.8 44.8 55.1 55.7 90.3                17.3 37.8 68.4 73.9 51.1 25.5 43.7 83.4 14.1 60.5 73.2 74.0124.9                 8.1 14.9 16.6 10.4  4.9  9.5 19.6  3.1 12.8 16.4 16.6 28.5                33.1 36.3 26.0 10.7 21.5 42.0  6.7 28.7 35.9 36.4 62.5                66.1 45.1 21.9 38.4 74.9 12.2 53.7 65.4 66.1114.3                49.2 24.3 42.0 80.8 13.5 58.4 70.8 71.6121.7                15.1 27.6 56.5  9.3 39.4 48.7 49.3 81.4                12.6 28.9  4.2 18.7 24.0 24.4 40.1                48.4  7.8 33.4 41.6 42.1 71.0                15.9 66.6 80.1 80.9133.9                10.4 13.3 13.5 25.9                57.8 58.4 93.9                70.9120.8               121.8                                                
0322161210 24.4 33.6 25.1 20.6 54.2 48.6 22.3  9.9 10.9                                         17.7 11.7 10.6 27.9 27.3 10.4  4.8  5.7                                         18.3 15.0 41.6 37.1 16.2  7.3  8.8                                         10.9 28.7 28.2 10.7  5.0  5.9                                         26.5 23.1  9.7  4.2  5.0                                         59.2 28.6 11.5 13.8                                         25.0 10.1 12.1                                          4.5  5.3                                          2.6                                                                                                                                                                                                                               
0522240116 72.6 62.6 69.9  4.1 31.2136.5 18.9 13.9 42.6 55.8138.9127.4 20.5 23.0 16.1          165.2175.0 14.9 97.7223.9 63.1 49.4132.3155.2225.3218.3 67.1 73.1 55.7          161.8 12.2 85.9215.2 54.0 41.8118.4141.4216.7208.8 57.6 63.1 47.4           14.1 94.7221.8 60.7 47.4128.7151.7223.2216.0 64.6 70.5 53.5            6.1 31.0  3.5  2.8  8.5 10.6 31.9 27.6  3.7  4.1  3.1          167.0 26.4 21.5 60.9 77.7169.2158.1 28.4 31.5 25.0          123.4 93.1189.8208.0251.1247.5129.1137.3112.4           11.6 36.3 48.0125.8114.4 17.0 19.1 13.4           27.6 36.9 95.1 85.4 12.5 14.0 10.9           98.6191.7181.8 39.0 43.0 31.5          209.7201.1 51.3 56.3 41.9          248.2131.4139.6114.6          120.0128.1 94.2           20.7 14.5           16.3                            
0522240216144.2 34.5 76.6 52.6 57.6 40.1138.3 88.0 96.0 20.4 62.3 72.5150.0 30.0 54.1           46.1 96.9 68.7 74.8 53.3164.1120.6130.1 28.6 80.3 92.2175.6 36.7 70.6           23.6 14.6 16.3 10.7 43.2 28.7 29.3  5.5 18.0 21.9 49.2  7.7 15.1           34.1 37.7 28.1 92.1 60.4 66.7 12.4 41.0 48.5112.0 18.1 35.2           26.8 17.4 64.7 40.4 45.1  8.6 29.5 32.0 72.8 11.3 24.8           19.4 70.6 44.5 49.6  9.5 29.6 35.3 79.1 12.6 27.7           50.0 30.5 34.2  6.4 21.4 26.1 56.7  9.1 18.0          115.0124.4 26.5 75.9 87.5169.9 34.3 66.6           77.2 15.0 48.3 56.9126.2 22.0 41.7           17.0 53.7 63.0135.9 25.0 46.5           10.5 11.5 30.9  4.4  8.9           38.4 84.8 13.8 30.6           97.1 16.8 33.0           39.2 74.7           11.7                            
0522240316 15.2 24.6 35.8 60.5 14.5  3.6 60.8 54.7 33.5 38.9  3.9 17.8 65.5 10.9 54.7           41.0 62.5 96.8 25.8  6.5 97.2 89.3 58.9 67.1  7.3 31.0113.3 19.5 89.3           87.7138.2 39.3 10.2138.7129.6 83.2 93.1 10.5 46.8145.1 28.1129.6          171.6 60.3 15.6172.0163.7125.5137.0 17.7 70.3177.6 44.3163.7           94.0 26.5204.8198.6166.8177.0 29.7116.8208.9 72.8198.6            6.2 94.4 86.5 56.7 64.7  7.0 29.7110.1 18.6 86.5           26.6 26.0 14.4 17.1  2.0  7.5 29.1  4.4 26.0          198.9167.2177.4 29.9117.3209.2 73.1198.9          158.7169.4 26.4 98.4203.4 66.2192.3          131.7 16.4 66.3173.0 41.5158.7           19.5 75.2182.9 47.9169.4            8.5 32.6  4.9 26.4          123.7 22.9 98.4           78.3203.4           66.2                            
0522240418 22.6118.4 31.0178.4 24.7 35.0 22.8 69.6 92.9214.1 42.9 66.8 12.2 29.5 85.3 47.7 42.2 57.0 14.5110.8 10.4 16.6 10.6 33.5 47.3148.6 20.9 31.9  5.9 13.7 42.6 23.7 20.5 79.2250.7 61.2 87.4 57.3158.3188.9270.5112.6154.0 33.4 76.1179.6121.8111.1143.2 15.8 25.3 14.6 48.5 66.8181.8 32.0 46.3  8.7 20.9 60.7 32.2 31.4117.4154.0111.4215.4239.3289.4172.3211.8 64.1139.0232.5181.8170.7 18.1 10.5 36.3 51.0155.6 22.8 34.6  6.3 15.0 46.0 25.9 22.4 16.7 54.4 74.3192.1 32.6 52.0  9.9 24.0 67.7 36.4 32.1 33.8 47.6149.2 21.1 32.2  5.9 13.8 42.9 23.8 20.6140.6244.5 65.5 96.9 20.2 46.3131.1 72.1 64.5262.4 87.9136.4 30.1 64.1162.2 95.8 86.7208.7241.7 92.3177.7257.4217.1207.4 62.8 11.3 30.3 80.6 44.6 39.4 19.2 44.2126.9 69.2 61.8  8.3 26.6 12.7 11.1 58.2 30.7 29.8 88.1 79.4 43.9   
0522240516 79.8132.1 13.6170.3170.9 40.1 72.7 96.7 88.4 70.8 96.4 15.0 16.1 95.8197.2          118.5 11.0158.2158.9 33.3 62.3 84.7 76.8 60.5 84.4 12.2 13.0 83.9188.0           22.5194.3194.8 59.8 99.9137.9128.6 97.7137.6 24.9 23.9137.0214.2           36.3 36.7  5.1 10.6 14.9 12.9 10.2 14.8  2.1  2.1 14.7 57.8          216.4 92.6150.1175.1167.2147.8174.9 39.6 41.8174.3228.2           93.3150.9175.8167.9148.6175.5 40.0 42.2175.0228.4           29.6 43.3 38.2 28.6 43.1  5.6  6.0 42.7137.8           77.5 69.9 54.6 77.2 10.6 11.3 76.7181.6           93.5 75.5111.8 16.5 17.6111.2200.8           68.1 93.2 14.2 15.2 92.7194.9           75.2 10.2 10.9 74.7179.7           16.4 17.5110.8200.6            2.3 16.2 62.3           17.3 65.4          200.2                            
0522240610 23.8  3.7 14.9 34.3  8.0 19.8  3.2  3.8 15.7                                         17.4 64.9132.6 35.4 79.6 14.6 18.0 67.6                                         11.0 26.0  5.9 14.5  2.5  2.9 11.6                                         92.1 25.7 56.3 10.1 11.3 46.8                                         54.0120.1 24.2 26.7 95.3                                         30.1  5.1  6.1 27.2                                         12.2 15.0 58.8                                          2.6 10.7                                         11.9                                                                                                                                                                                                                               
0522240716  8.1 36.2  4.0 15.0 52.4 11.2 30.6  8.0 31.5 38.3 11.1 35.0 24.5 99.0 23.3           36.9  4.1 15.3 53.3 11.4 31.1  8.2 32.1 39.0 11.3 35.6 25.0110.3 23.8           19.3 67.5175.8 53.1129.4 36.3131.9148.4 52.7140.7 95.6229.5 92.4            7.9 29.8  5.9 15.9  4.0 16.5 20.5  5.9 18.5 11.4 56.5 10.9           92.2 23.6 58.1 15.1 59.6 70.8 23.3 65.5 44.0164.4 42.1           74.5161.8 52.6164.3180.4 74.0173.0136.7248.6132.9           45.3 11.2 46.6 56.0 17.3 51.5 33.9141.9 32.4           30.7117.8134.1 45.0126.5 84.0219.3 81.0           31.6 38.4 11.1 35.1 24.6 99.2 23.4          136.6 46.3129.0 86.0221.1 82.9           55.6145.5 99.7232.6 96.4           51.1 33.6141.2 32.1           93.2227.5 90.1          198.8 63.0          195.4                            
0522240810  6.7  8.9 15.5  3.7  3.8  2.7  2.6  6.9 12.5                                         35.5 61.5 15.4 16.3 10.3 10.4 27.9 51.9                                         76.8 20.9 22.0 13.9 12.7 36.4 65.7                                         35.2 36.9 27.1 24.7 62.8113.0                                          9.2  6.0  5.5 15.9 29.1                                          6.3  5.7 16.7 30.5                                          3.8 10.6 21.8                                         10.6 19.9                                         53.1                                                                                                                                                                                                                               
0522240912  2.9 36.1  7.1 10.7 14.4 29.7  3.3 21.3 21.8 12.1 10.2                               24.1  4.3  6.9  9.2 19.2  2.2 12.2 12.5  7.7  6.6                               53.5 79.3 96.4161.9 25.2131.9133.3 85.9 76.5                               17.1 23.2 44.7  4.9 30.1 30.7 19.3 16.3                               34.1 67.7  8.0 47.4 48.3 29.0 24.9                               83.6 10.7 60.3 61.3 37.8 32.6                               22.4116.9118.4 73.7 65.1                               14.2 14.5  8.9  7.6                               81.1 52.2 45.4                               53.1 46.3                               27.7                                                                                                                                          
0522241016115.5170.5169.9165.1 60.9114.6 43.9215.2114.1207.6 40.4 45.3 68.6 65.1 23.7          114.2113.6 99.1 32.0 60.7 24.3164.0 60.4154.7 22.0 25.2 36.7 34.6 11.2          168.6163.8 60.1113.3 43.3214.1112.9206.6 39.8 44.7 67.7 64.3 23.3          163.1 59.7112.7 42.9213.6112.3206.0 39.5 44.4 67.3 63.8 23.1           56.6 98.3 40.6209.7 97.9201.9 37.3 41.9 63.9 60.6 21.6           31.7 11.3 97.7 31.5 89.9 10.3 11.8 19.5 18.3  5.9           23.9163.1 59.8153.8 21.7 24.9 36.3 34.2 11.0           74.1 23.8 67.4  7.7  8.8 13.2 12.3  4.2          162.6241.8 68.9 76.2118.4113.5 39.3          153.3 21.6 24.7 36.1 34.0 10.9           62.5 69.4 99.5 95.2 35.2            8.0 12.0 11.2  3.9           13.7 12.8  4.3           21.3  6.8            6.4                            
0522241110 41.0 77.1 10.6 18.0 37.7 41.8 21.1 38.5 70.3                                         36.6  4.8  7.8 17.1 19.2  9.0 17.5 32.6                                         10.3 15.7 33.6 37.3 18.4 34.3 63.7                                          2.3  4.4  4.9  2.5  4.5  9.0                                          7.1  7.9  3.6  7.2 13.8                                         17.5  8.2 15.9 29.9                                          9.2 17.9 33.2                                          8.4 16.1                                         30.5                                                                                                                                                                                                                               
0522241216 18.8 33.2 83.5 33.1 19.0 38.4 89.8  4.0 21.8  9.4 43.3 20.9 18.1 60.7 34.6           43.4112.4 43.3 25.9 49.8119.8  5.1 26.7 11.5 55.9 28.6 24.7 76.4 45.1          162.0 75.2 43.8 84.6169.4  9.9 49.1 23.1 93.1 47.6 42.0131.1 77.9          161.7113.1173.3232.7 28.3122.7 57.9182.7120.0 99.8207.4165.2           43.7 84.4169.1  9.9 48.9 23.0 92.8 47.4 41.9130.7 77.7           50.2120.6  5.2 27.0 11.6 56.4 28.9 24.9 77.0 45.5          180.4 10.5 56.1 27.2113.5 54.4 48.3142.8 87.3           28.1130.3 62.9189.5127.5117.2213.0172.5            5.9  2.8 12.1  5.7  5.0 18.2 10.3           13.3 62.7 29.5 28.6 84.7 51.0           28.1 12.8 11.1 40.4 24.2           60.9 54.2152.9 95.8           27.5 82.5 49.4           74.4 43.7          134.3                            
09222c0112 18.6 22.4 16.0 24.6 17.7 23.6 31.0  3.1  9.8  3.6 14.4                               54.0 41.1 63.0 44.7 56.1 75.8  8.1 24.5 10.1 37.5                               48.0 72.1 52.0 64.7 85.9  9.7 28.9 11.0 43.9                               56.3 39.5 49.9 68.3  7.1 23.5  8.8 33.0                               60.7 74.7 97.2 10.7 34.5 13.4 51.7                               54.0 73.3  7.8 26.0  9.6 36.0                               88.6 10.2 30.2 11.6 45.7                               13.9 43.0 17.4 63.1                                4.1  2.0  6.4                                5.0 21.1                                7.9                                                                                                                                          
09222c0216182.3184.8 70.0 58.8 50.2117.5137.1 48.1 37.4 30.9171.0171.5158.7 21.5134.0          206.6 89.8 76.7 66.4142.8162.5 63.8 50.4 42.0194.4194.9183.1 27.5159.5           92.1 78.8 68.3145.6165.2 65.7 52.0 43.3196.7197.2185.6 28.4162.2           22.9 18.8 44.9 56.2 17.9 13.3 10.8 80.2 80.6 70.7  7.5 54.3           15.0 37.0 46.6 14.3 10.7  9.5 67.9 68.3 59.4  6.1 45.0           31.1 39.5 11.8  9.7  7.9 58.3 58.7 50.7  5.1 38.1           89.1 29.7 24.8 19.9130.8131.3118.4 12.4 86.6           37.8 29.1 26.2150.6151.2138.0 16.2113.6            9.3  7.5 56.0 56.4 48.6  4.8 36.4            5.7 43.9 44.2 37.8  3.8 28.0           36.4 36.6 31.2  3.2 25.1          184.1171.8 25.9147.5          172.4 26.1148.1           21.8134.9           15.5                            
09222c0314 68.2 17.3 60.1 93.6 39.6 97.7114.1 13.6 73.9 42.1162.3 86.5 45.1                     10.3 36.0 60.4 25.1 63.7 68.6  8.2 45.6 27.0120.1 54.9 26.2                      8.8 14.8  5.5 15.8 17.5  2.2 10.5  5.8 31.3 13.1  6.3                     52.9 21.2 55.9 60.5  7.0 39.6 22.8 98.9 48.0 24.7                     34.5 88.2 94.1 11.6 65.7 36.7151.7 77.5 39.4                     36.6 39.9  4.4 28.0 13.7 70.2 31.0 14.8                     98.2 12.4 69.1 39.0156.3 81.3 41.8                     13.7 74.3 42.4162.9 87.0 45.4                      9.1  4.7 27.9 10.3  5.0                     26.9127.7 59.9 29.0                     73.9 33.0 15.9                    143.4 78.3                     35.5                                                                         
09222c0412 59.0  7.4 19.0 52.2 46.6 77.2 85.1 88.2 36.5 27.3114.6                                4.9 12.2 36.4 32.1 56.3 63.1 65.8 24.8 19.9 80.2                                1.8  4.3  3.8  7.0  8.0  8.5  2.9  2.4 10.2                               10.5 10.0 17.9 20.8 22.1  7.5  5.5 26.2                               27.9 49.8 56.1 58.6 23.7 17.0 72.2                               44.3 50.1 52.4 20.5 14.7 65.2                               82.0 85.0 34.7 25.9110.9                               93.2 39.5 29.6120.2                               41.4 31.2123.8                               11.0 52.3                               40.0                                                                                                                                          
09222c0512 10.4  3.1  5.3  6.1 12.1 12.2 31.7 18.5 30.7 28.9 14.1                                5.4 10.0 10.5 23.6 23.8 55.9 31.8 54.3 46.7 27.5                                3.0  3.4  6.9  6.9 18.0 10.3 17.4 14.5  7.9                                5.9 11.7 11.7 30.6 17.7 29.6 27.7 13.5                               13.6 13.7 35.0 20.7 33.9 28.8 15.7                               27.6 68.2 39.8 66.4 57.5 31.4                               68.5 40.1 66.7 57.8 31.5                               91.7144.7131.5 76.0                               89.6 78.9 45.2                              129.0 74.1                               64.5                                                                                                                                          
09222c06 8  2.9  2.7  2.2  2.2  3.8  3.4  6.4                                                   10.8  7.5  8.0 14.6 12.8 26.1                                                    7.0  7.4 13.4 11.8 24.0                                                    5.3 10.3  9.0 16.5                                                   11.0  9.6 17.7                                                   17.6 31.3                                                   27.8                                                                                                                                                                                                                                                                                                                                        
09222c0711  8.7 32.0 66.4 25.2 72.2 76.6 44.6 77.4 19.3 55.9                                     2.9  6.3  2.2  7.1  7.7  4.0  7.8  1.9  5.1                                    23.8  8.1 26.5 28.6 15.8 29.0  6.3 21.0                                    18.0 56.7 60.5 33.7 61.2 13.9 42.9                                    20.3 22.2 10.8 22.5  4.5 14.3                                    66.0 37.3 66.8 15.6 47.3                                    40.1 71.0 17.0 50.7                                    40.6  9.2 27.5                                    17.3 51.3                                    11.0                                                                                                                                                                                  
09222c08 8 70.1  7.1 14.6 29.7 16.4 22.8 42.6                                                    8.0 16.6 33.1 18.6 23.1 47.1                                                    1.7  3.0  1.8  2.2  4.3                                                    6.3  3.3  4.4  9.5                                                    7.0  9.6 20.0                                                    4.8 10.6                                                   13.3                                                                                                                                                                                                                                                                                                                                        
09222c0910 47.9 18.9 37.5 66.9 21.2 27.1 39.3 11.4 21.3                                         12.8 29.4 49.0 14.3 20.3 27.8  8.6 14.4                                         10.6 19.4  5.4  7.5 10.2  3.2  5.4                                         38.5 10.8 15.3 23.2  6.6 10.9                                         21.8 27.8 40.3 11.7 21.9                                          8.4 11.4  3.5  6.1                                         16.1  4.7  8.4                                          6.9 11.4                                          3.5                                                                                                                                                                                                                               
09222c1011 15.1 70.0 28.7 24.2117.8128.5 25.8 69.4 68.2 80.2                                     7.3  2.8  2.3 12.6 14.8  2.4  7.2  7.1  8.8                                    13.9 10.4 61.2 69.0 11.1 35.2 34.5 42.1                                     4.2 24.4 28.2  4.4 13.8 13.4 16.9                                    20.1 23.7  3.4 10.3 10.1 12.6                                   116.5 21.4 60.5 59.5 70.6                                    25.3 68.4 67.2 79.1                                    10.9 10.7 13.4                                    34.1 41.6                                    40.8                                                                                                                                                                                  
09222c1118 35.8 58.2 80.1 26.9 97.2 18.5 56.8 30.2 81.6 39.7 49.3 67.7 79.2 56.3 12.5 37.8  7.0 67.6 91.5 29.2120.5 22.4 66.0 35.9 93.0 46.8 57.7 78.1 90.5 65.4 15.1 44.6  8.4141.7 48.3162.4 35.0 99.1 58.3143.6 73.8 88.5125.0140.5 98.4 27.0 70.9 13.4 67.7191.4 50.3139.4 80.2174.0 98.8126.9156.0171.1138.6 35.9 95.3 20.5 83.4 14.7 47.0 27.0 69.0 32.4 40.6 56.6 66.9 46.6 11.0 30.9  5.7 63.2160.2 97.3193.0129.0147.7176.2190.4159.4 45.9124.9 27.4 34.0 18.5 51.4 25.3 29.2 41.5 49.6 33.7  7.6 23.9  4.2 56.8141.3 72.1 86.6122.8138.2 96.4 26.1 69.2 13.0 81.7 39.7 49.4 67.8 79.3 56.3 12.5 37.9  7.0110.4128.7157.8172.9140.5 36.7 96.9 21.1 63.3 84.9 97.8 71.5 17.0 49.3  9.4110.6125.7 86.0 22.0 60.6 11.0154.8122.0 29.3 81.7 16.3137.4 35.4 94.3 20.2 25.8 68.6 12.9 16.1  3.1  9.0   
09222c1216159.3 30.5164.6 27.3 76.1 96.1 49.2120.8169.1136.9206.4150.0 93.9 63.4 88.9           22.0132.4 19.5 54.2 70.6 33.7 82.5137.1 95.9178.4117.9 68.7 44.3 64.6           23.7  3.0  8.4 10.5  5.0 13.0 25.3 16.2 38.8 19.4 10.2  6.6 10.3           21.0 57.5 74.6 36.0 86.8142.5110.6183.4123.2 72.6 47.1 68.3            7.4 10.3  4.5 11.5 22.4 14.4 34.8 17.1  9.9  5.9  9.2           28.6 13.0 34.6 60.5 42.0 91.9 48.8 27.6 17.8 28.4           18.2 46.3 78.1 55.7124.8 64.1 37.4 25.0 34.8           22.6 38.0 28.3 61.3 30.1 17.5 10.2 16.2           90.6 65.9140.5 75.3 45.0 27.8 41.9          115.0187.6127.8 76.1 49.7 71.6          156.8 88.1 54.1 34.0 50.6          169.5122.2 77.7116.4           62.3 39.7 58.4           24.1 33.7           22.2                            
