0622570116  4.0  3.6 30.9 56.3  2.2 49.7  8.5 18.1 35.2  7.9  8.0  7.1 26.9 12.6 10.4            9.0 70.9123.0  4.5112.5 21.0 42.1 78.6 19.5 19.9 17.3 57.8 30.8 25.7           64.3114.1  4.0 94.4 18.4 37.6 71.6 17.1 17.4 15.1 52.1 27.4 25.1          239.0 34.9235.3130.5186.2223.0125.5126.8117.4206.1164.4151.4           62.7248.8176.9219.5242.0172.5173.7165.0232.2204.3194.4           55.6  9.7 20.8 39.7  9.0  9.2  8.0 27.5 14.5 11.9          167.4213.4238.8162.7163.9154.9227.6196.6185.9           79.5140.5 37.9 38.6 34.2112.3 61.1 52.2          194.1 75.5 76.6 69.3170.2120.3 97.3          135.5136.8127.3212.6173.6161.0           36.2 32.0 97.7 57.7 49.2           32.6 98.8 58.6 50.0           90.6 52.5 44.6          146.7133.2           76.7                            
0622570216  9.8  2.9 26.4 42.1  3.5  7.5 18.2 16.5  7.9 14.7 15.0 11.4  3.8  9.7  3.0           22.3155.3189.6 26.9 55.0121.7115.1 57.5 97.6 98.6 82.4 28.7 68.2 23.7           58.5 86.1  8.2 16.8 39.4 36.2 17.7 32.8 33.3 26.0  8.8 22.2  6.6          241.9 73.2135.5200.8195.5139.4188.9189.9172.7 77.0154.9 61.4          114.4171.8225.8221.8175.4216.8217.6204.1119.2189.2 89.7           22.6 50.5 46.7 23.9 42.4 43.0 34.0 10.6 26.8  8.7           93.2 87.5 45.7 81.0 81.9 67.2 24.2 54.8 17.9          165.5 96.5157.8159.0139.9 53.5121.3 41.5           90.7151.2152.3133.1 49.4114.7 38.2           84.1 85.1 70.1 25.7 57.2 18.9          144.4125.2 45.0 97.3 34.7          126.3 45.6 98.3 35.2           36.1 82.1 27.6           28.5  9.3           23.6                            
0622570316 61.7 93.6163.7 52.5162.8 28.2143.6191.7178.1226.1113.9183.8130.6182.0123.3           10.3 25.2  5.3 24.9  3.0 18.7 34.6 28.2 64.2 12.1 30.7 15.5 29.8 13.9           38.9  9.3 38.4  4.8 30.0 56.8 47.1 96.7 21.9 50.9 28.1 49.6 25.2           20.5 77.8 10.0 63.2116.1 91.5167.0 44.7 97.2 54.6 95.3 50.1           20.2  2.6 15.2 28.9 25.8 54.7 10.9 25.5 12.6 27.5 11.4           10.9 62.5115.1 90.7166.1 44.2 96.3 54.0 94.5 49.5            8.3 15.7 12.5 29.6  5.5 13.7  6.9 13.3  6.3           87.6 74.7147.1 34.6 79.9 42.7 78.2 39.0          131.6194.6 64.4138.1 77.1136.0 71.4          181.2 53.8122.2 65.1120.1 60.0          117.4186.8134.2185.0126.8           58.0 29.3 56.6 26.6           69.9126.6 64.5           68.3 33.1           63.0                            
0622570416167.9134.6 43.0230.8216.3145.6110.5 31.5 49.9 86.2187.2158.5 62.0224.4231.4           69.4 20.9187.5164.9 77.7 53.0 14.6 25.0 43.5127.0 88.3 29.3177.3188.5           13.0156.2131.5 54.0 35.3 10.0 15.5 28.6 86.0 62.5 20.3144.7157.3           55.5 41.4 15.1 10.1  2.8  4.2  8.1 28.4 18.2  5.3 48.5 56.2          229.1166.8131.9 41.2 63.7115.3204.7179.0 77.9235.8241.3          142.5 97.7 30.2 48.1 83.6184.4155.4 59.9222.6229.7           40.4 10.6 18.1 32.9 95.3 70.3 23.8155.6167.9            7.2 11.0 22.6 67.1 47.3 14.3120.3133.0            3.1  5.8 19.8 12.7  3.9 35.7 41.7            9.6 30.1 21.8  6.2 56.0 64.5           55.8 38.7 11.3 94.7116.4          117.4 38.2195.6205.5           28.7168.2180.0           69.1 78.8          236.3                            
0622570516 11.2 23.7 45.9  4.1 63.6 26.8 10.2  5.4 58.1 31.4 81.4 27.7 66.9 10.0 51.0           28.0 57.5  5.2 78.2 34.4 12.2  7.0 71.8 40.1 97.9 35.5 81.9 13.1 63.6           98.9 10.7137.4 64.3 25.9 13.2129.0 73.5161.3 66.3142.1 28.1117.7           22.4194.5124.6 49.4 27.4187.2137.3213.2127.4198.4 52.7176.9           29.9 12.1  4.4  2.7 26.9 14.5 40.2 12.6 31.7  4.8 25.5          153.6 68.0 39.3210.8166.0231.6156.4219.9 72.1202.0           29.0 16.5145.3 86.2176.8 78.3158.3 31.1133.8            5.9 62.2 34.0 86.5 30.0 71.5 10.9 54.8           35.5 19.7 52.1 17.2 41.6  6.3 30.8          157.9226.8148.1214.2 66.1195.2          188.3 88.5170.6 36.4146.5          179.4234.2 91.2219.6          161.1 32.2136.6           75.7205.7           58.4                            
0622570616 43.6 47.2  4.1 12.2 82.7  8.5 28.2 12.0 34.2  8.3 16.9 19.9 11.8 10.0 25.7          202.5 28.6 82.7243.3 57.4151.9 81.6176.1 56.3113.5125.6 80.6 71.0145.0           31.1 88.3247.5 61.9159.1 87.2183.0 60.7120.3132.6 86.2 76.2152.2            8.5 57.6  5.5 17.5  8.4 24.1  5.3 10.6 12.4  8.2  7.0 16.0          150.0 17.0 52.2 27.0 67.3 16.6 33.6 38.9 26.5 22.3 48.4          113.9210.4148.5229.3112.1174.8186.8147.2134.1204.5           34.6 16.7 45.7 10.4 23.6 27.8 16.4 13.8 31.9           51.4130.7 33.8 67.7 76.6 50.6 43.8 91.8           66.4 16.3 33.1 38.2 26.0 21.9 47.6           44.7 85.7 95.9 65.5 57.2124.0           23.0 27.1 16.0 13.5 31.2           51.3 32.6 31.0 63.1           37.7 32.4 71.7           21.5 47.0           40.6                            
0622570716160.3 62.5 52.2167.6 79.9 33.1143.5 49.1130.3 44.4 94.0 57.6223.9 24.8127.8           64.7 54.2170.9 82.5 34.4146.9 50.9133.6 46.1 96.9 59.7226.4 25.9131.2           17.7 69.6 30.6 10.5 54.3 16.4 46.9 14.6 34.1 19.9133.7  7.8 45.7           58.5 24.5  9.3 45.1 13.2 38.8 11.7 31.0 16.0117.2  6.3 37.7           88.2 37.4154.2 55.1140.9 49.9113.4 64.3231.6 28.5138.4           14.4 70.1 22.7 61.2 20.1 45.2 27.6158.5 10.6 59.7           31.4  8.7 26.3  7.7 18.2 10.4 74.0  4.0 25.5           42.3117.2 38.1 83.3 49.9213.4 20.8114.9           36.3 10.9 28.8 14.8111.7  5.9 35.3           32.7 73.4 43.0202.2 17.4 93.2           25.5 13.2 93.9  5.3 31.8           31.1176.1 12.1 71.6          126.0  7.1 41.8           53.6200.0           16.9                            
0622570816 83.7 16.9 16.5 47.7 51.5 71.8 32.5 85.1 40.8146.3 27.1 48.5 35.0 39.0160.5           24.9 24.2 65.4 70.0 94.6 45.5120.9 56.4176.1 35.1 66.3 48.9 54.1189.6            4.3 12.2 13.3 20.2  8.8 25.5 10.2 44.5  6.6 12.4  9.5 10.7 51.8           11.9 13.0 19.6  8.5 24.8 10.9 43.4  6.4 12.1  9.2 10.4 50.6           38.8 55.3 26.2 66.5 30.4121.0 19.4 36.5 28.6 29.1134.8           59.4 28.7 71.2 33.0127.7 21.2 39.4 31.3 31.5141.7           38.0 96.1 47.5160.0 29.1 56.1 40.9 45.4174.1           46.4 21.8 81.8 12.5 26.7 18.3 20.7 92.9           57.5177.8 35.8 67.5 49.8 55.1191.3           97.8 16.2 31.0 23.8 26.9120.9           65.3122.4 86.9 94.5236.7           19.8 13.6 15.4 75.0           29.2 29.6136.3           22.6 98.4          117.1                            
0622570916 64.3168.7136.5125.9186.3 48.4164.4188.4236.1 80.3 47.5 34.0142.6 25.9150.1           50.5 34.3 30.0 62.5 10.1 48.0 64.1132.5 19.3 10.9  7.5 36.9  5.1 40.4          115.0 95.3166.2 37.4142.9168.4223.7 64.2 36.7 28.8121.0 19.1128.4           69.4133.9 27.5110.7136.3200.4 44.5 26.9 18.2 82.2 12.1 88.3          123.3 23.7 91.5125.7191.5 39.2 23.2 15.7 74.0 10.5 79.7           46.9161.9186.1234.7 78.2 46.1 32.9140.0 25.0147.5           35.4 48.2 97.8 13.5  7.7  5.4 26.9  3.8 29.6          164.2220.9 61.2 34.8 27.0116.6 17.9124.0          236.0 80.1 47.4 33.9142.4 25.8149.9          154.1 96.5 73.9205.2 54.1210.8           13.3 10.0 47.8  6.8 52.1            5.3 29.3  3.7 29.0           19.8  2.8 22.0           13.2 93.4           14.7                            
0622571011  5.6 16.3  7.7  3.4 13.4  6.7  4.7  4.7 16.1  2.8                                    47.3 24.2 10.2 39.9 20.6 14.2 14.1 46.7  7.8                                    62.3 27.5 98.9 54.9 40.3 40.1121.6 23.3                                    13.0 53.2 26.2 20.0 19.8 61.6 10.9                                    25.2 11.1  8.5  8.5 27.2  4.4                                    46.6 33.9 33.7 98.1 19.1                                    17.0 16.9 54.3  9.3                                    11.7 39.8  6.6                                    39.6  6.5                                    23.0                                                                                                                                                                                  
0622571116 36.3 41.4 10.4 26.5 26.2 86.9 91.4 55.3 45.2  4.8  5.4 11.6 28.5 31.8 33.6          115.8 32.2 69.7 74.8181.9186.6140.4123.1 14.7 16.7 35.7 79.8 86.8 90.5           36.8 77.9 83.3191.3195.7151.1133.8 17.1 19.5 40.7 88.6 95.9 99.7           23.0 25.4 79.1 83.4 49.5 40.3  4.3  4.8 10.2 27.9 28.1 29.7           52.5151.0156.3 98.4 83.8 10.3 10.6 25.9 56.5 62.2 65.2          157.6162.9114.7 89.4 10.2 11.6 28.6 60.9 66.9 70.1          238.5210.5197.3 38.4 42.9 85.8163.9172.1176.2          214.2201.6 41.0 45.8 90.2169.1177.1181.1          158.4 24.3 27.7 54.5121.1129.7134.0           19.0 21.6 44.5 94.8112.6116.9            2.4  4.8 11.2 12.6 13.4            5.4 12.7 14.4 15.3           28.0 31.2 33.0           71.6 74.9           81.7                            
0622571214 34.7 53.8161.8 20.2 95.2 19.4 27.4161.8 10.4 83.6 95.8 23.0 76.4                     29.8113.3 10.2 58.1 10.8 15.3113.3  5.4 49.6 58.5 11.6 44.5                    149.8 17.0 85.1 16.4 25.7149.8  8.8 74.1 85.6 19.4 67.4                     64.5200.7 62.8 86.8237.3 34.2189.1201.2 71.2181.1                     32.8  5.7  8.7 64.5  3.1 27.5 33.1  6.7 27.0                     31.7 46.8200.7 17.3133.7148.4 36.8124.7                      8.4 62.8  3.0 26.6 32.0  6.4 26.0                     86.8  4.3 39.6 47.1  9.8 35.4                     34.2189.1201.2 71.2181.1                     14.2 17.4  3.4 12.5                    134.4 31.0111.0                     37.1125.3                     27.6                                                                         
0922670115 28.8 33.1 43.2 34.8 66.9 94.7 55.3 16.2 43.6 72.8161.0 28.0  5.5 40.4                27.3 32.7 26.1 51.9 76.1 42.3 11.8 32.9 56.9138.6 20.2  4.1 30.4                37.3 29.9 58.6 84.6 48.1 13.7 37.6 64.1149.2 23.5  4.7 34.8                39.3 74.1113.6 61.6 18.7 48.9 80.4170.3 28.6  6.2 45.5                61.4 88.1 50.5 14.5 39.6 67.1153.4 25.0  4.9 36.7               151.5 91.0 28.7 74.6124.6202.8 46.0 10.4 69.9               134.3 44.4114.1159.4225.9 68.4 15.5 98.3                25.2 62.0 97.9189.0 37.3  8.2 57.9                18.8 31.8 83.6 10.2  2.5 17.2                80.9170.9 28.9  6.3 45.8               208.8 50.6 10.6 76.0               128.3 31.2165.0                 3.7 26.6                 5.8                                                
0922670216160.3195.2175.5200.2 46.3110.7213.5 42.7148.5218.9206.5195.4 93.7196.8199.1           71.2 51.9 77.6  8.2 22.4 99.7  7.5 35.0122.6 87.1 71.5 19.8 73.1 76.1           85.8128.6 14.9 38.1153.4 13.5 61.6165.2139.7120.9 34.2123.0126.8           92.6 10.8 26.3127.2  9.8 44.2140.1113.0 86.0 23.5 87.8 91.1           16.8 42.3160.7 15.2 67.5172.0147.4128.9 38.1130.9134.6            4.0 25.2  1.8  6.8 27.4 20.1 14.9  3.6 15.4 16.4           58.2  3.6 18.3 67.7 48.8 38.2  9.8 39.3 41.3           22.8 88.5191.5170.6153.7 53.0155.7159.1            6.2 25.0 18.2 13.5  3.3 14.0 14.8          100.0 76.4 61.8 16.2 63.4 66.2          181.1165.5 61.9167.3170.5          140.0 44.2142.0145.6           34.4123.3127.1           35.4 37.2          129.2                            
0922670316114.4183.7136.8153.9 21.9121.3 43.2158.8 51.5 91.2 14.1161.2124.9 54.9 36.6          169.9121.1138.4 17.3 96.3 35.4143.4 42.5 78.1 11.2145.9 99.4 45.5 29.8          189.3202.3 42.5176.2 82.0205.8 94.3156.3 28.9207.5179.3 99.1 71.6          160.4 24.3128.1 46.9165.2 55.8 97.1 15.5167.5131.7 59.4 39.8           27.9145.3 57.6180.7 67.8123.8 20.1182.8148.9 71.9 49.3           19.2  5.9 29.8  7.2 14.0  2.2 30.8 20.3  7.7  4.9           38.7150.3 46.4 83.8 12.4152.8116.2 49.5 32.7           61.0 15.0 29.2  4.0 62.8 40.5 16.3 10.0           71.6128.9 21.6187.0153.8 75.8 52.4           35.4  4.8 73.6 48.4 20.2 12.4           10.0131.4 86.8 37.9 27.2           22.5 13.0  5.1  3.4          156.3 77.8 54.0           51.7 34.2           13.4                            
0922670416137.2 73.1201.1118.6138.2138.0140.3188.0124.7 18.8 57.0 73.4 41.7 29.0 71.8           55.1179.5 85.5112.5112.3114.6164.5 90.6 13.0 42.0 55.4 30.2 22.5 54.1          120.9 44.3 55.7 55.6 57.1 95.6 47.6  6.3 21.0 26.4 14.4 10.5 28.6          162.1180.4180.2182.3220.1167.9 31.2 89.9121.4 68.9 49.8119.3           86.2 86.1 88.0146.2 75.4 10.0 33.3 44.5 26.1 17.2 43.4          113.2115.5165.4 91.4 13.2 42.5 56.0 30.6 22.8 54.7          115.3165.2 91.2 13.2 42.4 55.9 30.5 22.7 54.5          167.5 93.2 13.6 43.6 57.4 31.4 23.5 56.0          152.3 28.1 76.7 96.0 57.7 41.0 94.2           10.9 36.0 47.9 28.5 18.8 46.7            4.7  6.3  3.4  2.6  6.1           21.1 10.4  7.7 20.5           14.5 10.6 25.9            5.4 14.1           10.3                            
0922670518  6.7  8.0 23.8 16.7  3.7 10.2  6.7  8.6 33.7 33.7 39.5 10.6 23.1  6.6 22.9 30.4 19.4 18.9 52.1 38.4  8.4 26.8 15.6 20.3 75.3 75.3 85.7 27.8 50.7 15.4 50.4 63.1 43.8 61.2 45.6 10.2 29.4 19.0 24.8 86.9 86.9 98.2 30.4 59.7 18.8 59.4 73.6 51.9122.5 30.8 79.8 52.3 64.7184.9184.9197.6 82.0147.2 51.8146.7167.9134.0 21.4 60.8 38.6 48.4158.2158.2171.8 62.6120.2 38.2119.7140.6 97.9 13.0  8.5 10.9 42.1 42.1 49.0 13.5 29.8  8.4 29.6 34.4 25.0 27.0 31.3120.3120.3133.8 41.4 78.0 26.7 77.7 94.3 68.6 20.4 75.6 75.6 86.1 28.0 51.0 15.5 50.7 63.4 44.0 91.3 91.3113.0 32.4 63.1 20.2 62.8 77.5 54.9216.4226.8123.0182.6 75.0182.1201.6169.8226.8123.0182.6 75.0182.1201.6169.8136.5195.4 85.4194.9213.2183.1 80.1 27.7 79.7 96.6 70.5 50.5144.3165.5131.6 50.2 62.9 43.6165.0131.1152.3   
0922670616 79.5157.2178.9162.7158.7168.5 81.6 32.7155.6 88.5 21.7169.6 33.7 92.4 46.1           69.4 87.5 73.6 70.5 78.3 30.5 11.0 68.1 34.0  7.2 79.3 11.4 36.0 16.4          166.7149.8145.7155.8 71.3 27.6142.5 77.7 17.9157.0 28.5 81.5 39.3          172.0168.1177.6 89.7 37.0165.1 96.9 25.0178.7 38.1111.1 51.7          151.2161.2 75.6 29.7148.0 82.2 19.4162.4 30.6 86.0 42.0          157.2 72.4 28.2143.9 78.9 18.3158.4 29.0 82.7 40.0           80.4 32.1154.1 87.2 21.2168.2 33.1 91.2 45.3           11.4 70.0 35.1  7.5 81.4 11.8 37.2 17.0           27.0 12.9  2.8 32.6  4.4 13.8  6.2           76.4 17.5155.3 27.8 80.1 38.4            8.4 88.2 13.3 41.2 19.1           21.6  2.9  8.9  3.8           33.6 92.2 45.9           14.2  6.4           20.5                            
0922670710 27.2 12.2 11.7 20.1 31.9 59.4 12.8 61.5 28.8                                          6.6  6.4 10.7 17.3 32.0  6.9 33.3 15.4                                          3.2  5.0  8.7 16.2  3.4 16.9  7.8                                          4.9  8.4 15.6  3.3 16.3  7.5                                         12.9 26.8  5.3 28.1 11.5                                         41.1  9.1 42.7 20.5                                         17.0 76.4 37.1                                         17.8  8.1                                         38.6                                                                                                                                                                                                                               
0922670816128.9 18.4136.7137.9 59.4127.4 41.4 44.3 36.0134.2180.0128.5 16.0 81.3112.2           20.0142.8144.0 63.5133.6 44.6 47.6 38.9140.3185.3134.6 17.5 86.3118.2           22.4 22.8  8.1 19.6  5.4  5.8  4.6 21.6 36.9 19.9  2.3 11.1 15.7          151.7 69.1141.4 49.0 52.2 42.8148.1191.9142.4 19.5 92.8125.9           70.0142.6 49.7 52.9 43.4149.3192.9143.6 19.9 93.9127.1           62.5 19.2 20.8 16.4 67.3116.8 63.2  7.1 39.2 52.5           43.9 46.8 38.2138.8184.1133.2 17.1 85.1116.7           13.4 10.6 47.5 80.1 44.4  4.8 26.5 36.3           11.4 50.7 84.5 47.4  5.1 28.5 38.8           41.5 71.4 38.7  4.2 25.1 31.4          189.8139.9 18.9 90.7123.4          185.0 32.8146.5170.1           17.4 86.0117.8           10.7 13.7           72.8                            
09226709 9 27.1 11.5  6.3  3.2 12.0 10.0 25.4 11.3                                              31.4 17.3  9.0 32.7 25.3 60.8 31.0                                               7.4  3.7 14.1 10.6 26.8 13.3                                               2.2  7.7  5.9 14.4  7.3                                               3.9  3.1  7.6  3.7                                              11.1 27.9 13.9                                              23.4 10.5                                              26.4                                                                                                                                                                                                                                                                                 
0922671016186.2 39.9 98.4126.5 46.2144.7153.5 40.1 56.9176.8116.8203.5121.2 75.0172.7           28.9 76.4 91.2 33.7117.3125.9 29.0 42.0149.2 83.3177.8 86.8 56.5145.0           11.4 14.6  4.9 18.5 20.8  4.3  6.2 28.3 12.8 36.1 13.6  8.6 26.8           40.3 13.5 49.4 54.4 11.5 17.3 69.3 36.0 91.2 37.9 24.7 66.5           17.3 60.6 66.4 14.7 22.2 83.4 44.7118.0 47.0 28.5 80.1           21.9 24.6  5.0  7.2 30.0 15.2 41.9 16.1 10.2 28.5           79.4 18.6 28.3 98.2 54.5135.9 57.3 35.4 94.7           20.9 28.6116.3 59.9144.8 62.8 39.1112.3            6.2 28.4 12.9 36.3 13.7  8.7 26.9           37.5 19.5 51.8 20.7 11.8 35.8           75.8168.2 79.2 50.8135.1           98.7 42.0 27.8 72.8          112.8 68.8164.0           29.6 76.1           48.6                            
0922671118220.8184.0 80.6180.6206.7 70.0170.1136.7 38.8 91.5137.5194.1 37.7 71.0 59.8 65.0 28.7227.3136.2224.7243.9121.9216.3187.1 67.4150.1187.9234.9 65.7123.3 97.6114.8 51.4 87.4188.9214.0 76.2178.5145.4 42.8 98.7146.2201.9 41.6 77.3 65.4 70.9 31.8 84.6119.3 28.1 76.4 54.3 13.7 35.7 54.8 96.3 13.3 28.6 22.9 25.5 10.8211.1 73.7175.2141.9 41.2 95.8142.7198.8 40.0 74.7 63.2 68.5 30.5 96.0201.8170.5 56.4132.8171.3222.6 54.9 97.2 83.6 89.9 42.5 66.1 46.4 11.4 30.1 46.8 84.5 11.0 23.6 18.9 21.0  9.0131.1 36.4 86.9131.9188.9 35.3 67.1 56.4 61.3 29.7 26.9 62.8 91.1156.4 26.0 47.1 39.0 42.7 19.1 16.4 27.1 48.3  6.1 11.6 10.3 10.3  4.7 63.3118.9 15.9 30.6 27.5 30.6 11.7157.2 26.3 47.5 39.4 43.1 19.3 47.0 85.6 73.0 78.8 36.1 11.2 10.0 10.0  4.6 19.3 21.4  9.2 17.2  7.5  8.2   
09226712 8 17.5 32.8  6.6 21.6 30.8 12.7 34.0                                                   10.9  2.2  6.4 10.2  3.9 10.3                                                    3.9 12.2 20.0  8.0 22.4                                                    2.5  3.7  1.8  4.1                                                   11.4  4.7 12.7                                                    7.5 20.9                                                    8.3                                                                                                                                                                                                                                                                                                                                        
