0622470111  6.7  3.0 15.9 24.8  2.2 22.1 10.2 10.0  7.5  3.9                                     9.3 46.4 71.0  6.1 60.4 31.7 31.2 23.6 11.4                                    22.2 33.5  2.8 27.6 14.2 14.0 10.3  5.2                                   140.9 14.4126.3 70.4 69.5 50.8 27.2                                    25.0162.3111.1100.0 76.8 43.9                                    20.1 10.2 10.1  6.8  3.6                                    88.2 87.3 65.6 36.4                                    49.2 34.9 19.5                                    34.4 19.1                                    12.7                                                                                                                                                                                  
0622470216223.9255.0233.1 70.9145.5 84.2171.2218.5190.6 58.4 60.3187.5 70.1 52.0218.1          233.6204.9 48.6110.2 59.0135.2187.1155.5 39.3 40.7152.2 48.1 34.7186.7          241.9 80.8159.0 95.1184.3228.7202.8 67.1 69.1199.9 79.9 59.9228.3           55.8122.3 67.2147.9198.8168.2 45.4 46.9164.9 55.1 40.1198.3           19.1 10.3 26.8 45.0 31.1  6.5  6.7 29.9  8.1  5.7 44.8           24.2 56.6 94.4 69.7 14.9 15.5 67.4 18.8 13.0 94.0           30.3 54.8 38.3  8.1  8.4 36.9 10.1  7.1 54.5          128.3 89.1 20.9 21.7 86.4 26.4 18.1127.8          148.5 36.3 37.6145.2 44.5 32.0180.0           27.2 28.3113.5 30.7 23.6148.0            5.4 26.1  6.4  4.6 36.1           27.1  6.7  4.8 37.4           29.5 22.6144.7            5.6 44.2           31.8                            
0622470314118.2 19.5 91.3 62.9 24.1146.1 74.8152.7 96.2146.6 83.6 66.2 39.1                     10.9 60.4 39.1 13.4 97.0 47.7113.3 64.3 97.4 54.4 41.4 25.6                      9.2  5.6  2.2 16.4  7.0 18.1 10.0 16.5  8.1  6.0  3.4                     30.9 10.3 81.4 38.0 87.0 52.1 81.8 43.6 32.8 19.5                      6.8 55.0 26.2 59.5 33.3 55.3 27.4 22.1 11.5                     20.3  8.5 22.4 11.2 20.4  9.9  7.2  4.0                     66.0141.1 86.1134.9 74.2 58.0 33.7                     71.0 40.8 66.3 33.8 25.2 14.5                     91.8141.6 79.5 62.6 36.7                     86.5 46.7 35.3 21.2                     74.6 58.3 33.9                     29.1 17.1                     12.3                                                                         
0622470416  8.1 67.0 85.3 59.6 26.0 20.8138.8 76.1 77.1 11.0142.9 51.0 82.5  6.7 57.5           19.3 24.7 16.5  6.9  5.1 45.7 23.2 23.6  2.9 48.2 13.5 26.2  2.0 15.7          155.4123.3 59.1 45.2193.1144.8146.0 26.0196.0110.4152.3 15.8120.2          145.8 76.3 59.8207.3166.1167.1 35.6209.6133.1172.8 22.6142.8           52.3 39.7185.8135.0136.1 25.0189.0 91.5142.6 13.6110.2           17.5128.0 67.6 68.5 10.3132.2 44.5 73.6  5.8 50.3           96.8 52.3 53.1  7.4110.6 33.4 57.5  4.3 38.1          200.8201.5 63.1228.2175.6205.5 38.7183.4          157.1 30.6203.3122.0163.1 19.0131.8           31.1204.0123.2164.2 19.3133.0           66.2 20.4 34.0  2.6 23.8          179.0207.8 40.9186.6          129.8 11.1 88.7           21.4139.5           12.9                            
0622470510 21.1  7.6 23.1 19.1 41.2  8.6 74.8 27.2  9.2                                          5.9 17.8 14.7 32.8  6.7 61.6 20.8  7.2                                          6.5  5.4 12.0  2.6 25.6  7.5  2.7                                         16.1 35.5  7.3 66.0 22.8  7.8                                         30.0  6.1 57.0 18.8  6.5                                         13.7119.0 40.7 14.7                                         26.4  8.5  3.0                                         74.1 28.0                                          9.1                                                                                                                                                                                                                               
0622470616204.1221.1162.5155.2174.9178.5 73.6 34.6197.6 71.4162.3213.0175.5198.1120.4          177.0 85.3 78.7 97.5111.6 30.8 13.6136.9 29.7 85.1161.9 98.1137.6 52.8          126.2118.4140.2144.5 47.6 22.6168.4 45.9126.0189.5140.9169.0 76.9           41.8 54.9 57.8 15.3  6.7 76.9 14.7 46.1 99.1 55.4 77.5 26.0           49.9 52.7 13.6  6.0 70.7 13.0 41.7 92.2 50.3 71.3 25.9           68.0 19.0  8.2 88.7 18.2 54.8123.0 65.2 89.3 31.5           20.4  8.8 92.5 19.5 57.7127.4 68.5 93.1 33.5            2.4 26.9  4.7 15.3 38.1 19.3 27.1  8.8           11.6  2.3  6.7 17.3  8.3 11.8  3.7           25.9 76.8152.5 89.3127.6 46.6           14.7 36.7 18.4 26.1  8.5           99.0 55.2 77.3 25.9          123.7153.1 63.7           89.9 31.8           47.0                            
0622470716179.8 75.4 70.7119.3180.1 33.1154.7 37.1 54.1200.1165.0124.3174.5125.5212.0           47.7 44.3 73.4138.6 20.9112.6 23.8 32.8161.4122.8 77.2132.6 78.1176.0           13.0 24.5 47.8  5.9 35.0  6.7 10.2 61.7 39.7 26.3 44.6 26.7 72.4           22.4 44.4  5.5 32.4  6.1  9.4 57.6 36.8 24.1 41.4 24.5 67.8           73.5  9.9 55.6 10.2 15.9 91.7 62.3 39.1 69.2 39.7115.3           21.0112.8 23.9 32.9161.6123.1 77.4132.9 78.3176.3           14.6  2.9  4.1 28.9 16.9 10.6 19.3 10.8 31.5           16.6 26.0135.4 89.1 58.8 97.4 59.6150.6            4.5 29.2 19.2 10.9 22.0 11.1 35.3           43.4 27.1 17.0 30.6 17.3 51.7          145.9 96.0155.7 97.0196.7           65.8117.2 66.7161.1           72.9 42.1120.3           73.8170.6          121.5                            
0622470813 25.1 13.5 12.9 37.8 10.4 49.4 48.5 26.7  7.5  5.7 56.9  7.0                          30.7 29.6 80.4 23.9 99.6 98.2 55.2 17.1 12.7121.9 15.9                          17.7 49.5 12.8 63.8 62.7 32.4 10.2  7.7 72.8  9.5                          47.8 12.3 61.8 60.7 31.2  9.8  7.4 70.6  9.1                          36.2150.1148.4 83.9 29.7 22.1163.0 27.6                          47.4 46.5 25.4  7.2  5.5 54.7  6.7                         171.8113.8 35.6 30.3185.6 33.4                         112.2 34.9 29.6184.1 32.7                          18.1 13.5126.4 16.9                           4.1 41.3  5.0                          31.9  3.9                          38.9                                                                                                       
0622470913 92.2128.2 42.8 64.0 21.2 75.1 78.1 84.3 87.8 10.1 72.7 53.9                          95.9 31.4 48.4 14.7 57.9 60.4 65.9 68.9  7.9 55.8 40.2                          45.2 67.2 22.6 78.6 81.7 88.0 91.5 10.8 76.1 56.8                          21.0  5.9 23.7 24.9 27.7 29.3  3.1 25.1 16.7                           9.5 37.2 39.1 43.1 45.4  4.8 35.7 25.0                          10.8 11.4 12.8 13.6  1.8 10.3  7.7                          47.2 51.8 54.4  5.9 43.3 30.6                          54.2 56.9  6.2 45.3 32.2                          62.1  6.9 49.8 35.6                           7.3 52.4 37.6                           5.6  3.9                          29.4                                                                                                       
0622471016140.5206.7132.1 52.0 69.3129.5150.3 34.9232.4168.7 76.5152.8132.5 32.9115.3          137.1 60.2 22.9 29.6 58.5 72.8 14.4173.5 87.3 33.3 74.7 60.5 13.5 49.9          128.8 50.0 66.9126.1146.9 33.5230.3165.4 74.0149.4129.1 31.6112.1           20.4 29.6 53.4 66.8 12.8165.4 80.6 30.1 68.6 55.2 12.0 45.3            9.8 19.7 26.3  4.5 74.2 30.2 10.2 27.2 20.6  4.3 16.2           28.5 33.3  6.3 95.6 41.6 14.6 34.3 29.7  6.0 23.4           65.0 12.4162.8 78.6 29.1 66.7 53.6 11.6 44.0           16.4182.7 95.4 37.5 82.2 67.1 15.4 55.6           51.5 21.2  7.2 17.0 12.9  3.0 10.2          199.2114.4185.0165.8 48.8148.5           46.6 97.6 80.9 19.9 67.9           38.6 30.2  6.7 26.7           68.9 15.9 57.2           12.1 45.5           10.5                            
0622471113 29.1 43.2 12.4 12.0 63.9 93.9  7.5 55.0 14.8 43.4 36.0 54.1                          38.8 10.9 10.7 58.0 86.6  6.7 49.7 13.1 39.0 32.3 48.9                          17.1 16.7 81.1125.7 10.3 70.7 20.5 56.7 47.6 69.7                           4.7 27.9 40.9  2.9 23.0  5.7 17.2 13.9 22.5                          27.1 40.0  2.9 22.4  5.5 16.7 13.5 21.9                         159.6 15.1 98.4 29.7 81.4 69.8 97.2                          26.2146.3 47.7126.1111.2144.9                          12.5  3.3 10.4  8.4 12.3                          27.6 71.0 60.3 85.7                          20.6 16.6 27.1                          47.8 69.9                          59.4                                                                                                       
0622471216 72.4 58.0132.1129.4 40.2135.9122.0 64.8 23.7 20.3 50.4215.2128.3157.2113.2           27.0 61.8 60.0 17.3 64.4 55.2 27.9  9.7  8.4 22.7153.4 59.3 80.2 49.9           49.0 47.5 13.0 51.2 43.5 23.3  7.4  6.4 16.9132.7 46.9 64.8 39.0          114.8 33.5121.1 97.8 55.1 19.2 16.5 42.4204.3113.7142.4 90.2           32.4118.4 95.5 53.4 18.5 15.9 41.0202.2111.1139.7 87.9           35.1 29.5 14.9  4.9  4.3 10.9 92.6 32.0 45.4 26.3          111.1 57.4 20.3 17.4 44.3207.2117.4146.1 93.3           49.0 16.7 14.3 37.5196.1 94.5132.2 81.8            8.4  7.3 19.6143.0 52.8 72.2 44.1            2.6  6.3 56.2 18.2 27.4 14.7            5.4 49.7 15.7 23.5 12.7          120.4 40.5 56.6 33.6          201.3222.0188.5          138.6 87.0          123.2                            
0722570112 11.7 19.3 23.1 18.7  3.9 10.3 14.2  2.6 10.1  2.4 11.2                               85.4 95.9 83.9 21.5 49.8 69.3 13.1 49.0 11.2 57.8                              138.5124.6 31.0 72.9 96.7 21.5 71.7 18.4 82.9                              136.8 36.4 82.6118.4 25.8 81.4 22.1 93.2                               30.3 71.5 95.2 20.9 70.4 17.9 81.4                               17.0 26.2  4.3 16.6  3.7 20.5                               58.2 10.4 40.4  9.8 48.0                               15.9 57.2 13.6 67.0                               10.2  2.5 12.5                                9.6 47.2                               10.7                                                                                                                                          
0722570213 23.7 35.1 29.3  3.0 32.0  9.0 45.8 26.3  6.8 16.2 35.8 27.0                          67.2 57.7  6.0 62.2 18.2 83.6 52.4 13.5 31.8 68.4 53.6                          85.0 10.0 90.6 28.0126.4 78.4 23.4 50.4 97.9 79.9                           8.2 79.3 25.8113.2 67.9 19.0 42.6 86.3 69.3                           9.1  2.5 12.4  7.3  2.1  4.3 10.3  7.5                          25.5119.7 72.9 21.0 46.3 91.9 74.4                          36.9 22.8  5.3 12.5 28.6 23.4                          95.8 28.3 64.2128.0 97.5                          16.8 38.4 79.7 63.4                          10.3 24.0 17.3                          51.3 39.4                          81.2                                                                                                       
0722570315 85.7 42.8 36.9 65.7 80.7 59.8 40.0 24.0 26.4 20.0 32.2 17.9117.4150.8                60.0 52.3 88.8117.3 81.6 56.4 32.1 35.0 30.1 41.6 26.8148.8182.5                26.3 44.7 56.1 40.3 28.9 15.0 16.5 12.6 20.1 11.2 77.3114.7                38.5 48.8 34.7 24.3 12.7 14.0 10.6 17.0 10.5 67.9 93.1                83.7 62.2 41.7 25.2 27.8 21.0 30.3 18.8121.2154.8                76.8 52.6 29.8 32.5 27.7 38.7 24.7142.3176.1                37.6 22.4 24.7 18.7 30.1 16.7112.4145.4                13.9 15.3 11.6 18.6 10.4 72.9 99.1                 8.9  6.9 10.8  6.2 42.9 61.4                 7.5 10.7  6.7 46.5 66.2                 9.0  5.3 36.6 53.0                 8.1 54.8 76.9                33.1 48.2               206.3                                                
07225704 8 10.7  1.4 12.4  7.6  3.9  3.9  2.8                                                    7.3 77.9 51.7 28.6 28.3 20.1                                                    8.4  4.8  2.6  2.6  2.0                                                   57.8 32.6 32.3 23.1                                                   21.2 20.9 14.2                                                   10.1  7.7                                                    7.6                                                                                                                                                                                                                                                                                                                                        
07225705 8 18.7  8.1 34.0 10.2 31.0 12.3 28.4                                                    3.0 13.1  4.0 11.8  4.8 10.7                                                    5.8  2.0  5.3  2.3  4.9                                                    8.0 25.0  9.6 22.6                                                    7.2  2.8  6.6                                                    8.7 20.3                                                    7.9                                                                                                                                                                                                                                                                                                                                        
0722570616  7.1 73.6 76.1 40.7 19.9 85.5 67.0 10.5 38.7 84.6 23.1 28.6 96.1 65.0 20.2           19.2 20.1 10.2  4.5 23.8 16.9  2.6  9.6 23.4  5.2  6.9 28.5 16.3  4.6          160.3 95.2 49.8171.7148.0 28.9 91.5170.8 56.3 72.1183.5145.2 50.4           98.0 51.7174.8151.2 27.2 94.2173.8 58.4 74.5186.4148.4 52.3           29.0119.3 87.5 13.8 52.9118.3 29.9 39.7131.9 85.2 26.4           59.1 44.8  6.5 27.3 58.4 14.0 19.3 67.8 43.3 12.2          162.9 31.5115.1184.7 66.4 83.8196.6160.2 59.7           25.4 84.0161.9 50.8 65.5175.1136.0 45.3           13.0 31.1  7.5 10.2 36.9 24.4  6.6          114.0 28.4 37.7127.6 81.7 27.6           65.7 83.0195.8159.2 59.0           22.5 75.7 49.2 14.2           94.4 63.6 19.6          172.5 68.4           43.8                            
0722570711 23.5 18.9 74.7 40.2 10.4 13.6 16.7 43.7  9.7 51.0                                    12.5 54.0 27.7  7.0  9.9 11.1 30.3  6.5 35.7                                    45.1 24.8  5.7  8.1  9.8 27.4  5.3 29.4                                    90.3 26.7 33.9 40.7 96.3 24.7118.8                                    12.3 17.8 21.9 54.7 11.5 63.3                                     4.3  5.1 13.6  3.0 16.3                                     7.2 19.6  4.0 23.6                                    24.3  4.8 29.2                                    12.6 68.3                                    15.1                                                                                                                                                                                  
0722570813 85.9 22.0 51.5 81.7 10.1 35.6 67.4 51.1 45.0 27.0 29.7 10.9                          40.2 90.5141.4 19.6 66.5122.7 89.8 80.9 52.1 56.7 21.2                          23.8 37.7  4.1 15.4 29.8 23.5 20.2 11.3 12.5  4.4                          86.3 11.0 38.2 71.5 54.4 48.0 29.0 31.8 10.7                          18.2 63.0117.6 85.6 76.9 49.1 53.5 19.7                           7.2 14.0 10.8  9.3  5.4  5.9  2.3                          50.9 37.8 33.0 21.0 23.4  7.7                          70.8 63.1 39.2 42.9 15.0                          47.5 28.7 31.5 10.6                          27.6 27.4 10.0                          17.1  5.8                           6.4                                                                                                       
0722570917 85.9 94.8111.5 68.4114.7124.7 18.6 34.2 10.3 20.4 53.3 45.4 51.8124.6156.3 60.7     128.1135.6 87.6138.9149.0 26.5 46.3 13.2 26.1 69.8 60.3 68.1148.9179.0 78.7     146.1 96.6149.3159.2 27.5 52.4 15.4 30.0 77.9 67.6 76.1159.1188.0 87.2     113.5156.7166.4 30.3 57.1 17.2 33.0 84.0 73.2 82.1166.3194.2 93.6     116.7126.8 19.1 35.1 10.6 21.1 54.6 46.5 53.1126.7158.3 62.2     169.5 31.6 59.3 18.0 34.4 86.7 75.8 84.8169.4196.8 96.5      36.0 66.3 20.9 39.1 95.3 83.9 93.3178.6204.4116.0       9.1  2.7  5.0 13.8 11.4 13.4 35.9 52.9 16.3       4.8 10.0 26.3 24.1 25.5 66.2 91.4 30.6       2.9  7.8  6.5  7.5 20.8 29.4  9.1      15.2 12.5 14.7 39.0 57.1 18.0      35.3 40.6 95.2136.1 48.0      34.3 83.8122.6 40.7      93.2133.8 46.7     204.3115.9     147.6             
0722571016 75.9 76.9 57.2111.2 39.1123.7 35.1 89.3 26.7 28.1 66.4 94.2 94.9115.4 17.2           61.1 44.5 82.4 29.9 92.9 29.6 71.8 19.7 20.7 52.1 76.2 76.8 85.9 12.7           45.2 83.5 30.4 94.0 30.2 72.8 20.0 21.1 52.9 77.3 77.8 87.0 13.0           62.6 23.1 71.6 20.5 53.9 13.7 14.4 38.2 57.5 58.0 65.6  9.8           43.1132.1 38.8 96.3 29.9 28.3 72.3111.6112.3123.7 19.2           49.9 13.0 36.6  9.6 10.1 28.0 39.3 39.6 45.3  6.4           45.0118.3 31.6 33.1 82.1124.2124.9136.6 22.9           32.9  8.6  9.0 24.7 35.3 35.6 40.8  5.7           24.7 26.1 62.6 89.6 90.2110.1 16.0            6.2 16.5 26.8 27.1 28.5  4.1           17.4 28.3 28.6 29.9  4.2           66.7 67.2 75.6 10.7           95.3115.9 17.3          116.6 17.5           20.4                            
0722571117 36.6155.4169.4 56.9 81.2 60.6142.8 99.7 60.9 18.1 61.1 80.8 27.9147.1 64.2155.0      48.1 56.3 14.3 22.9 15.5 41.7 27.9 15.6  4.5 15.7 22.7  7.1 43.8 16.7 48.0     191.7 72.8110.7 77.2166.4132.8 77.6 24.9 77.8110.3 37.1170.6 81.4178.2      83.6124.4 88.4180.1147.0 88.8 30.2 89.0124.0 43.7184.1 92.9191.4      33.9 26.2 64.0 44.2 26.3  7.0 26.4 33.7 10.6 66.9 28.2 72.5      36.4 90.0 64.7 36.6 10.9 36.8 50.5 16.8 93.6 38.8110.4      68.1 47.3 28.6  7.5 28.7 36.2 11.5 71.1 27.5 77.0     120.3 68.4 21.0 68.6 89.7 31.9158.2 72.0166.1      47.6 13.4 47.7 64.4 22.8124.5 50.3132.4       7.6 28.9 36.4 11.5 71.5 27.7 77.3       7.6 10.9  3.5 22.3  8.1 24.8      36.6 11.6 71.7 27.8 77.6      16.7 93.2 38.6 99.9      33.6 12.3 36.9      75.1170.3      81.2             
0722571216 11.0 31.3 27.7 25.2  4.9  7.3 20.4 29.0 13.9  9.2 18.7 97.9 50.5 43.4 24.1           35.7 32.2 29.5  6.2  9.4 26.7 36.8 18.1 10.8 24.5127.3 62.8 54.3 28.4           82.4 76.8 17.1 26.7 65.5 91.6 47.9 30.3 61.3211.2147.7134.0 74.4           70.3 15.2 23.7 59.7 84.4 43.3 30.2 55.8203.5138.7125.1 68.0           13.8 21.5 55.3 78.8 39.9 27.4 51.5197.1131.4118.0 63.1            4.3 11.2 17.7  8.5  5.2 10.3 63.4 29.9 27.9 13.2           17.4 27.7 11.9  7.9 16.0 88.2 44.3 38.0 20.6           67.3 33.1 22.2 43.2182.2115.8 93.6 53.3           49.3 31.3 63.0213.4150.3136.6 76.3           15.1 30.7153.1 81.0 71.0 38.4           20.4113.7 54.1 46.6 26.2          175.9 99.7 88.4 49.7          247.0238.7194.1          184.7128.1          114.8                            
