0222140113  2.7  8.9  8.9  6.1  4.7  5.9 10.9  2.3  4.8 10.8  7.6  9.2                          22.8 22.8 15.4 11.5 14.9 25.4  5.1 11.8 25.1 19.4 23.6                          68.1 50.3 39.3 49.0 79.2 17.6 40.4 78.5 60.4 69.7                          50.4 39.3 49.0 79.3 17.7 40.4 78.6 60.4 69.8                          27.9 35.2 59.6 12.0 28.7 59.0 44.2 51.7                          27.1 47.0  9.8 24.1 46.5 34.2 40.4                          58.1 11.6 27.9 57.5 43.0 50.3                          21.9 48.3 90.5 70.9 81.1                          10.2 21.6 15.1 18.3                          47.8 35.2 41.6                          70.2 80.3                          62.0                                                                                                       
0222140216 30.8110.4 87.2148.5 28.0113.3 85.1 90.8135.1172.4 70.9 28.7168.6124.8 60.0           15.8 12.8 26.7  3.9 16.5 12.4 13.6 22.3 32.7 10.7  4.0 31.2 19.4  8.7           47.8 84.3 14.2 58.8 46.4 50.3 74.1115.1 37.4 14.7111.3 66.7 30.9           72.3 11.5 49.5 38.7 42.1 63.0 91.2 31.0 11.9 88.0 56.4 28.1           24.0 86.8 70.5 75.7116.1153.4 58.0 24.7149.5 96.6 48.6           14.8 11.2 12.3 20.0 29.7  9.6  3.6 28.3 17.4  7.8           48.1 52.0 76.3118.0 38.8 15.3114.2 68.8 32.0           40.8 61.3 89.0 30.0 11.5 85.9 54.9 27.1           66.1 94.9 32.7 12.6 91.7 59.3 29.9          140.0 50.1 20.6136.1 85.6 41.7           74.5 30.5173.4129.7 63.2            9.9 71.7 44.5 21.1           29.1 17.9  8.0          125.8 60.7           36.9                            
0222140312  8.3  8.1 10.5 14.8  9.3  6.9  4.9  2.5 10.9  9.1  9.4                               26.2 33.4 48.9 29.7 24.4 16.7  7.6 37.6 29.0 30.0                               32.6 47.8 29.0 23.7 16.3  7.4 36.8 28.3 29.3                               59.4 36.8 27.8 21.3  9.6 46.2 36.0 37.2                               53.5 41.2 29.6 13.4 65.9 52.4 54.0                               27.3 18.7  8.5 41.4 32.1 33.2                               13.6  6.3 31.4 26.5 27.6                                4.5 24.4 18.2 18.9                               10.9  8.2  8.5                               40.4 41.8                               32.4                                                                                                                                          
0222140410  7.5 12.1  3.8 14.4  3.2 15.8  8.3 13.4  4.9                                         26.0  7.5 27.8  6.0 30.2 15.9 28.7 10.0                                         12.0 46.7 10.6 50.4 28.8 43.7 16.2                                         14.3  3.2 15.7  8.2 13.3  4.9                                         11.5 58.2 30.5 50.7 19.4                                         12.6  6.7 10.6  4.0                                         33.2 54.7 21.3                                         28.4 10.0                                         17.9                                                                                                                                                                                                                               
02221405 8 24.9 37.5 20.8 60.7 11.8 24.7 14.2                                                   10.1  5.5 18.1  3.4  6.4  3.9                                                    9.4 28.4  5.5 10.0  6.5                                                   15.2  2.9  5.5  3.4                                                    9.6 18.0 10.4                                                    3.3  2.3                                                    3.9                                                                                                                                                                                                                                                                                                                                        
0222140611 75.2 62.6 12.3 10.6 25.2 17.5 43.9 36.9 25.7 68.2                                    83.1 18.2 14.2 35.8 26.1 60.3 51.4 36.5 89.6                                    14.2 11.1 28.8 20.3 49.4 41.8 29.3 75.7                                     2.4  5.6  3.7 10.1  8.4  5.7 15.9                                     4.5  3.1  7.9  6.6  4.5 12.4                                     7.8 20.8 17.0 11.3 31.8                                    13.0 10.7  7.9 22.8                                    28.4 21.2 54.2                                    17.3 46.0                                    32.4                                                                                                                                                                                  
0222140714 41.4 21.1 26.7 40.9 15.9 63.6 58.9110.8 58.1 29.6 71.8 78.0 56.2                     10.8 12.3 21.9  8.2 33.1 30.3 57.1 29.9 15.2 38.0 41.9 28.7                      6.2 10.6  4.0 16.4 14.9 31.2 14.6  7.5 19.1 21.4 14.0                     12.2  4.8 20.7 18.8 34.6 18.5  9.4 24.2 27.1 17.7                      8.1 32.7 30.0 56.5 29.5 15.0 37.5 41.4 28.4                     12.4 11.3 23.4 11.1  5.8 14.5 16.2 10.6                     47.8 84.8 47.1 25.6 58.9 64.3 45.5                     79.1 43.4 23.2 54.4 59.6 41.8                     78.1 41.7 94.4111.7 75.8                     22.9 53.7 58.8 41.2                     30.0 30.0 21.9                     72.5 51.8                     56.8                                                                         
0222140812 29.4 57.6 63.5 32.3 93.0 50.3 57.8 23.6 78.0 45.9 17.1                               13.7 15.5  7.8 26.3 11.6 13.8  5.2 20.4 10.4  4.0                               33.5 17.0 52.7 28.6 30.1 11.1 42.6 25.5  8.9                               19.2 58.2 28.9 33.7 12.5 47.3 28.9 10.0                               29.2 14.4 17.1  6.4 25.4 12.9  4.7                               45.9 52.9 21.2 72.0 41.8 15.3                               28.7 10.4 36.9 21.6  7.6                               11.1 42.8 25.6  8.9                               16.4  9.3  3.4                               33.5 11.9                                6.9                                                                                                                                          
0222140911 14.7 35.2  4.2  5.3 16.9 32.2 10.1 29.8 27.2 25.3                                    37.6  4.5  5.7 18.3 34.5 11.0 31.9 29.2 27.2                                    10.7 13.9 42.5 77.3 27.1 72.7 67.6 63.8                                     2.0  5.1 10.7  3.4  9.8  8.9  8.3                                     6.6 12.6  4.1 11.6 10.5 10.7                                    39.1 12.6 36.2 33.1 30.9                                    24.7 67.7 62.7 59.1                                    25.2 22.7 21.0                                    58.7 55.2                                    50.9                                                                                                                                                                                  
0222141014 79.5114.0 30.2 67.6 22.5 49.6 71.0 45.0 41.8 75.2 18.5 24.7 36.1                    118.8 29.0 71.1 24.0 52.3 74.6 47.5 44.2 78.9 19.7 26.4 38.2                     40.8 93.8 31.5 71.1 97.9 65.1 60.9113.2 29.1 34.3 53.0                     25.9  7.6 17.6 27.7 15.7 14.5 29.9  6.3  8.3 12.2                     19.4 43.6 63.2 39.5 36.6 67.0 15.9 21.2 31.5                     13.2 20.6 11.8 10.9 22.3  4.9  6.3 10.1                     46.1 31.1 28.5 49.1 10.9 14.5 24.0                     41.7 38.8 70.4 17.0 22.7 33.4                     25.4 44.5 10.7 12.9 21.4                     41.4  9.9 11.9 19.7                     18.3 24.5 35.7                      5.3  8.4                     10.1                                                                         
0222141116 84.8 33.3 86.0 25.8 99.2 89.7 61.8 88.5 15.2114.6 28.2 67.1 28.5 41.1 53.6           39.6 98.4 31.4123.5112.5 72.0111.1 18.5129.3 30.7 77.8 31.0 48.6 62.9           40.4 10.0 48.3 42.5 30.2 41.8  6.7 51.5 11.0 30.0 11.1 18.4 25.3           28.8125.2114.1 73.1112.6 18.9130.9 31.3 79.0 31.6 49.4 63.9           34.8 30.5 20.6 29.9  4.8 37.2  8.4 22.9  8.4 12.6 17.3          129.7 85.2128.2 23.3147.0 37.7 91.6 38.0 58.7 75.0           76.5117.0 20.1135.5 33.0 82.5 33.3 52.0 67.0           75.4 12.2 89.9 22.6 56.2 22.8 33.7 44.5           19.7134.0 32.5 81.4 32.7 51.1 66.0           25.2  5.1 13.5  5.2  8.4 10.3           40.3 96.4 40.6 62.4 79.4           25.0  9.2 13.8 18.9           25.3 37.0 48.6           14.0 19.1           28.8                            
0222141210 12.2 40.6 18.7 20.7 46.9 10.2 48.6 25.3 36.9                                         10.6  4.5  4.9 11.4  2.6 11.9  5.8  9.6                                         14.8 16.3 38.3  8.1 39.7 19.9 29.9                                          7.2 17.5  3.5 18.2  8.7 13.2                                         19.3  3.8 20.2  9.6 14.6                                          9.5 45.9 23.6 34.8                                          9.9  4.5  7.3                                         24.6 36.1                                         17.8                                                                                                                                                                                                                               
0522360111 42.0 68.0 10.2 31.8 90.5 29.5 18.8 92.2 86.7 77.7                                    24.7  3.6 10.7 36.1 10.9  6.3 37.1 34.0 29.3                                     6.3 19.9 59.7 18.3 10.3 61.0 56.6 49.6                                     2.8  9.5  2.6  1.9  9.8  8.9  7.5                                    27.1  8.0  4.7 27.9 25.5 24.2                                    25.2 15.7 82.5 77.2 68.7                                     4.3 25.9 23.7 22.2                                    16.2 14.7 12.4                                    78.8 70.2                                    65.4                                                                                                                                                                                  
0522360216199.2146.3233.9 49.5 65.2127.9 26.6166.7185.5 25.6180.7 96.8141.9 58.0182.4          159.4238.6 58.0 75.4141.4 28.8178.8196.2 30.6191.7119.8155.2 67.5193.3          210.8 27.2 37.2 75.7 13.3120.8142.2 14.2136.5 59.8 87.2 32.5138.5          120.8144.6198.2 63.5222.7232.3 66.8230.0181.1207.9134.3230.8           10.4 23.2  3.6 36.0 47.1  3.7 43.9 16.8 25.6  9.0 45.0           29.2  4.8 48.5 62.3  5.1 58.3 23.9 35.1 11.5 59.7           10.1 93.4123.8 10.8118.0 48.1 72.3 25.5120.0           18.2 25.0  2.1 23.0  8.2 12.4  4.2 23.7          162.9 19.5157.4 75.5116.4 42.7159.3           26.8177.1 93.2137.8 55.3178.9           24.6  8.7 13.3  4.5 25.4           88.3132.0 51.7173.8           56.8 20.5 90.0           30.7134.0           52.9                            
0522360316 94.1 31.8188.1141.3 18.2143.1132.9 14.0 42.1179.4 70.1 61.1183.6 51.0 28.0           32.7189.8143.2 18.8145.0134.9 14.4 43.2181.2 71.6 62.4185.3 52.2 25.9           87.8 52.0  5.4 53.1 47.1  4.3 12.8 79.8 24.3 20.2 83.5 16.1  8.0          218.2 53.0219.3212.7 42.5118.2239.0162.5150.0240.9134.1 73.4           28.9181.6172.3 24.8 66.9211.6113.4 92.0214.8 79.0 41.9           29.6 25.9  2.6  7.3 47.2 12.3 10.3 49.9  9.1  4.3          174.0 25.5 68.2212.9115.2 93.5216.0 80.4 42.8           22.0 61.1205.7 95.8 85.0209.0 72.5 37.8            5.7 37.6 10.4  8.7 39.8  7.0  3.5           98.7 29.7 27.9113.1 22.2 10.9          152.9140.1236.7124.3 66.1           44.2157.4 36.4 18.7          144.8 31.0 15.6          128.9 69.5           12.5                            
0522360416202.1191.1 90.3 92.8178.9231.4 56.6122.1187.0220.2230.8232.6253.4163.6238.3           59.1 18.5 19.3 50.0122.8 10.7 26.1 55.8 91.9121.3125.4194.0 40.8139.9           15.0 15.7 42.0 98.9  8.8 21.2 47.1 80.0 97.6111.3182.2 34.0125.6            4.5 12.2 33.7  2.6  5.9 14.0 28.0 33.1 34.9 81.4 10.5 41.8           12.7 35.0  2.7  6.1 14.6 26.2 34.3 36.2 83.8 11.0 43.4           86.4  7.2 17.1 39.5 68.8 85.2 88.6169.3 28.2111.3           20.2 45.2 94.4150.8170.7174.5226.4 73.0187.0            3.3  8.2 14.6 19.8 21.0 50.0  5.7 26.0           19.6 34.2 44.4 46.7111.6 13.4 55.4           76.0 93.2 96.7177.8 31.9120.6          149.4153.4213.9 57.1167.3          173.1225.7 71.9185.8          227.7 75.0189.2          153.3234.2           86.7                            
0522360516206.1192.4114.1180.6 32.8 51.3121.5139.1236.3 77.4 43.2 26.4 35.9 97.1204.9          221.3150.6211.8 50.7 75.9158.3175.4253.4118.9 65.2 37.8 55.0143.0230.9          134.2198.7 41.9 64.2141.9159.5246.6 93.9 54.6 31.0 45.7126.6220.2          121.2 16.2 27.4 62.5 75.0193.2 40.0 22.3 11.6 18.0 52.8149.2           35.9 55.7128.8146.4240.3 83.1 47.1 29.2 39.2113.8210.7            7.0 18.1 23.0 81.3 10.6  5.8  3.3  4.8 14.6 49.8           27.4 34.0124.9 17.7  9.4  5.1  7.7 24.6 74.8           80.9199.7 43.7 24.8 12.8 20.0 57.5156.8          213.6 53.5 28.3 16.3 25.5 69.4174.0          163.5110.4 62.9 87.2186.4252.8           14.4  8.3 11.7 36.5117.4            4.2  6.3 20.1 64.2            3.6 10.4 37.2           16.2 54.1          141.5                            
0522360616 25.5  7.4 10.1 88.3 18.4  7.2 30.1 98.2 28.2 15.0  4.6 37.4  9.9 14.5  5.7           36.6 52.9230.2 84.7 35.6136.7238.7123.4 72.9 24.7155.5 47.9 70.8 31.7           16.4133.1 30.2 10.4 46.5145.2 40.0 24.6  7.2 56.8 14.6 23.7  9.0          166.4 40.1 15.9 66.0178.3 57.4 33.5 10.8 79.2 22.4 32.4 12.5          210.4130.8244.5286.9235.8196.4 86.5255.2157.2193.8112.4           29.3112.3220.3 90.9 56.5 17.9130.3 36.2 54.7 22.9           45.3142.8 38.9 23.8  7.0 55.4 14.1 23.0  8.8          251.6144.5 89.0 29.3176.6 60.1 86.7 36.5          243.7207.2 96.3261.2169.3204.7123.9           78.6 27.4163.3 52.1 76.4 31.3           14.6115.0 30.1 46.2 18.6           36.4  9.6 14.0  5.6           72.5112.3 45.1           29.1 11.1           17.9                            
0522360716 19.3 12.5  3.5 18.3  8.0  7.0  2.7 15.6 26.4  6.5 25.0 12.3 13.6  3.9 21.8          123.7 37.7150.8 78.4 71.1 27.1139.5175.4 67.2171.8122.4129.6 42.2162.8           28.4120.3 56.6 50.8 19.6 99.3145.7 47.7141.9 84.8 90.9 28.9132.4           36.1 16.1 14.1  5.2 31.4 49.0 13.1 46.9 27.9 27.7  8.2 41.9           75.7 68.5 28.8136.0172.1 64.7168.5118.9126.1 40.4159.4           31.3 11.2 67.3 96.5 29.2 93.2 55.8 60.5 18.4 85.3           10.8 60.7 88.4 28.7 85.3 50.0 54.3 16.0 77.7           24.5 35.8 10.0 34.1 19.2 21.3  5.8 30.3          161.3 57.2157.6 98.2115.0 35.2148.2           84.0191.5144.4151.6 54.5183.3           80.9 47.0 51.1 14.9 73.6          140.5147.8 52.2179.8           89.7 28.4131.1           31.1138.3           46.8                            
05223608 9 26.2 25.5 13.1 11.4  2.6 13.6  2.1  5.4                                             121.2 70.5 64.1 15.8 72.4 11.3 32.2                                              69.2 62.8 15.4 71.1 11.0 31.4                                              33.7  7.8 39.2  5.6 16.6                                               6.8 34.8  5.0 14.4                                               8.1  1.5  3.1                                               5.9 17.3                                               2.4                                                                                                                                                                                                                                                                                 
0522360910  7.7 15.9  5.1 17.8 15.5  8.0 35.4 15.8 30.8                                          8.6  2.9  9.5  8.4  4.1 19.7  8.5 16.8                                          5.6 19.8 17.2  8.9 38.9 17.6 33.9                                          6.2  5.5  2.9 12.5  5.6 10.7                                         19.3  9.9 42.8 19.7 37.4                                          8.7 38.1 17.2 33.2                                         20.4  8.8 17.4                                         38.7 72.8                                         33.7                                                                                                                                                                                                                               
0522361010 25.8  9.5 11.0  6.0 19.8  3.4  4.6 38.9 26.7                                         28.2 35.0 19.5 57.1 10.2 14.5111.8 77.2                                         13.5  7.3 24.4  4.1  5.6 46.3 32.1                                          9.3 27.8  5.1  7.0 56.5 39.8                                         15.0  2.8  3.6 30.5 22.6                                          8.8 11.2 86.3 63.9                                          2.3 18.1 11.8                                         25.9 16.8                                        121.6                                                                                                                                                                                                                               
0522361115 13.7  8.4 43.2 14.0  8.5  4.9 34.6 54.7  8.1 15.8 13.0 10.5 40.6 32.1                18.7 89.2 31.4 19.1 10.5 74.2118.1 18.1 35.1 29.4 23.6 84.7 63.5                56.4 19.1 10.5  6.5 45.6 70.3 11.0 21.7 17.8 12.9 53.1 38.3                90.6 57.4 34.0178.1216.1 54.8 98.7 86.3 67.8191.7162.4                19.6 10.7 75.5119.9 18.5 35.8 30.0 24.2 86.1 64.6                 6.6 46.4 71.5 10.2 22.2 18.2 13.2 54.0 39.0                29.9 43.5  6.3 12.1 11.0  8.1 31.9 24.4               198.8 44.2 82.8 71.6 55.4172.5142.5                68.4129.4114.6 83.6211.3183.9                21.0 17.2 12.5 51.6 37.1                33.6 27.5 94.0 71.3                22.5 81.9 61.1                64.1 46.8               156.7                                                
0522361216 36.4 28.7 40.2 90.3244.9 48.9181.3 69.5 52.0 44.2 67.3166.8194.5 86.5197.5            5.0  7.7 19.0111.9  9.6 47.4 13.3 10.3  8.6 12.8 40.3 55.0 17.9 57.0            5.5 13.2 78.6  6.7 34.3 10.2  7.2  6.0  9.8 28.9 40.2 12.4 41.7           21.3120.1 10.7 52.1 14.9 10.4  9.5 14.3 44.4 60.3 20.0 62.4          198.1 26.8121.3 36.4 28.9 23.8 35.0 97.6134.9 47.0138.2          137.6258.2171.5143.3128.5168.2250.3264.8193.6266.3           62.7 18.7 13.1 10.8 17.9 53.8 72.1 25.2 74.4           87.0 66.5 57.0 84.4189.8215.3116.7218.0           20.1 16.6 27.8 75.8 98.3 34.4111.2           11.6 19.3 57.2 76.2 27.1 78.6           15.9 48.7 65.8 22.4 68.0           73.4 95.5 33.1 98.3          202.6 93.6205.5          130.1228.8          133.4                            
0922320116 30.9113.2 11.0 27.2 77.7 43.0 26.6 80.9 50.3 29.1 53.8  8.6 85.8 58.7 59.0           89.6  8.9 21.9 66.3 35.7 21.4 69.1 42.0 23.4 45.0  7.0 73.7 49.3 49.6           33.2 75.5178.1124.8 74.2181.8138.2 79.0144.2 29.4187.4152.1152.5            7.1 24.8 11.7  6.9 26.2 14.1  7.5 15.3  2.6 28.6 17.0 17.1           54.6 28.7 16.7 57.1 33.9 18.3 36.4  5.6 61.1 40.0 40.2           87.1 53.7152.6 98.5 57.6114.1 19.2158.7121.8122.2           28.1 90.5 57.4 30.4 61.3 10.1 95.7 66.7 67.0           56.1 33.2 17.9 35.7  5.5 60.1 39.3 39.5          112.1 60.1118.0 20.3162.7125.7126.1           35.8 70.7 11.0118.2 76.5 76.8           38.6  5.9 64.3 42.3 42.5           11.9124.1 81.2 81.6           22.2 13.3 13.3          131.9132.3           87.9                            
0922320218 14.7 22.2 36.3 48.3 94.7118.1 65.4 42.0 29.3123.9 63.1 73.4 79.5 58.9 61.6  6.2149.1  7.6 12.7 17.8 38.3 45.7 26.2 15.1 10.0 49.0 25.0 27.4 30.3 22.9 24.2  2.4 65.4 19.2 27.0 53.9 63.4 34.4 22.8 15.0 67.6 33.0 39.4 43.3 30.5 32.1  3.2 87.5 42.8 86.2 98.5 58.5 37.1 25.7114.0 56.3 65.9 71.7 52.5 54.9  5.5139.2117.0131.3 75.3 49.3 34.7137.1 72.7 83.9 90.4 68.2 71.1  7.5162.0190.6143.3 96.1 72.8195.2140.0154.0161.5134.0137.9 16.6213.2157.4119.7 84.1205.9154.2167.7174.8148.3152.1 20.5221.8 66.6 48.1163.0 94.3117.4125.1 89.1 92.4 10.8185.8 29.9125.5 64.2 74.6 80.7 60.0 62.7  6.4150.7 89.0 46.2 54.6 59.6 42.9 45.0  4.4122.3159.8173.1180.0154.0157.8 22.3224.9114.1121.8 86.3 89.6 10.3183.0135.8 98.4112.0 11.4194.6115.8119.6 12.8200.6 84.6  9.5177.7 10.0181.1 28.7   
0922320316 63.2 75.4 23.5  8.0 82.3 36.2 98.9 17.6 29.5 53.7 63.3 56.9 80.3 13.2146.7          116.5 34.5 12.0125.2 55.9144.8 26.6 46.3 79.5 91.5 83.6122.7 22.1181.4           42.4 15.2141.9 67.2161.3 32.9 56.3 93.3116.7 97.7139.4 28.2195.6            4.1 47.1 20.1 59.0  9.4 16.0 28.7 34.6 30.6 45.7  7.1 87.7           17.2  6.9 22.8  3.3  5.6 10.8 12.0 10.5 16.6  2.7 34.3           73.7169.7 36.7 62.1111.0125.3115.9148.2 28.4202.5           89.5 15.0 28.5 47.3 56.0 50.2 71.8 11.3135.7           46.7 76.4130.4145.0135.5167.4 36.5216.4           12.0 24.1 26.7 25.9 35.6  5.5 71.6           38.9 46.4 41.4 60.4  9.9119.6           79.6 72.3 98.8 18.0168.1           83.7122.9 22.2181.5          113.6 19.4172.9           27.6200.6           57.4                            
0922320416163.3 24.8116.3 70.9124.5159.3136.0 93.1 19.4 42.1 97.5134.2 28.6 91.8 24.3           41.5165.5122.6173.6204.8184.6151.0 33.6 72.3156.1182.8 46.8149.3 40.8           25.6 14.2 28.7 39.6 30.0 21.0  3.6  8.3 22.5 29.3  5.0 20.5  4.4           72.5126.7161.5138.3 95.0 20.0 43.2 99.4136.4 29.5 93.6 25.0           78.8118.6 88.0 62.3 11.2 28.4 65.8 86.5 16.4 61.2 13.9          169.7146.7112.5 22.5 47.5117.4144.8 29.5110.9 28.1          180.8147.0 32.0 69.4152.1179.1 44.7145.3 38.9          123.8 26.4 54.2128.8156.5 34.0122.1 29.4           16.4 36.4 87.2121.9 24.1 81.8 20.5            6.6 17.6 25.7  4.1 16.1  3.6           38.6 53.0  9.6 35.6  8.2          126.9 25.9 85.8 22.0           33.2120.3 28.7           23.6  4.9           20.0                            
0922320514  8.5  8.4 12.6 33.1 29.4 30.3  6.2 16.7 23.0  7.0 19.7  4.8 13.9                     12.8 21.3 52.4 46.8 43.9 10.3 28.4 34.5 10.5 30.1  7.7 23.5                     21.2 52.1 46.6 43.7 10.3 28.2 34.4 10.5 30.0  7.7 23.4                     78.0 70.6 66.6 15.4 40.7 53.5 17.4 47.0 11.4 34.6                    155.8149.8 39.8 95.4128.7 44.2117.2 30.3 83.9                    139.5 35.4 87.1118.7 39.3 97.7 29.7 76.2                     33.0 82.5113.1 36.8 92.8 27.5 71.9                     20.5 28.3  8.5 24.3  5.7 17.0                     67.2 23.2 59.6 15.1 44.4                     28.8 76.4 20.9 58.0                     27.4  6.4 19.2                     17.9 51.2                     12.6                                                                         
0922320616 11.5 43.8  8.9 28.8 70.7 21.5 28.7  7.7  3.2 17.4 51.5 28.3 36.7 34.7 24.2           62.0 12.3 41.9 95.0 29.4 37.9 10.6  4.6 26.8 71.8 41.2 52.6 50.0 32.6           46.3134.6205.9 96.7126.2 40.6 17.7 84.2181.5133.3154.2149.7114.3           30.6 74.2 23.0 27.5  8.2  3.4 18.6 54.3 30.1 38.9 36.8 25.9          176.6 69.4 85.1 26.6 11.0 59.1148.5 90.9120.0115.6 75.5          148.7168.7 66.1 28.8133.7216.0175.4194.0190.1156.9           63.5 19.7  8.2 42.4119.8 68.4 84.4 80.8 55.6           26.2 10.8 53.8140.1 84.0111.8 97.7 69.3            3.0 16.0 47.9 29.0 33.9 32.1 22.1            6.7 21.5 10.8 14.4 13.5  9.2           95.8 58.2 72.7 69.4 46.8          147.2167.7163.4128.0          118.7114.3 74.5          134.9 91.2           87.5                            
0922320711 19.0 44.5  8.9 66.9 63.4 33.0 75.6 12.5 48.5 13.1                                    16.8  3.1 25.5 26.4 11.9 29.7  4.6 18.7  4.8                                     7.9 61.0 57.7 29.6 69.3 11.1 43.8 11.6                                    11.9 11.1  5.7 14.1  2.4  8.7  2.4                                    83.9 46.3 97.8 18.6 66.0 19.5                                    43.6 93.6 17.3 62.5 18.1                                    53.1  8.7 32.5  9.1                                    22.1 74.7 23.1                                    12.3  3.3                                    12.9                                                                                                                                                                                  
0922320813 26.8 14.0 10.8 17.2 10.5 25.8 18.0 13.8 35.2  4.8  2.6 22.0                          59.4 44.5 69.3 47.0 97.5 71.8 59.0130.5 22.8 10.3 82.2                          25.3 41.6 26.8 62.7 43.3 34.5 80.7 12.0  6.1 50.9                          30.4 21.0 47.2 31.7 25.1 62.4  9.3  4.4 37.7                          32.3 73.0 51.3 41.3 92.4 14.7  7.4 59.9                          49.9 33.7 26.6 65.6  9.9  4.7 39.9                          75.5 62.3135.3 24.6 11.0 86.2                          43.0 95.2 15.4  7.7 62.1                          80.2 11.8  6.0 50.5                          30.7 15.6117.5                           2.4 18.7                           9.3                                                                                                       
0922320911 27.1  9.6 34.5 10.3 62.1  4.8 26.0 61.8 30.7 47.2                                     8.8 31.9 10.4 58.0  4.4 23.9 57.7 28.3 43.8                                    10.5  3.3 21.8  1.8  8.4 21.7 10.1 15.2                                    12.4 70.8  5.7 30.6 70.5 36.0 54.5                                    23.2  2.0  9.9 23.1 10.8 18.1                                    10.4 56.1119.9 64.4 90.0                                     4.2 10.3  5.0  8.1                                    55.8 27.2 42.2                                    64.1 89.6                                    49.1                                                                                                                                                                                  
0922321016166.4 89.9 52.2 63.5 49.2116.4147.5 34.1123.8 59.5201.4170.6 65.9 94.7165.2           64.8 35.7 44.1 33.5 78.1113.7 24.8 83.9 41.1168.4136.1 46.0 68.8130.7           16.7 21.2 15.5 37.8 53.4 10.3 41.2 19.5 91.5 67.6 22.3 32.5 64.1           10.5  8.6 21.3 32.0  5.8 23.5 10.7 53.3 37.5 11.0 18.0 35.3           10.8 27.1 35.8  7.2 30.0 12.3 64.8 46.2 14.0 22.9 43.6           19.8 29.7  5.5 21.8 10.0 50.2 35.2 10.3 16.7 33.1           65.0 13.0 50.7 25.0118.3 81.3 28.5 40.4 77.2           19.5 70.2 33.2149.5117.8 37.3 56.8112.6           14.4  6.7 34.9 26.2  7.6 11.0 24.4           27.6125.7 87.2 31.4 44.0 83.0           60.7 43.1 12.9 21.1 40.6          172.6 67.2 96.3167.2           48.1 71.7134.9           24.0 45.4           68.0                            
0922321116 29.2  9.8  7.7 12.1 14.8 19.6 33.8  7.9 28.9 12.7  7.7 52.9 31.6 29.6 36.4           33.9 29.8 45.1 53.4 67.0118.5 30.8 89.6 46.8 29.9159.5 95.3 91.2125.0            9.9 15.8 19.3 25.6 42.7 10.3 33.6 16.5 10.0 65.7 36.4 34.4 46.0           12.4 15.1 20.0 34.4  8.1 29.5 12.9  7.9 53.8 32.3 30.3 37.1           26.8 31.7 56.3 12.8 44.7 22.9 12.4 84.0 48.2 45.7 60.3           37.9 66.1 15.6 53.0 28.0 15.1 96.7 57.0 54.1 70.6           81.8 20.6 66.5 33.0 20.0127.6 71.2 67.8 87.0           35.4117.7 58.3 34.4180.7124.5119.6145.8           30.5 13.4  8.1 55.2 30.0 31.3 38.2           46.4 29.5158.7 94.6 90.5124.2           13.0 86.8 50.1 47.4 62.5           53.8 32.3 30.3 37.1          165.9160.7187.4           96.3131.2          126.1                            
0922321210 10.5  7.5 33.6 33.7 36.5 22.9 45.2 83.6 15.9                                          2.0  8.0  8.0  8.8  4.9 10.2 23.3  3.6                                          5.3  5.3  5.7  3.3  7.3 14.8  2.6                                         24.1 26.1 15.6 32.8 64.2 10.9                                         26.2 15.7 32.9 64.4 11.0                                         17.2 35.6 68.8 12.0                                         22.2 42.2  7.2                                         82.0 15.4                                         30.9                                                                                                                                                                                                                               
