02232201 9  6.8 13.0  5.3  9.0  2.7 15.5  6.1 13.1                                              18.6  7.4 11.7  3.6 22.3  8.6 18.8                                              14.1 25.0  7.0 40.7 16.6 35.1                                               9.8  2.9 16.8  6.6 14.2                                               4.6 26.9 10.4 25.3                                               8.3  3.2  7.1                                              19.9 41.0                                              16.8                                                                                                                                                                                                                                                                                 
0223220212 37.5 48.3 13.8 35.4 83.5 60.6 15.1 35.9 22.0 27.2 90.3                               28.9  7.7 20.1 48.7 33.7  8.4 20.4 11.0 15.0 53.5                               10.2 27.0 61.8 43.5 10.1 27.5 14.7 20.1 67.5                                7.3 18.8 12.3  3.2  7.4  4.2  5.5 21.0                               46.1 31.7  7.9 19.1 10.3 14.0 50.7                               76.4 20.5 46.6 30.0 35.7120.5                               13.4 32.1 19.5 26.7 82.9                                8.0  4.5  6.0 23.0                               10.5 14.2 51.3                                8.5 29.9                               39.5                                                                                                                                          
0223220316 40.5 28.0 12.7 27.7 30.6 22.2  5.2 16.2 15.0  5.6 15.9 56.5 41.1 55.8 15.0          110.6 56.6117.4125.1 86.3 24.4 68.5 64.6 27.1 67.6178.2150.2177.1 64.6           36.5 75.0 81.0 58.4 14.5 45.0 42.1 16.1 44.4139.8111.8138.7 42.1           39.6 43.4 29.7  7.4 24.2 22.4  8.2 23.8 76.9 57.4 76.1 22.4           86.6 63.0 15.9 48.8 45.7 17.7 48.1146.9118.6145.7 45.7           68.4 17.7 53.3 49.9 19.7 52.5154.8126.4153.7 49.9           11.6 36.9 34.5 12.8 36.4122.7 87.3121.6 34.5            9.4  8.7  3.3  9.2 32.2 24.8 31.8  8.7           28.6 10.3 30.4 91.3 69.4 90.3 28.6            9.6 28.1 86.5 65.4 85.6 26.5           10.2 35.3 27.6 34.9  9.6           90.2 68.5 89.3 28.1          179.4204.0 86.5          178.4 65.4           85.6                            
0223220411  3.7 13.1  5.0 13.3  4.8  6.1  4.4  6.1 14.3  8.8                                    20.9  7.7 21.3  7.4  9.6  6.6  9.5 23.0 12.6                                    30.3 70.9 29.1 33.4 25.7 33.3 75.1 46.6                                    30.8 10.6 12.4  9.4 12.4 29.7 18.1                                    29.6 33.9 26.1 33.8 76.0 47.2                                    11.9  9.0 11.9 28.7 17.5                                    10.6 15.5 36.3 22.7                                    10.6 28.3 15.4                                    36.2 22.7                                    50.4                                                                                                                                                                                  
02232205 5  3.3  2.1  1.3  1.9                                                                   7.8  2.9  6.8                                                                   1.9  4.0                                                                   1.8                                                                                                                                                                                                                                                                                                                                                                                                                                                                                                                                           
0223220614 63.2 93.4 30.3 25.7 75.9 11.2 35.2 64.4 40.0 40.9 30.4 60.9 46.3                     89.0 28.4 23.9 71.9 10.5 33.0 60.9 37.6 38.5 28.3 57.5 43.6                     45.6 35.8114.7 17.7 52.3 90.5 58.9 60.2 41.4 86.1 67.4                     10.1 35.3  5.1 15.7 29.1 18.2 18.7 11.9 30.2 21.6                     30.5  4.1 11.9 24.5 13.8 14.1 10.0 22.8 16.3                     13.2 40.8 73.3 46.2 47.3 31.9 69.4 53.3                      5.9 10.7  6.8  7.0  4.7 11.0  8.0                     33.8 21.5 22.0 14.1 31.6 25.5                     38.4 39.3 29.0 58.7 44.5                     25.5 16.2 36.1 29.6                     16.7 36.9 30.4                     26.9 19.3                     41.9                                                                         
0223220711 32.5  9.5 46.1 46.0 70.1 20.3 35.2 10.0 28.9 53.9                                     5.7 29.1 29.0 46.2 11.9 23.9  6.0 19.0 34.4                                     8.4  8.4 12.9  3.4  6.2  2.0  5.1 10.1                                    41.5 63.9 17.9 31.6  8.8 25.8 48.7                                    63.8 17.8 31.5  8.8 25.7 48.6                                    27.3 49.9 13.6 41.4 73.5                                    13.0  3.5 10.4 21.7                                     6.5 20.9 37.3                                     5.3 10.6                                    30.6                                                                                                                                                                                  
0223220813113.0 91.9 20.2 20.4135.5 42.8 87.0 87.9 41.7 87.7 68.2 72.9                          65.2 12.4 12.5 92.8 27.9 61.2 61.9 27.2 61.7 46.4 49.9                          10.4 10.5 82.5 26.2 53.2 53.8 25.4 53.7 39.9 43.1                           2.3 17.2  4.5 10.6 10.7  4.3 10.7  7.6  8.3                          17.3  4.5 10.7 10.8  4.4 10.8  7.7  8.3                          37.2 77.8 78.6 36.3 78.5 60.3 64.6                          24.0 24.4 10.2 24.3 17.0 18.6                          50.3 23.3 50.2 37.1 40.1                          23.7 50.8 37.6 40.6                          23.6 16.5 18.1                          37.5 40.5                          29.7                                                                                                       
0223220914 52.2 13.4 59.9 21.7 70.8 20.8 22.9 53.5 23.0 22.8 52.9 90.9 29.7                     16.3 69.7 26.4 81.9 25.3 27.8 62.6 27.9 27.7 61.9113.9 35.4                     19.2  6.4 23.8  6.2  6.8 16.8  6.8  6.7 16.5 30.1  9.5                     31.2 92.1 29.9 29.6 71.3 29.7 29.5 70.5126.5 40.9                     34.2  9.7 10.7 27.2 10.7 10.6 26.8 46.1 13.9                     33.0 35.9 83.6 35.9 35.8 82.8143.2 49.2                     10.3 26.1 10.3 10.2 25.7 44.5 13.3                     28.7 10.2 10.2 28.3 48.2 14.6                     28.7 28.6 63.4116.1 36.3                     10.2 28.3 48.3 14.6                     28.2 48.1 14.5                    115.0 35.8                     64.9                                                                         
02232210 9 28.9 28.9 31.8 10.8 17.7 25.4 15.6 52.6                                              13.4 14.9  4.7  8.2 10.6  7.3 27.1                                              14.9  4.7  8.2 10.6  7.3 27.1                                               5.2  9.1 11.7  8.1 27.0                                               2.9  3.8  2.7  9.1                                               6.5  4.2 14.7                                               5.8 21.2                                              13.0                                                                                                                                                                                                                                                                                 
0223221116  8.0 41.7 17.2 60.0 55.4 27.5 31.9 39.6 16.5 53.3 52.2 18.1 63.8  5.0 43.2           20.1  7.9 28.1 28.4 12.5 14.8 18.9  7.6 27.0 26.3  8.3 30.1  2.6 20.9           41.3132.2125.0 65.9 74.6 88.5 39.9121.7119.9 43.2137.9 12.1 94.7           59.5 54.9 27.2 31.6 39.2 16.3 52.9 51.8 17.9 63.3  5.0 42.8          156.8 90.5110.7128.0 57.7153.5151.6 62.0169.3 18.9135.3           84.5 94.4120.8 53.2146.2144.4 57.3162.3 17.1128.0           51.8 63.0 29.2 81.8 80.4 28.5 95.3  8.5 68.1           71.4 30.5 91.5 90.0 33.1116.2  9.9 76.9           37.9117.5115.7 41.0133.6 11.4 91.1           51.2 50.1 17.2 61.3  4.8 41.4          141.0 55.1159.0 16.3124.7           54.0157.2 15.9122.9           65.9  5.2 44.7           20.4140.9           12.7                            
0223221211 21.9 12.1 52.3 58.4  6.1 12.0 16.4 23.9 47.3 11.5                                    11.4 49.9 55.7  5.8 11.3 15.5 22.5 45.0 10.8                                    29.8 33.7  3.4  7.0  9.5 12.5 29.7  6.7                                   128.8 14.7 29.4 39.1 53.5110.4 28.3                                    16.9 33.3 43.9 59.7120.0 32.0                                     3.4  4.5  6.3 13.1  3.3                                     9.4 12.3 29.2  6.7                                    16.9 35.1  9.0                                    48.4 11.8                                    28.0                                                                                                                                                                                  
03232201 7  9.0  1.4  2.4  2.2  4.4  2.5                                                        11.5 29.4 26.1 53.8 30.5                                                         3.2  2.8  6.1  3.3                                                         7.4 16.1  8.8                                                        14.1  7.8                                                        16.8                                                                                                                                                                                                                                                                                                                                                                                                    
0323220216 83.7 96.5186.7242.9122.4209.4142.5 37.6221.4186.3184.2 60.8 98.1223.1194.1           10.3 29.4 79.8 12.9 41.6 17.1  3.7 51.3 29.2 28.4  6.1 10.5 52.8 32.7           35.6 92.4 16.0 49.9 21.3  4.4 60.9 35.4 34.4  7.4 13.0 62.7 39.6          182.5 43.6125.1 55.1 12.0142.8 88.7 86.7 21.4 36.4145.4 96.4          117.7205.8137.6 35.4218.3182.0179.9 57.7 93.9220.1190.0           60.3 27.0  5.4 72.7 43.4 42.2  9.3 16.4 74.7 48.3           74.6 17.7170.4124.6122.3 28.4 50.9172.8133.7            7.0 88.7 54.8 53.3 11.2 21.8 90.9 60.6           22.8 11.9 11.5  2.7  4.5 23.6 13.5          142.3139.9 35.5 62.1188.8151.3           86.4 21.2 36.2144.9 96.0           20.5 35.1142.6 94.0            7.6 36.6 24.1           63.9 40.4          153.9                            
0323220316166.2116.1 43.8223.2169.5 75.7130.4175.0243.0 81.4250.3 43.1 40.1208.8 84.8           54.6 20.6166.2 93.9 35.9 63.9 98.8197.0 39.2209.9 20.3 18.6146.7 41.3           10.4116.1 56.7 20.7 36.1 60.3149.3 22.9164.9 10.3 10.4 88.8 24.3           43.8 21.6  7.2 12.7 23.4 63.5  7.9 74.7  3.8  3.5 34.7  8.3          169.5 75.7130.4175.0243.0 81.4250.3 43.1 40.1208.8 84.8           37.4 66.2111.9199.9 40.8212.5 21.2 19.5150.1 43.0           25.3 40.0113.3 14.0128.7  7.0  6.5 61.8 14.8           70.3163.8 28.0178.9 12.5 11.5111.2 29.7          204.6 43.6216.8 23.0 21.1155.8 45.9          120.5262.3 62.6 58.5232.1124.8          136.1  7.7  7.1 66.8 16.4           73.7 69.1241.0140.5            3.5 34.2  8.2           31.7  7.5           69.9                            
0323220416 21.6 27.8 62.3  8.8131.1 12.8185.9 92.3121.6 54.9 72.2113.3150.6 50.8 22.3           10.5 27.3  3.3 57.9  5.0114.1 40.4 51.8 23.1 29.5 46.9 71.8 21.0  8.3           34.2  4.5 76.0  7.0139.0 54.6 68.7 29.6 40.6 62.7 92.1 27.1 10.8           11.0147.0 16.1198.6117.0137.5 65.7 84.9129.1165.9 61.1 25.3           27.0  2.3 50.8 17.3 23.4  9.4 12.1 20.7 31.5  8.5  3.4           37.6236.9182.8199.3135.9160.3192.9218.7129.3 59.3           73.6 25.4 33.3 13.7 19.7 29.8 47.8 12.5  5.1          223.2233.0189.8208.3229.3243.5184.3116.2          174.4 96.4130.5166.6198.6 90.8 41.5          126.3151.0185.0212.8119.7 53.1           75.9117.9155.2 53.7 23.9          142.6178.3 70.8 30.3          207.3111.5 48.1          148.8 73.4           21.7                            
0323220516 92.5 10.1  9.8113.7 21.8 46.5  8.3 43.5 38.6 12.4 67.4 63.3 98.1 13.2 10.8           71.0 64.3261.0132.3203.0 55.8197.4187.3 83.0232.1227.4257.7 86.6 74.9            7.0 80.5 15.2 33.9  5.9 31.6 30.9  9.6 50.3 46.9 75.8 10.2  8.4           73.2 13.4 30.2  5.3 31.1 27.1  8.5 45.1 42.0 68.8  9.0  7.4          145.4214.4 63.8209.1199.6 93.4241.3237.0264.3 97.2 84.6           65.3 11.2 61.3 54.9 18.7 91.4 86.3139.0 19.8 16.2           28.2129.2118.8 40.8170.9164.6209.0 43.0 36.0           26.0 22.7  7.2 38.7 36.0 59.8  7.6  6.3          112.9 38.1164.8158.4203.5 40.1 33.6           33.7154.0147.6193.7 35.5 29.7           59.7 55.9 88.3 11.3 10.3          198.9237.0 62.6 53.2          232.5 58.7 49.8           92.0 79.8           10.9                            
0323220610 23.5 44.4 42.3 64.7 42.8 31.1 69.4 10.2  7.3                                         16.5 15.6 24.2 15.8 10.9 26.5  3.7  2.6                                         28.5 45.5 28.9 22.8 49.4  7.1  4.8                                         43.4 27.4 21.4 47.1  6.8  4.5                                         44.0 32.0 70.9 10.5  7.5                                         21.8 47.7  6.9  4.6                                         34.9  4.8  3.3                                         11.6  8.3                                          1.6                                                                                                                                                                                                                               
0323220716193.8 71.8243.0110.5 67.1237.6 76.2 97.0186.7241.2181.9172.9191.4253.1 44.3           28.3177.4 39.5 25.8167.6 27.5 37.6 90.6174.1 86.3 78.7 95.0198.0 15.4           59.5  9.7  5.6 53.1  6.6  9.2 25.3 57.2 23.5 20.6 27.2 75.4  3.6           85.4 55.3226.9 63.4 82.2169.9231.1164.7155.3174.9245.4 35.8            8.9 77.4 10.5 13.4 36.0 82.6 33.7 30.0 38.3115.2  5.5           49.3  6.1  8.4 23.1 53.1 21.5 18.8 24.8 70.5  3.4           56.7 74.3159.9224.5154.6145.0165.0240.2 31.6            9.9 27.5 61.0 25.6 22.4 29.6 80.0  3.8           34.2 79.4 32.1 28.5 36.4111.3  5.2          166.4 80.0 72.8 88.4191.1 13.8          161.2151.7171.4243.6 34.3           68.9 84.1186.4 12.9           76.6177.5 11.3          195.6 14.8           46.9                            
0323220810 55.9 24.8  7.4 11.6 20.3 32.3 60.4  6.5 65.0                                         39.9 12.8 22.4 33.7 55.5 93.8 11.2 99.3                                          5.0  8.5 13.3 24.5 43.4  4.5 47.0                                          2.6  4.2  7.3 14.1  1.8 15.6                                          7.0 11.5 24.9  2.4 24.5                                         20.1 36.7  3.8 39.9                                         59.9  6.5 64.5                                         12.4115.5                                         13.7                                                                                                                                                                                                                               
0323220916148.7111.3 72.1 19.6 67.9138.0144.7129.2 84.0 58.8 22.6 90.2 81.1 84.2 19.3          136.7 92.9 25.6 88.0163.3169.6154.7116.7 77.4 29.1124.0113.1117.0 28.0           63.4 16.5 59.5126.1132.8117.3 74.5 51.2 19.0 80.3 71.7 74.7 16.2           10.0 39.3 83.9 89.5 76.9 50.4 33.3 11.5 55.0 48.3 50.6 10.8           10.2 24.4 26.9 21.5 12.4  8.5  2.9 13.8 11.8 12.4  2.6           79.3 84.7 72.5 47.1 31.0 10.6 51.5 45.2 47.3 10.0          159.5144.2 96.6 69.3 28.2113.5 93.5 96.9 23.9          150.8112.8 74.3 27.7120.1 99.4113.1 26.4           89.1 62.9 24.8 95.4 86.1 89.4 21.1           40.2 14.2 65.0 57.6 60.1 12.2            9.7 44.0 38.5 40.4  8.3           15.8 13.5 14.3  2.9           62.5 65.3 13.5           57.8 11.6           12.2                            
0323221012  7.9 32.3 22.6 11.5 30.6 31.9 20.5 39.4 65.5 54.1  8.2                               10.2  6.4  3.5  9.6 10.0  5.9 11.6 21.6 16.9  2.6                               26.4 14.9 38.5 40.0 26.6 49.1 79.2 66.3 10.5                               10.2 27.7 26.0 16.3 32.4 55.0 45.0  6.6                               14.0 14.7  9.3 18.7 30.9 27.5  3.6                               38.0 25.1 46.8 75.9 63.4  9.9                               26.2 48.5 78.4 65.6 10.3                               29.7 50.8 41.4  6.0                               92.4 78.4 11.9                              127.7 22.2                               17.4                                                                                                                                          
0323221116 35.7 71.1 36.1 89.7 36.5 55.1 59.8 32.5 28.9 30.5 82.3 42.6  9.4116.3 42.9           49.5 26.2 64.2 26.5 37.5 40.9 23.2 20.4 21.7 58.3 31.7  6.1 77.5 28.7           50.0126.0 50.5 74.2 79.8 45.2 40.4 42.6116.9 58.4 12.3145.0 58.8           64.8 26.8 37.9 41.4 23.5 20.7 22.0 58.9 28.8  6.2 78.2 29.1           65.4 93.2 99.6 58.9 53.0 55.8141.2 74.8 16.8169.8 75.4           38.3 41.8 23.8 20.9 22.2 59.4 29.1  6.3 78.9 29.4           62.5 34.1 30.4 32.1 85.7 44.6  9.9120.4 45.0           37.3 33.2 35.1 91.8 48.6 10.9127.9 49.0           18.3 19.5 53.4 28.4  5.5 71.5 28.7           17.1 47.9 24.9  5.0 64.7 25.2           50.4 26.5  5.2 67.9 26.8           68.2 14.9160.4 68.8            7.4 89.4 34.4           21.5  7.4           90.0                            
0323221216 66.5221.5185.3 93.8139.6175.0261.4 81.9 87.0157.9249.4272.4256.3235.4123.7           21.9 12.5  4.8  7.6 10.9 46.7  4.1  4.4  9.6 34.6 66.5 40.7 28.6  6.2           78.6 31.5 48.5 70.7194.1 29.1 28.5 59.1169.3221.5183.0145.3 40.5           20.1 29.7 44.9153.0 16.5 18.0 36.8126.9185.3140.9 94.5 26.8           11.0 17.4 68.6  6.2  6.7 13.9 52.1 93.8 60.6 39.8  9.8           28.8 97.8 10.0 10.8 22.8 76.9139.6 87.8 60.2 14.5          142.2 14.3 15.6 32.4116.4175.0130.2 85.7 23.2           58.8 62.9125.0229.5261.4238.7211.3 84.6            5.6 11.4 44.2 81.9 51.7 33.4  8.1           12.4 47.5 87.0 55.4 36.1  8.8           91.1157.9113.3 72.6 18.4          249.4220.8188.5 65.5          256.3235.4123.7          201.2 75.4           50.7                            
0723320110 37.0 30.6 16.2 66.6 30.9 50.7 69.3 10.2 30.2                                         13.4  7.0 30.3 13.5 24.2 31.8  4.2 13.2                                          5.7 24.9 10.9 19.4 26.2  3.5 10.6                                         12.9  5.8 10.0 13.6  2.1  5.7                                         25.1 42.0 58.3  8.1 27.3                                         19.6 26.4  3.5 10.7                                         43.9  5.9 19.2                                          8.6 25.8                                          3.4                                                                                                                                                                                                                               
0723320216 53.0 10.5 45.0 31.0 29.0 90.3149.0 23.2 77.3 71.5111.1 27.2 10.5116.2 71.1           12.2 51.3 35.6 33.4 99.9160.2 27.2 86.3 80.1122.1 31.3 11.1127.4 79.7           10.1  7.3  6.9 25.1 43.0  5.0 20.0 17.9 26.9  6.4  2.6 28.7 17.8           29.9 28.0 87.9146.2 22.3 75.1 69.4 98.5 29.1 10.1113.5 69.0           20.3 64.5115.6 14.5 54.1 49.5 73.6 18.9  6.7 77.6 49.2           61.0110.6 13.5 50.9 46.6 69.7 17.6  6.3 73.6 46.3          205.7 46.4144.8137.1172.8 57.6 22.7177.7136.5           80.4192.7186.0214.9 96.1 39.6218.6185.5           38.3 34.9 53.6 12.6  4.6 56.9 34.6          121.1157.3 48.0 18.1162.5120.5          149.7 43.8 16.3154.9113.0           66.0 27.1189.0149.1            5.9 69.8 43.5           29.2 16.1          154.3                            
0723320316 38.4172.0 15.2154.3 23.3 62.3151.5 36.8 65.8112.0142.1136.2141.2 93.2155.6           58.8  3.4 47.1  4.9 14.8 45.4  8.7 15.9 27.3 40.3 37.4 39.9 26.4 47.8           25.7186.2 34.0 89.9183.7 56.6 94.1147.0175.5170.2174.7137.2187.2           19.4  2.2  5.7 18.6  3.3  6.1 10.4 16.1 14.8 15.9  9.9 19.8           26.6 74.5167.1 45.2 78.4128.3158.2152.5157.3118.5171.0            8.6 25.6  4.7  9.2 15.8 24.7 22.6 24.4 13.6 27.1           72.2 14.1 26.0 45.7 65.1 61.0 64.5 40.5 75.5           43.6 76.0125.4155.3149.6154.4115.6168.3           15.1 26.1 38.7 35.9 38.2 25.1 45.9           48.6 68.7 64.4 68.0 43.0 79.4          115.9110.2115.0 71.7129.6          140.2145.1 96.6159.4          139.3 91.5153.7           95.8158.5          119.8                            
0723320418113.2152.5 94.7 65.6 24.2133.1135.0 45.8185.4 99.5 54.3131.5 91.0 14.9 34.7 33.9 24.1178.9130.1 85.5 31.0160.1162.0 61.5208.9135.8 72.0158.5125.7 21.3 47.4 46.3 30.8169.6131.5 49.1197.5199.2 90.8237.0175.1114.2196.1165.2 32.2 72.3 70.8 48.9 78.0 30.7150.5152.4 55.5200.9126.2 65.3148.9116.3 18.7 42.5 41.5 30.5 18.3112.7114.5 35.9165.3 82.4 43.0111.2 74.6 11.3 29.9 29.1 18.2 39.4 40.3 11.8 70.5 29.5 14.4 38.7 28.8  4.0  9.5  9.3  6.0181.7 75.7224.4156.2 87.6178.4146.0 28.1 59.2 58.0 39.2 77.1225.7158.1 89.1180.2147.9 28.8 60.4 59.1 40.1132.3 59.0 29.1 74.5 52.8  8.1 19.1 18.6 11.7205.7147.7223.2197.0 47.7 99.1 97.4 70.2 69.2154.6121.8 20.2 45.3 44.3 29.4 86.3 62.3  9.9 23.5 22.9 14.4144.4 27.5 58.2 57.0 38.5 17.6 40.3 39.4 28.7  6.0  5.9  4.0 13.6  9.5  9.2   
07233205 8 21.4  9.5  6.0 13.5 36.0  7.3 23.5                                                    7.5  4.8 10.6 29.0  5.8 20.4                                                    2.3  4.9 13.1  2.7  9.0                                                    3.3  9.1  2.0  5.8                                                   20.8  3.9 12.9                                                   10.1 34.4                                                    7.0                                                                                                                                                                                                                                                                                                                                        
0723320615  3.0 28.1 45.1  3.7 36.1 41.1 16.6 14.1 19.9 35.9 30.4 31.6 44.1  9.0                11.8 20.4  1.9 15.6 18.3  7.0  6.0  8.3 15.6 12.9 13.4 19.8  3.7               141.3 15.3124.4134.3 62.5 55.0 71.2124.1111.7114.5139.7 34.9                24.0159.0168.0 91.1 81.9111.5158.7146.9149.7172.7 54.9                20.4 23.9  9.0  7.7 10.7 20.3 16.8 17.5 26.0  4.6               152.4 76.7 68.2 86.4142.4130.1133.0157.5 44.4                85.0 76.0 95.1152.1140.0142.8166.5 50.4                32.2 43.3 76.4 66.7 68.9 89.6 21.3                37.6 68.0 58.9 60.9 80.4 18.0                86.1 75.8 78.1 99.8 25.6               129.8132.6157.1 44.2               120.2145.3 37.6               148.0 39.1                53.8                                                
07233207 8 37.5  5.6 16.1 20.0 41.4  8.8  8.5                                                    7.5 22.2 24.5 53.4 10.9 10.6                                                    3.0  3.6  8.4  1.9  1.9                                                   10.9 22.5  4.6  4.5                                                   27.3  5.6  5.4                                                   12.3 11.9                                                    2.5                                                                                                                                                                                                                                                                                                                                        
0723320818124.3164.2 23.7140.1 93.6 27.4153.6176.0 75.1127.6 69.0177.4 94.1197.0121.3165.5 96.4 95.5 10.0 75.3 49.7 11.6 86.2117.3 37.7 66.0 34.1118.8 50.0141.7 61.6 96.7 51.6 17.8120.3 77.3 20.6133.9157.3 60.7 98.3 55.4158.8 77.8180.3 92.8146.2 79.9 12.5  8.2  2.2 15.2 21.3  6.0 10.5  5.4 21.8  8.2 27.2 10.6 18.1  8.5 59.5 14.5 99.7132.9 45.7 77.9 41.5134.5 59.9157.3 72.9121.7 61.7  9.4 69.0 87.6 28.6 51.6 25.7 88.8 38.4119.8 47.9 78.4 39.6 17.6 24.7  6.9 12.1  6.2 25.3  9.5 31.0 11.1 21.0  9.8146.6 53.7 89.0 48.8148.1 69.5170.3 83.7135.3 71.4 69.7120.5 63.8170.9 88.1191.2114.2158.7 90.3 39.3 20.6 70.8 28.8 89.1 36.3 61.7 29.8 35.5122.0 52.0145.0 63.8 99.5 53.6 64.9 25.9 82.4 32.8 56.3 26.8 89.4192.4115.7160.2 91.6120.4 48.2 78.9 39.9138.6181.5123.0 94.0 49.7 81.0   
07233209 9  6.8  2.4  1.7 17.1 10.3  9.3  8.7  4.8                                               7.8  4.6 51.4 31.2 28.5 26.8 15.9                                               1.9 19.8 10.8 10.8 10.1  5.4                                              11.2  6.9  6.3  5.9  3.3                                              70.7 65.9 62.8 37.8                                              41.5 39.2 22.2                                              36.0 22.4                                              20.9                                                                                                                                                                                                                                                                                 
0723321016 13.5 55.0 27.5 13.3 27.1 46.8 75.4 77.2132.0 95.8112.8 92.6128.1115.0 90.3            9.5  4.1  2.4  4.5  7.9 13.0 13.5 27.3 18.5 20.7 17.6 25.8 21.4 16.9           17.4  9.4 19.2 31.7 53.4 54.9 91.8 70.2 76.0 67.5 88.5 77.8 65.6            4.1  8.6 14.3 26.5 27.4 46.1 33.1 36.4 31.6 44.0 37.5 30.5            4.4  7.8 12.8 13.3 26.9 18.3 20.4 17.3 25.5 21.1 16.7           15.8 26.2 27.1 49.9 36.0 39.6 34.4 47.7 40.7 33.2           45.3 46.7 80.3 60.5 65.7 58.0 77.3 67.4 56.2           75.2129.3 93.6110.2 90.4125.5112.5 88.1          131.8 95.7112.6 92.4127.9114.8 90.1          154.3161.7150.5176.4164.0147.9          134.9123.5150.5137.2120.8          131.2158.0144.9128.4          146.7133.5117.1          160.3144.0          130.8                            
0723321112 32.2  7.0 20.8 35.2 12.6 39.5  3.8 11.9 35.2 16.2 27.9                               18.3 50.0 82.6 32.5 90.1 10.4 30.8 82.5 40.6 62.9                               10.5 20.2  7.1 23.1  2.4  6.7 20.2  9.0 13.9                               54.3 21.1 60.3  6.1 19.8 54.3 27.3 39.8                               35.6 96.2 10.4 33.7 88.4 44.2 68.0                               39.9  3.9 12.0 35.6 16.4 28.3                               11.8 37.8 96.2 49.3 74.8                                3.7 10.4  4.8  8.0                               33.7 15.4 26.6                               44.2 67.9                               32.0                                                                                                                                          
0723321216 70.8 14.5 29.5  9.5116.9 73.6 10.0 42.1 33.4 59.5 46.5 59.6 48.1 27.0 52.7           32.0 58.3 21.4182.0143.3 24.8 85.8 70.9123.2 92.8123.3 95.3 59.1112.4           11.3  4.0 53.5 33.5  4.5 19.0 14.5 29.0 21.3 29.0 22.2 11.5 24.8            7.5 90.5 60.7  8.6 33.8 29.6 48.5 37.5 48.6 38.9 23.3 42.7           34.1 22.5  3.0 11.2  9.6 17.0 12.6 17.0 13.1  7.6 14.6          185.4 38.9136.2117.1166.5144.7166.6147.7 91.5155.6           26.2 88.9 73.7126.9 96.0127.0 98.6 61.5116.0           13.0 10.0 19.8 14.6 19.8 15.2  8.8 17.0           42.2 73.1 57.9 73.1 59.8 34.3 65.2           59.7 46.6 59.7 48.2 27.0 52.8           79.5 97.6 81.9 49.2 88.3           79.6 65.5 38.0 71.2           81.9 49.2 88.3           39.4 73.4           43.3                            
