05233101 9 13.3 48.6 29.6 16.8 63.0 89.9 25.4 10.2                                               8.5  4.9  2.7 10.8 18.3  4.3  1.9                                              19.5 10.7 41.0 62.2 16.5  6.0                                               6.1 24.5 39.1 10.1  3.6                                              13.6 23.2  5.2  2.2                                              78.8 23.2  8.3                                              33.8 12.7                                               3.1                                                                                                                                                                                                                                                                                 
0523310216180.4226.2147.6181.7221.9 40.9 85.4189.9181.5123.4 40.8120.3124.8214.1197.0          160.5 58.6 86.5152.2 12.8 29.7 95.0 86.2 43.8 12.8 42.2 44.6138.4113.3          125.8162.0209.1 30.9 68.1171.2161.7 92.7 30.8 90.1 93.9199.5179.3           59.6117.3  8.5 20.0 66.6 59.5 27.9  8.5 26.8 28.5 94.3 73.5          153.7 13.1 30.3 96.3 87.6 44.7 13.1 43.0 45.5140.0114.9           27.6 62.0163.3153.5 85.5 27.5 82.9 86.6193.0171.7            4.1 15.1 13.0  6.1  2.1  5.8  6.2 25.2 17.3           34.5 30.2 14.0  4.1 13.3 14.2 52.8 38.8           96.1 50.4 15.1 48.6 51.3149.8124.8           44.6 13.0 42.9 45.3139.7114.6            6.1 20.9 22.4 74.2 56.2            5.8  6.2 25.2 17.3           21.4 71.8 54.2           75.3 57.1          158.7                            
0523310316 28.4 16.1 61.0  9.8  7.7 24.3  5.7 45.2 16.6 21.0 10.6  3.4  6.8 46.2 33.4           96.5215.2 62.2 50.8135.8 38.7192.6 98.3125.0 66.6 23.6 45.5194.4168.5          171.5 35.4 28.3 80.7 22.8144.4 60.5 72.5 38.3 12.1 27.6146.5118.9          126.6 98.7199.5 79.3240.9173.6189.9133.1 48.1 90.5242.0224.9           17.1 50.4 12.4 91.5 36.4 44.6 24.1  7.4 15.0 93.1 71.5           40.7 10.7 76.7 29.1 35.8 18.7  5.8 11.7 78.2 58.8           30.7174.6 82.4 96.7 54.2 18.1 36.3176.5149.2           60.0 23.5 29.8 13.6  4.4  9.4 61.3 45.2          146.6164.0 96.9 35.0 69.5225.2204.2           74.1 39.3 12.4 28.5148.6121.0           48.0 15.7 31.9166.0138.4            8.0 16.4 98.6 76.3            5.2 35.9 28.3           71.0 52.9          205.8                            
0523310416 73.0208.5 77.3 67.8225.5267.8218.3243.3199.2 86.9139.3222.1144.3240.9265.9           19.0  3.8  3.3 26.5 82.4 22.9 35.8 16.2  4.3  7.7 24.7  8.2 33.6 75.5           20.6 17.2118.7217.6 98.6150.4 78.3 24.3 39.1113.7 41.5145.4211.1            3.5 28.7 87.0 24.7 38.3 17.6  4.6  8.2 26.7  8.8 36.0 79.9           24.0 76.9 20.7 32.8 14.7  4.0  7.0 22.4  7.4 30.8 70.3          233.1131.9173.9 97.9 30.1 51.6137.4 54.6169.1227.7          226.6248.9209.1 97.2151.7230.0156.6246.7268.5          163.6 88.9 29.3 45.7126.7 48.4158.6220.7          138.9 44.2 72.6168.9 76.3198.0244.9           20.8 34.0 93.5 36.1133.8202.0            9.7 28.3 10.3 41.7 89.7           48.7 17.4 69.0142.7           51.5164.1224.4           72.6147.7          242.6                            
05233105 9 53.8 34.0 86.0 39.6 23.4 98.5 10.7 32.8                                              11.9 34.5 14.2  7.8 41.8  3.8 11.4                                              23.1  9.0  4.7 25.8  2.4  7.3                                              24.7 13.6 69.8  7.0 22.2                                               5.5 30.2  2.8  8.7                                              17.1  1.8  4.5                                               8.7 24.8                                               2.4                                                                                                                                                                                                                                                                                 
0523310616  7.9 33.3 44.4 81.3 68.1 35.9  4.2 80.3  4.6 15.3 18.4 34.6 58.8 17.4 38.5           26.1 35.2 67.1 55.4 28.3  3.4 66.1  3.7 11.7 14.1 27.2 47.3 13.3 30.4          130.4182.1166.8113.6 14.6181.0 16.3 51.0 59.0110.7154.0 56.4119.0          200.5187.1136.5 20.5199.6 22.8 66.2 75.7133.5175.6 72.7142.0          224.0187.3 38.6231.6 42.2122.4135.0184.8216.5131.1191.8          172.4 31.1223.3 34.1 96.1118.0169.6205.4114.1177.4           16.0186.2 17.8 54.8 63.2116.6159.9 60.5125.1           38.0  2.3  6.7  8.0 15.3 26.1  7.5 17.3           41.5121.1133.7183.7215.7129.8190.7            7.4  8.8 17.0 28.7  8.3 19.3           27.4 52.9 84.7 26.0 58.3           61.1 95.5 30.6 67.1          157.0 58.4122.1           92.1165.1           64.3                            
0523310718 44.8 33.6203.5182.8130.7240.6242.0 56.4 38.1172.0 48.9139.4134.6238.3 79.7150.3189.6  4.7 47.5 36.6 20.9 80.2 82.0  8.1  5.3 32.1  6.9 23.5 22.0 77.4 11.4 27.1 39.8 35.7 30.2 15.0 62.5 63.9  5.9  4.0 26.0  5.1 16.8 15.8 60.0  9.1 19.4 29.7187.7135.8243.7245.0 59.6 40.5177.1 51.7144.7139.8241.5 83.7155.5194.4113.5229.2230.7 46.5 31.0154.5 40.0122.0117.3226.5 66.9132.6172.8185.7187.8 27.6 17.3 93.7 23.1 68.7 65.4182.1 37.6 76.5120.5267.5 97.0 69.8221.0 86.3193.8189.4265.4139.9203.3234.1 98.9 71.4222.7 88.1195.8191.4266.2142.1205.2235.5  6.8 40.9  8.9 31.0 29.1 93.9 14.9 31.7 50.4 30.0  5.8 19.4 18.2 67.2 10.4 22.4 33.8 35.2111.2 97.0218.1 59.6121.6161.8 26.0 24.4 83.3 12.6 30.1 43.5 71.5190.3 41.6 83.2129.1185.8 39.4 79.5124.4136.1200.0231.5 47.0 72.0139.9   
05233108 6  5.2  1.8  2.0  3.1  9.8                                                              3.7  4.5  7.5 21.6                                                              1.7  2.3  6.8                                                              2.7  8.4                                                             13.1                                                                                                                                                                                                                                                                                                                                                                                                                                                                     
0523310916 38.0 28.8 44.1175.5 22.3 49.6 47.8 45.8 21.6 35.0 17.2146.5 32.9 33.2 31.5           23.1 36.4157.7 17.8 41.0 39.5 37.8 17.3 31.7 13.9128.9 29.6 29.9 28.2           27.4124.9 11.9 31.4 30.1 28.6 11.6 21.0 10.2 89.5 19.6 19.8 18.7          171.5 21.2 47.5 45.8 43.9 20.6 33.4 16.4142.5 31.4 31.7 30.1           96.0182.3179.0175.0 94.1150.0 80.0268.5144.4145.2140.6           24.2 23.2 22.1  9.9 16.2  8.1 74.1 15.2 15.3 14.5           51.4 49.3 23.6 37.7 18.8153.4 35.5 35.8 34.0           47.5 22.6 36.3 18.0150.0 34.2 34.5 32.7           21.5 34.8 17.1146.0 32.7 33.0 31.3           15.8  7.8 72.5 14.7 14.9 14.1           12.6121.6 26.9 27.2 25.6           60.6 11.8 11.9 11.3          116.3117.1112.7           25.3 23.9           24.1                            
0523311010 30.3  3.1 15.4  8.4 24.4 11.5  2.8  3.9 21.6                                         25.2 98.6 60.1139.4 81.5 22.9 29.4131.3                                         11.3  6.2 17.8  9.3  2.3  3.0 15.8                                         30.7 78.9 44.1 10.3 14.9 72.5                                         45.7 26.0  5.7  8.1 41.3                                         63.7 16.2 23.6 98.4                                          8.5 11.1 58.1                                          2.8 14.4                                         20.9                                                                                                                                                                                                                               
0523311116 28.4 51.0 27.2172.0 45.3 81.5 95.1157.0140.9 98.6113.7 52.9 79.6 29.5147.3            8.6  4.1 37.8  7.5 14.1 17.6 31.7 28.8 18.6 20.0  9.0 13.6  4.8 28.2            8.3 71.5 14.5 30.6 33.8 61.3 51.6 35.5 37.8 17.5 29.7  9.9 55.3           36.3  7.2 13.5 16.8 30.4 27.6 17.8 19.1  8.6 13.0  4.6 30.0           64.0119.0135.7188.3173.0139.9145.4 73.9116.7 43.0179.2           26.5 29.7 54.6 45.8 31.2 33.3 15.2 25.7  8.7 49.2           56.4 95.2 82.3 59.0 62.5 28.7 45.7 16.3 87.3          120.8 96.0 70.3 74.2 35.1 55.0 20.4111.5          158.0124.9130.3 63.4 93.2 36.1164.4           99.5114.7 53.5 80.4 29.9148.3           77.3 36.9 57.6 21.5115.5           39.3 61.0 23.2120.8           31.0 10.4 57.4           15.8 85.4           32.3                            
0523311216 48.2111.8132.2 27.5 67.4 46.8187.1 75.8238.6 29.3184.7134.2217.3 34.5 63.2           28.3 36.4  6.3 17.6 11.2 67.3 20.6133.5  7.4 65.5 37.2 94.3  8.8 16.2           81.5 15.0 41.0 30.5142.4 46.9205.5 17.8139.8 83.0177.5 21.3 38.1           19.8 52.0 35.3163.4 59.0222.1 23.5160.8110.3196.9 28.3 48.5            9.3  6.1 36.3 10.8 74.6  3.9 35.2 20.3 54.2  4.5  8.6           17.0 91.0 28.1164.9 10.0 88.9 53.1134.0 12.0 24.6           65.5 19.8130.9  7.2 63.7 36.1 92.1  8.5 15.6          111.0255.1 42.2211.9165.4238.8 49.3 85.9          176.4 11.7 98.7 60.2145.8 14.0 28.8           84.5253.9223.5268.4 95.8158.6           41.0 24.1 62.2  5.2 10.2          162.8237.2 47.9 83.8          198.7 29.0 49.5           71.6127.7           11.0                            
0923310116 20.7 10.2 30.2  9.6 14.5 13.8 57.8 11.4 32.8 35.9 34.8 15.8 13.9  2.7 31.5           35.5 91.5 30.9 48.3 46.4154.4 39.5 97.2113.9111.5 51.8 46.8  8.7 94.5           54.0 17.0 28.6 27.2 94.4 22.5 58.1 63.0 61.3 27.9 27.5  4.5 56.1           47.5 71.3 68.8187.8 59.5141.8149.2146.7 76.0 69.3 12.9138.7           24.4 23.2 85.1 19.2 51.2 55.7 54.1 26.6 23.5  4.0 49.4           34.1128.8 28.8 76.3 82.0 80.1 38.4 34.4  6.2 73.9          125.4 27.6 73.6 79.3 77.3 36.8 33.0  6.0 71.3          112.2193.5199.6197.5135.0126.1 27.7190.8           63.9 69.1 67.3 31.1 27.8  5.0 61.8          155.7153.3 81.1 74.2 14.1145.3          160.5 87.1 79.9 15.6152.6           85.0 77.9 15.1150.1           37.1  6.8 78.6            6.0 71.9           13.5                            
0923310216181.2 31.5141.3154.5 91.8 97.9188.9 49.1 25.0124.2 22.2201.4177.3166.3159.5           38.1154.6167.0114.7121.5198.1 58.3 27.5138.0 24.8208.8187.8177.9171.6           22.1 24.7 11.6 12.9 43.8  5.5  2.6 16.8  2.4 56.0 35.6 29.7 26.6          124.0 66.0 71.3164.1 32.4 15.2 85.0 13.5180.3149.9137.1129.4           76.9 82.6175.8 39.1 18.9 97.1 16.8190.3162.6150.4143.0           43.5125.2 19.7  8.9 53.7  8.0144.4 99.7 88.0 81.4          132.0 21.9  9.9 58.4  8.8150.9116.5 94.0 87.3           65.9 31.9148.2 28.8213.7194.9185.9180.1            4.0 25.5  3.6 81.6 54.8 46.5 42.0           11.6  1.9 41.5 25.6 23.3 20.6           10.4166.0133.1119.9112.2           37.6 25.6 20.7 18.4          206.3198.8194.0          173.8167.3          155.5                            
0923310316 26.3 28.3 39.3 13.5 70.1 68.2 64.7  7.4 25.1  3.6 53.8 54.7 67.4 27.3 10.4           58.4 77.1 28.4132.0129.5124.7 15.4 48.3  7.8 98.8110.1128.4 51.8 24.4           81.6 30.6137.7135.1130.3 16.8 51.7  8.4114.2115.6134.1 55.3 26.6           42.4162.6160.2155.5 24.4 69.0 11.0139.5141.0159.1 73.4 33.6           74.7 72.7 69.1  8.0 27.4  3.9 57.7 58.6 71.9 26.7 11.3          201.9198.4 42.4121.5 22.6185.6186.8201.2127.3 61.3          196.5 41.0118.9 21.7183.5184.7199.3124.7 59.5           38.6114.2 20.3179.4180.6195.7119.9 56.3           13.2  2.3 31.4 32.0 40.5 14.4  6.2            6.7 89.6 90.8117.9 45.6 20.9           15.9 16.3 21.4  7.3  3.1          166.0182.6 94.6 46.4          183.8 95.9 47.3          123.7 58.8           22.8                            
0923310416160.8 93.5187.7 33.2 20.3 34.2134.2135.2 32.5116.9 38.5 84.5114.7137.6134.7          119.2203.0 40.8 25.6 41.9151.5152.6 39.8133.9 47.0 98.8131.7155.0152.0          147.2 21.4 11.6 22.2 85.8 86.7 20.9 72.4 25.4 55.2 70.8 88.6 86.3           56.0 33.0 57.5179.1180.1 54.8162.0 63.9136.1159.8182.3179.6            3.8  6.8 29.7 30.1  6.5 26.2  7.7 18.5 25.5 31.0 29.9            3.9 17.9 18.1  3.7 14.1  4.4 10.0 13.7 18.7 18.0           30.6 31.0  6.6 27.1  8.0 19.1 26.3 31.9 30.8          126.0 29.0 98.2 34.5 77.3 96.3128.3125.4           29.4 99.1 34.9 78.1 97.2129.4126.5           25.5  7.5 18.0 24.8 30.2 29.2           27.9 64.7 82.0111.3 98.6           21.8 30.1 35.9 34.7           63.2 79.9 77.7           99.2 96.7          128.8                            
09233105 5  2.0  1.3  1.9  5.2                                                                   1.7  3.0  9.0                                                                   1.6  4.1                                                                   8.8                                                                                                                                                                                                                                                                                                                                                                                                                                                                                                                                           
0923310614 27.8 20.9 14.9  7.3  9.4 12.6 13.3 16.7 33.8 24.3 24.9  8.2  2.9                     96.0 76.4 39.0 49.3 67.3 70.2 82.8148.9116.0117.6 43.5 14.9                     56.7 27.5 35.3 49.3 51.6 62.0120.8 81.6 82.9 30.9 10.1                     21.9 29.0 37.0 38.9 47.3 88.9 63.8 64.9 24.9  8.0                     12.5 18.4 19.5 24.5 46.9 31.5 32.1 10.8  3.8                     24.3 25.8 29.0 58.8 40.2 41.0 14.2  4.8                     33.5 40.9 79.0 55.7 56.7 20.9  6.8                     42.9 82.2 58.3 59.3 22.2  7.2                     95.8 69.5 70.7 28.0  9.0                    131.5133.1 52.2 18.5                     91.8 35.3 11.7                     36.0 12.0                      4.2                                                                         
0923310710  4.6  2.9 19.6  8.4 14.3  8.7 26.1  6.3  6.6                                          3.2 21.8  9.4 15.9  9.6 26.1  6.9  7.3                                         12.3  5.5 10.0  5.6 16.3  4.1  4.3                                         36.8 62.2 37.7 95.2 27.8 29.1                                         27.8 16.8 46.8 12.0 12.6                                         28.5 76.8 22.6 23.8                                         48.0 12.3 12.9                                         35.8 37.3                                         10.2                                                                                                                                                                                                                               
0923310816 52.8  3.1  8.8  5.7 12.5 37.8 13.5 27.2 14.0 28.2 22.6 21.5 40.4 65.3 30.1           27.6 67.7 46.6 93.3187.9 98.0164.1110.3166.8143.9140.5192.6222.5171.6            4.0  2.8  6.0 18.5  6.5 12.8  6.7 13.3 10.6 10.1 20.0 31.9 14.3            7.6 17.1 49.5 18.5 36.1 19.2 37.4 27.9 26.7 52.7 82.3 39.8           10.8 33.1 11.6 26.1 12.0 27.2 19.4 18.5 35.5 58.1 26.3           70.8 26.4 53.2 27.3 54.9 41.8 40.0 75.0121.0 58.1           75.0136.4 76.9139.2116.0112.7167.5203.4144.3           56.6 29.3 58.4 44.6 42.8 79.2126.5 61.8           58.2113.3 83.2 80.4141.9181.7118.2           60.1 46.0 44.1 81.3129.0 63.5           85.5 82.7144.7184.3121.1           65.0121.4162.7 89.7          118.0159.4 86.8          207.5149.7          188.7                            
09233109 8  3.1 11.6  4.3  7.2  5.6  2.1  1.6                                                   31.3 11.5 20.2 15.3  5.3  3.4                                                   43.0 66.0 53.9 21.1 12.9                                                   26.0 22.4  7.5  4.7                                                   33.4 11.7  8.0                                                    9.8  6.2                                                    2.2                                                                                                                                                                                                                                                                                                                                        
0923311015  9.5 31.5 43.1 47.7  8.5 33.6 34.9  9.0 26.5 53.9  6.3 28.1 29.4 44.6                23.1 29.6 33.0  5.7 24.9 26.0  6.1 17.3 37.6  4.3 18.3 21.5 30.7                93.2110.8 20.7 76.3 78.8 22.0 57.7121.5 14.9 60.5 68.3 95.6               137.0 29.7 97.7110.6 28.3 76.0148.2 21.3 79.3 88.5131.0                29.9116.0119.2 31.6 82.8157.2 24.0 86.3 95.9140.0                22.2 23.2  5.5 15.5 34.1  3.9 16.4 19.2 27.8                82.9 23.7 61.1126.8 16.0 64.0 72.1110.2                24.7 63.2130.0 16.7 66.2 74.5113.4                16.4 36.0  4.1 17.4 20.4 29.4                91.7 11.2 47.7 54.3 78.2                27.9 95.4116.0151.1                11.8 13.8 22.1                56.9 81.6                90.9                                                
0923311115 49.9179.9 30.1125.4161.3 37.7148.6 88.8193.6 74.8 56.9 98.9 21.8126.8                58.6  6.6 30.1 46.7  8.4 40.1 22.6 69.3 17.6 12.3 26.7  4.4 30.6                35.9139.5174.7 44.7162.5111.0204.9 86.0 66.4122.5 26.7140.9                18.8 28.0  4.9 26.1 12.6 43.3 10.8  7.7 14.8  2.8 19.2               119.8 24.4 97.6 57.8155.1 47.3 34.8 65.8 12.2 79.5                35.2143.0 84.2188.8 70.6 53.4 94.0 20.2121.2                30.0 16.2 53.6 12.7  9.8 19.1  3.4 24.8                74.1177.3 61.6 46.1 83.4 16.8 98.8               126.3 33.4 26.6 47.6  9.0 58.7                99.2 78.1138.1 29.6156.4                20.7 38.6  7.1 48.1                28.1  5.1 35.4                10.6 66.8                12.4                                                
0923311215 25.5 60.7 80.9 61.7 54.2 10.7111.6 12.2 95.9 37.0 75.0122.4 48.4 79.5                20.8 27.6 21.2 17.9  3.5 37.7  3.9 34.8 11.4 25.0 43.3 15.6 27.0                70.3 52.8 46.1  9.7 89.7 11.0 84.3 31.0 64.8 99.2 41.0 69.0                71.4 63.1 13.0124.7 14.8118.4 43.7 85.7135.6 56.6 90.6                46.9  9.9 90.9 10.2 85.5 31.6 65.8110.5 41.7 70.1                 8.4 81.4  9.5 76.3 27.2 58.0 90.6 36.1 61.9                18.5  2.1 16.8  5.5 11.6 21.7  7.4 12.6                21.1142.3 58.2117.3159.1 73.9123.0                19.2  6.2 13.2 24.9  8.3 14.4                54.0111.0153.0 69.0116.7                39.8 65.8 26.5 42.7               128.2 51.9 84.3                82.7133.9                55.5                                                
