0123280111 74.6 65.1  9.3  7.7 28.3 35.1 58.0 17.3 33.8 14.8                                   127.7 20.7 16.9 60.4 72.4117.5 36.7 70.2 32.2                                    17.1 14.0 52.2 63.1 95.7 31.1 61.1 27.2                                     2.1  7.1  8.9 14.7  4.1  8.6  3.6                                     5.9  7.4 12.0  3.4  7.1  3.1                                    27.2 46.1 13.0 26.2 11.2                                    56.1 16.5 32.6 14.2                                    27.1 54.2 26.2                                    15.9  6.8                                    13.6                                                                                                                                                                                  
01232802 9  8.6 13.6 18.6 19.7 48.8 16.2  9.3 62.1                                               3.4  4.4  4.7 12.0  4.0  2.4 16.3                                               7.5  7.9 21.2  6.6  3.6 25.9                                              10.7 26.2  8.9  4.8 34.3                                              27.5  9.3  5.0 36.0                                              25.4 13.1 85.6                                               4.3 30.4                                              17.7                                                                                                                                                                                                                                                                                 
0123280314 51.8 18.4 13.1  9.4 30.3 70.0 11.5 27.7 32.3 77.7 44.9 69.6 26.3                     32.6 26.1 16.9 50.2123.4 22.9 46.5 58.3133.8 77.8122.8 44.5                      8.5  5.7 17.7 45.5  7.5 16.2 21.3 51.1 28.0 45.1 15.3                      4.3 12.6 33.7  5.5 11.5 15.1 38.2 22.0 33.5 10.9                      9.1 24.7  3.8  8.3 10.8 28.5 14.2 24.5  7.9                     68.0 11.1 26.6 31.2 75.5 43.4 67.5 25.3                     30.0 63.4 78.0162.3111.0151.2 60.9                     10.1 13.2 34.0 19.3 29.8 10.6                     28.7 70.6 40.2 63.0 23.1                     86.2 50.7 77.5 30.4                    121.1161.7 67.9                    110.4 38.4                     60.5                                                                         
0123280416 57.8157.1 30.0 42.7 39.8114.3 71.9115.4 70.9 23.0174.7 55.1166.1 61.5124.2           69.1 10.7 15.9 14.6 43.6 30.2 44.2 29.7  8.2 82.0 21.5 75.4 24.6 48.8           36.7 51.7 48.3131.1 84.8132.3 83.8 28.9191.3 65.9183.0 73.2141.3            8.3  7.7 23.8 14.1 24.2 13.8  4.2 44.9 10.1 40.7 11.5 27.3           10.3 31.7 21.0 32.1 20.6  5.9 62.4 15.0 56.9 17.1 35.7           29.4 19.3 29.9 19.0  5.5 58.4 13.8 53.2 15.8 33.2           55.0 83.5 54.2 16.4148.8 41.4140.0 46.5 90.7           55.7 34.5 10.7 99.3 28.4 92.0 29.3 61.3           54.9 16.7150.1 42.0141.2 47.2 91.7           10.6 98.2 27.9 90.9 28.8 60.5           32.4  7.8 29.2  8.8 18.7           78.5199.4 86.6159.2           72.1 23.2 46.4           79.8150.3           52.1                            
0123280514123.3 48.0 98.0 81.2133.9 18.1 49.4 68.9128.7 52.8 90.1 59.7 24.0                     39.1 83.5 68.0116.6 14.2 40.2 57.1111.6 43.1 76.1 49.1 18.8                     32.2 27.5 44.4  5.1 14.4 21.9 41.8 15.6 28.7 18.2  6.5                     57.3 92.2 11.4 33.2 47.7 88.0 35.7 64.6 40.7 15.1                     75.9  9.6 28.5 37.5 72.0 27.7 51.6 31.8 11.4                     16.5 45.6 64.1122.0 48.9 84.5 55.4 21.8                      5.2  7.7 15.4  5.6 10.1  6.5  2.6                     22.7 43.0 16.1 29.5 18.8  6.7                     60.7 24.6 42.7 28.8 10.1                     46.0 80.4 52.3 20.3                     31.8 20.4  7.3                     36.4 13.2                      8.4                                                                         
0123280616 42.1 57.6 14.8 55.1 70.5 30.0 10.8 35.5 75.7 96.3 63.9149.0 54.3112.4 43.1           38.5 10.1 36.7 48.2 20.8  6.8 25.1 52.1 68.8 43.1114.5 36.1 73.7 28.2           13.3 50.6 65.2 27.3  9.7 32.4 70.1 90.0 58.9141.5 49.9 95.7 39.4           12.6 17.3  7.0  2.6  8.4 19.0 27.2 15.2 42.3 12.4 26.9 10.4           62.5 28.8  9.2 30.8 67.2 86.7 56.3137.5 47.6 92.3 37.6           34.6 11.4 40.7 84.6116.9 72.0160.3 61.6123.5 49.3            4.8 17.0 37.6 50.7 30.8 80.8 28.3 54.8 21.4            5.7 12.6 17.8 10.0 29.3  9.1 19.6  7.0           44.2 59.1 36.4 91.8 30.3 63.5 25.8          123.7 77.2167.0 66.3130.3 53.3           98.0190.3 85.6155.7 70.2          151.0 55.5114.3 44.1          136.2196.0116.4           91.2 37.0           75.2                            
0123280714 31.0 22.8 17.1 48.1 14.5 60.7 69.6 25.1 41.1 11.2 57.5 30.0 83.6                     17.3 13.1 38.1 11.1 48.5 56.1 19.0 32.3  9.5 45.8 25.5 68.3                      9.5 28.7  8.1 33.7 39.3 12.5 23.8  6.4 31.7 16.7 48.7                     21.6  6.2 28.7 30.6 10.4 17.9  5.0 26.8 12.6 38.1                     18.2 72.6 82.5 28.4 50.0 14.1 69.0 36.8 98.0                     24.2 28.9  8.9 15.1  4.3 22.6 10.7 32.8                    110.1 36.6 62.9 18.7 84.9 47.0128.5                     42.7 72.0 22.3 95.8 54.4141.8                     26.2  7.0 34.5 18.3 52.7                     11.7 59.6 31.2 86.3                     17.4  9.1 28.6                     44.4123.4                     66.4                                                                         
0123280814 27.3 53.4 23.5 14.9 47.9121.8 57.0 32.0124.8 85.8 39.3 88.5120.6                     14.7  6.0  4.1 12.9 35.8 16.0  9.0 37.1 27.6 10.3 28.9 35.3                     11.5  8.1 28.0 67.8 30.8 17.5 70.0 49.4 22.2 51.3 67.0                      3.4 10.1 28.6 12.4  7.1 29.7 21.4  8.9 22.4 28.2                      7.2 20.2  8.8  4.7 21.0 13.6  5.8 14.2 19.8                     61.2 27.4 15.4 63.3 44.3 19.4 46.0 60.5                     72.2 41.7147.1115.1 50.8118.3142.9                     19.0 74.4 52.9 24.1 54.9 71.3                     43.2 29.4 12.2 30.6 41.1                    118.1 52.6121.3145.9                     36.2 83.0114.0                     37.7 50.2                    117.2                                                                         
0123280914 14.4  6.6 59.5 34.9 13.4 64.2 63.8 33.5 33.1 17.0 36.3 76.6 79.5                      3.0 27.3 16.0  6.1 29.8 29.6 15.3 15.1  7.6 16.7 36.8 38.6                     12.4  7.3  2.9 13.6 13.5  7.0  6.9  3.4  7.6 17.3 18.2                     64.6 28.3117.4116.8 62.3 61.7 31.6 66.8134.1137.8                     14.9 69.6 69.2 36.8 36.3 18.9 39.8 82.6 85.6                     27.9 27.7 14.2 14.0  7.1 15.5 34.5 36.1                    123.6 67.2 66.5 34.5 71.8141.1144.8                     66.8 66.1 34.2 71.4140.5144.2                     34.9 18.0 38.2 79.9 82.9                     17.8 37.7 79.1 82.1                     19.7 42.4 44.3                     85.0 88.1                    161.4                                                                         
0123281012 59.3 20.9 29.0 89.4 85.2 80.5133.9 67.5 28.3 54.3129.7                                5.5  8.4 27.7 26.0 26.6 43.9 20.8  8.2 15.6 41.7                                2.8  9.5  8.8  8.2 14.4  6.5  2.7  5.0 13.6                               13.3 12.4 11.4 22.5  9.9  3.8  7.5 21.1                               42.9 40.0 69.0 32.3 12.9 27.8 66.0                               37.6 65.4 30.3 12.0 25.8 62.5                               61.4 28.1 11.1 23.7 58.6                               50.6 21.9 39.9 95.0                                9.6 18.5 48.1                                7.3 20.6                               37.9                                                                                                                                          
0123281114 96.9 66.6134.6 52.8110.2 22.3 41.6 40.3118.7 28.1 45.9 28.4 20.3                     76.1148.2 60.9123.1 26.6 48.3 46.9131.8 30.0 53.1 30.3 24.2                     99.1 39.4 78.9 15.8 30.7 29.7 85.8 19.8 34.0 20.1 14.4                     81.2152.0 34.3 65.6 63.9161.0 41.9 71.6 42.3 31.5                     63.4 11.9 25.7 24.8 69.3 14.9 28.8 15.1 10.9                     28.0 50.4 48.9135.7 31.3 55.3 31.7 25.5                      9.9  9.6 31.5  6.0 10.1  6.0  4.5                     18.7 55.4 11.3 21.7 11.4  9.1                     53.8 10.9 20.9 11.0  8.8                     34.8 60.7 35.2 28.6                     12.6  7.4  5.5                     12.8 10.1                      5.5                                                                         
0123281214 26.4 25.0 11.1 12.5 28.5 17.9 14.1 16.6  8.0  5.8  9.6 27.2 10.5                     77.1 39.6 43.8 84.7 59.4 48.7 56.1 29.5 20.3 31.8 82.0 37.6                     37.7 41.8 81.4 56.8 46.5 53.6 27.9 19.2 30.3 78.8 35.8                     21.4 42.2 30.9 24.2 28.8 12.4  9.5 14.9 40.6 17.9                     46.7 31.0 27.2 32.3 13.9 10.6 16.7 44.9 20.1                     63.0 51.8 59.5 31.8 21.8 34.0 86.5 40.1                     34.7 40.3 19.9 13.7 24.1 60.8 29.1                     32.5 15.7 10.8 18.9 49.9 22.8                     18.6 12.8 22.4 57.4 27.1                      6.3 10.7 30.4 11.7                      7.5 20.9  8.9                     32.7 14.0                     38.5                                                                         
0423380115119.5197.0226.4 78.5235.8142.0212.7209.4150.1135.5209.4171.4234.8 45.5                26.1 49.7  5.6 65.9 11.5 35.7 33.2 13.0 10.5 33.2 18.2 63.7  3.1               128.4 17.2152.5 35.1 93.1 88.4 39.0 32.3 88.4 51.6149.6  9.4                31.9196.1 64.5152.0146.6 70.7 60.0146.6 88.9193.8 17.8                43.6  7.7 24.6 22.7  8.6  7.0 22.7 10.9 42.0  2.2                83.5174.7169.8 90.5 78.2169.7121.5210.5 25.7                47.4 44.3 18.2 14.6 44.3 25.5 81.0  4.0               120.4 52.4 43.8120.3 67.8172.0 12.1                49.0 40.9114.9 63.8167.0 11.1                16.5 49.0 25.9 87.9  4.5                40.8 23.2 75.8  3.7                63.8167.0 11.1               118.5  6.1                24.6                                                
0423380213 22.9 18.0 25.8 21.4 10.7 25.8 59.9 61.0 36.2 13.9  4.1  4.3                          36.6 53.7 42.3 25.1 53.9117.6119.1 71.9 29.1  9.1  9.4                          44.3 34.5 19.8 44.4 92.6 94.0 60.2 25.9  7.3  7.5                          50.9 28.0 64.1132.7134.3 84.0 35.5 10.3 10.6                          23.4 51.0113.0114.5 68.4 27.4  8.5  8.8                          28.1 64.2 65.3 39.2 15.3  4.5  4.6                         133.0134.5 84.2 35.6 10.3 10.7                         195.7158.4 78.0 27.7 25.8                         159.9 79.3 25.5 26.3                          49.1 15.0 15.5                           5.7  5.9                           2.1                                                                                                       
0423380315 28.4 57.4  9.3 20.7 17.7 56.9 23.8130.4 92.9 27.5 67.9 53.6 57.6 21.5                41.5  6.5 14.0 12.0 41.1 16.1 92.8 70.3 18.6 49.6 38.5 41.6 14.6                14.2 31.4 30.1 85.2 35.5170.8141.3 40.3 99.1 80.8 86.1 32.5                 4.9  4.3 14.1  5.5 35.1 27.1  6.3 17.5 13.1 14.3  5.0                 9.7 31.1 11.8 74.1 54.7 13.6 37.9 29.1 31.5 10.7                29.8 10.1 65.8 48.1 11.6 33.0 27.7 30.3 10.1                35.2170.0140.5 39.9 98.4 80.2 85.5 32.2                82.1 61.3 15.6 42.7 33.0 35.7 12.2               215.4 90.7186.3164.4171.1 76.2                68.4157.5134.8141.6 56.5                48.2 37.4 40.4 14.1                93.7 99.3 39.1                81.1 30.1                32.6                                                
0423380418248.1253.8254.4258.5 69.9186.6178.2241.1260.3276.4237.4153.5174.8225.0173.1213.3169.0144.0145.3154.3 15.0 56.5 51.3120.5158.4205.9114.8 38.8 49.4 89.1 48.4 77.2 46.3156.7165.6 17.4 63.7 58.0131.7169.6215.2125.8 44.1 55.9 98.4 54.8 85.9 52.4166.9 17.7 64.5 58.8133.0170.9216.3127.1 44.8 56.7 99.6 55.6 87.0 53.2 20.0 70.7 64.6142.0179.6223.1136.0 49.5 62.3118.1 61.1 94.3 58.6  5.8  5.2 12.8 21.1 36.0 11.8  4.0  5.0 10.3  4.9  8.5  4.7 20.9 49.4 73.6126.8 46.3 15.1 20.0 37.6 19.5 31.5 18.5 44.8 67.3118.0 41.9 13.4 17.8 33.9 17.4 28.3 16.4146.0195.2 93.9 33.6 43.0 79.4 42.2 68.4 40.2226.1140.1 51.7 65.0122.0 63.8 97.7 61.1189.8 86.4114.7172.4113.0157.3 99.2 31.3 40.2 75.0 39.4 64.3 37.6 12.8 27.6 12.5 22.6 11.9 32.5 16.6 30.1 15.7 31.8 53.0 30.3 29.3 15.3 27.8   
0423380513 37.3 35.1 24.9  8.6 42.6 14.5 31.2  3.6 53.1  8.7 48.8 24.5                          82.7 62.9 23.4 95.7 37.4 75.6 10.0122.7 23.8115.7 62.1                          59.6 21.7 91.5 35.1 71.9  9.3117.9 22.1111.0 58.8                          14.7 70.6 24.9 53.7  6.4 84.9 15.0 79.1 43.1                          24.6  8.6 19.0  2.3 31.4  4.9 28.5 14.5                          42.7 84.0 10.5132.9 24.9125.9 69.7                          31.3  3.6 53.2  8.7 48.8 24.5                           8.2 99.4 19.3 93.2 53.0                          13.8  2.4 12.4  6.3                          31.8143.5 84.0                          28.9 14.7                          78.2                                                                                                       
0423380618137.8 77.7 67.1 90.2 64.4 10.9202.4 88.0 85.6184.1 21.3 76.2117.8161.2 64.9 40.4 63.1110.9 88.7125.9 85.6 16.2220.1123.3120.5205.4 28.3 99.1145.2185.9 86.2 56.1 84.1 49.2 68.6 47.1  8.2180.7 66.7 64.7159.4 14.4 56.7 83.7134.5 47.5 28.6 46.1 58.8 39.7  6.8168.0 57.0 55.2145.7 11.7 48.1 72.5120.5 40.0 26.2 38.8 56.3 10.2193.3 78.2 76.0173.6 17.9 67.2 96.6149.6 56.8 34.8 55.2  6.4164.6 54.6 52.9142.0 11.1 46.0 69.8116.9 38.2 24.8 37.0 39.6  9.8  9.4 29.5  2.3  8.0 12.2 23.0  6.5  4.0  6.3191.2188.9241.7 67.8179.0207.6232.0165.2125.5162.9 74.0171.2 17.2 65.3 94.3147.0 55.1 33.6 53.5168.7 16.5 63.3 91.9144.2 53.3 32.4 51.8 52.3157.5190.2220.5142.7 93.6140.3 14.0 23.8 38.4 11.2  7.0 10.8 82.1132.6 46.4 27.9 45.0168.1 70.3 44.3 68.4117.5 72.9115.1 25.1 37.3 24.2   
0423380715 67.5 41.5 14.4 31.3 53.4147.9 27.2156.1 69.5 34.8154.8 61.5 51.9 97.3                30.4 10.0 22.0 35.9113.4 17.0121.4 47.8 24.8120.1 41.8 34.8 69.9                 5.7 12.2 22.6 68.0 10.4 73.9 28.3 13.7 72.9 26.9 21.8 43.2                 4.3  7.5 26.4  3.5 29.5 10.4  4.8 29.0  8.9  7.3 15.1                16.4 52.8  7.6 57.8 22.9 11.0 56.9 19.5 15.8 32.6                84.7 12.7 91.4 37.1 18.4 90.3 32.2 29.5 55.5                42.4198.7116.2 58.1197.6 95.5 82.6151.3                46.6 17.6  8.5 45.9 15.1 12.2 28.5               124.2 63.4204.6112.8 89.2159.6                25.8122.8 43.2 35.9 72.0                62.5 22.0 17.8 36.2               111.5 88.1158.2                31.2 63.8                53.9                                                
0423380815 41.8194.0196.7188.8138.5140.6185.2142.9205.3207.7167.4144.5 93.0 39.5                15.4 16.4 13.6  6.2  6.4 12.6  6.6 20.8 22.3  9.9  6.8  3.7  1.8               133.5121.7 61.6 63.1116.7 64.9147.9152.2 86.4 66.1 38.9 14.4               125.9 64.7 66.3121.0 68.1151.9156.2 90.1 69.4 41.1 15.4                56.2 57.7 99.3 59.3140.5145.0 79.9 60.5 35.1 12.8                26.7 52.9 27.6 76.2 80.0 39.8 28.3 16.3  5.8                54.3 28.5 78.0 81.8 40.9 29.1 16.9  6.0                55.9135.7140.2 75.8 57.0 32.8 11.8                79.9 83.8 42.2 30.1 17.5  6.2               169.3113.5 81.3 49.7 19.4               118.1 85.3 52.7 20.9                43.1 24.0  9.2                18.0  6.4                 3.5                                                
0423380913 62.1 36.3 41.6 96.7124.5 94.1122.5 35.5165.3130.8207.3 85.2                           5.6  6.5 17.3 22.4 16.6 21.8  5.5 34.5 24.5 59.5 14.3                           3.7 10.1 11.8  9.7 11.5  3.2 20.7 12.9 34.6  8.4                          10.7 13.8 10.3 13.4  3.6 24.2 15.0 39.8  9.8                          36.3 27.8 35.4  9.8 58.2 39.2 93.4 26.7                          35.0 44.3 11.5 71.0 48.7120.6 30.6                          34.2  9.5 56.3 37.8 90.9 25.6                          11.2 69.6 47.7118.7 29.9                          20.1 12.5 33.8  8.2                          75.8161.5 49.9                         127.0 33.2                          82.1                                                                                                       
0423381015 48.5 78.7143.7 42.0 14.8115.4115.5 31.8 74.3180.8165.7115.6 29.2171.7                26.0 49.9 11.6  4.1 35.2 35.2  9.4 23.9 77.1 64.6 35.3  8.5 69.3                80.7 21.9  7.3 59.6 59.7 15.9 38.6126.2 99.9 59.7 14.4116.2                43.4 15.3117.8118.0 32.9 76.2182.9168.0118.0 30.1174.0                 3.5 30.3 30.3  7.9 20.2 68.2 56.7 30.4  7.2 61.0                10.2 10.2  2.8  6.8 27.1 21.3 10.2  2.6 23.4                82.7 24.9 55.9156.7140.4 82.8 22.5146.8                24.9 56.0156.9140.5 82.9 22.6147.0                14.6 53.2 43.7 24.9  5.4 47.2               120.6 95.0 56.0 13.3110.7               201.1156.9 49.1205.8               140.6 40.2193.3                22.6147.0                43.5                                                
0423381114 11.5  2.5 18.8  7.3 12.7 10.2 12.5 10.2  8.4  5.2 20.0  3.9  4.1                     17.3121.1 52.2 86.0 73.7 85.1 68.6 58.6 38.6125.4 28.2 30.4                     28.4 10.8 19.1 15.3 18.8 13.9 11.3  7.7 27.1  5.5  6.0                     76.0128.0112.6126.8 96.3 84.2 58.0159.9 43.4 46.6                     56.4 47.1 55.7 43.4 36.4 25.4 79.4 17.8 19.3                     79.0 90.8 73.7 63.2 42.0132.2 30.8 33.2                     78.1 62.5 53.1 34.7116.8 27.9 27.2                     72.8 62.4 41.4131.1 30.3 32.7                     49.0 31.8110.1 25.3 27.5                     26.4 87.7 20.6 22.4                     60.9 12.4 13.5                     45.7 49.0                     10.5                                                                         
0423381217216.6207.6209.3169.9 87.5130.3241.0 70.5153.8213.9185.3212.4 54.1217.8184.7216.2     120.5122.8 71.8 29.5 45.6179.8 24.4 59.9129.5 85.2127.3 17.2135.6 84.7133.1      99.9 62.4 27.6 38.9167.7 20.2 51.6116.5 74.8114.3 14.3122.5 74.3120.0      63.9 28.5 40.0169.9 20.9 53.0118.7 76.5116.6 14.8124.7 76.0122.3      14.4 23.8123.2 10.6 29.7 68.7 45.1 67.2  8.4 73.3 44.8 71.4       9.0 53.0  4.3 11.4 28.0 18.4 27.2  3.3 30.2 18.2 29.3      77.5  6.7 18.7 43.4 27.2 42.3  4.9 46.7 27.0 45.3      41.0 97.1176.1140.2174.1 30.3181.6139.5179.4       9.3 23.0 13.5 22.3  2.6 25.1 13.4 24.2      57.2 36.8 55.8  6.7 61.2 36.5 59.6      81.8123.2 16.3131.4 81.3129.0      80.1 10.6 86.8 54.7 84.8      15.8129.3 79.6126.8      17.7 10.5 17.1      86.3135.1      84.3             
1023380111  5.2  4.3 11.4 20.9 17.4  6.6  7.1 22.1  6.1 24.3                                     4.5 12.0 22.0 18.3  6.9  7.4 23.2  6.4 25.5                                    10.7 17.7 14.8  5.6  6.1 18.7  5.3 20.6                                    47.3 40.4 15.5 16.8 49.5 14.4 53.5                                    66.7 28.6 30.9 79.7 26.5 85.2                                    23.8 25.7 69.6 22.0 74.7                                     9.5 30.2  8.2 29.7                                    29.3  8.8 31.8                                    28.0 88.6                                    30.8                                                                                                                                                                                  
1023380214121.3 93.4 29.6 17.5 62.8 87.8 28.4 61.6 42.7 44.2141.7 58.5 69.7                     92.8 29.3 17.3 62.3 87.2 28.2 61.2 42.3 43.9141.0 58.1 69.2                     25.2 13.3 50.4 72.3 24.1 49.4 33.7 34.9121.6 46.8 56.4                      3.9 14.5 23.0  6.5 14.2 10.1 10.5 37.5 13.3 16.7                      8.6 12.2  3.8  8.4  5.6  5.8 22.8  7.9  9.8                     46.7 13.9 30.7 22.1 23.0 76.8 29.0 35.5                     22.0 45.8 31.0 32.2115.0 43.3 52.4                     13.6  9.7 10.1 36.1 12.8 16.0                     21.6 22.5 75.5 28.4 34.7                     14.4 53.4 20.2 25.3                     55.2 21.0 26.4                     71.9 84.7                     32.8                                                                         
1023380316145.9 90.2129.6187.3196.1168.8170.9 64.0 61.4147.7 29.0147.2169.3 31.3 57.4           50.4 71.1133.8144.1113.9116.0 33.5 31.9 85.2 13.3 84.8114.3 16.2 29.5           41.6 80.3 88.7 65.3 66.8 19.5 18.5 51.4  7.6 51.1 65.6  9.3 17.0          117.6127.8 89.5 91.3 27.3 28.9 72.4 10.6 72.0 89.9 12.9 26.4          185.7157.1159.2 56.1 53.7135.6 24.4135.0157.5 26.9 50.0          167.1169.1 62.8 60.2145.9 28.3145.4167.5 30.6 56.2          139.2 44.5 42.5115.6 18.4115.1137.5 22.5 39.4           45.6 43.6117.7 19.0117.2139.6 23.2 40.5           11.5 34.2  4.9 34.0 44.7  5.9 10.6           32.7  4.7 32.5 42.7  5.6 10.0           13.6 86.2116.0 16.6 30.2           13.5 18.5  2.6  4.4          115.5 16.5 30.0           22.7 39.6            5.2                            
1023380418  9.0 37.7 17.6 13.7  6.2 11.7 60.5 22.5  6.3 11.6  2.6 30.0 57.7 26.5 22.9 29.1 13.3 89.0 44.6 35.8 16.2 31.1137.6 54.4 16.7 30.9  6.3 74.2133.2 62.0 55.1 66.4 34.9153.0134.7 67.0123.6235.8169.9 68.6123.0 26.9195.8233.6180.8171.0186.6132.7 68.1 31.5 60.5191.3 96.4 32.4 60.1 12.1134.4187.5117.4 97.4123.6 66.8 27.7 49.2174.8 81.2 28.5 48.9 10.3116.2170.7 90.8 82.1 96.2 54.6 23.6 99.5 39.0 11.3 23.4  4.4 54.7 95.8 44.9 39.6 48.4 26.9164.1 72.6 24.3 42.9  8.9 95.9159.9 81.7 73.5 86.9 48.1205.4111.5163.6 44.4225.4251.3214.1206.3218.5172.9 40.0 72.2 15.3151.7202.0134.6124.0140.9 79.7 24.1  4.5 56.0 97.6 46.0 40.6 49.6 27.7  8.8 95.4159.3 81.2 73.1 86.4 47.8 23.0 42.2 18.1 15.6 19.8 10.1222.7163.3152.8169.4114.3211.0202.9215.5168.8135.7152.7 89.2142.1 80.6 94.6   
1023380516 16.2 10.4 12.6  6.8 10.4  8.5  7.4 13.6 24.5 18.0  4.0  3.2 21.4 21.6 19.3           62.7 78.1 43.5 67.8 53.2 46.9 82.6131.4 99.5 27.9 20.6121.7122.5114.3           51.0 29.7 43.5 33.3 29.0 54.5 84.7 67.7 16.1 11.9 77.1 77.7 71.4           34.8 55.5 42.9 37.6 68.5112.9 83.8 21.5 16.0 94.3 95.0 87.9           29.3 24.1 20.7 37.3 60.8 47.3 10.3  8.5 54.6 55.1 50.1           36.4 31.8 59.1 90.8 73.1 17.8 13.2 82.9 83.5 76.9           26.4 45.9 73.1 57.7 13.1 10.7 66.1 66.7 61.0           40.3 65.1 50.9 11.2  9.3 58.6 59.1 53.9          118.5 88.5 23.3 17.3 99.3 99.9 92.7          138.7 36.4 27.9151.5152.2143.8           27.7 22.8129.0129.7121.4            4.8 32.4 32.7 29.5           27.2 27.5 24.5          142.5134.0          134.8                            
1023380616122.0122.0 59.8 40.8 29.0 23.6 15.4 41.7  7.9 35.4 38.8 51.8 15.2  9.1 71.0          246.4202.4171.3134.6119.5 82.0173.1 44.6159.4167.1191.0 81.5 50.2215.7          202.4171.3134.6119.5 82.0173.1 44.6159.4167.1191.0 81.5 50.2215.7           97.0 68.3 58.2 40.7 98.7 21.8 87.1 93.4127.1 40.4 25.2156.7           47.2 39.6 30.1 71.6 13.8 62.0 67.2 86.2 29.8 15.9122.7           28.0 18.2 48.3  9.3 41.1 45.0 59.6 18.1 10.7 80.5           14.8 40.5  7.7 34.4 37.6 50.4 14.7  8.8 69.2           27.7  5.2 25.5 28.3 34.9 10.6  5.9 49.2           14.1 63.3 68.5 87.8 27.5 16.3124.5           11.7 13.0 18.3  5.1  3.1 27.3           59.2 76.9 25.3 13.5111.0           82.8 28.1 15.0118.4           34.7 21.1143.6            5.8 48.9           28.3                            
1023380718 33.1 87.0 61.5 65.0 46.0 91.5 66.0 12.4 29.6 17.2 99.9 51.3 22.9 37.5 22.4 11.1 10.4130.3 87.9 92.3 67.8135.9 93.5 19.9 41.0 27.7146.1 74.9 32.8 56.3 32.2 17.7 15.0186.8192.0159.8223.3193.3 53.7112.9 69.9231.1169.9 86.5141.4 85.2 48.8 42.4156.7123.9192.1158.1 36.2 74.3 48.2201.5133.9 61.1 96.9 60.0 32.7 31.2129.3197.2163.7 38.5 78.3 51.1206.4139.4 64.6111.8 63.5 34.8 30.0165.4130.7 29.0 56.4 35.5175.5 97.8 45.7 75.6 44.8 25.8 21.9198.5 57.0118.2 73.8235.2175.5 91.0147.0 89.6 51.8 45.1 39.1 79.3 51.9207.6140.8 65.5113.1 64.4 35.4 30.5 15.8 10.2 63.3 29.7 12.3 22.9 12.0  6.7  5.8 21.9128.1 62.6 29.3 46.4 28.7 14.1 12.0 81.3 39.8 17.0 32.0 16.7  9.1  7.8185.4 99.4157.3 98.0 57.7 50.4 51.0 83.1 50.1 29.5 25.0 37.3 22.2 11.0 10.3 36.6 20.4 17.3 10.7 10.1  5.3   
1023380813 10.4 11.3  2.1 12.0  8.2  9.4  8.3 10.5  9.9  6.9  6.3 15.4                          55.6  9.1 58.5 38.9 43.8 39.2 52.2 45.8 33.3 30.3 70.4                           9.9 62.5 41.9 47.1 42.2 55.9 49.2 36.0 32.7 74.9                          10.5  6.6  7.5  6.6  9.2  7.9  5.6  5.1 12.2                          44.2 49.6 44.6 58.8 51.9 38.0 34.6 78.4                          32.5 29.0 39.2 34.1 27.1 24.3 54.0                          32.8 44.1 38.5 27.8 28.0 60.3                          39.5 34.4 27.4 24.5 54.5                          46.1 33.6 30.5 70.8                          29.2 26.4 62.9                          20.3 46.8                          42.7                                                                                                       
1023380917128.6125.8110.6147.6 21.6116.6 36.8 89.8 90.3 51.7162.4171.8173.8 71.8186.7 49.9      75.3 64.1 92.6 11.5 68.4 22.4 55.9 56.3 29.8116.0125.4127.5 43.1141.3 28.7      62.3 90.3 11.1 66.5 21.5 54.3 54.6 28.8113.4122.7124.8 41.7138.5 27.7      77.8  9.9 56.2 17.4 45.5 45.7 26.0 89.7 97.8 99.6 34.6122.9 24.9      14.8 82.7 29.1 68.5 68.9 37.5134.8144.4146.5 53.5160.3 36.1      10.7  3.1  8.4  8.4  4.3 18.2 20.7 21.3  6.2 25.8  4.1      18.9 48.8 49.1 28.3 94.9113.5115.5 37.3129.1 27.1      14.6 14.7  7.9 31.5 35.4 36.3 10.7 42.8  7.6      39.4 21.8 79.6 87.2 88.9 29.7110.6 20.9      22.0 80.0 87.7 89.4 29.9111.1 21.1      44.7 49.9 51.1 15.9 59.5 10.1     159.3161.4 62.9174.8 43.1     170.8 69.6183.8 48.2      71.0185.7 49.3      81.5 15.3      57.5             
1023381015145.2 34.2154.7 29.3131.8155.3133.8 27.2138.9 31.0 70.7 29.8114.4112.4                35.8158.6 30.9135.7159.2137.7 28.6142.8 32.4 73.5 31.2118.2116.1                39.9  5.6 30.6 40.2 31.3  5.3 33.3  6.6 15.5  6.3 27.1 26.3                31.1145.1168.5147.1 29.1152.3 36.2 80.5 34.9127.3125.3                25.8 31.4 26.6  4.2 28.4  5.1 11.8  4.9 20.4 19.8               145.7124.4 23.9129.4 30.7 64.2 29.4 95.9 94.2               147.8 29.3152.9 36.5 81.0 35.1127.9125.9                24.6131.5 28.3 65.6 30.2 97.6 95.9                26.3  4.8 10.9  4.6 18.9 18.4                30.1 69.0 29.0112.2110.2                13.9  5.7 24.2 23.5                13.3 53.2 52.0                23.2 22.6                80.0                                                
1023381110 48.3 49.8 35.2 26.1 12.3 12.2 49.9  9.2 23.5                                         52.0 36.9 24.8 13.0 12.9 52.2  9.7 24.8                                         38.1 25.7 13.5 13.4 53.7 10.1 25.8                                         18.9  9.9  9.9 38.2  6.8 17.0                                          6.5  6.4 25.8  4.5 10.9                                          3.3 13.5  2.5  5.9                                         13.5  2.5  5.9                                         10.1 25.9                                          4.1                                                                                                                                                                                                                               
1023381212 46.1 50.0 78.4 28.4 19.7114.0 19.2 51.0 82.2 13.0 45.6                               27.7 46.2 14.3 10.0 64.9 10.8 28.3 48.9  7.4 27.7                               50.0 15.8 11.0 69.8 10.8 30.9 52.9  8.1 27.3                               28.4 19.7114.1 19.2 51.0 82.3 13.0 45.6                                5.8 37.4  5.7 16.1 27.3  4.0 14.1                               27.1  4.1 11.3 21.1  3.1 10.9                               26.5 71.1118.9 19.9 64.2                               11.0 20.6  3.0 10.6                               54.0  8.3 27.9                               13.9 48.3                                7.3                                                                                                                                          
