0623270116 56.5  4.2 63.8 75.4132.5 50.2  7.2 60.4 15.5 46.5 76.2 18.7 66.6 58.5 25.1           11.1138.6152.7193.2119.1 20.2134.0 40.8113.2153.7 47.5142.2131.4 59.6           13.1 16.5 32.3 10.5  1.8 12.1  3.0  9.6 16.8  3.5 13.9 11.6  4.4          161.9199.4129.2 23.8143.9 46.6123.4162.9 54.1151.9141.4 67.2          207.2143.7 26.7157.7 56.1137.9175.2 64.6165.2155.3 79.0          186.8 53.2196.6 97.4182.6207.7118.8201.4195.0136.8           17.3124.5 35.8 94.3144.7 42.0132.9121.9 53.1           22.1  4.9 15.8 27.1  5.9 25.3 21.2  7.7           43.8118.6158.6 51.0147.5136.8 63.6           33.1 56.9 12.5 48.9 42.4 16.6          139.0 38.8127.0116.0 49.3           65.3166.1156.3 79.9           56.6 49.3 20.1          145.0 70.1           61.7                            
0623270216 17.2 55.0 57.8 58.0 26.5 27.8 23.8  3.5 29.2 39.3  4.6 82.9 11.4 65.5 66.6           75.1 78.4 78.6 38.3 40.1 31.6  5.1 42.1 55.4  6.8117.5 17.3 87.5 88.7          172.8173.0116.1119.5 92.7 18.1123.2144.8 24.6197.2 55.5181.6182.7          176.4120.2123.5 96.3 19.3127.3148.7 23.6199.8 58.3184.7185.8          120.4123.8 96.5 19.4127.5148.9 23.7199.9 58.4184.9186.0           62.1 50.1  8.5 64.9 82.1 10.4152.2 26.7130.9132.4           52.2  9.0 67.4 85.0 10.9155.3 28.0134.2135.7            6.9 54.7 70.5  9.2138.2 24.0116.5118.0            9.5 12.0  1.8 28.4  3.6 22.9 23.4           88.2 11.6158.8 29.5138.0139.4           16.2177.7 39.6158.8160.2           37.0  4.6 27.5 28.1           83.5206.1206.9           66.0 67.2          193.5                            
0623270316 88.2 93.0 14.2123.7 91.1 63.5 82.5 77.7 33.5 10.5 55.8 44.2114.3 38.2 87.4          115.1 17.2136.9113.0 73.2 93.6 88.5 39.5 12.6 64.8 51.8127.5 45.0 98.7           18.7142.6118.5 77.6 98.6 93.4 42.4 13.7 68.9 55.3133.2 48.2114.1           25.7 18.1 10.8 15.5 14.3  5.7  2.2 10.2  7.7 22.4  6.6 16.9          140.4 95.9130.1124.1 55.1 18.9 86.2 70.6154.9 62.2136.0           75.9 96.7 91.5 41.3 13.3 67.3 53.9131.0 47.0112.0           68.0 63.8 26.3  8.9 44.8 35.0 87.8 30.1 72.4           82.8 36.3 11.5 60.0 47.7120.6 41.4 92.8           33.6 10.5 56.1 44.4114.8 38.4 87.7            4.4 24.8 18.6 49.4 15.7 39.1            7.6  5.8 16.4  5.0 12.5           30.2 78.5 26.0 64.1           63.7 21.7 51.2           55.8126.5           44.5                            
0623270418170.2111.9 59.2159.1 63.6163.5 30.6242.9122.6202.1251.0210.2 54.3210.2234.6226.5157.4 45.7 25.3 77.5 27.9 81.2 11.6199.6 52.0131.7217.7142.9 22.7142.9183.2168.5 76.1 10.9 39.7 11.9 42.0  5.7145.7 27.6 69.6170.6 78.1 10.8 78.1125.9110.1 38.8 21.4  6.2 22.9  2.9 84.5 12.7 37.2117.2 42.6  5.2 42.6 69.1 58.0 20.9 23.5 72.1 10.8190.1 45.3120.1209.9131.2 19.2131.2172.6157.3 67.4 25.2  3.1 89.9 13.9 40.3123.7 46.1  5.7 46.1 74.0 62.4 22.9 10.5193.9 47.8124.6213.0135.8 20.5135.8176.8161.8 70.8 46.6  6.6 19.7 62.5 23.1  2.7 23.1 36.6 29.9 10.6156.4224.6258.5230.6 78.4230.6247.7242.2188.6 77.9180.5 86.9 11.4 86.9136.8120.7 44.3237.4178.6 33.8178.6212.3200.6118.3241.9 99.9241.9254.6250.5208.6 38.9188.4219.5208.9129.4 38.9 63.7 53.2 18.7219.5208.9129.4233.8171.0155.6   
0623270518 10.2 92.7 81.7124.2134.8134.3 19.6 64.6115.8 54.6140.4164.1 28.0 41.5 87.1 15.5113.4 16.2 13.4 22.7 26.5 26.3  3.0 10.7 20.0  8.7 25.8 35.4  4.2  6.3 14.7  2.5 19.3120.2155.9165.9165.5 27.8 89.5147.6 77.3171.2192.1 42.0 60.5126.7 24.7145.1143.0153.4153.0 25.8 78.7134.5 67.4158.8181.1 35.6 52.1113.8 20.4132.1186.3185.9 37.3120.6169.5 96.4190.9208.9 55.2 77.4149.5 30.4167.2194.5 42.6131.1179.0116.3199.1215.6 62.2 85.9159.7 34.8176.8 42.4130.6178.6115.8198.8215.4 61.9 85.6159.3 34.7176.5 18.5 33.5 14.9 45.6 60.6  7.7 10.7 25.5  4.0 32.5112.2 52.2136.7160.5 26.6 39.6 84.1 14.7 99.8 89.1183.9203.0 50.0 70.8141.1 27.2159.2121.8146.0 23.9 32.8 72.2 11.8 87.0219.0 66.2 90.7165.1 37.4181.8 85.0123.3186.7 50.4201.2 17.1 38.7  6.2 48.5 56.2  9.4 69.0 22.4138.6 26.4   
0623270612 11.1 36.7 10.4 13.7  9.6 64.0 53.1  2.8 61.1 10.8 27.7                               42.4 12.3 16.2 10.3 72.6 60.7  3.2 69.4 12.7 29.1                               40.1 50.6 34.2169.0153.1 10.8165.0 41.3 85.4                               15.2 10.6 69.1 57.6  3.0 66.0 11.9 27.4                               12.7 84.2 71.2  3.8 80.8 15.7 35.1                               60.2 49.7  2.7 57.4 10.9 25.5                              195.5 19.3204.9 70.8139.8                               15.2192.1 59.1123.2                               18.2  3.1  7.2                               67.7135.6                               28.2                                                                                                                                          
0623270715128.3 76.5 57.0178.1 31.8130.5 41.6 68.3 18.9 24.0196.7158.5209.9 20.5                85.5 64.5188.3 36.6141.8 47.6 76.7 22.2 28.2205.7169.5217.9 24.1                37.5143.4 21.8 87.3 26.7 45.8 11.5 14.5164.3122.8180.3 12.5               115.9 14.8 66.1 20.1 32.7  8.7 10.9136.9 87.7153.8  9.4                65.7190.2 82.3132.4 38.9 47.6237.5212.5245.0 41.8                37.5 10.2 18.6  4.6  5.7 81.6 52.4 95.7  4.9                48.8 78.4 22.9 29.1207.3171.6219.3 24.9                25.5  6.1  7.6110.1 66.8126.7  6.6                10.9 12.5153.5112.1170.0 10.7                 3.3 50.0 30.2 60.5  2.9                60.5 37.2 72.4  3.5               226.4252.6 53.5               235.7 32.5                64.5                                                
0623270814 42.3135.4 82.9 62.5 37.0 92.9166.9 39.0 62.0119.0146.0 30.3 49.8                     29.7 17.9 12.4  7.5 21.1 42.4  7.9 12.3 26.6 33.6  6.1 10.4                     61.2 44.9 28.3 69.4135.7 30.1 44.5 82.6115.5 22.6 35.3                     28.7 15.4 42.1 83.1 16.3 28.4 51.3 68.1 12.3 21.7                     10.7 30.3 62.7 11.3 19.5 37.3 50.4  9.5 15.0                     18.0 37.1  6.8 10.5 22.8 29.2  5.3  9.0                     93.1 19.2 30.0 58.6 76.9 14.5 25.5                     39.1 62.1119.2146.3 30.4 49.9                     11.2 24.2 30.8  5.6  9.5                     36.9 50.0  9.4 14.8                     90.9 18.2 29.0                     26.0 39.7                      7.3                                                                         
0623270911 19.6  3.5 10.8  6.7 19.6  2.5 16.0  4.9 23.4  9.1                                    22.2 59.4 39.7 97.0 14.1 84.9 29.2118.3 51.6                                    11.1  7.6 22.2  2.7 18.1  5.5 26.6 10.2                                    23.2 59.5  7.9 50.4 16.3 67.9 28.3                                    39.8  5.0 33.2 10.0 46.1 19.4                                    14.1 85.0 29.2118.5 51.7                                    11.5  3.7 16.9  6.7                                    26.8 95.2 43.6                                    34.1 13.7                                    59.4                                                                                                                                                                                  
0623271016185.4 77.4161.4166.2152.0133.6173.4 55.6 24.5 68.5 71.7163.2 73.2 54.4 27.9           90.0176.7181.2167.6149.5188.0 66.0 27.4 80.4 83.9178.4 85.6 64.6 30.8           70.3 73.9 63.6 52.0 79.6 20.3  8.1 26.6 28.2 71.6 29.1 19.7  9.1          156.9142.5124.2164.3 50.0 21.5 62.0 65.0153.9 66.4 48.9 24.4          147.4129.0169.0 52.8 23.0 65.3 68.4158.7 69.9 51.6 26.2          114.9154.9 44.8 18.8 55.9 58.6144.3 60.0 43.8 21.4          136.6 36.0 14.6 45.4 47.7126.0 48.9 35.2 16.6           57.5 25.5 70.6 73.9166.1 75.5 56.2 29.1            5.4 17.2 18.3 51.0 18.8 12.8  6.1            6.9  7.3 22.0  7.5  5.3  2.7           23.9 63.2 24.6 16.7  7.8           66.2 26.2 17.8  8.2           67.7 49.9 25.1           18.3  8.5            5.9                            
0623271116  7.4 53.0 11.9 37.6  6.9 35.9  8.9 13.8 71.0 35.7 16.5 20.4 13.8  5.7 10.6           65.6 15.4 47.2  8.9 45.2 10.4 17.9 86.3 44.9 21.5 26.6 18.0  7.3 13.8          111.5210.1 62.4206.5 76.4122.6254.6206.0136.8153.6122.9 52.3 93.8           76.4 14.5 73.6 18.8 29.4139.5 73.1 34.7 41.8 29.5 11.7 25.0           44.7176.5 55.7 85.2233.5175.9 96.7122.1 85.4 37.1 70.0           42.8 10.8 16.8 82.5 42.5 20.2 25.0 16.9  6.8 12.9           53.4 82.1230.5171.9 93.5118.3 82.3 35.4 67.3           21.8 98.9 53.1 26.2 32.5 21.9  8.7 16.7          151.2 81.7 39.5 47.5 33.7 13.6 29.1          230.1165.8182.4151.5 70.2130.3           93.0117.7 81.9 35.2 66.8           55.3 39.7 16.3 31.2           47.6 20.1 37.8           13.6 29.2           10.5                            
0623271216  4.9 47.7 27.4  5.4 16.3 14.7 54.6 32.9 36.8 28.7 52.4 59.8 14.5 34.1 29.4           20.4 10.7  2.5  6.6  6.0 24.1 13.2 15.0 11.4 22.9 27.0  5.9 13.8 11.7           90.6 23.3 62.6 57.7163.2121.0129.9110.3159.7171.0 57.1123.8112.1           11.1 33.7 30.7110.8 66.7 73.3 59.2 97.6118.7 30.3 68.8 60.5            7.4  6.8 27.6 15.1 17.2 13.0 26.2 27.7  6.7 15.7 13.3           20.7 70.9 44.1 49.0 38.7 68.3 77.1 20.4 45.6 39.6           65.6 40.4 44.9 35.3 63.1 71.5 18.4 41.8 36.1          132.7141.7121.8171.1181.9 64.9135.6123.7           91.0 75.0129.1140.8 39.9 86.0 76.4           82.0138.1149.8 44.4 93.5 83.5          118.2129.9 34.9 77.2 68.3          178.6 62.4132.0120.1           70.7143.7131.7           41.3 35.7           78.7                            
0723230113  7.9 13.1  2.0 10.1  5.5 10.6  3.5  2.1 10.7  5.1  5.0 10.9                         112.7 17.6 82.9 52.2 85.6 34.0 18.1 91.1 48.8 48.6 92.1                          28.5128.0 80.7131.1 56.0 29.1137.3 76.4 76.1138.3                          22.7 11.8 23.9  7.9  3.8 23.7 10.9 10.8 24.1                          63.0 99.3 42.0 23.3115.4 59.2 59.0116.5                          65.4 23.9 12.1 70.3 35.1 34.9 71.2                          43.9 24.5118.6 61.6 61.3119.7                           8.1 47.7 24.6 24.4 48.3                          24.3 11.2 11.1 24.6                          66.3 66.0125.9                          32.4 67.2                          66.8                                                                                                       
0723230216 94.0 53.8 10.8 35.9 91.5154.9 97.2 66.8 12.8 22.2 83.6125.7 41.9 80.9143.8           73.8 14.9 51.2127.9179.6134.5 89.2 19.5 29.9118.7153.0 58.9115.5169.8            7.6 25.9 71.5131.3 76.7 50.3  9.8 15.3 64.6 92.7 30.5 62.3119.9            4.8 14.2 29.3 15.7  9.9  2.0  2.9 12.4 21.0  5.7 11.8 25.0           49.4 90.8 53.5 33.4  6.2 10.4 44.0 66.7 21.3 42.2 81.1          177.2131.6 86.7 18.6 28.7115.9150.2 56.9112.7167.2          182.6149.7 37.0 58.2169.3196.7111.4166.4208.2           92.4 20.6 31.4122.4156.5 61.5119.2173.0           11.7 20.4 79.0120.2 39.0 76.4138.4            3.5 16.2 24.8  7.3 15.4 31.8           25.3 40.3 11.3 24.2 50.7          141.2 51.0 94.3158.8           75.8138.1188.3           49.0 91.1          155.8                            
0723230316 48.9110.9151.6192.4201.5182.1168.8 64.8 27.7 48.1156.0 60.2 62.4 23.5154.8           26.8 40.4 65.4 73.0 57.9 49.4 14.3  6.0 10.9 42.5 13.0 13.6  4.7 41.9           86.9137.0147.7125.6111.8 33.6 14.0 26.4 90.6 30.8 32.1 10.7 89.6          177.4187.3166.5152.6 54.2 24.5 39.7139.5 50.2 52.1 18.8138.3          221.5205.1193.2 84.6 38.2 64.5181.5 79.2 81.8 30.2180.4          213.3202.3 93.5 43.4 72.1191.2 87.7 90.5 34.4190.1          183.0 75.7 33.3 57.0170.8 70.6 73.1 29.0169.6           65.5 28.0 48.7156.9 60.9 63.1 23.9155.8            8.3 14.0 56.9 18.5 19.3  6.5 56.2            5.9 26.1  7.6  7.9  2.9 25.7           41.9 12.8 13.4  4.6 41.3           52.7 54.7 19.9142.7           17.6  5.9 52.0            6.2 54.0           19.6                            
0723230418 57.0 46.1 23.3 59.2 44.8 11.6 17.3145.2 93.0 94.4 20.0145.2 89.1 12.6 25.5 34.6 68.4 77.9 39.1 96.4 75.9 22.3 30.0195.4151.8153.5 34.1195.4147.0 24.3 42.3 60.5119.3 31.2 80.6 62.4 17.3 25.9176.5131.9133.6 29.9176.5127.2 18.8 33.8 49.1 91.8 40.8 30.2  8.3 11.2111.3 67.1 68.3 12.8111.3 64.0  9.0 16.3 25.1 47.7 78.6 23.4 31.3198.8155.5157.2 35.6198.8150.7 25.4 44.0 62.8122.8 16.7 25.0173.8129.2130.9 28.9173.8124.6 18.1 32.7 47.6 89.5  6.3 60.7 37.5 38.2  7.2 60.7 35.5  4.8  9.1 12.5 28.1 82.4 52.8 53.8 10.6 82.4 50.2  6.8 12.2 18.6 36.8236.8238.0 91.2262.8233.5 64.8117.8150.9211.4202.5 59.4236.8196.6 40.3 71.9 97.7169.7 60.4238.0198.2 41.0 73.1 99.1171.4 91.2 56.5  7.8 14.0 21.5 41.7233.5 64.8117.8150.9211.4 38.2 68.6 93.7164.9  9.8 13.6 30.6 27.5 51.4 72.3   
0723230518 85.5168.7144.6 55.5125.7124.2 21.9 45.2173.5218.1157.4205.1165.6 82.7 95.1156.7 49.7 70.7 54.5 18.4 43.9 43.1  6.6 14.4 74.4131.0 62.6114.1 68.4 28.1 33.9 62.2 16.1125.3 44.6 97.3 95.9 16.8 35.9154.6203.4138.0188.8146.4 68.1 79.4137.4 39.7 33.4 77.5 76.3 12.0 29.6130.3182.4114.0166.0122.2 52.4 61.9113.4 29.5 29.3 28.7  4.0  9.0 47.2 83.0 38.9 69.9 42.9 17.6 21.6 38.6 10.1 62.8 10.3 22.8111.8164.4 87.6147.3 94.5 42.1 50.2 87.1 25.5 10.1 22.3110.3162.8 86.3145.7 93.2 41.4 49.3 85.8 25.0  3.3 18.0 32.9 14.3 29.5 16.0  6.4  7.7 14.2  3.6 38.2 69.2 31.2 57.6 34.6 13.7 16.9 31.0  7.9207.4143.1193.2151.4 71.8 83.3142.5 42.1193.8232.1200.8127.5142.7193.2 75.3178.2134.8 60.3 70.7125.9 34.5185.9110.7125.5177.6 63.0 65.9 76.9134.2 38.2 32.4 59.9 15.3 70.3 18.9 34.3   
0723230612 10.2  7.3 21.8 26.8 10.8  5.7 13.9  5.8  5.5 11.8 10.1                               15.6 44.6 53.1 23.3 12.0 29.9 12.2 11.4 28.2 21.8                               33.0 39.6 16.5  9.4 23.6  9.6  9.0 20.0 15.5                              111.6 46.9 28.4 62.9 29.0 27.1 55.0 44.4                               55.7 31.2 73.8 31.8 29.9 65.0 52.8                               12.7 31.6 12.9 12.1 30.0 23.2                               18.1  7.5  7.0 15.3 11.9                               18.4 17.2 37.5 29.8                                7.1 15.6 12.1                               14.6 11.4                               28.1                                                                                                                                          
0723230710 10.6 47.0 67.1 47.3 76.4 10.4 44.8 28.6 22.7                                          6.4 10.1  6.5 11.0  1.7  6.1  3.8  2.8                                         45.2 30.5 52.4  6.3 28.8 19.4 13.5                                         45.4 73.9  9.9 43.0 27.4 21.6                                         52.8  6.4 29.0 19.5 13.6                                         10.8 50.1 32.3 23.4                                          6.0  3.8  2.8                                         18.3 12.7                                          8.4                                                                                                                                                                                                                               
0723230818 45.9 57.0 14.7 28.5 21.2 31.7  7.5 33.9 94.9 44.5 12.1 12.9 11.6 55.2 75.0 10.1 24.7175.7 58.3 96.1 77.8113.3 32.5127.7225.3152.1 49.5 52.4 47.7172.7202.6 42.2 87.0 71.5125.0 93.6133.1 36.9148.2241.1172.9 61.2 64.7 59.1192.9220.8 52.6114.2 33.7 28.2 37.0  9.8 43.7125.8 56.6 16.0 17.1 15.3 69.4 92.3 13.3 33.0 46.6 64.9 17.1 75.1178.9 93.7 31.2 30.1 29.9122.1152.7 25.9 53.1 50.9 12.8 59.5155.2 75.7 23.2 24.8 22.2 91.2129.1 19.2 41.2 19.0 81.1187.0110.6 31.0 33.0 29.8130.1161.1 28.7 57.8 23.0 65.2 31.3  8.1  8.7  7.8 35.7 49.9  6.9 14.9201.4124.9 36.8 39.1 35.3145.1176.2 31.1 67.3223.0110.9116.1 97.9238.9259.1 88.8167.5 48.0 50.9 46.2169.8199.9 40.9 84.8 14.1 12.6 59.4 80.2 11.0 27.0 13.5 62.8 84.3 11.8 29.0 57.3 77.6 10.5 25.9218.2 50.9111.3 69.6141.2 22.4   
0723230916 17.1 59.6160.6193.9 48.5 56.0 71.6 61.7175.8 78.5 29.4136.7129.0 35.6146.5            6.6 24.2 34.7  5.2  6.1  8.2  6.8 27.1  9.2  3.0 17.3 15.6  3.9 19.8           77.3118.1 19.7 23.5 29.0 26.7 89.9 32.4 10.9 60.3 55.4 13.8 66.9          213.8 63.9 73.0 91.2 79.7197.9 99.0 36.0161.6153.9 47.9171.0           91.4112.5135.2121.1224.6144.3 54.7194.8188.1 70.9202.8           18.2 25.1 20.6 75.2 28.5  8.5 49.0 44.8 10.7 54.7           26.9 24.6 85.2 30.2 10.1 56.6 51.9 12.7 62.9           30.1115.3 40.0 12.5 72.4 66.8 17.5 79.7           92.5 33.7 10.4 62.4 57.3 14.4 69.1          124.2 43.4176.7169.4 57.2185.6           14.2 79.2 73.4 19.8 87.0           26.8 26.7  6.1 30.2          130.0 36.1147.5           32.8139.7           40.5                            
0723231012  8.9 10.0  8.8  8.0 15.5 14.0 11.5  9.2  3.3  2.6  6.1                               35.8 31.7 29.0 56.4 52.0 44.0 33.3 12.3  9.3 24.6                               35.3 32.3 62.0 57.2 48.6 37.0 13.8 10.5 27.8                               28.5 55.7 51.3 43.4 32.8 12.1  9.2 24.2                               51.3 47.2 39.8 30.0 10.9  8.3 21.9                               85.4 74.2 58.2 23.9 16.3 40.7                               68.8 53.6 21.5 14.7 37.2                               45.4 17.6 12.0 31.2                               12.8  9.7 25.6                                3.5  9.2                                6.4                                                                                                                                          
0723231114  6.0 41.2 33.9 11.3 22.4 15.1  5.0 39.9 24.8 28.6 30.2 23.4 31.1                     21.4 17.1  5.7 11.0  7.6  2.7 20.7 11.0 12.7 15.1 10.4 15.5                    110.1 39.1 68.7 50.5 17.3123.3 73.9 81.9 92.2 70.9 94.0                     32.1 57.7 41.8 13.8 97.7 62.4 69.6 79.0 59.6 80.7                     21.1 14.3  4.7 37.9 23.3 26.9 28.6 22.0 29.4                     28.6  9.0 66.8 39.9 45.0 52.1 37.9 53.3                      6.2 48.9 28.2 32.1 37.4 26.8 38.4                     16.7  9.9 10.3 12.2  9.3 12.6                     71.9 79.8 89.9 68.9 91.7                     48.9 56.4 41.3 57.8                     63.1 46.7 64.6                     53.9 73.6                     55.2                                                                         
0723231216 36.7170.4 63.0 90.8 98.1148.4 38.7 55.0 10.5 37.2161.0 22.5 66.2 47.5 42.1           98.2 30.4 47.1 51.9 79.9 18.9 28.7  4.7 18.0 90.1 10.5 32.1 24.0 20.8          155.1190.1197.6228.1112.2142.4 30.2 99.1235.8 62.8159.7129.5119.1           78.3 85.1132.7 32.0 46.1  8.6 30.7145.5 18.2 56.0 39.6 34.9          128.5169.3 49.5 68.9 12.7 47.6181.4 27.1 81.9 60.1 53.6          177.5 54.5 75.3 14.3 52.5189.2 30.2 88.9 65.9 59.0           83.4120.2 25.0 80.7221.8 49.1137.4 98.0 89.1           27.4  5.0 19.1 93.8 10.1 33.9 25.5 22.1            7.3 29.2132.8 15.3 48.6 34.0 30.0            4.8 29.8  2.9  9.1  6.2  5.4           91.0 10.7 32.6 24.4 21.1           56.6150.2120.0 99.9           19.4 12.8 11.1           41.8 37.0           28.2                            
09231b0116 25.4131.8 61.3 52.3189.9167.7116.5 22.2 68.3 90.3129.5 13.1122.2 95.5110.4           25.8 10.9  8.9 61.0 43.2 22.8  3.3 11.4 17.3 25.0  2.3 24.9 19.0 20.7           67.5 58.0195.7174.9125.0 25.3 74.9 97.8137.9 15.0130.6113.4118.8           25.8137.0 99.3 56.5  9.5 31.8 45.4 65.7  5.8 60.4 48.9 52.4          123.9 87.7 48.0  7.8 26.5 38.3 56.3  4.8 51.5 41.4 44.4          216.3184.8 55.0146.2170.7194.1 35.8189.0175.7180.1          161.6 38.5118.6145.1172.9 24.3166.6150.8155.9           19.9 63.1 84.4122.6 11.8115.3 89.5 94.2           10.0 15.1 24.4  2.1 21.7 16.6 18.0           51.2 73.0  6.7 67.3 55.0 58.7           95.7  9.9 89.2 74.8 79.2           14.4128.2111.1116.4           12.9 10.9 10.7           94.4 99.3           84.2                            
09231b0211  1.8 11.0 12.3  5.7 11.0 24.3  3.6 15.8 11.0 14.1                                     5.7  6.3  2.8  5.2 12.3  2.1  7.9  5.2  7.1                                    48.6 22.3 40.9 85.2 14.9 58.8 41.0 54.1                                    24.6 44.8 91.0 16.7 63.8 44.8 58.8                                    22.4 48.5  7.5 30.7 22.4 27.9                                    80.0 13.5 54.5 37.6 50.1                                    31.8114.8 80.0 98.4                                    21.4 13.5 19.2                                    54.5 70.3                                    50.1                                                                                                                                                                                  
09231b0316 25.8 59.7 25.2  6.1 49.8 65.4 33.7 54.6 10.2 16.5 60.8 24.9 11.1 30.1 48.9           77.1 31.3  8.4 65.1 83.8 45.1 71.0 14.2 23.1 78.4 31.0 15.4 40.5 64.1           75.9 21.9144.1169.3111.0152.5 36.3 54.7162.5 75.3 39.0 93.0142.6            8.2 64.1 82.5 44.3 69.8 13.9 22.6 77.2 30.4 15.1 39.8 63.1           17.5 24.7 11.2 19.6  3.7  5.6 22.5  8.2  4.0 10.9 17.2          152.8 87.0135.8 29.7 45.4145.8 63.5 32.0 79.6126.0          119.3161.2 40.2 60.0170.9 81.9 43.1110.4151.3           93.9 21.1 30.5112.6 43.8 22.9 56.4 85.8           32.9 49.9154.2 69.3 35.4 86.2134.3           10.1 37.0 13.8  6.9 18.6 29.2           55.7 22.3 11.0 30.3 44.6           76.5 39.8 94.4144.3           14.9 39.4 62.5           20.2 31.4           78.5                            
09231b0412 26.4 28.8 11.9 28.4  6.3 25.3 40.4  3.6 10.7 44.0 28.2                               55.1 25.7 54.6 12.0 45.0 73.7  7.1 20.9 79.1 54.2                               28.1 64.1 14.8 53.3 85.0  8.7 25.8 90.8 63.7                               27.8  6.2 24.7 39.5  3.5 10.5 43.1 27.6                               14.6 52.8 84.3  8.6 25.5 90.0 63.1                               11.5 21.8  2.1  5.1 24.2 14.5                               71.5  6.8 20.1 76.9 52.5                               11.5 33.1125.1 83.8                                3.0 12.7  8.5                               36.2 25.3                               89.6                                                                                                                                          
09231b05 9 10.6  2.6 14.6  8.0  3.5  3.4 10.0 11.2                                               9.0 50.1 26.9 12.2 11.7 33.1 40.0                                              11.2  6.2  2.8  2.8  7.7  9.5                                              36.0 16.8 16.2 43.9 52.5                                               9.1  8.8 25.6 28.3                                               3.8 10.4 12.9                                              11.0 12.4                                              34.8                                                                                                                                                                                                                                                                                 
09231b0615126.2 61.9 45.9 40.9 12.1 61.1 23.8 37.0 48.6 51.8 42.2  8.3 15.3 73.9               168.5142.7132.9 46.1167.3 78.0124.9147.5153.1135.6 30.1 55.9183.8                73.8 66.6 22.1 94.0 37.5 61.1 77.5 81.9 68.6 13.5 28.1120.8                49.7 15.2 72.9 27.0 45.2 58.7 62.4 51.3 10.3 19.3 87.1                13.3 65.7 26.2 40.2 52.5 56.0 45.7  9.1 16.8 79.2                21.7  7.4 11.9 16.3 17.6 13.8  2.8  4.9 28.0                37.0 60.2 76.5 80.9 67.7 13.3 27.6119.6                23.3 28.7 30.8 27.2  4.7  9.3 45.9                47.9 51.0 41.5  8.1 15.0 72.9                65.7 54.2 10.0 20.7 91.1                57.7 10.8 22.4 95.8                 9.4 17.5 81.3                 3.3 17.1                31.4                                                
09231b07 9  5.7  1.8  3.2  2.1  2.3  4.9  6.1  6.0                                              13.8 27.9 16.9 20.3 41.7 51.3 50.0                                               8.0  4.5  5.3 11.5 14.8 14.3                                               9.8 10.6 23.7 29.8 28.9                                               6.4 14.0 18.2 17.6                                              16.9 21.9 21.2                                              44.2 43.1                                              52.9                                                                                                                                                                                                                                                                                 
09231b0813 43.5 39.6 60.4 19.8 52.8 11.0 60.0 32.2 10.4 29.1 50.5 56.6                          36.7 56.4 18.1 49.1 10.1 56.0 29.8 10.5 26.6 46.9 52.8                          51.6 16.2 44.8  9.1 51.2 27.0  9.4 23.8 42.8 48.2                          27.2 67.6 13.6 76.0 42.4 14.1 34.8 64.8 72.1                          22.9  4.2 27.0 12.9  4.3 10.3 21.7 25.0                          11.5 67.1 36.6 12.0 29.9 56.8 63.5                          13.5  7.3  2.6  5.9 10.9 12.5                          42.1 14.0 34.5 64.4 71.6                           7.5 18.8 34.9 39.5                           6.1 11.3 13.0                          28.5 32.3                          60.9                                                                                                       
09231b0912 48.3 78.2  6.6 58.4 18.0 64.9 11.4 27.8 29.9 34.8 13.4                              113.6  9.9 80.3 25.0 88.1 17.6 40.7 43.5 50.2 20.7                               16.8129.6 43.6139.1 29.4 67.5 71.6 80.8 33.9                               11.3  3.4 13.0  2.5  5.4  5.8  6.9  2.7                               31.0112.3 22.4 49.6 52.9 60.6 26.3                               35.0  6.1 14.6 15.8 18.8  7.1                               25.7 55.5 59.0 67.3 27.0                               10.3 10.1 12.0  4.7                               27.6 29.0 11.0                               31.2 11.8                               14.1                                                                                                                                          
09231b1016 40.4115.7 60.3 77.0 80.0 96.9 41.1 29.6 11.2155.3145.4 32.8137.8 23.2 24.2           67.9 35.5 46.8 48.9 61.5 25.5 15.7  6.7 99.2 90.9 19.7 84.8 12.4 12.9           95.8128.3132.2153.1 69.0 46.8 21.1199.6191.0 56.5184.1 38.1 39.5           69.1 71.9 87.9 36.2 25.5 10.7144.5134.6 28.8127.0 20.1 20.9           90.3119.0 47.7 31.3 13.3168.1158.3 38.3150.8 27.7 28.9          122.8 49.8 32.8 14.0171.8162.2 40.0154.7 29.2 27.4           62.5 41.9 18.6191.3182.3 50.9175.1 34.0 35.3           16.0  6.9110.6 92.2 20.1 86.0 12.6 13.2            4.4 71.8 64.9 12.4 59.9  8.7  9.0           32.1 28.5  5.4 28.7  3.7  3.8          222.9 84.7217.5 59.8 61.7           77.1209.9 53.7 55.5           71.5 10.8 10.2           49.4 51.0            7.2                            
09231b11 8  3.5 14.0 24.3  9.9 11.8 11.7  3.2                                                    5.3 10.0  3.6  4.6  4.5  1.7                                                   37.0 14.5 19.1 18.8  4.8                                                   25.0 32.0 31.6  8.9                                                   12.2 12.1  3.3                                                   15.9  4.1                                                    4.1                                                                                                                                                                                                                                                                                                                                        
09231b1216 97.0150.3 49.6 52.9 84.5 23.3141.7 79.8 15.9 70.1 36.3 58.8 24.0 92.1 51.4          164.5 58.0 61.7 96.3 28.3156.0 91.2 19.3 80.7 42.9 68.3 29.1114.7 60.0           90.2 95.0149.4 43.6197.9143.4 31.2130.2 69.5113.7 44.6158.7 92.9           28.7 49.1 11.6 83.3 45.9  8.8 39.4 20.5 32.3 11.9 54.4 27.8           52.4 12.5 88.0 49.0  9.5 42.2 22.2 34.6 12.8 57.9 29.9           23.1140.9 79.2 15.8 69.5 35.9 58.2 23.7 91.4 50.9           39.5 21.3  3.8 17.8  8.9 14.2  5.4 26.2 12.1          134.8 28.1121.8 63.6 96.1 40.4150.2 86.0           14.5 65.3 33.4 54.5 21.9 86.4 47.6           12.2  6.2 10.8  3.9 17.8  9.2           28.5 47.1 18.3 76.2 40.9           25.3  9.2 40.1 21.5           14.6 64.3 33.6           26.9 12.4           56.4                            
