0424470114  3.0 11.3 23.0 17.6 24.4 18.4  7.7 21.5  4.3 10.9 25.7  4.2  7.5                     12.2 24.8 19.0 26.3 19.9  8.2 23.2  4.6 10.6 27.8  4.4  8.1                     86.4 71.5 89.9 73.9 32.6 82.5 19.5 44.7 93.1 18.9 32.1                    125.8149.4129.1 59.4140.3 34.9 78.2153.3 33.8 58.6                    130.0110.2 47.8121.1 27.5 64.1133.9 29.5 47.2                    133.3 62.1144.5 36.7 81.4157.4 35.5 61.3                     49.6124.3 28.6 66.4137.1 27.7 49.0                     56.3 11.8 28.6 64.7 11.4 21.8                     32.9 74.5148.4 31.8 55.5                     16.9 38.4  6.8 11.6                     84.5 16.3 28.2                     37.2 63.9                     11.2                                                                         
0424470212 20.4 36.6 31.0  7.8 10.5 27.0 41.9  4.9 49.7 25.7 27.2                               36.0 30.4  7.7 10.3 26.5 41.2  4.9 49.0 25.3 26.8                               56.5 14.3 21.4 50.0 73.4  9.7 84.6 47.9 50.5                               11.8 17.6 42.7 63.8  8.0 74.2 40.8 43.1                                4.2 10.2 16.7  2.2 20.6 10.6 10.3                               15.1 25.1  2.9 27.5 14.3 15.3                               56.7  7.0 66.4 35.8 37.8                               10.2 93.6 54.4 57.2                               12.6  6.6  7.0                               63.8 66.9                               36.1                                                                                                                                          
0424470311 16.6  8.6  9.4 16.8  4.3 10.2 12.6 24.6 10.9  2.5                                    30.9 33.5 59.2 16.5 39.2 47.1 78.1 38.3  8.8                                    17.9 31.3  8.5 21.5 26.8 43.4 20.9  4.4                                    33.9  9.3 23.6 26.2 46.8 22.9  4.7                                    16.7 39.7 47.6 78.9 38.8  8.9                                    10.1 12.5 24.5 10.8  2.5                                    30.9 54.3 24.8  5.6                                    64.2 30.1  6.8                                    53.1 11.8                                     5.4                                                                                                                                                                                  
04244704 8  3.2 13.6 21.8 21.7  5.4 10.7 20.9                                                    2.9  4.7  4.6  1.6  2.3  4.1                                                   21.3 21.1  4.8  9.4 18.3                                                   32.1  8.1 15.1 28.3                                                    8.1 15.0 28.1                                                    3.5  7.0                                                   13.0                                                                                                                                                                                                                                                                                                                                        
0424470515  8.4 12.2 13.9  8.7 32.2 57.2 35.6 29.9 29.2  3.9  8.6 68.0 73.6 43.8                11.7 13.4  8.4 30.9 55.2 34.3 28.6 28.1  3.8  8.3 65.8 71.2 42.2                21.5 12.1 47.0 79.7 51.7 39.7 42.9  5.7 12.0 93.0 99.5 62.7                13.8 52.5 87.6 57.6 44.6 48.0  6.5 13.7111.6119.0 69.4                32.0 56.8 35.4 29.7 29.0  3.9  8.6 67.6 73.2 43.5               165.7124.1 92.9 98.4 14.8 31.6181.6188.7141.9               173.9151.2157.8 29.1 56.2223.3228.6190.6               110.0116.3 16.6 35.0189.4196.3150.4                86.3 12.2 29.3167.5175.0127.3                13.3 28.7174.0181.3133.8                 3.8 32.2 35.3 21.1                67.0 72.4 43.1               238.8204.9               211.2                                                
0424470615 99.9 26.9112.9151.3 30.4180.7 48.6 91.4 61.8 50.3 64.2210.4145.5163.1                10.4 51.2 77.1 13.2112.0 22.6 44.1 27.4 23.6 28.7146.0 72.7 86.4                10.9 18.3  3.1 27.7  4.6 10.1  6.1  4.8  6.3 38.2 16.9 21.6                79.5 13.8115.0 23.6 45.7 28.5 24.6 29.8149.2 75.1 89.0                23.3153.5 35.1 69.7 45.3 36.3 47.2186.7117.6135.2                31.3  5.8 11.5  7.6  6.0  7.9 47.0 21.5 27.5                49.8 93.2 63.3 51.5 65.6212.1147.7165.3                19.7 11.6  9.9 12.1 72.1 32.7 40.4                26.6 20.5 27.9135.9 65.6 78.5                12.0 16.3 89.0 42.3 51.8                12.6 74.3 33.9 41.8                91.9 44.1 53.9               181.2197.2               129.3                                                
0424470713  4.9  3.4  8.2  6.5 19.3 16.4 13.7  8.9 10.9  2.6  8.4 11.8                           9.0 21.6 16.7 46.9 40.9 35.0 23.5 28.6  6.0 22.1 30.6                          14.0 10.9 32.3 27.9 26.1 15.1 20.7  4.1 14.3 22.3                          26.2 72.4 64.1 55.8 35.4 46.2 10.2 33.7 49.3                          59.7 52.4 45.2 28.2 37.2  8.0 26.8 39.7                         132.1119.7 76.7 94.6 24.1 73.6 99.3                          98.6 68.1 85.0 20.4 65.2 89.4                          59.4 75.0 17.1 56.7 79.2                          49.4 10.0 36.1 52.6                          13.6 47.1 67.0                          10.4 14.6                          50.1                                                                                                       
0424470810 17.3 13.4 10.4 36.5 14.9 35.3 10.7 36.8  4.5                                         12.3 10.5 33.8 13.7 32.7  9.9 34.2  4.2                                          8.3 27.0 10.7 26.1  7.8 27.3  3.4                                         23.3  9.2 22.4  6.1 23.5  2.8                                         29.8 68.1 21.8 70.7  9.6                                         28.8  8.6 30.1  3.7                                         21.0 68.7  9.2                                         22.1  2.7                                          9.7                                                                                                                                                                                                                               
0424470916 57.4 96.3 34.1 15.7 59.0122.7 79.7 74.7 79.1 22.8 75.4118.5 12.6 33.4148.0           78.9 29.1 11.7 46.3 93.0 64.1 59.7 63.6 16.9 60.3 89.4 10.4 28.4126.9           49.1 24.0 80.9152.9115.7 99.5114.9 30.9110.3148.7 19.2 48.1177.3            7.1 27.0 59.6 38.7 35.7 38.3 10.2 36.1 56.9  5.8 15.3 77.8           12.1 27.4 18.1 16.5 17.9  4.4 16.7 28.8  2.8  7.0 37.6           95.1 65.8 61.4 65.3 17.5 62.0 91.5 10.7 26.4129.3          132.8126.3132.0 38.2127.2165.6 24.5 58.5192.6           82.6 87.3 26.3 83.4128.5 14.5 37.9158.1           82.0 24.0 78.2122.1 13.3 35.0151.7           26.0 82.7127.7 14.4 37.5157.3           24.3 36.3  3.7  9.9 51.6          123.0 13.4 35.4152.6           23.1 55.8189.0            5.7 31.0           76.5                            
0424471014 11.5 16.2 10.9 35.9 16.7 13.3 11.9 13.9 24.6  5.0  5.7  6.4 31.5                     35.6 27.1 76.2 36.6 29.8 29.6 31.1 51.0 10.6 12.5 14.1 68.1                     34.1 97.6 49.6 40.7 36.8 42.4 67.7 15.0 17.6 20.0 88.3                     73.4 35.0 31.6 28.1 29.7 48.9 10.1 11.9 13.4 65.5                     99.6 85.0 78.2 88.0138.6 33.5 38.7 43.2166.5                     41.7 37.7 43.6 69.3 15.5 18.2 20.6 90.1                     30.7 35.6 57.8 12.3 14.5 16.4 76.4                     32.1 52.5 11.0 12.9 14.6 70.0                     60.1 12.9 15.2 17.2 79.2                     22.8 26.8 30.4127.2                      5.4  6.0 29.3                      7.0 34.0                     38.0                                                                         
0424471110  5.7 20.7 15.0 47.8 18.9 11.8 24.9 51.8 31.6                                          3.6  2.8  9.2  3.3  2.4  4.2 10.2  5.9                                          9.8 30.4 11.2  7.8 14.7 33.2 21.3                                         25.0  9.0  5.8 10.7 27.7 15.4                                         28.1 19.6 35.8 76.3 48.9                                          7.2 13.4 30.7 19.4                                          9.3 21.7 12.1                                         39.0 25.7                                         53.1                                                                                                                                                                                                                               
0424471212 56.8 21.5 77.5136.2 58.2 31.4 36.9116.7 58.4 29.7 52.9                                7.5 29.6 55.6 22.7 11.0 13.2 44.6 22.8 10.3 20.2                               10.1 20.9  7.8  4.1  4.7 16.0  7.8  3.6  6.9                               76.1 30.4 16.5 19.8 62.2 30.5 13.9 30.4                               57.0 30.6 36.1114.9 57.2 29.0 51.8                               11.4 13.6 45.8 23.5 10.6 20.8                                7.4 26.4 11.4  5.3 10.1                               28.4 13.7  6.3 12.1                               46.0 22.1 41.4                               10.6 20.9                                9.4                                                                                                                                          
0524470112 97.7 17.6 89.4 90.6 59.9 28.6 90.8 99.3 42.6 34.6 97.7                                9.5 52.6 53.4 32.7 15.5 53.5 59.9 24.6 19.2 58.7                                8.3  8.4  4.9  2.5  8.5  9.7  3.4  2.9  9.5                               47.7 28.9 13.5 47.8 53.7 21.3 16.7 52.6                               29.4 13.8 48.6 54.6 21.8 17.1 53.4                                8.6 29.5 33.5 12.2 10.6 32.7                               13.8 15.9  5.8  4.7 15.5                               54.7 21.8 17.1 53.5                               25.2 19.8 59.9                                7.1 24.6                               19.2                                                                                                                                          
0524470211  4.8  3.9  1.8 14.8  3.8 10.4  7.2  9.1  1.8 14.4                                    22.0  8.4 73.4 23.4 53.2 39.3 47.6  9.1 72.1                                     6.7 62.7 18.5 44.5 32.4 39.5  7.3 61.6                                    23.9  6.4 17.0 11.6 14.7  2.6 23.3                                    60.6127.0 95.5118.7 25.7149.9                                    42.8 31.1 38.0  7.0 59.5                                    72.7 84.5 18.6125.6                                    65.9 12.7 94.2                                    16.0117.2                                    25.2                                                                                                                                                                                  
0524470316 37.6151.0195.7 57.7155.6 21.8136.1 88.2 20.3166.7 80.4217.1 93.0 66.3186.6           33.4 63.7 10.2 35.6  3.3 27.2 16.7  3.2 41.5 14.5 91.9 18.2 11.1 55.3          189.0 51.8147.0 19.0127.1 80.6 17.7158.5 73.2212.3 85.3 59.8179.3           91.4192.6 36.1176.7139.5 33.9201.0130.4234.3145.1112.3215.0           54.9  5.3 42.9 25.4  4.9 63.1 24.6135.2 27.4 18.7 81.1           20.5131.9 84.6 19.1162.9 77.0214.9 89.4 63.2183.2           15.1  9.2  2.0 24.6  8.1 55.9 10.0  6.2 30.7           68.6 14.1143.8 61.9203.1 72.9 49.9166.0            8.6 94.9 38.0172.7 45.9 29.9127.4           22.9  7.5 52.9  9.3  5.8 28.8           86.9220.9 99.8 72.2192.5          164.4 40.9 26.4118.3          177.5147.2230.3           32.2133.0           91.4                            
0524470413 17.4 24.4  7.4  4.7 12.9 16.3  2.9 33.3 21.7  3.3 14.8  8.4                         119.5 41.4 26.6 71.3 84.2 16.7151.0111.4 19.9 78.6 46.4                          54.9 36.0 90.3115.2 23.5174.4135.2 28.0 98.6 61.0                          11.2 32.0 39.3  7.1 76.8 49.9  8.4 36.1 21.1                          22.0 27.8  4.5 52.3 32.5  5.3 25.2 12.8                          68.0 12.5129.9 83.4 14.8 63.1 36.0                          15.7146.5 97.3 18.7 75.2 44.0                          32.2 20.8  3.2 14.2  8.1                         166.4 37.5139.5 84.4                          24.9 91.4 55.6                          16.9  9.6                          40.5                                                                                                       
0524470512 82.6 67.5 10.5 87.9 26.8 66.9 31.4127.3 29.1 26.6 63.0                               63.6  9.7 83.4 24.7 63.0 29.3121.9 27.1 24.6 59.3                                7.4 68.2 18.6 50.4 24.9 93.6 22.8 18.4 47.2                               10.6  2.6  7.3  3.2 15.2  3.0  2.6  6.8                               27.2 67.6 31.9128.3 29.5 27.0 63.7                               18.3  8.2 37.0  7.6  6.2 16.9                               24.6 92.9 22.5 18.2 46.8                               47.3 10.0  8.2 22.7                               44.0 36.8 88.3                                7.5 20.8                               16.8                                                                                                                                          
0524470610 17.2 25.5  4.3  9.1 25.4 31.0 23.9 17.5 50.1                                         19.7  3.1  6.4 17.6 24.6 16.5 12.2 36.9                                          4.8 10.4 26.0 34.9 24.5 20.1 55.7                                          2.0  4.4  5.9  4.1  3.2 10.0                                          9.3 11.7  8.7  6.5 20.6                                         31.6 24.4 17.9 51.0                                         29.9 25.1 65.9                                         16.8 48.5                                         37.6                                                                                                                                                                                                                               
0524470715 36.9 75.7121.9 97.9 47.7129.1 82.9 46.6 21.9135.9  8.5 10.3 28.1 31.0                59.5 91.4 79.3 36.2 97.7 65.8 35.4 15.8114.1  6.2  8.3 22.8 25.5               160.3146.4 74.5167.1129.0 73.1 34.0173.2 13.6 18.3 46.6 50.8               183.8120.4200.3168.6118.6 56.4204.9 25.0 29.8 74.4 80.1                96.6189.6155.1 95.0 47.5194.8 20.1 27.3 63.6 68.9               127.6 81.7 45.8 21.4134.4  8.3 10.1 27.6 30.4               175.1125.8 61.3209.6 25.0 32.8 80.1 86.1                80.2 38.1180.9 15.5 21.0 51.9 56.5                20.8132.6  8.1 10.8 26.9 29.7                66.2  3.5  4.4 11.6 12.9                27.4 35.8 85.8 91.9                 2.1  4.7  5.2                 6.2  6.8                18.7                                                
0524470810  4.3 28.9 20.1 23.8  6.1 33.7 11.3 30.5  4.0                                         11.8  8.1 10.6  2.5 14.1  4.8 12.6  1.9                                         52.0 64.0 17.4 83.9 32.1 77.9 11.1                                         43.7 10.7 59.6 22.7 54.6  7.6                                         14.0 72.6 26.5 67.0  9.9                                         20.7  6.8 18.5  2.4                                         37.4 87.3 13.2                                         33.9  4.5                                         11.8                                                                                                                                                                                                                               
0524470910 28.2 55.1 70.9 84.7 24.7 25.3 37.6  7.8 26.5                                         21.7 27.0 34.0  9.4  8.7 13.6  2.8 10.2                                         53.0 64.7 18.7 17.2 26.9  5.4 20.2                                         81.9 26.1 24.0 36.0  7.4 25.3                                         29.8 27.7 44.9  9.5 31.9                                          7.6 11.8  2.5  8.8                                         10.9  2.4  8.1                                          3.6 12.7                                          2.6                                                                                                                                                                                                                               
05244710 7 24.5  8.6  6.3 22.2 10.5  7.7                                                         8.7  6.4 22.4 10.7  7.8                                                         2.3  7.1  3.4  2.6                                                         5.3  2.6  2.1                                                         8.7  6.4                                                         3.0                                                                                                                                                                                                                                                                                                                                                                                                    
0524471111 11.0 15.1 16.1 22.1 34.4 47.8 16.3 49.8 10.5 47.1                                     5.5  5.8  7.8 12.2 17.8  5.9 18.7  3.7 17.5                                     7.8 10.6 16.8 24.6  7.9 25.9  4.8 24.2                                    10.2 17.9 26.3  8.4 27.7  5.1 25.8                                    24.7 32.0 10.4 33.5  6.8 31.6                                    52.3 18.2 54.6 10.6 51.6                                    26.6 73.5 15.4 69.8                                    28.0  5.1 26.2                                    16.3 72.5                                    15.2                                                                                                                                                                                  
0524471214 43.3 28.3 89.0 34.0 52.7 83.1 97.3  9.3 94.2 28.1 54.7  8.0 12.1                     33.6110.0 40.1 61.2 93.9119.5 10.2116.0 33.3 63.3  9.6 14.6                     72.9 26.1 41.3 67.6 80.5  7.0 77.7 23.6 43.0  6.1  9.9                     83.9125.9165.6180.0 26.9177.0 72.5128.9 22.9 33.4                     49.0 78.2 92.1  8.6 89.1 26.0 50.9  7.4 11.0                    119.0135.4 13.0131.9 41.1 75.5 11.1 18.6                    174.1 24.2171.0 67.2122.0 20.6 30.5                     27.6184.9 80.1138.4 26.5 37.9                     26.3  7.0 13.6  2.1  3.0                     77.3134.9 25.1 36.2                     42.7  6.0  9.9                     11.6 19.5                      2.7                                                                         
0824570113 61.6  7.3 62.4 48.4 13.8 26.0 40.8 50.1  6.0 63.5 38.2 24.4                          16.6124.0 94.0 30.7 57.1 82.6 96.4 13.4125.6 78.4 54.2                          16.9 12.2  3.4  6.7 11.0 12.7  1.9 17.3 10.2  6.3                          95.0 31.1 57.8 83.5 97.3 13.6126.6 79.3 54.9                          25.8 44.6 66.7 79.3 10.9 96.3 63.0 42.2                          12.4 20.9 24.1  2.9 31.8 19.3 11.6                          37.5 46.2  5.5 58.9 35.1 24.6                          68.8  8.9 84.8 53.8 35.4                          10.3 98.7 65.0 43.7                          13.9  8.2  5.1                          80.6 55.9                          33.0                                                                                                       
0824570211 15.4  8.7  5.0  1.8 12.3 16.7  3.6 22.2  9.6  7.2                                    54.7 33.3  9.9 75.4 91.6 23.9117.9 58.9 46.7                                    19.9  5.3 45.9 58.3 13.6 71.5 34.3 26.3                                     3.1 27.4 35.8  8.3 45.3 21.9 16.2                                     8.0 10.7  2.4 12.9  5.7  4.4                                    79.7 21.3 94.8 49.6 38.8                                    25.8123.0 62.7 49.9                                    33.1 15.0 11.2                                    76.4 61.9                                    28.7                                                                                                                                                                                  
0824570312 38.1 39.4 83.0 82.4 12.9  9.5 34.0 29.6 48.7 72.3 26.9                               26.6 55.2 54.7  8.2  5.6 22.4 19.2 30.2 47.0 15.4                               56.9 56.4  8.6  5.8 23.3 19.9 31.3 48.6 16.0                              119.7 20.1 13.3 49.7 43.7 69.0 97.5 36.2                               19.9 13.2 49.2 43.3 68.4 96.9 35.8                                2.2  7.3  6.3 10.9 16.5  5.2                                5.0  4.3  7.4 11.0  3.6                               16.8 26.9 42.1 13.5                               25.7 36.9 11.6                               59.4 20.6                               30.4                                                                                                                                          
0824570416 33.7 41.4  4.4 47.3 21.0 67.7 15.3 21.0 46.3 23.9 69.8 21.4 32.4 99.4 34.4           68.8  7.8 77.2 34.5114.9 28.7 34.5 75.8 38.6117.8 35.0 55.2155.3 58.3            9.8 90.9 42.3131.9 32.0 42.3 89.4 47.1134.9 42.9 66.3172.4 69.8           10.4  4.5 16.1  3.5  4.5 10.1  5.1 16.7  4.6  7.5 27.8  8.0           48.2143.6 36.8 48.3 99.1 53.6146.6 48.9 74.6183.5 78.4           68.9 15.7 21.6 47.2 24.5 71.1 21.9 33.1111.1 35.1           53.7 69.0141.7 75.8179.4 69.8111.6212.4116.4           15.7 36.0 17.8 55.5 16.0 27.3 81.6 29.3           47.3 24.5 71.1 21.9 33.1111.2 35.1           52.5144.7 47.9 73.2181.8 77.0           78.1 24.9 37.0120.2 39.3           72.0114.4214.8119.3           33.6112.3 35.6          151.8 56.1          156.8                            
0824570513 74.1 80.3 90.4 22.4143.0 92.2 61.7 21.0 99.1 97.6 30.5 30.2                          42.5 49.2 10.0 79.4 50.4 31.2 10.3 55.2 54.2 15.3 15.1                          53.9 11.2 85.9 55.2 34.4 10.5 60.4 59.3 17.1 16.9                          13.2 96.3 63.3 40.0 12.4 68.9 67.7 20.3 20.1                          24.7 13.6  8.7  2.8 15.2 14.9  4.1  4.0                          98.1 66.4 23.1115.7114.0 33.3 33.0                          41.1 12.8 70.5 69.3 20.9 20.7                           8.2 45.2 44.3 12.0 11.9                          14.3 14.0  3.8  3.8                          75.2 23.4 23.2                          22.9 22.6                           5.9                                                                                                       
08245706 8  3.0  5.4  2.5  2.3  3.5  1.4  5.2                                                   28.0 13.3 11.6 19.9  5.0 27.0                                                   23.6 20.8 33.5  9.6 48.1                                                   10.5 16.4  4.2 22.7                                                   14.2  3.7 22.2                                                    6.0 32.4                                                    9.2                                                                                                                                                                                                                                                                                                                                        
0824570711 36.1 10.8  6.5 46.9 11.8 58.4 10.6 35.3 10.2 19.7                                    21.9 12.7 87.1 26.3114.1 21.4 68.6 22.8 38.2                                     3.7 29.7  7.0 34.0  5.8 21.3  6.1 10.5                                    17.2  4.3 22.5  3.6 12.4  3.8  6.9                                    31.6136.2 29.1 85.6 27.8 49.5                                    39.9  6.9 25.6  7.3 12.5                                    33.4112.2 35.3 61.4                                    20.8  6.0 10.3                                    22.2 37.3                                    10.9                                                                                                                                                                                  
08245708 6 16.7  3.3  5.4  3.5  2.0                                                             12.1 21.9 13.4  7.2                                                              4.1  2.7  1.7                                                              4.4  2.4                                                              1.8                                                                                                                                                                                                                                                                                                                                                                                                                                                                     
0824570915117.5 80.0 12.9 63.8 14.0 42.0 29.9 16.8 43.9 29.9153.2 78.8113.3 61.6               149.5 27.9127.2 30.1 83.6 57.3 35.5 86.8 62.8211.2147.9176.6124.0                20.0 87.9 21.8 60.3 39.7 26.2 62.9 43.9184.2116.1145.2 85.2                14.8  3.2  9.8  6.1  3.7 10.4  6.8 43.1 19.6 29.4 14.1                16.0 47.1 30.4 19.3 49.2 33.7163.1 86.6123.0 68.4                10.7  6.6  4.0 10.2  7.4 46.3 21.3 28.6 15.3                20.4 11.6 31.6 23.0125.8 59.3 80.2 45.3                 7.8 21.6 13.9 83.0 39.0 54.7 29.2                12.2  8.8 53.9 25.7 33.7 18.4                24.2129.7 61.9 83.3 47.4                89.8 43.1 60.0 32.4               182.8207.9159.8               143.6 84.0               119.8                                                
08245710 9 33.8 13.9 41.2  6.3 20.4  8.8 24.4 13.3                                              17.8 50.6  8.0 26.3 10.2 27.9 17.0                                              22.4  3.2 10.3  4.3 11.2  6.9                                               9.9 29.2 12.7 34.2 21.4                                               4.4  2.2  5.2  3.1                                               6.1 16.4  9.9                                               7.2  4.1                                              10.7                                                                                                                                                                                                                                                                                 
0824571117 87.6112.8 16.8 75.1 36.4 69.1 11.0 30.0 98.4 52.1 51.6 47.7 21.5 90.0112.4 53.8     155.4 30.2121.8 59.3113.8 19.5 49.7150.5 81.5 80.8 75.4 33.9140.6155.0 83.7      33.7139.3 71.4131.1 24.9 60.4168.0 96.0 95.2 89.3 41.8158.3172.3 98.4      24.2 11.0 21.7  3.4  8.9 31.8 15.2 15.0 13.6  5.9 28.2 33.6 15.7      49.7 89.8 15.7 41.3134.5 69.5 68.9 64.0 27.9124.6138.9 71.5      45.3  7.3 19.8 67.9 33.2 32.8 30.1 12.7 61.2 71.1 34.3      14.1 37.5126.3 63.9 63.2 58.6 27.8116.6130.7 65.8       5.9 23.3 10.9 10.8  9.8  4.1 20.3 24.7 10.3      57.3 27.3 29.9 27.2 10.3 51.3 60.1 28.2      91.9 91.1 85.4 39.5153.4167.6 94.2      47.3 43.7 19.4 83.8 95.6 49.4      43.2 19.1 83.0 94.8 48.8      17.4 77.6 89.0 45.1      35.1 41.6 20.1     157.8 86.0      98.0             
0824571215 10.9 24.0  2.5 10.7  7.0  6.0 19.3 20.4 10.9 20.4 26.1 28.3 17.1 26.6                59.4  6.3 27.5 19.7 16.6 49.9 52.3 27.9 52.3 63.3 73.3 45.3 64.2                13.6 58.8 40.8 35.2 96.0 99.5 59.6 99.5126.2139.9 88.9127.4                 6.2  4.2  3.7 11.0 11.6  6.3 11.6 14.7 17.9 10.7 15.0                19.4 16.3 49.4 51.7 27.6 51.8 62.7 72.6 44.8 63.5                10.5 33.8 35.6 19.8 35.6 43.8 51.5 30.5 44.5                29.0 30.6 16.6 30.6 37.8 44.7 26.1 38.4                86.5 50.1 86.6111.2124.7 76.7112.4                52.5 89.9115.1128.7 79.8116.3                52.5 63.6 73.5 45.4 64.4               115.1128.7 79.8116.3               145.7 93.9133.2               116.5146.9                94.9                                                
