0424150115 78.3 34.1  8.1112.7  8.3 84.9 47.2 39.7 61.7 48.2  8.9 46.2 69.4 86.8                79.8 21.6178.1 22.3161.1111.4 89.4133.3113.1 24.0 99.8143.3163.1                 8.3114.5  8.6 86.5 48.3 40.6 63.1 49.3  9.2 47.3 70.8 88.4                29.3  2.0 24.4 11.0  9.8 15.4 11.2  2.1 10.7 18.1 25.3                30.2184.2139.1125.8159.9140.7 32.2137.4168.9185.8                25.3 11.3 10.2 16.0 11.6  2.2 11.1 18.7 23.6               119.3 96.4141.1121.0 24.4117.7150.9170.0                55.6 82.7 66.4 12.2 63.9 91.4121.5                71.7 56.7 10.9 54.5 80.0 98.3                84.1 17.1 81.3122.2143.2                12.5 65.1 92.9123.1                11.8 20.1 25.1                90.0119.8               152.9                                                
0424150215122.8149.7 61.0 54.1182.6174.5 73.9 67.0183.8 57.5 28.0 13.6 86.8 47.2               129.5 48.3 42.6164.0155.2 59.5 53.5165.3 45.4 23.4 10.2 70.8 36.9                65.6 58.4188.4180.5 79.2 71.9189.5 62.0 30.5 15.0 92.4 51.1                20.6 93.2 85.5 27.8 27.2 94.3 22.3 10.6  4.8 34.1 17.4                84.3 77.1 26.8 23.4 85.4 19.1  9.1  4.2 29.9 15.0               208.5119.9110.8215.6 88.8 47.0 24.7136.0 75.0               111.0 92.8209.5 81.3 42.2 21.7126.9 68.2                31.1121.2 26.0 12.4  6.1 42.6 22.6               112.1 25.2 10.9  5.4 38.0 19.7                89.9 47.8 25.2137.3 76.1                 9.8  4.5 32.0 16.2                 2.4 15.6  7.8                 7.6  3.7                28.5                                                
0424150316173.2 65.5146.9161.1 59.0174.5181.3 31.4159.7156.0 43.1 23.6136.8 66.8 79.7           62.5142.6156.9 56.2170.5177.3 29.7155.4151.8 40.9 22.2132.5 63.8 76.4           46.0 54.3 15.5 63.5 68.6  8.2 53.4 51.2 10.6  5.6 40.8 18.2 23.3          129.9 41.0144.0151.3 22.8128.4124.8 29.3 15.2 96.4 47.1 57.3           48.7158.3165.4 28.0142.8139.1 35.1 18.5119.9 55.5 67.0           57.1 61.9  7.2 47.8 45.8 10.2  5.0 36.3 15.9 20.3          178.6 30.2156.8153.1 41.6 22.6133.9 64.8 77.4           33.1164.0160.4 45.4 25.1141.2 70.0 83.2           27.4 26.0  5.1  2.8 19.8  8.4 10.6          137.6 34.4 18.1118.4 54.6 65.9           32.9 17.2114.8 52.4 63.4            3.6 28.6 10.9 13.8           13.2  5.8  7.2           41.8 51.1           23.9                            
0424150415138.3 28.9192.3 57.4 31.7 49.3 33.2190.1164.6 66.1190.1173.1 58.5228.5                18.5153.1 35.9 20.5 30.4 21.6150.6123.7 42.0150.6132.3 36.6197.3                34.5  6.6  3.6  5.5  3.7 33.5 26.4  7.8 33.5 29.8  6.7 58.9                67.1 37.8 58.0 39.5202.9178.8 76.7202.9186.9 68.3237.5                 7.2 10.7  7.6 65.3 48.7 15.4 65.3 53.7 13.2114.5                 6.1  4.0 36.7 29.3  8.6 36.7 29.5  7.4 63.8                 6.4 56.4 41.6 12.8 56.4 46.0 11.0 92.3                38.4 27.7  9.0 38.4 30.9  7.8 66.5               176.4 74.9200.8184.6 66.6236.1                56.5176.4158.6 49.7218.3                74.9 62.1 15.8127.5               184.6 66.6236.1                54.8224.5               116.2                                                
0424150515201.8168.0 28.3135.2 42.8149.6184.6 92.8117.3 48.1148.5152.9 29.5 31.0               198.0 42.4168.1 62.2181.6212.0134.3150.3 69.2180.6184.6 39.8 46.1                26.7130.6 40.5145.0180.4 89.0112.8 45.6143.9148.3 27.6 29.3                18.7  5.0 22.9 33.3 11.7 14.6  5.6 22.5 24.0  3.2  3.6                27.0112.3148.4 64.0 75.4 30.6111.2115.5 17.4 20.7                32.3 49.8 18.7 23.3  8.7 31.9 33.6  4.6  5.4               162.6 74.2 86.7 36.5125.2129.6 21.3 25.3               114.6130.3 55.8161.6165.9 31.3 36.4                52.4 21.5 73.4 76.8 10.9 13.0                26.9 85.8 89.5 13.6 16.1                36.0 38.0  5.3  6.2               128.5 21.0 24.9                22.3 26.5                 3.4                                                
0424150615 80.4  8.3 10.5 73.1127.8  8.1 54.1 38.5 66.7 90.0 70.8 89.3 24.2 38.6                21.9 25.1147.3189.5 21.3121.7 86.8139.3166.1144.6165.4 60.1 87.0                 2.4 19.0 35.2  2.0 12.7  9.3 16.7 26.1 18.1 25.8  5.6  9.3                24.4 43.4  2.3 16.2 10.7 21.4 29.4 23.3 29.1  7.1 10.8               182.8 18.5112.7 79.2130.4157.9135.7157.2 54.0 79.4                34.4160.9135.3176.2197.2180.5196.7 92.6135.5                12.4  9.1 16.3 25.4 17.7 25.1  5.5  9.1                59.3 95.1132.9 99.9132.1 38.8 59.4                72.5 96.6 76.8 96.0 26.9 42.6               150.2127.5149.5 48.7 72.7               155.3175.1 68.4 96.8               154.5 52.1 77.0                67.8 96.2                27.0                                                
04241507 8 16.3 47.9 19.4 13.2 19.7 54.7 51.8                                                    7.7  2.9  2.2  2.9  9.0  8.4                                                    9.1  6.3  9.2 26.1 24.5                                                    2.5  3.4 10.6 10.0                                                    2.5  7.4  6.9                                                   10.8 10.1                                                   28.5                                                                                                                                                                                                                                                                                                                                        
0424150814 47.9 25.4118.6119.7 14.0 61.3 96.3 72.7 75.5 44.3118.1118.2 24.2                      9.2 49.0 49.6  5.3 26.0 41.8 29.0 30.4 17.3 48.7 48.8  8.8                     26.1 26.5  2.7 11.3 21.5 14.2 14.9  8.4 25.9 26.0  4.1                    121.5 14.4 62.6 97.9 74.1 76.9 45.3120.0120.1 24.9                     14.7 63.3 98.8 74.9 77.8 45.9121.0121.1 25.3                      7.0 12.0  8.7  9.2  4.9 14.3 14.4  2.6                     54.0 38.1 39.9 23.6 62.3 62.3 10.8                     64.4 67.0 38.5 97.5 97.6 20.5                     48.3 26.6 73.7 73.8 13.5                     27.9 76.6 76.6 14.2                     45.0 45.1  8.0                    119.6 24.7                     24.8                                                                         
0424150912 41.3 49.6 29.7 23.5 15.6 10.6  9.0  4.5  5.9 28.0  6.9                              176.7125.4 99.0 74.9 55.3 44.3 24.7 29.9121.4 34.6                              141.3124.4 87.4 65.7 53.1 27.7 36.2137.3 41.8                               70.4 51.1 36.6 28.8 15.2 20.5 80.1 24.2                               42.1 29.8 25.5 12.0 16.2 67.6 19.2                               22.2 17.0  8.9 10.9 48.8 12.8                               11.5  6.2  8.2 34.9  9.6                                4.8  6.4 27.4  7.4                                3.4 14.3  3.8                               19.4  4.9                               22.9                                                                                                                                          
0424151012 20.3 87.7 35.6 44.9  7.9 57.4 19.7 45.1 26.8 77.3 20.0                               38.8 14.3 18.8  3.1 25.4  7.8 18.8 10.4 33.1  7.9                               68.5 83.1 15.7111.3 37.8 83.4 49.0139.2 38.2                               33.2  5.7 43.1 13.9 33.4 18.9 59.6 14.1                                7.4 53.9 18.2 42.2 24.8 73.1 18.4                                9.8  3.1  7.4  3.9 13.1  3.1                               24.6 54.1 29.8 90.1 24.9                               18.3 10.1 32.2  7.6                               24.9 73.3 18.5                               42.1 10.2                               32.5                                                                                                                                          
0424151111 28.4 37.6 18.1 49.5 58.3 58.8 28.2 47.4 97.9 20.3                                     9.9  4.4 12.3 15.1 15.2  6.6 11.7 27.7  4.9                                     6.5 18.8 23.0 23.2  9.9 17.9 40.3  7.2                                     8.8 10.7 10.8  4.4  8.4 19.6  3.4                                    28.5 28.8 12.3 24.7 52.9  9.8                                    34.4 15.0 30.2 62.1 10.8                                    15.1 30.5 62.5 10.9                                    11.7 27.5  4.9                                    50.7  9.3                                    22.0                                                                                                                                                                                  
0424151214 22.0 21.6 34.8  4.5 30.8 32.0  8.1  3.1 24.4 19.8  9.2 12.8 13.3                     77.4125.6 19.0116.1119.0 32.0 11.7 84.1 72.8 36.0 51.9 53.7                    124.2 18.6114.7117.7 31.5 11.5 83.0 71.7 35.4 51.0 52.8                     30.5157.5160.4 53.2 21.1132.7118.3 59.0 81.3 83.7                     26.9 28.0  7.1  2.8 21.0 17.1  8.0 11.0 11.5                    150.9 47.5 18.4123.1 99.0 52.9 73.7 76.0                     49.2 19.2126.0111.8 54.7 76.1 78.3                      4.5 35.0 29.2 13.7 21.1 22.0                     12.9 10.5  5.1  7.6  7.9                     78.2 39.3 56.3 58.1                     32.8 47.6 49.3                     24.1 25.1                     33.9                                                                         
0524270116151.7202.7 88.7154.0182.9 63.1223.7 78.0196.0144.3234.4 69.5 58.5180.5 27.1          126.5 36.0 69.8 94.1 25.9156.8 30.5118.2 62.9175.2 26.4 23.4 91.8  9.5           69.0128.9159.3 47.5206.6 59.8173.8119.2220.0 52.7 43.7156.6 18.9           37.1 53.3 11.9 93.1 15.8 63.1 32.8121.0 13.5 10.8 51.6  4.6           96.1 26.8159.1 31.4120.5 64.5177.4 27.2 24.2 93.8  9.8           35.7187.4 45.6150.9 87.8203.3 39.8 32.7133.0 13.6           66.7 10.9 43.0 23.3 81.3  9.3  7.5 34.5  3.1           82.1200.1149.4236.9 73.3 61.9185.1 26.2           54.4 27.8 98.3 11.2  9.9 44.2  3.9          110.9214.4 47.8 39.5148.3 16.8          168.3 26.4 21.1 85.6  8.6           88.6 75.9201.2 33.5            8.5 38.6  3.4           31.7  2.9           13.1                            
0524270215 34.5177.3159.4 83.8 32.2157.5 46.8 47.5 48.6 15.9189.5145.1 63.1136.7                53.2 42.8 19.2  6.6 41.8 10.0 10.2 10.4  3.3 61.8 35.9 13.1 32.4               193.2126.9 50.0191.5 70.1 71.1 72.5 26.6217.9180.5 91.1172.6                98.7 40.1174.7 57.3 58.2 59.4 20.4204.2162.8 76.0154.5                17.8 97.0 27.5 28.0 28.8  8.7140.4 86.5 34.8 79.8                39.2  9.3  9.5  9.7  3.1 58.2 33.6 12.1 30.3                56.1 56.9 58.1 19.9202.7160.8 74.5152.5                13.1 13.4  4.3 80.3 48.7 18.6 44.1                13.7  4.4 81.4 49.4 19.0 44.8                 4.5 83.0 50.5 19.5 45.8                28.7 16.7  6.0 14.8               192.4113.0185.1                65.5140.1                59.8                                                
0524270316 20.7 34.3 22.3 18.8 10.7 19.1 51.0 36.0 70.0 15.0 13.2 36.7 27.9  4.5 50.1           56.2 35.0 30.0 19.0 30.4 80.0 58.7115.2 26.7 23.5 59.7 42.5  7.6 78.7           59.6 51.9 31.8 52.5132.4 93.5162.6 42.8 38.4 94.9 70.9 12.7130.7           32.1 20.5 32.5 84.4 62.2120.6 28.8 25.4 63.4 45.3  8.2 83.1           17.3 30.9 74.5 54.2 98.4 24.2 21.3 55.2 39.1  6.9 73.3           17.5 47.5 33.4 65.6 13.8 12.2 34.1 25.6  4.2 46.6           75.3 54.8 99.3 24.6 21.6 55.9 39.6  7.0 74.1          136.5195.9 62.6 56.6138.2 98.2 20.1165.6          166.6 44.8 40.2 98.4 73.8 13.4134.8           84.2 76.9168.4137.3 29.9194.4           17.0 45.7 31.9  5.6 61.5           41.0 28.5  5.0 55.6           75.1 13.7136.5           10.1 96.7           19.6                            
0524270417 90.4 83.5146.3187.4 93.5 35.2136.3164.9164.4226.1 40.4 81.5179.1 27.2 17.4128.9      44.6 83.1134.6 51.4 17.8 75.0 99.5 99.0189.5 20.9 43.2124.9 13.3  8.5 69.4      76.5126.4 46.6 15.8 68.8 92.4 91.9182.6 18.5 39.0116.7 11.8  7.6 63.5     180.0 86.1 31.4127.6156.7156.1221.7 36.2 74.6171.3 26.8 15.3120.3     138.3 54.6171.0195.8195.3240.6 61.9123.9207.0 43.1 26.4164.2      18.7 77.9113.1112.5192.4 22.0 45.2128.5 14.0  8.9 72.2      27.5 40.2 39.9110.3  6.9 15.2 48.6  4.6  2.9 27.8     146.8146.2215.9 31.8 66.9161.9 23.1 13.2110.3     174.1231.0 46.0 90.3188.0 31.2 20.3139.5     230.8 45.7 89.8187.5 31.0 20.1138.9     121.1180.5237.3 83.3 55.3211.4      17.9 55.4  5.3  3.3 28.9     114.3 11.4  7.3 61.7      38.1 25.6154.9       2.4 20.7      11.9             
0524270518116.8 19.2 27.1 49.9 74.7129.7 41.7165.6113.7172.4115.2 98.5 21.0 56.2203.8 97.4121.1 19.3 27.1 50.0 74.8129.8 41.7165.7113.9172.6115.4 98.6 21.0 56.3203.9 97.5121.2  4.1  7.7 11.5 23.1  6.3 33.3 18.5 36.3 18.9 17.1  3.1  8.8 54.5 16.8 20.5 10.7 17.8 31.9  9.6 48.8 28.9 52.9 29.5 26.7  4.4 12.3 76.6 26.3 28.7 31.9 57.8 17.3 83.7 48.3 89.4 49.1 45.2  8.3 24.8132.1 44.5 52.5 85.0 29.1127.7 72.5134.7 73.7 68.4 12.5 36.2169.6 67.5 78.2 48.6178.3126.7184.9128.3121.1 25.2 64.8214.2119.9134.2 71.7 40.2 77.0 41.0 37.6  6.8 20.0116.6 37.0 43.9162.7214.8164.2157.0 35.9 92.3237.5155.8170.0169.6112.4 95.9 20.1 54.4201.4 94.9118.2171.1164.0 39.1 98.4241.3162.8176.8 97.2 20.6 55.3202.6 96.2119.7 18.6 51.0196.6 90.1112.6  9.6 58.3 18.3 22.3142.7 50.3 59.0195.5207.5111.4   
0524270616 10.3122.3 88.7 30.9128.9 16.7 65.3 36.8 73.8 84.3 34.8 63.1133.9 84.6 55.3           17.9 12.4  4.0 19.7  2.4  9.0  4.7 10.5 11.5  4.4  8.6 21.2 11.6  7.3          142.6 54.2173.8 28.9112.7 63.3124.0137.3 60.3 99.7178.4137.7 89.6           39.9149.1 22.4 80.7 47.2 90.2111.8 44.7 78.2154.1112.2 69.2           58.4  6.7 27.3 15.1 31.6 37.4 14.2 26.2 61.8 37.6 24.6           31.4119.2 68.0130.6143.9 64.8116.1184.2144.3 95.2           14.6  8.1 17.1 20.8  7.6 13.9 33.5 20.9 11.8           32.6 66.6 76.5 30.8 56.6124.2 76.8 49.4           37.6 44.3 17.3 31.3 71.8 44.5 26.9           85.7 35.6 64.3135.7 86.0 56.4           42.0 74.1148.9 97.3 65.4           29.6 68.5 42.2 28.2          121.1 74.4 47.6          149.3 99.6           65.7                            
0524270712 27.6  5.5 16.6  8.3 19.4 12.2  5.8 17.5  5.4  8.5  2.2                               55.0137.5 77.0148.2116.8 58.2141.2 54.7 78.7 20.7                               32.6 16.7 37.4 27.6 11.4 34.2 10.6 17.2  3.8                               47.9 96.5 70.7 34.7 90.4 32.4 49.1 11.2                               54.4 37.1 17.9 50.0 16.5 27.0  5.7                               79.1 39.8 99.7 37.2 55.7 13.0                               26.5 73.5 27.4 38.0  9.1                               36.4 11.4 18.4  4.1                               34.0 51.2 11.7                               17.0  3.8                                5.9                                                                                                                                          
0524270811 56.7 31.3 24.7  9.5 49.2 59.3  9.0 61.0 14.1 71.0                                    36.8 29.1 10.4 56.9 68.0 10.7 69.8 17.0 80.6                                    16.2  5.8 31.5 38.7  5.5 40.0  9.3 47.6                                     4.5 24.8 30.7  4.3 31.7  7.2 38.1                                     9.6 11.0  1.9 11.4  2.6 14.1                                    59.5  9.0 61.2 14.2 71.3                                    10.3 72.8 18.1 83.8                                    10.7  2.5 13.2                                    18.8 85.9                                    23.2                                                                                                                                                                                  
0524270912 43.5 18.3 51.9 75.0 46.1 62.4 20.0 54.5 15.8 66.5 60.5                                8.1 25.4 35.5 21.9 28.5  8.9 27.0  7.1 30.8 27.5                               10.0 14.5  8.7 11.4  3.5 10.6  2.9 12.3 10.9                               42.7 27.2 34.5 10.9 29.6  8.7 37.1 33.3                               37.7 51.7 15.8 44.9 12.5 55.3 50.1                               30.3  9.5 28.9  7.6 32.7 29.3                               12.4 36.4 10.8 45.2 40.7                               10.5  3.1 13.5 11.9                                9.2 39.1 35.1                               10.7 10.4                               43.7                                                                                                                                          
0524271010  4.3 14.4 13.1 14.8 12.0  8.8 11.9  4.2  2.6                                         16.5 15.0 16.9 13.7 10.1 13.7  4.7  2.9                                         49.0 53.9 45.3 31.8 45.2 15.9 10.0                                         50.0 41.9 29.3 41.8 14.5  9.1                                         46.3 32.5 46.2 16.2 10.2                                         26.9 38.6 13.2  8.3                                         26.9  9.7  5.7                                         13.1  8.3                                          2.8                                                                                                                                                                                                                               
0524271115 11.8  9.3  6.2 43.2 40.5 33.1 30.3 24.8 37.0 24.4 28.6 16.1 24.0  5.8                10.3  7.6 51.4 48.3 39.7 36.4 30.5 44.2 30.1 34.4 19.8 29.5  7.0                 5.5 38.4 35.9 29.3 29.6 21.6 32.8 21.3 27.7 14.1 20.9  5.1                29.0 26.9 21.4 19.3 14.2 24.2 14.0 18.1 10.2 13.7  3.6               146.3129.0121.7 90.5138.5 89.6117.0 66.2 88.5 26.6               123.5116.3 85.9132.9 85.1111.6 62.5 84.0 24.7                91.0 72.8116.0 72.0 87.1 51.9 71.1 19.6                67.5 99.0 66.8 81.2 47.8 65.9 17.8                79.8 52.0 64.2 36.5 51.3 13.0                79.0 94.9 57.6 78.0 22.3                63.5 36.1 50.7 12.8                45.3 62.7 16.6                35.5  9.4                12.6                                                
0524271212 15.5  5.2 20.4 52.7 29.2 15.9 18.8 12.9  8.9 34.5 22.1                                5.4 21.3 54.5 30.4 16.6 19.6 13.4  9.3 35.9 23.1                                6.9 19.4 10.9  5.5  6.4  4.6  3.2 11.8  7.5                               67.8 38.8 21.9 26.0 17.7 11.0 45.5 27.4                               94.6 55.8 63.8 46.8 30.9117.2 72.0                               31.2 36.2 28.4 17.5 66.5 41.6                               20.2 13.8  9.5 36.8 23.8                               16.3 10.2 42.5 28.2                                7.8 30.4 19.2                               21.1 11.9                               48.7                                                                                                                                          
0824370113 15.8 34.2 45.5 66.2 65.9 99.6 15.7 68.4 52.7 14.8 16.8  6.8                          16.8 23.5 33.0 32.8 54.3  7.6 34.3 28.1  7.2  8.1  3.2                          47.9 69.3 69.0113.7 16.6 71.6 55.3 15.7 17.9  7.2                          87.8 87.4137.3 23.2 90.4 71.5 21.9 25.0  9.8                         128.3170.4 32.6131.9 98.5 30.9 34.8 14.1                         170.0 32.5131.5 98.1 30.8 34.6 14.1                          53.8173.4150.0 51.3 57.0 25.5                          33.9 27.8  7.1  8.1  3.2                         111.4 32.2 36.1 14.8                          26.1 26.8 10.6                           7.6  3.1                           3.4                                                                                                       
0824370216 98.1 54.6  8.6 42.2111.5 24.8 93.2 97.7 73.1 18.3 50.5 13.5 12.8 63.8154.9          139.0 27.1117.1196.3 66.2188.4192.8165.4 52.3132.1 40.4 38.5152.9226.8           12.0 60.7142.7 33.8133.3138.5 98.8 28.7 71.5 21.0 19.9 87.8184.6            9.8 28.6  5.1 25.0 26.9 17.5  3.9 10.9  3.1  3.0 14.6 44.3          120.7 28.4111.6116.6 80.4 21.0 56.3 15.4 14.6 70.5164.1           68.8191.6195.9169.0 54.6135.9 42.3 40.3156.6228.9           62.3 65.8 46.8 10.5 31.1  8.5  8.1 40.2115.0          188.0160.0 49.0126.5 37.7 35.9147.3223.5          165.0 52.0131.7 40.2 38.3152.4226.5           36.3 92.9 27.6 26.2122.3206.5           26.0  6.4  6.1 30.9 86.3           19.1 18.0 82.3178.4            4.6 25.7 69.3           24.2 66.5          196.4                            
0824370313124.3 25.7 91.6131.4 37.5124.8 90.9114.4 91.0 15.9 44.9 87.5                          16.0 66.9 92.3 24.8 86.5 66.3 77.9 66.4 10.0 30.1 63.4                          11.1 17.9  4.0 16.2 11.0 13.8 11.0  2.0  4.9 10.4                          72.4 19.1 67.2 49.9 59.7 50.0  7.7 23.7 47.5                          27.5 92.8 71.8 83.9 71.9 11.2 33.2 68.7                          25.0 18.9 23.8 18.9  2.8  8.0 17.8                          66.7 78.3 66.8 10.1 30.3 63.7                          59.2 49.6  7.6 23.4 47.1                          59.3  9.5 26.3 56.5                           7.6 23.5 47.2                           3.2  7.2                          22.0                                                                                                       
0824370418176.3 55.6144.7120.4 94.2 85.9140.8 85.8112.1203.3 76.4 32.9 16.3161.8141.7 47.1194.9 67.3161.8137.7120.4110.7158.0110.6129.2215.8 90.4 40.7 20.9178.1158.9 57.5208.4 46.6 34.7 27.9 27.1 44.5 27.1 31.2 92.3 22.9  9.0  4.2 56.9 45.0 12.3 83.6 96.0 81.5 73.8125.5 73.7 88.8190.9 65.1 27.1 13.2146.7126.4 39.2181.7 63.4 56.8 92.6 56.7 69.7169.0 49.6 21.4 10.3122.4 93.4 28.9158.8 46.5 78.4 46.4 57.7152.1 40.3 16.7  8.2 95.9 79.1 25.4141.6 70.9 41.3 51.6142.3 35.7 14.5  7.2 87.6 71.6 22.1131.7 70.8 85.6187.6 62.5 28.6 12.5142.8122.5 37.4178.2 51.5142.2 35.7 14.5  7.1 87.5 71.5 22.0131.6160.8 44.9 18.9  9.2114.1 86.3 28.9150.5130.4 59.0 29.2204.8188.4 80.5228.8 12.3  6.1 78.0 63.1 18.6119.9  2.7 33.8 26.1  7.4 52.4 16.8 12.6  3.6 28.3143.7 48.2196.6 37.8179.0 72.3   
0824370510  9.8  7.8 29.6  3.5 15.8 28.1  6.1  6.7 20.8                                         10.6 39.3  4.6 21.9 33.9  8.2  9.0 28.8                                         31.5  3.7 17.0 27.1  6.5  7.1 22.4                                         14.5 63.3 94.9 27.6 27.2 77.5                                          7.8 12.3  3.0  3.2 10.1                                         55.5 13.2 14.5 43.4                                         23.3 25.6 68.6                                          5.6 17.3                                         19.0                                                                                                                                                                                                                               
0824370615 25.4 64.1 21.3  4.7  9.2 29.3 11.5 59.1 48.1 62.5 38.3 42.0 92.0 68.9                73.6 25.8  5.5 10.1 34.6 13.8 68.1 55.9 71.8 44.9 49.1113.4 78.7                59.7 14.5 27.1 82.1 36.0144.3127.3149.0 99.6116.5182.2157.3                 4.3  8.4 26.9 10.5 55.0 44.5 58.2 35.3 38.8 86.7 64.3                 2.2  6.4  2.7 13.1 10.1 14.0  8.5  9.5 24.7 16.0                11.8  4.7 24.5 21.0 26.2 16.0 17.8 42.8 29.5                16.2 76.3 63.2 80.2 51.2 55.7123.8 87.5                32.8 26.0 34.9 22.1 24.6 55.6 39.1               120.3142.1 93.3 99.6176.3150.5               125.0 78.8 84.7161.1133.7                97.5114.2180.3155.1                70.2143.9115.8               150.8122.8               187.2                                                
0824370714 74.1  9.1 38.4 50.2 16.1 41.3  9.6 16.3 59.1 62.7 66.5 28.9 42.7                     22.7 86.0116.1 38.9 91.1 24.1 39.1130.5135.9141.4 68.3 93.5                     10.1 13.8  4.3 11.0  2.7  4.4 16.9 18.2 19.6  8.2 11.4                     59.5 20.0 49.4 10.7 20.1 69.6 73.6 77.7 34.9 51.0                     27.5 63.6 14.6 27.7 87.3 91.8 96.4 45.8 65.6                     21.7  4.6  8.2 29.9 32.0 34.2 14.5 22.6                     11.6 21.9 74.1 78.3 82.6 37.6 54.7                      4.6 17.9 19.3 20.8  8.6 12.1                     30.1 32.2 34.5 14.6 22.8                    114.8120.2 54.2 76.3                    125.5 57.5 80.5                     61.1 84.8                     38.9                                                                         
0824370810 12.4 16.8 12.8 51.2 14.9  9.3 12.1 59.0 54.1                                          7.2  5.6 23.6  6.5  3.9  5.3 28.1 25.3                                          7.4 28.8  8.6  5.0  7.0 33.7 30.6                                         24.4  6.7  4.0  5.5 29.0 26.0                                         28.6 15.9 23.0 94.5 88.0                                          4.5  6.3 30.3 30.5                                          3.8 19.0 17.0                                         27.4 24.6                                         98.7                                                                                                                                                                                                                               
0824370911 35.2 17.9 57.9 11.1 21.6 78.2 79.6 44.3 47.2 25.7                                     8.1 26.6  5.2  9.6 38.0 38.9 21.3 23.0 10.4                                    13.1  2.7  4.5 19.6 20.1 10.4 10.2  5.3                                     9.0 15.7 62.0 63.3 33.8 36.1 18.8                                     3.1 12.2 12.5  6.6  7.1  3.5                                    23.6 24.2 11.4 12.3  6.3                                    84.6 47.7 50.8 28.2                                    48.7 51.8 26.0                                    27.0 13.5                                    14.6                                                                                                                                                                                  
0824371016 47.7 90.5 28.6154.2121.0 41.9 91.3 79.9 28.3138.6185.1 16.5 28.7157.2131.1           40.1 11.2 74.0 51.9 17.2 40.5 34.2 11.0 63.0 99.8  6.6 10.1 76.2 58.1           26.0139.2 96.9 35.0 79.2 68.7 23.0123.6170.9 13.4 23.3142.1116.3           46.6 31.4 10.6 26.4 21.7  6.3 38.9 66.2  3.9  6.4 48.2 35.5          161.8 65.9140.1126.0 42.1178.8218.7 28.8 42.5195.7171.7           45.7 97.7 85.9 28.2146.2191.9 18.2 28.5164.6138.6           35.4 29.9  9.5 55.8 90.3  5.7  9.6 68.0 51.3           69.4 23.3124.5171.8 13.6 23.6143.1117.2           19.2110.8157.9 11.2 19.4128.9 94.3           35.0 60.2  3.5  5.7 43.5 31.9          206.8 23.2 35.3181.6156.4           38.4 60.8220.8200.7            3.6 30.0 21.0           43.9 32.2          174.5                            
0824371111  5.0 12.6  3.0 12.2  4.4 14.4  6.4  8.4 16.0 20.7                                    19.0  4.2 18.4  6.4 21.9  9.5 11.4 24.4 28.2                                    10.3 45.3 16.5 52.3 25.1 29.6 57.0 69.5                                    10.9  3.7 11.7  5.3  6.9 13.1 16.8                                    16.0 50.9 24.3 28.8 55.5 67.8                                    19.0  8.3 10.9 21.1 27.3                                    28.9 33.5 63.5 76.9                                    14.9 28.7 36.1                                    36.8 45.9                                    82.9                                                                                                                                                                                  
0824371213 20.8 26.4 79.0 85.2 42.7114.9 24.7 14.0 45.8 71.7 12.0 28.9                           9.5 31.3 34.5 16.2 45.1  8.9  5.3 17.6 27.8  4.6 10.5                          38.6 42.4 20.5 54.9 10.2  6.5 22.3 34.4  5.7 13.2                         130.8 65.6153.8 36.4 23.7 69.8113.4 20.3 45.8                          71.2161.7 40.0 26.3 75.6121.0 22.6 50.1                          88.8 19.2 10.9 36.9 59.1 10.4 25.1                          51.9 31.8 93.8143.9 27.7 64.2                           6.1 20.8 32.4  5.3 12.3                          11.8 20.7  3.4  7.8                          63.0 10.2 27.2                          17.7 40.9                           6.8                                                                                                       
