01252301 8  4.0  5.0 14.2 26.3  7.5  4.3 16.7                                                    2.6  7.2 11.8  3.7  2.3  8.4                                                    9.2 15.3  4.6  2.7 10.7                                                   42.5 13.0  7.8 28.7                                                   24.0 12.9 48.5                                                    3.9 15.2                                                    9.1                                                                                                                                                                                                                                                                                                                                        
01252302 7  9.7  2.7 10.9  6.9  2.6 15.5                                                         3.9 15.7 10.9  3.8 22.4                                                         4.4  2.9  1.5  6.6                                                        11.1  4.2 24.9                                                         2.9 17.5                                                         6.4                                                                                                                                                                                                                                                                                                                                                                                                    
0125230314 32.9 94.1 45.5 67.6 89.8111.9 42.2146.7116.0 14.0 25.6 53.0 85.7                     26.3 11.1 18.1 27.2 29.4 10.2 45.2 31.0  3.6  5.9 13.3 25.3                     36.8 55.7 75.6 86.6 34.0129.0 90.2 11.0 19.9 43.1 71.9                     26.5 34.6 41.0 14.7 61.4 43.1  4.8  8.4 19.4 32.5                     52.6 61.4 24.2 87.9 64.3  7.6 12.4 28.5 49.7                     82.5 31.9124.0 86.0 10.2 18.5 40.6 68.2                     37.9137.8 97.7 12.4 22.6 47.9 78.6                     57.2 39.9  4.5  7.7 17.7 30.0                    142.1 20.3 32.6 70.6119.1                     13.1 24.0 50.3 82.0                      2.7  5.7 10.5                     10.1 17.3                     38.2                                                                         
0125230414 65.9 37.4 10.6 25.5 24.2 26.1 57.1  6.0 42.3 11.5 42.0 27.9 68.2                     95.6 31.9 66.0 63.4 72.6140.7 18.0115.0 34.2114.4 70.6156.8                     18.0 37.4 35.7 41.8 84.6 10.0 65.0 19.5 64.6 40.4 98.3                     10.7 10.1 12.1 27.0  3.0 20.8  5.5 20.7 11.6 33.1                     24.2 26.1 57.2  6.1 42.4 11.5 42.1 28.0 68.2                     27.5 54.8  5.8 40.5 10.9 40.2 26.5 65.5                     63.2  6.8 47.2 13.1 46.8 28.4 75.0                     15.0 93.2 29.0 92.7 61.4143.8                     10.5  3.2 10.4  6.6 18.8                     22.6 72.0 45.7118.1                     22.4 12.6 35.6                     45.4117.5                     72.9                                                                         
0125230513 41.1 32.0 39.7 36.8  6.7 47.0 40.3 35.9 17.7 18.0  7.5 14.9                          61.2 73.6 69.0 12.8 84.8 74.5 67.6 33.6 34.1 14.5 28.9                          59.3 55.3 10.6 69.1 60.1 54.1 28.9 29.3 10.9 24.3                          66.9 12.3 82.5 72.3 65.6 32.4 32.9 13.9 27.8                          11.3 77.6 67.8 61.3 30.0 30.4 12.8 28.5                          15.0 12.5 11.0  5.4  5.5  2.6  4.7                          83.4 76.1 38.6 39.2 17.0 33.3                          66.4 32.9 33.3 14.2 28.2                          29.3 29.7 12.4 27.7                          14.3  6.1 11.9                           6.2 12.1                           5.2                                                                                                       
0125230616 34.8 36.9 15.5 10.2 27.9 34.3 37.9  4.6 37.9 56.2 67.2 47.1 19.2 11.5  7.6          112.4 48.6 33.5 83.0 96.8114.6 14.7114.5148.9165.5132.9 57.8 37.4 25.6           51.3 35.6 86.9111.1119.4 15.7119.2153.8170.3137.8 60.9 39.6 27.3           14.9 39.4 47.8 52.7  6.5 52.6 75.7 88.8 64.3 28.3 16.8 10.1           29.8 33.0 36.6  4.4 36.5 54.3 65.0 45.4 18.4 11.0  7.3           81.9 88.8 11.5 88.7130.7147.5115.0 47.2 30.1 20.0          113.3 14.4113.2147.6164.2131.5 57.0 36.8 25.1           16.2121.5156.1172.6140.1 62.4 40.7 28.2           16.2 25.9 29.1 20.8  8.0  4.9  3.3          156.0172.5140.0 62.4 40.6 28.2          203.8174.3 88.0 60.0 38.8          190.0112.3 71.4 47.1           75.5 50.3 32.1           20.8 12.4            8.2                            
0125230712 19.2 47.7 14.5 63.2 70.1  9.6 49.6 21.2 33.3 54.2 60.1                               16.4  4.8 23.4 27.0  3.1 17.2  6.8 10.8 19.2 21.9                               12.5 56.0 62.4  8.3 43.6 18.1 29.0 47.8 53.1                               17.7 20.4  2.6 13.1  5.3  9.1 14.6 16.6                               80.9 10.6 58.2 25.9 39.6 63.3 69.9                               12.1 64.8 26.7 44.5 70.3 77.2                                8.7  3.4  5.6  9.6 10.9                               19.0 30.3 49.7 55.3                               11.9 21.2 24.2                               33.3 37.4                               60.2                                                                                                                                          
0125230811 46.5 53.4 44.5 35.6 10.3 40.8 90.2 21.7 14.1 37.4                                    35.9 29.5 25.8  6.5 26.9 64.9 13.5  9.8 27.3                                    34.3 27.2  7.7 31.3 73.4 16.0 10.5 28.6                                    24.4  6.2 25.7 62.3 12.8  9.3 25.9                                     4.9 22.0 50.8 10.9  7.2 19.9                                     5.7 14.1  2.9  2.2  5.2                                    57.6 11.5  8.4 23.3                                    29.3 21.6 53.2                                     4.0 10.4                                     7.6                                                                                                                                                                                  
0125230913 20.8 50.4 19.0 47.7 22.9 10.6 10.0 31.5 27.5 20.8 22.9  5.4                          62.4 24.8 59.3 30.0 13.8 11.8 39.8 34.9 27.2 29.9  6.9                          58.0135.0 67.1 35.4 30.7 91.8 82.9 62.4 67.0 17.9                          55.1 27.3 12.6 10.8 36.7 32.2 24.8 27.3  6.4                          63.9 33.5 28.9 87.9 79.2 59.3 63.7 16.8                          15.2 12.9 43.2 38.0 30.0 29.4  7.6                           6.8 23.5 20.2 13.8 15.1  3.9                          20.0 17.2 11.8 12.9  3.4                          54.9 39.8 43.1 10.5                          34.9 37.9 10.0                          29.9  6.9                           7.5                                                                                                       
0125231014140.0 52.6 43.3127.3 23.8 20.4 71.5126.8 41.3127.4 28.8 61.7 47.0                     68.7 57.2152.4 29.8 28.6 90.9151.9 54.7152.5 35.3 79.5 61.8                     19.8 60.1 10.3  8.8 32.7 59.8 18.7 60.2 11.2 30.5 21.8                     49.8  8.2  7.1 29.3 49.5 14.8 49.8  9.8 24.1 17.2                     28.1 24.0 80.7139.1 47.5139.7 30.3 70.1 53.9                      3.7 13.7 27.9  7.8 28.1  4.8 11.3  9.0                     11.7 23.9  6.7 24.1  4.3 10.7  7.8                     80.4 27.7 80.8 16.5 38.9 28.9                     47.3139.2 30.1 69.8 53.6                     47.6  9.3 22.8 16.3                     30.3 70.2 54.0                     13.6 10.8                     26.6                                                                         
0125231114 12.9 48.2 46.3 59.4 41.7 19.0 72.9 47.6 10.2 63.2111.6 52.0 15.8                     14.1 13.5 18.3 11.9  5.3 23.9 13.9  2.9 19.8 34.2 15.5  4.5                     50.0 63.8 45.1 20.8 77.8 51.3 10.1 67.7117.9 56.0 17.3                     61.4 43.3 19.8 75.1 49.3 10.6 65.2114.6 53.8 16.5                     55.7 27.0 92.8 63.0 13.0 81.6136.3 68.4 22.4                     17.5 68.6 44.4  9.4 59.2 96.4 48.6 14.6                     31.2 20.5  3.9 29.2 47.7 22.8  6.4                     76.9 16.9 97.5155.4 83.0 26.5                     10.9 66.8116.8 55.2 17.0                     14.0 27.7 11.0  3.4                    141.8 72.4 24.3                    124.4 40.8                     19.0                                                                         
0125231216 84.6111.5 68.7120.6 27.2 88.9 97.5 44.1 40.8 32.5141.6 30.5162.1 87.4110.1           63.0 39.9 69.3 14.1 53.8 60.0 26.8 24.5 18.9 85.0 17.6111.9 52.7 62.0           50.1 84.4 18.4 66.6 73.8 31.2 28.8 24.7112.0 23.0131.7 65.3 76.1           55.4 10.7 42.4 47.6 20.2 18.4 14.3 69.0 13.3 83.9 41.5 49.2           20.8 73.2 80.8 34.9 32.2 28.0121.1 26.1141.3 71.8 83.2           15.1 17.3  7.0  6.4  5.2 27.4  4.9 31.8 14.7 18.0           63.5 28.8 26.3 20.3 89.3 18.9117.1 55.9 65.6           29.6 30.1 23.2 97.9 21.6127.1 62.3 72.7           10.8  9.3 44.3  8.7 55.3 28.1 30.7            8.5 41.1  8.0 51.4 25.7 31.4           32.7  6.3 41.3 19.8 24.2           30.7162.6 87.8110.6           38.9 18.5 22.6          115.3130.2           64.3                            
0425330113  8.5 74.0 41.6 38.6 32.9 33.6 49.0 35.1 13.8 13.8 14.3  5.9                          33.6 18.6 17.0 14.2 14.5 22.6 15.3  6.0  6.0  6.2  2.7                         142.4136.1123.0124.7156.4128.2 55.7 55.8 57.6 26.2                          79.0 69.1 70.4 95.6 72.9 30.1 30.2 31.2 12.7                          64.7 65.9 90.3 68.4 27.8 27.9 28.9 11.7                          57.1 79.6 59.4 25.8 25.9 26.9 10.8                          81.0 60.5 26.5 26.6 27.6 10.0                          83.8 35.7 35.8 37.1 15.4                          27.8 27.9 29.0 10.5                          10.6 11.0  4.3                          11.0  4.3                           4.4                                                                                                       
0425330215  5.6 25.6 10.5  6.2 34.3 22.1 24.0  2.0 15.0 10.6  3.6 39.2 15.0 17.1                56.6 24.3 15.6 78.1 50.5 58.4  4.2 36.7 24.6  9.4 86.6 36.7 41.0                90.2 61.6186.2153.3164.4 18.3129.0 91.0 37.7193.6128.9137.3                26.9127.4 82.1 92.4  7.6 62.7 43.9 16.4137.5 62.6 68.9                84.1 55.1 63.5  4.6 40.4 27.2 10.5 92.8 40.3 45.0               178.7188.1 25.5156.9128.3 54.2211.2156.8164.6               155.7 15.8119.5 82.9 33.3186.7119.4127.9                19.0131.5 93.2 39.0195.4131.4139.9                10.8  7.7  2.8 29.4 10.8 12.3                63.3 26.3166.2 86.6 93.9                16.7138.4 63.3 69.6                61.2 26.2 26.6               166.1173.5                93.9                                                
0425330311 66.2 81.8 48.3 72.3 19.1 26.1 41.6  9.9 18.5 18.4                                    91.2 55.1 81.1 22.4 30.2 47.7 10.5 21.8 21.7                                    69.0 98.3 27.0 39.0 60.3 14.0 26.3 26.2                                    60.5 15.0 22.9 33.9  7.9 14.6 14.6                                    25.3 33.6 52.5 11.8 24.5 24.4                                     8.3 12.6  2.9  5.5  5.5                                    19.1  4.1  8.1  8.1                                     6.6 12.3 12.2                                     2.9  2.8                                     5.3                                                                                                                                                                                  
0425330415130.5 88.3 42.7 26.6 83.7128.9203.0 75.1117.5 59.4 31.3 72.8 12.5 81.2                92.1 45.1 28.3 87.5133.4206.2 78.7122.0 62.5 33.2 76.3 13.4 85.0                29.2 19.2 61.2 90.7179.0 54.1 81.2 41.7 23.0 52.3  9.0 59.1                 8.2 27.2 44.2115.2 26.0 38.3 18.9  9.8 24.9  3.8 26.1                17.8 27.7 73.7 15.2 26.2 11.1  5.9 14.5  2.6 17.0                86.2174.2 50.8 76.8 39.0 21.3 49.0  8.4 55.6               205.1 77.4120.4 61.4 32.5 75.1 13.1 83.6               164.2196.6143.1 83.5161.4 37.0171.4                68.6 34.1 18.2 43.0  7.2 49.0                53.8 28.0 66.4 11.1 74.4                13.3 32.8  5.4 37.5                17.4  2.9 20.3                 6.9 47.2                 8.0                                                
0425330518246.3147.6193.7240.9216.7 72.9144.9 21.3 54.1 55.9 44.5198.4 78.7233.3126.5158.3157.8222.1245.3262.5254.4166.4220.5 60.2139.5142.4123.0247.3173.3260.1208.3228.2228.0144.7212.6175.0 39.9 84.9 10.1 28.3 29.4 25.0150.5 43.7200.0 70.5 96.4 95.9239.7214.8 70.7142.0 20.4 52.3 54.1 43.0196.1 76.4231.8123.6155.4154.9250.5151.9210.8 50.8124.6127.5 98.5242.0159.2257.5197.0219.7219.4 96.1172.5 28.6 73.8 76.0 61.8218.6112.9245.1154.9184.7184.3 38.7  4.3 11.6 12.0 10.1 75.2 18.9134.7 30.7 45.5 45.3 10.7 27.4 28.4 24.1147.8 42.3197.9 68.6 94.1 93.7  3.1  3.2  2.6 22.2  4.8 41.3  8.3 11.7 11.6  9.1  7.0 55.9 12.8 98.0 23.5 32.5 32.3  7.2 57.8 13.4110.5 24.4 33.7 33.5 46.1 10.2 83.9 18.5 26.3 26.1 81.0234.7129.4161.1160.6142.1 33.7 49.7 49.4182.5208.1207.8 78.8 78.5116.0   
0425330618243.9112.0182.1195.9 37.0 90.0149.5241.8 83.8138.4132.8 88.7133.1 97.7 57.1228.6249.0122.4192.4205.6 41.8 99.1160.5248.3 92.5149.4143.7 97.7144.0117.8 63.9236.2254.8 53.5 62.5  7.9 21.4 37.1119.2 19.3 32.6 30.5 21.0 30.6 24.2 11.7 91.6131.1130.6 17.7 45.9 78.9189.3 42.0 70.8 67.0 45.0 67.1 50.8 29.7170.4200.4 21.5 53.9 90.4202.7 49.5 81.6 77.4 52.9 77.6 59.5 31.9184.6213.0  6.6 11.6 40.3  6.1 10.0 10.3  6.5 10.3  7.4  4.0 32.1 46.2 31.5 96.3 16.1 30.6 28.4 17.4 28.5 20.1 10.8 80.5117.3157.1 28.7 50.2 47.2 30.9 47.3 35.1 19.2137.3169.2 89.8146.0140.4 94.9140.6114.6 61.8233.9253.1 27.6 25.6 15.7 25.7 18.2  9.8 74.7 99.9 41.7 30.0 41.9 30.8 16.6126.4158.2 27.8 39.3 28.9 15.5120.9152.6 27.9 19.7 10.6 79.3115.7 28.9 15.5121.2152.8 11.0 87.8126.4 50.1 69.9241.8   
0425330718162.8217.7219.6 62.2218.5240.4185.6124.1221.8155.7245.7215.0174.4 81.9243.1230.4246.6 46.4 48.2  5.6 47.2 77.7 27.0 11.9 50.4 18.8 90.3 44.1 25.0  8.0 83.7 60.7 92.6 98.8 13.1 97.2151.5 62.0 28.5112.3 42.5166.3 92.3 53.7 19.1158.7128.3168.9 13.7100.0154.6 64.3 29.7115.5 44.2169.3 95.1 55.7 20.0161.8131.5171.9 13.3 25.6  7.9  3.5 14.5  5.1 28.4 12.3  6.6  2.5 25.6 18.3 29.4152.8 62.9 29.0113.6 43.2167.6 93.5 54.5 19.4160.0129.7170.2 98.7 50.6158.3 72.0205.4147.2 87.8 32.7199.5173.6207.4 17.1 66.9 27.1123.6 59.1 31.6 10.3115.8 79.2126.4 31.1 10.8 60.3 26.9 14.2  4.7 55.1 38.2 62.2 46.2172.8 98.4 58.1 21.1165.4135.3175.3 84.2 40.3 22.5  7.2 77.8 55.9 86.4162.3111.1 39.6210.6187.1217.5 51.1 17.9154.5124.1164.9  9.5 94.0 69.4113.8 35.9 26.7 41.0180.3212.4189.5   
0425330810  9.5 87.0 11.2 36.8 96.9 36.3 78.7 15.3 30.6                                         12.5  1.7  4.5 15.0  4.5 10.7  2.0  3.8                                         16.4 50.2129.0 49.6 98.7 22.4 42.3                                          5.8 19.8  5.7 14.0  2.4  4.8                                         57.9 19.6 44.2  7.8 16.1                                         57.2119.6 24.1 49.1                                         43.6  7.6 15.8                                         19.1 37.0                                          6.4                                                                                                                                                                                                                               
0425330918 33.4 16.2 77.3 12.4 88.5 22.9 28.8 77.3 37.0 20.4 10.6 40.4  4.5 55.7  6.2 46.7 31.4 56.2187.9 44.9200.3 73.4 86.4187.9122.1 67.5 35.9129.5 16.5157.9 23.3142.1 99.2126.7 22.8140.8 36.7 44.7126.7 61.5 33.3 17.5 66.6  7.9 88.0 10.0 75.7 53.2 97.6249.2152.2168.7242.4195.4143.9 81.9201.8 39.8223.4 53.0211.9183.3120.9 28.8 35.3 97.6 49.4 28.8 13.4 53.7  6.1 72.5  8.5 61.6 42.3166.1182.2249.2207.2158.0 93.3213.1 46.8232.6 61.8222.3195.9 59.4152.2 79.7 44.9 24.8 85.7 10.0120.8 14.0 96.1 69.7168.7 93.3 54.3 28.0 99.7 12.6137.4 17.6121.8 82.4195.4143.9 81.9201.8 39.8223.4 53.0211.9183.3 73.5 39.6137.9 18.5166.1 26.1150.5117.1 22.1 79.2  9.9112.8 12.6 89.2 64.0 43.2  4.9 59.4  6.6 49.9 33.7 20.5173.4 28.9158.0124.5 30.2  3.1 24.3 15.4 36.9185.2152.8 30.5 21.7137.0   
0425331013 83.1142.7 96.6 27.1 50.5 13.4147.7126.9 16.9 54.6 49.4 66.6                         115.3 73.2 19.8 35.3  9.7120.4 90.6 11.1 38.5 34.5 47.8                         130.8 37.8 67.6 19.6170.4151.1 24.9 72.6 66.3 86.5                          25.3 43.3 11.1135.9114.8 14.0 47.0 42.4 57.8                          10.0  2.8 40.5 30.5  3.3 11.1 10.8 14.4                           5.1 71.5 56.1  6.3 23.0 20.2 26.6                          21.2 15.3  2.0  5.6  5.0  7.1                         156.0 24.2 76.7 70.2 90.9                          19.4 60.6 55.0 73.3                           6.9  6.2  8.9                          22.4 29.1                          26.0                                                                                                       
0425331116 95.6119.8  7.7 14.0 37.3 77.3 45.5 58.5 28.6 28.6 64.0 39.5 57.0141.1 57.2          182.8 17.3 31.2 77.9147.4 91.3121.3 62.5 56.9129.4 81.7119.0200.5119.3           21.5 37.7 90.2162.2114.9136.4 73.4 67.2144.5 94.3134.0211.6134.4            2.4  5.8 12.7  7.2  9.7  4.4  4.0 10.8  6.2  9.4 26.3  9.4           10.3 25.8 13.0 17.7  8.5  7.6 19.9 11.1 17.1 48.8 17.2           61.6 35.0 45.6 23.6 21.0 50.2 30.2 44.4119.7 44.5           73.5 90.9 48.6 43.9 97.8 64.9 88.9182.0 89.1           55.3 26.9 26.6 60.6 37.2 53.8136.1 54.0           35.4 31.8 76.3 48.3 68.4157.6 68.6           15.6 39.1 25.3 34.3 90.5 34.5           35.2 22.5 30.9 83.6 31.0           53.1 74.4165.4 74.7           47.0124.4 47.2          155.2 66.9          155.6                            
0425331215  3.5 70.4 10.2 41.1 47.9 81.0 15.6 54.3 33.5 26.4  9.6 44.6 27.0 62.2                17.2  2.5  9.6 10.5 21.1  3.4 12.2  7.7  5.4  2.3 10.6  6.1 14.5                49.9148.1159.8197.9 69.2169.2132.7 97.8 43.5154.4116.8179.2                27.8 32.7 58.6 10.0 37.5 24.7 16.8  6.2 30.3 19.3 43.5               115.4160.8 40.3125.6 80.7 61.3 26.4 99.7 68.1137.2               171.9 47.0137.8 91.1 70.3 28.2121.8 77.6149.2                79.8180.6145.9120.7 51.3166.8130.1189.9                53.3 32.8 25.7  9.3 43.7 26.5 61.1               110.2 78.4 32.4132.1 86.2159.1                51.0 20.8 86.2 57.0121.7                14.2 66.0 41.7 88.1                26.0 16.3 37.7                73.1143.6                96.3                                                
0725430112 33.0 37.9 49.5 44.3  5.3 22.2 21.9 42.9 10.9 10.0  7.8                               74.9 92.9 85.0 10.8 43.6 43.2 82.8 23.0 21.2 16.2                              112.8 94.3 12.6 49.7 49.3 92.0 27.0 24.8 18.9                              125.3 17.3 63.9 63.3122.7 32.5 30.1 26.0                               15.1 57.5 57.0113.4 28.8 26.7 22.7                                7.2  7.1 14.6  3.5  3.3  2.7                               27.1 55.9 13.6 12.5 10.6                               55.4 13.4 12.3 10.5                               27.9 28.7 21.9                                6.3  4.9                                4.6                                                                                                                                          
0725430214  9.8 51.8 32.8 43.7 35.2 37.6 11.7 50.6 54.7 14.0  7.0 41.0 23.5                     24.4 14.3 19.9 15.5 16.7  5.2 23.7 26.1  6.1  3.1 18.4 10.0                     75.5 94.7 79.9 84.2 28.9116.3123.0 34.0 17.0 90.1 52.9                     64.8 53.2 56.5 18.9 73.9 79.1 22.7 10.1 61.1 33.6                     68.8 72.8 26.3 92.9 98.8 28.3 13.9 78.2 44.6                     60.2 20.5 78.3 83.7 24.6 10.9 65.0 36.0                     22.1 82.5 88.1 26.5 11.7 68.8 38.4                     28.1 30.6  8.0  3.8 24.4 12.0                    120.9 33.1 16.5 88.3 51.6                     36.0 18.2 94.1 55.8                      4.4 29.3 14.3                     12.9  7.1                     41.9                                                                         
0725430315 32.5 18.1110.7 36.7 89.1  9.4 40.3 10.8 89.1 53.9 53.4 75.8 97.3 38.4                11.5 74.6 27.1 64.6  6.1 27.0  7.6 64.6 36.9 36.5 53.7 71.7 25.6                42.5 13.2 35.9  3.3 14.7  4.0 35.9 20.9 20.6 29.1 40.5 13.9                82.1166.7 23.6 88.3 26.9166.7120.4119.5151.1175.5 85.0                71.6  6.9 30.6  8.7 71.6 41.5 41.0 59.9 79.0 29.0                19.4 77.4 24.7154.0 97.5 96.7137.9163.2 74.3                 7.7  2.3 19.4 10.8 10.6 15.3 22.3  7.3                 9.7 77.4 45.5 45.0 65.1 85.2 32.0                24.7 12.4 12.3 19.5 25.6  9.2                97.5 96.7137.9163.2 74.3                59.7 83.7116.6 43.4                82.9115.7 42.9               147.4 62.4                81.9                                                
0725430416 99.7128.3 18.5152.2 97.4172.7 97.2 61.4142.6 55.9 20.6137.7 82.8 68.4144.1           76.2 10.3 96.4 60.3127.6 60.2 34.7 88.0 31.2 10.4 83.8 49.4 39.3 89.3           12.3124.5 74.1146.4 73.9 44.1114.9 39.8 13.7110.0 61.5 49.6116.3           17.5  9.9 24.3  9.9  5.3 15.1  4.8  2.0 14.1  7.8  6.0 15.5           94.1169.3 93.8 58.8138.8 53.4 19.5133.9 79.7 65.6140.3          125.0 58.4 33.6 85.8 30.1 11.0 81.7 47.8 38.0 87.0          124.7 74.8160.3 68.5 27.1155.5 98.3 82.6161.7           33.5 85.5 30.0 10.9 81.5 47.7 37.9 86.8           52.5 17.5  5.8 49.5 26.8 22.8 53.4           47.5 16.9124.2 72.1 58.8130.6            5.2 44.7 26.6 20.2 48.4           15.7  8.6  6.6 17.3           68.3 55.5125.7           30.5 73.2           59.8                            
0725430510  7.6  2.6 12.1  5.4  9.1 12.7  4.1  6.7 18.9                                          5.6 28.3 12.2 21.3 29.4 10.0 15.4 41.8                                          9.7  4.0  6.6 10.1  3.2  4.9 13.6                                         21.9 33.6 48.9 16.3 27.8 67.0                                         14.8 23.0  7.1 10.7 30.3                                         35.0 11.0 18.7 49.1                                         17.0 26.2 69.3                                          8.8 25.5                                         37.3                                                                                                                                                                                                                               
0725430616 96.5 31.3  6.7 44.3 18.7 67.8 25.6 49.4 55.3 31.9 44.5 49.0 28.5 24.3  7.1          139.4 34.8167.7 86.6201.7116.2176.7185.7140.9168.1175.9123.7112.7 36.5           10.5 64.8 27.0 94.4 35.6 71.5 79.0 47.9 65.1 71.0 39.1 34.1 10.1           14.1  5.8 24.0  7.7 16.1 18.5 10.7 14.2 15.9  8.5  7.3  2.5           38.5131.7 50.0 94.3113.2 65.8 86.7 93.6 54.5 48.0 14.9           59.7 21.7 43.1 48.4 27.5 38.6 42.7 24.1 20.6  6.1           75.5141.2151.1 95.7132.1140.4 81.4 72.8 25.4           55.6 62.0 36.3 50.2 55.2 29.3 28.2  8.1          122.4 72.6 94.6111.9 60.5 53.4 17.0           80.2113.5121.6 67.3 59.7 19.5           66.1 72.0 39.8 34.7 10.3           94.0 54.7 48.2 15.0           60.0 53.0 16.8           28.0  9.0            7.7                            
0725430710 25.3 37.7 44.9 22.7 29.2 49.0 12.4 57.3  6.9                                         18.6 22.9 10.5 13.9 25.6  5.9 27.6  3.2                                         31.4 15.0 21.9 34.6  9.1 41.0  4.7                                         18.4 24.2 41.2 10.1 48.6  5.7                                         11.2 20.5  4.9 25.1  2.7                                         26.7  6.9 31.8  3.7                                         11.3 53.0  6.3                                         13.7  1.9                                          7.6                                                                                                                                                                                                                               
07254308 8  6.7  7.3 15.0 25.8 21.0  3.6 10.1                                                    3.7  8.0 12.2 10.0  2.1  5.0                                                    8.6 13.2 10.8  2.2  5.4                                                   27.3 25.2  4.2 10.9                                                   36.7  6.8 18.6                                                    5.6 15.2                                                    2.7                                                                                                                                                                                                                                                                                                                                        
0725430916194.1 35.1164.5184.8151.1 43.5 71.1 92.8177.3 66.2 29.1 32.7121.8114.0203.1           42.5180.3199.5167.3 52.3 83.4117.5192.5 78.0 35.4 39.6138.0130.0216.2           29.3 37.8 27.4  6.0 10.6 14.0 34.4  9.7  4.0  4.4 18.4 16.5 47.9          170.5136.0 36.6 60.9 80.8162.7 56.5 26.6 30.3 97.6 91.0189.9          157.2 46.7 75.6 98.0183.1 70.4 31.3 35.1127.8119.9208.1           31.1 52.6 70.7149.3 48.7 22.1 25.2 86.5 80.2177.4           12.3 17.8 42.7 11.2  4.9  5.5 23.6 21.2 58.6           29.4 69.8 20.5  8.7  9.8 37.7 34.3 91.8           91.4 29.9 11.3 12.9 51.8 47.4127.7           64.9 28.5 32.0120.0112.3201.6            7.9  9.0 34.6 31.5 86.0            3.8 14.9 13.4 40.0           17.0 15.2 44.7           59.5148.4          140.4                            
0725431011121.0 40.1 92.2 33.9 71.3 95.8 27.9120.0 21.7 34.5                                    26.7 66.5 24.4 49.7 69.5 17.5 81.1 13.7 24.9                                    22.2  7.0 15.4 23.6  5.2 26.3  4.2  7.1                                    18.3 39.1 55.8 13.2 65.8 10.4 18.7                                    12.7 19.4  4.4 24.1  3.5  6.0                                    41.1 10.1 49.2  8.0 13.0                                    14.0 68.8 11.0 19.8                                    17.3  2.8  4.4                                    13.5 24.6                                     3.6                                                                                                                                                                                  
0725431116  9.8 27.8  2.9 23.8 42.6 12.0  6.6 13.6  7.0  9.9 25.7  7.8 28.5 10.1 14.0           81.7  8.6 67.6123.1 38.4 21.4 42.9 23.0 29.6 71.5 25.7 83.3 32.8 43.9           26.9160.3209.8100.0 59.1119.1 62.6 82.2165.7 68.1180.6 89.0121.1           20.8 37.8 10.5  5.8 11.9  6.2  8.7 22.4  6.8 27.7  9.7 12.2          193.9 84.2 47.9 91.8 50.9 68.0146.8 55.6162.2 74.1 93.6          145.2 84.9154.6 89.2123.7198.7 96.0211.4132.1156.7           28.9 55.1 27.9 38.7 88.6 30.8111.9 42.7 56.3           29.4 14.9 21.5 51.0 16.7 60.4 24.2 30.1           31.4 43.2 96.5 34.6121.0 47.6 62.4           23.2 54.1 17.9 64.0 26.0 32.2           72.0 25.9 83.8 33.1 44.2           59.1167.7 78.3 98.3           69.5 29.1 35.4           90.6123.1           48.7                            
0725431212 10.8 57.9 19.5  5.3 39.4 20.1 34.2 10.8 11.1 39.7 40.6                               35.6 11.0  3.2 25.7 11.3 21.8  6.8  7.0 25.9 26.6                               58.4 17.2117.0 59.8 96.2 35.5 36.4117.6119.4                                5.3 39.8 20.4 34.6 11.0 11.3 40.1 41.0                               10.9  5.5 10.2  3.2  3.3 11.0 11.2                               40.9 69.7 25.7 26.4 78.9 80.4                               35.5 11.3 11.6 41.2 42.1                               21.8 22.4 70.2 71.5                                7.0 25.9 26.6                               26.7 27.4                               80.9                                                                                                                                          
