05252c0116 66.6  7.1 42.3 49.6  4.4 43.8 54.6 43.3 22.8 52.8 55.7 60.7 36.7117.7  7.4           27.7133.5145.2 18.5135.9152.2135.1 77.0149.8153.7160.0123.2198.8 28.8           17.4 21.2  2.0 18.1 24.0 17.9  8.6 23.0 24.7 24.7 14.7 52.5  2.8           99.7 10.3 91.1117.2 90.4 50.2114.5118.8125.8 79.9175.3 18.2           12.5112.1129.2111.3 58.4126.6130.7137.7 90.4184.1 22.2           10.7 14.1 10.6  5.3 13.5 14.5 16.3  9.6 34.0  2.0          119.6 92.6 51.8117.0121.2128.2 82.0177.2 19.0          118.8 63.9134.0138.2144.9 97.1189.1 22.7           51.2116.2120.4127.4 81.3176.6 18.7           61.9 65.1 70.6 43.8130.5  9.0          135.6142.4 94.7187.4 24.1          146.4 98.5190.1 23.2          115.4194.4 25.7          167.0 15.4           54.4                            
05252c0216 63.7200.4173.6207.0198.7216.6122.5115.4234.6221.9 47.5213.9209.0 55.6146.8           24.2 14.6 25.2 23.3 31.3  7.5  6.7 52.4 35.7  2.6 29.4 26.3  3.0 10.6           84.3135.2123.0151.1 46.7 42.7187.8160.8 16.6146.5138.3 20.2 62.2           92.7 82.3117.7 30.3 27.5158.1127.8 10.1113.0 95.4 12.3 41.6          132.8160.6 52.6 48.2195.4170.0 19.3156.1148.1 23.5 69.5          148.8 45.3 41.4185.9158.6 16.0144.2136.0 19.5 60.6           63.4 58.4206.6183.9 24.5171.1163.5 26.7 82.2           14.0 96.3 70.9  5.3 60.1 54.6  6.3 22.5           90.1 65.5  4.8 55.3 50.1  5.7 20.2          212.8 38.5203.4197.7 45.4130.1           25.6179.9172.8 30.6 90.7           22.8 20.2  2.3  7.4          159.1 25.1 78.3           24.6 71.8            8.9                            
05252c0316 23.1138.0119.2163.1205.6137.2171.0 82.3208.0217.9135.2 73.8 92.2 28.2197.5            8.4  6.3 11.5 27.4  8.2 13.4  4.1 29.4 41.3  8.0  3.6  4.8  1.7 24.4           47.3 81.1149.5 59.3 89.1 31.9154.2175.4 57.9 27.6 37.2 10.4135.1           65.8131.1 46.8 73.1 24.3136.0159.4 45.6 23.0 28.6  7.7116.2          173.1 80.3124.6 45.8177.1194.4 78.7 40.0 52.9 14.4160.5          148.7180.4 92.8213.2221.7146.9 83.9113.2 33.4204.1           88.3 31.5153.4174.7 57.3 27.2 36.8 10.2134.3           51.7184.1199.9 86.6 45.3 59.4 16.7168.5           97.2131.5 30.6 14.4 20.3  5.0 79.8          223.1151.5 88.2118.2 35.7206.6          173.1121.3142.6 49.6216.9           26.5 35.8  9.9132.3           17.2  4.3 71.5            5.9 89.6           27.0                            
05252c0415154.2 94.7 17.0 36.9148.5 12.3 55.6 53.6  9.8136.0 99.4 82.5  6.3 24.4               218.8 94.7163.3233.7 77.1190.0187.7 60.8230.3221.0212.0 41.9134.3                54.9113.8216.1 42.4146.1143.1 31.9209.6193.0178.2 23.0 77.4                19.8 89.5  6.4 28.8 27.6  4.7 78.8 58.4 46.1  3.2 12.4               157.8 14.3 62.5 60.3 10.4145.6119.1 90.9  7.3 28.0                72.4185.6183.2 56.7228.5218.5208.9 38.8128.4                23.7 22.6  3.6 62.7 45.3 35.2  2.5 10.0                85.7 17.0175.3151.2132.1 10.7 43.2                16.2172.7148.2129.1 10.2 41.5                48.5 34.3 26.3  2.1  7.3               212.4201.4 32.8115.7               182.4 25.0 81.7                18.5 66.3                 4.8                                                
05252c0511 85.8  7.3 13.5 29.9 36.7 28.0 15.4 10.7 39.3 76.3                                    21.1 37.8 77.7 90.7 73.7 42.2 28.0 95.4161.2                                     2.9  6.3  7.9  5.9  3.2  2.3  8.5 17.7                                    11.7 14.8 10.9  6.1  4.0 16.0 32.5                                    32.3 27.2 13.3  9.3 34.6 68.7                                    30.3 16.8 10.6 42.3 81.0                                    12.4  8.6 32.5 65.0                                     4.5 18.2 36.4                                    11.4 26.5                                    85.4                                                                                                                                                                                  
05252c0616 28.3 35.1185.0192.8 89.7145.0 31.5 61.9 84.3239.4119.9210.7 34.4202.0239.4            3.7 30.1 33.4 10.1 19.2  3.4  6.9 10.2 69.7 13.7 43.2  3.7 38.0 69.7           37.3 41.3 12.8 24.5  4.1  8.6 11.7 83.1 17.4 52.8  4.5 46.8 83.1          197.1 93.8149.9 33.4 65.2 88.3242.0124.8214.4 36.5206.1242.0          111.3158.6 37.1 71.3 95.5246.3133.4220.7 40.5212.8246.3           62.6 11.3 25.2 33.6175.6 47.4132.4 12.5121.8175.6           21.6 41.2 58.3216.2 78.7179.4 23.9169.2216.2            7.6 10.4 76.0 15.3 47.7  4.1 42.1 76.0           23.0138.8 30.5 88.0  8.4 79.4138.8          169.3 43.9125.9 11.5115.4169.3          196.1255.4 81.8251.1268.2          154.9 17.0144.2196.1           51.8228.0255.4           45.9 81.8          251.1                            
05252c0716137.1234.3128.0 49.1132.5 80.7 31.1206.2192.4125.7 89.6 84.6195.3205.7244.3          142.4 35.3 11.9 37.3 22.6  7.8 89.8 76.0 34.3 26.5 24.3 78.7 89.2164.0          133.3 52.2137.8 84.9 33.2210.1196.8131.0 94.1 89.0199.6209.6246.3           10.5 33.4 19.9  6.9 82.4 69.2 30.6 23.2 21.3 71.7 81.8155.1           11.1  6.6  2.6 30.4 27.0 10.1  7.6  7.0 28.3 30.2 66.4           21.2  7.3 86.0 72.5 32.4 24.8 22.7 75.1 85.4159.5            4.1 53.1 43.4 19.3 13.0 11.9 45.2 52.6113.9           20.2 15.8  6.7  4.7  4.3 16.6 20.0 43.4          156.1 80.5 60.0 56.1159.5172.0224.7           67.5 49.4 46.0142.4155.4213.5           22.5 20.6 70.0 79.9152.8           13.9 51.4 59.5124.7           47.9 55.6118.7          158.7215.8          224.2                            
05252c0816124.5111.1157.1 25.5 62.1114.4 36.3162.8147.6 37.1 54.6115.6 37.4 62.3 10.0          136.4181.3 32.3 81.0139.8 49.4186.5172.5 50.3 72.1141.1 50.7 81.2 14.3          168.6 27.1 70.5126.1 42.0174.1159.3 42.8 62.3127.3 43.2 70.7 11.8           48.0119.7171.8 70.8212.4200.9 72.1 98.7173.0 72.5120.0 22.7           15.0 28.3  8.8 51.3 42.8  9.0 12.8 28.8  9.0 15.1  2.6           73.0 24.7125.4110.3 25.3 34.9 73.9 25.5 40.4  6.7           43.7177.2162.6 44.6 64.7130.7 44.9 73.2 12.4           75.2 63.9 13.2 21.0 44.4 13.3 24.8  3.7          205.3 76.5114.1178.4 76.9125.8 24.6           65.1 90.4163.8 65.5110.6 19.8           21.5 45.3 13.7 25.4  3.8           65.6 21.7 35.1  5.7           45.6 74.2 12.6           25.6  3.8            6.7                            
05252c0916 96.3 85.0165.8 34.8110.6168.7 78.0 21.3115.6 36.9133.7161.7135.2 30.7177.0           46.9110.8 18.3 57.8113.6 42.2 10.8 61.2 19.6 74.2 97.0 75.3 15.9122.3           89.2 15.2 49.6 91.6 35.9  9.0 52.6 16.2 64.4 85.6 65.4 13.1 99.2           37.1115.4173.5 82.0 22.8120.6 39.3138.8166.6140.3 32.7181.6           19.6 38.4 13.4  3.3 21.1  6.0 27.3 35.2 27.9  5.0 42.7          118.3 44.7 10.5 64.5 20.9 77.9111.3 79.0 17.0127.0           84.4 23.8123.5 40.7141.8169.4143.3 33.9184.3            8.0 47.6 14.3 58.5 78.6 59.5 11.6 91.6           11.3  3.5 14.5 21.5 14.8  3.0 27.0           22.5 82.0116.4 83.2 18.3132.3           29.2 37.3 26.8  5.3 45.2          134.5 98.5 23.6150.6          136.0 31.0177.7           24.1152.1           37.8                            
05252c1018 49.7 55.5137.2141.9152.8 20.5161.5191.4 30.1142.9 34.5 70.0144.8 60.3 51.8116.3 71.1 20.9 54.8 57.6 64.6  7.1 70.5 94.6 10.2 58.3 12.0 28.1 59.5 23.2 19.2 43.3 28.7 61.0 64.0 71.5  8.0 77.8113.4 10.5 64.7 13.7 28.8 66.0 26.5 21.9 48.5 29.4150.9161.8 23.0170.3199.4 30.2151.9 38.3 76.4153.8 66.2 57.1125.0 77.6166.4 24.5174.8203.5 31.9156.5 40.4 79.9158.4 69.3 60.0129.5 81.1 28.3185.3212.6 36.3167.4 45.8 88.5169.3 77.2 67.1140.4 89.7 28.6 41.1  3.9 24.8  4.9 10.6 25.5  8.9  7.4 17.4 10.9219.4 40.1175.8 50.4 95.6177.7 83.8 73.2149.1 96.9 56.6204.3 69.9135.2206.0120.9 97.7179.8136.7 32.3  6.8 14.1 33.0 11.6 10.7 25.5 14.3 40.9 80.7159.5 70.1 60.6130.5 81.9 18.4 41.8 15.2 12.6 29.8 18.7 82.2 31.6 29.6 61.6 38.2 71.4 61.8132.4 83.4 24.4 52.8 32.2 45.2 30.2 62.6   
05252c1118 58.3130.0211.2176.6 89.7 29.4145.8 79.6196.6188.5142.9 22.9182.6150.7176.3 50.1 89.3 30.6 86.4 54.8 21.8  6.1 37.3 18.2 70.9 63.7 36.0  4.4 59.1 39.7 54.6 11.0 21.6167.0124.4 50.9 15.4 85.2 44.0147.9137.9 82.8 10.7131.1 89.3124.1 25.8 50.6207.3135.3 46.8181.5123.1222.6216.5178.9 34.2212.0185.8207.1 75.7134.9 85.1 27.4140.2 75.3192.1183.7137.3 21.1177.6145.1171.2 46.9 84.7 10.7 60.9 29.4115.8 96.5 59.0  7.5 90.7 64.3 84.9 18.0 34.2 19.3  9.1 36.9 32.5 18.5  2.4 29.8 20.7 27.3  5.1 10.7 53.0163.3153.7 96.1 13.4146.9113.2139.9 31.6 60.6 94.5 86.1 51.3  6.4 80.6 56.1 75.1 15.1 29.3202.8160.5 26.6197.6168.0191.9 61.5115.4150.8 25.7189.5158.5183.4 55.0 96.1 12.8144.1110.4137.0 30.4 58.7 23.3 14.3 21.1  3.8  7.5151.8177.4 50.8 90.3144.9 33.6 64.0 46.8 84.5 17.9   
05252c1218 27.5 38.0 28.9 56.9 67.4 37.5  8.6 31.4  8.5 58.0116.0 58.1 19.3 89.9 55.2 75.0 32.9 37.5 28.4 56.2 66.6 36.9  8.4 31.0  8.4 57.2114.9 57.3 19.0 89.0 54.5 74.1 32.4 39.1 80.3 93.2 54.9 12.1 46.6 12.0 81.6149.3 81.8 27.4131.0 78.2112.4 48.6 58.5 69.2 38.6  8.8 32.4  8.8 59.6118.5 59.7 20.0 92.0 56.8 76.9 33.9137.0 79.4 19.5 68.6 19.3122.8183.9123.0 42.0166.5118.5147.6 71.2 92.1 24.2 80.4 24.0138.6198.1138.8 50.4181.7134.2163.4 83.3 11.9 46.0 11.8 80.7148.0 80.8 30.0129.8 77.3111.2 48.0 10.8  2.9 19.9 39.7 19.9  6.1 32.0 18.7 27.9 10.3 10.7 69.8133.3 69.9 24.5115.4 66.7 88.8 40.5 19.8 39.5 19.8  6.0 31.8 18.6 27.7 10.2185.4124.6 42.8168.1120.1149.2 72.5185.6 82.8221.4181.3206.9137.1 42.9168.3120.3149.4 72.6 69.2 40.7 56.6 25.8163.8191.4119.0144.8 69.3 91.8   
08252c0116 25.3 25.7 56.8 82.4 23.9 21.9 82.0 14.1 92.6 45.2 15.7  7.4 64.7 49.4  4.0           39.3 87.1129.8 36.9 34.3129.3 25.3142.1 71.6 28.3 11.9 97.1 77.3  6.8           88.1130.9 37.5 34.8130.5 25.8143.2 72.5 25.9 12.1 98.2 78.2  6.9          197.8 83.9 79.1197.4 56.9207.1148.1 62.0 29.9178.1155.5 17.2          125.8119.9221.7 82.5228.8181.4 88.9 46.2206.7187.9 28.5           32.6125.4 23.9138.1 68.7 26.7 11.2 93.7 74.3  6.5          119.5 21.9132.2 64.4 24.5 10.3 88.7 69.8  6.0           82.2228.6181.0 88.5 46.0206.4187.5 28.3           92.8 45.3 15.8  7.4 64.9 49.5  4.0          191.9 99.4 53.4215.2198.0 30.0           49.6 25.5159.7136.0 13.0            8.3 70.4 54.1  4.4           34.7 28.4  2.4          166.8 20.3           14.4                            
08252c0214122.4 13.6144.3143.8 79.3 58.2 40.4115.2 86.2 26.7 73.7 63.3 62.6                     10.7127.5127.1 66.4 47.7 32.6 89.9 72.6 20.8 61.3 52.2 51.5                     14.7 14.6  7.0  4.7  3.3 10.6  7.8  2.2  6.3  5.2  5.2                    149.0 83.5 61.7 43.1120.3 90.6 25.8 77.7 67.1 66.3                     83.1 61.4 42.8119.8 90.1 25.7 77.3 66.7 66.0                     29.9 21.6 61.2 47.7 12.1 39.4 32.9 32.5                     14.1 43.6 33.3  8.8 27.2 24.8 24.4                     29.6 24.4  5.8 19.4 15.8 15.6                     67.1 18.6 56.4 47.8 47.2                     13.6 43.7 36.7 36.2                     10.9  9.8  9.6                     30.0 29.6                     27.3                                                                         
08252c0318 50.6 25.1 15.2 38.6 62.3126.4 41.5 31.4 21.8 83.6 41.9  8.5  8.4  7.3 19.8 51.6  7.1120.8 78.0165.1207.6256.4171.6146.8110.6232.2172.3 44.4 44.2 38.7 94.2191.0 37.7 38.0 89.3140.5206.6 94.5 75.4 51.8171.0 95.1 21.5 21.4 18.4 47.7122.7 17.8 61.3 93.6169.4 65.5 50.7 33.6131.7 65.9 13.1 13.0 11.2 30.8 79.4 10.9184.9241.4147.0122.5 80.9212.7147.7 33.8 33.6 29.2 75.2167.1 31.6266.4191.1167.0129.8246.0191.8 55.1 54.8 48.2122.3209.3 47.0245.7228.3196.8278.3246.1115.0114.6 94.0189.6257.4 92.1128.9 85.9218.1154.2 36.4 36.2 31.5 80.0173.5 30.7 67.9196.4129.6 30.2 30.1 25.7 62.9148.8 25.0160.2 86.4 18.8 18.7 16.0 42.4112.4 15.5218.7 74.8 74.5 66.2152.5233.7 64.6 36.6 36.5 31.8 80.6174.2 30.9  7.3  6.3 17.0 45.4  6.1  6.3 16.9 45.2  6.1 14.5 39.5  5.4 95.8 14.1 38.5   
08252c0412 39.7 10.3 29.5 28.5 28.9 18.9 35.2  2.4 24.6  6.2 14.6                               44.3111.6 99.2110.0 70.6124.2 10.5 84.0 25.7 58.4                               33.2 32.0 32.4 21.6 39.4  2.7 25.1  7.0 16.6                               80.4 81.2 54.8 93.6  7.5 66.5 20.4 44.5                               79.0 53.1 91.3  7.2 64.6 19.6 43.0                               53.7 92.2  7.3 65.3 19.9 43.6                               63.8  4.4 42.5 11.5 27.1                                9.1 76.6 25.1 52.4                                5.6  1.8  3.5                               14.9 34.1                                9.8                                                                                                                                          
08252c0513119.2 10.9 45.7 28.8 91.4114.1 40.1 78.1 48.6 55.1 92.0 77.8                          10.9 42.0 26.3 85.6 97.6 36.8 72.8 44.8 50.8 86.2 72.5                           3.6  2.5  8.3 10.1  3.2  6.7  3.8  4.4  8.4  6.7                           9.7 33.0 39.4 12.8 26.8 16.1 18.7 33.3 26.7                          22.1 27.2  8.4 17.5 10.5 11.0 22.4 17.4                          81.4 28.8 59.0 35.3 40.3 70.9 58.8                          34.5 68.9 42.0 47.8 82.0 68.6                          25.7 13.8 16.1 29.1 25.5                          28.7 32.9 59.5 48.7                          20.2 35.6 28.5                          40.7 32.7                          59.2                                                                                                       
08252c0614 52.1137.9 66.9 91.0 13.7 64.1 73.8 53.6 45.9 20.5 42.5 73.6 28.9                     79.7 36.7 52.8  7.4 34.9 41.1 28.6 26.5 10.9 24.1 41.0 15.5                     98.6139.1 23.8 95.1117.5 81.7 71.4 31.7 66.7117.4 46.9                     67.7 10.0 45.9 53.5 37.8 32.1 13.6 29.6 53.4 21.3                     13.9 64.9 74.6 54.3 46.6 20.9 43.1 74.5 29.3                      9.5 10.3  7.6  6.4  2.9  5.9 10.3  4.1                     51.1 36.0 30.5 12.8 28.1 51.0 20.1                     42.3 36.0 15.5 33.2 59.3 24.3                     27.4 10.3 25.0 42.2 16.1                      9.4 20.7 35.9 13.3                      8.7 15.4  5.7                     33.1 12.2                     24.3                                                                         
08252c0712 62.1 29.4 16.9 75.5 88.2 23.7 38.6 30.2 71.7 11.7 24.9                               29.3 16.8 75.2 87.9 23.6 38.4 30.0 71.4 11.7 24.8                                7.8 36.8 44.5 10.8 18.4 13.9 34.6  5.6 10.3                               21.7 27.1  5.8 10.5  8.0 20.3  3.2  6.0                              114.4 27.6 47.9 37.8 86.0 15.0 28.8                               33.6 57.4 45.6 99.5 18.7 35.0                               13.3 10.1 28.6  4.2  8.3                               18.9 45.2  7.4 14.0                               35.5  5.7 10.6                               14.0 30.0                                4.3                                                                                                                                          
08252c0816 27.4 60.5 16.1 51.1 54.1 19.5  7.2 19.5  3.9 34.0 18.4 15.5 18.0 12.1 14.3          164.0 55.0148.6153.8 64.1 26.9 64.1 13.3113.9 61.3 53.4 60.2 43.2 50.1          117.4211.3215.3131.5 54.9131.5 30.0181.1127.3114.8125.5 88.5 99.4           93.3 97.8 37.9 14.2 37.9  7.9 66.4 36.0 30.9 35.3 27.0 28.8          203.0116.2 46.1116.2 27.3166.2112.1 91.1110.5 76.3 86.4          121.3 48.9121.3 29.3171.3117.2 95.5115.5 80.4 90.7           17.3 44.8  9.5 76.8 42.6 36.7 41.8 29.3 34.3           17.3  3.6 30.5 16.3 13.7 15.9 10.7 12.7            9.5 76.8 42.6 36.7 41.8 29.3 34.3           16.9  9.0  7.7  8.8  6.0  7.1           73.6 64.6 72.4 52.8 60.8           34.9 39.7 27.8 32.5           34.2 26.0 27.9           30.3 31.9           24.1                            
08252c0914 89.0 27.1 67.5 65.2 48.1 57.3 72.3 42.7 77.1 13.0 57.8 27.3 68.6                     28.4 64.5 62.2 45.8 54.6 69.1 40.6 73.8 12.2 55.1 28.6 65.6                     19.3 18.4 12.6 15.6 21.1 11.0 23.1  3.6 15.8  7.4 19.7                     45.5 32.8 39.6 51.0 28.9 54.8  9.3 39.9 19.4 48.2                     31.4 38.0 49.1 27.7 52.8  8.9 38.3 18.5 46.3                     27.2 35.5 21.1 38.4  6.2 27.4 12.7 33.4                     42.8 26.2 46.1  7.6 33.2 15.7 40.3                     31.3 58.9 10.1 43.1 21.2 51.9                     33.9  5.5 26.5 11.1 29.5                     10.0 46.5 23.2 55.8                      7.7  3.6  9.5                     15.9 40.6                     19.8                                                                         
08252c1016180.7 64.8 91.4 35.3121.6206.6 67.2136.4 53.9 20.2 48.0 68.7 93.0153.9116.0           78.7118.8 44.2140.8221.5 81.5155.7 66.3 26.2 59.3 83.2120.7172.9135.1           31.8 10.8 41.4113.2 23.4 49.0 17.7  6.1 15.3 24.1 32.5 59.4 38.7           17.2 61.3148.0 33.2 71.5 28.5  9.6 24.7 34.0 49.0 84.8 57.6           23.3 61.2 11.3 28.5  9.5  3.4  8.3 11.6 17.7 32.0 21.5          170.1 43.1 88.6 33.8 11.7 29.8 44.2 62.5113.7 72.6          116.6184.2 88.4 34.2 80.1118.7150.0199.8164.4           51.0 18.5  6.4 16.1 25.2 34.0 61.7 40.3           40.3 14.3 35.6 52.3 72.9128.2 84.0            5.0 12.2 19.1 29.2 49.2 31.5            4.4  6.6  9.9 18.0 10.9           16.5 25.3 43.7 27.8           34.8 63.1 41.3           86.3 58.8           98.4                            
08252c1111 53.4 86.5 47.2 18.4 13.9 30.9 19.7 81.6 29.6 41.9                                    59.7 30.5 11.2  9.3 21.0 11.9 55.8 20.0 26.8                                    52.9 21.2 16.0 34.9 22.7 89.7 33.5 47.1                                    10.6  8.1 18.0 10.3 49.4 17.2 25.6                                     3.1  6.6  4.0 19.5  6.4  9.2                                     5.1  3.2 14.7  4.9  7.1                                     7.1 32.4 10.6 15.6                                    20.8  6.8  9.8                                    31.0 43.8                                    14.9                                                                                                                                                                                  
08252c1214 19.6111.6138.9 62.7 30.4151.9 27.7 48.5 57.1127.1 54.0 74.1 56.0                     14.4 21.0  8.2  3.9 25.1  3.6  6.1  7.3 17.9  6.9 10.1  7.2                    116.3 48.8 25.0129.1 22.6 37.2 44.2 95.5 41.6 58.4 43.3                     66.1 32.3156.9 29.5 51.3 60.3132.0 57.0 77.8 59.1                     12.7 75.3 11.5 21.7 26.6 58.2 24.7 32.9 25.9                     37.7  5.6 10.3 11.3 27.9 10.6 15.8 11.0                     34.5 59.2 69.0145.0 65.4 88.1 67.8                      9.3 10.2 28.1 10.5 14.3 10.0                     19.3 44.9 18.0 27.1 18.8                     53.0 22.0 29.6 23.0                     50.0 69.1 51.9                     27.8 21.4                     28.9                                                                         
