0625270116141.3 90.1177.4 96.1 12.3 83.8117.0133.1167.8 40.7 58.9  9.5 68.5117.0 29.8          142.9198.9148.8 24.0136.3158.3170.7193.5 72.9 96.9 18.7118.9158.3 56.3          178.4 97.7 12.7 85.3118.7134.7169.0 41.7 60.2  9.8 69.9118.7 30.5          182.3 47.4173.9188.4195.7207.8125.4150.6 35.2160.8188.4 94.8           14.2 91.2125.2140.9173.6 45.8 65.3 10.9 75.5125.2 33.7           11.2 17.3 23.2 38.9  4.8  7.4  1.5  9.1 17.3  3.5          111.6127.9163.8 37.7 54.9  8.7 64.2111.6 27.4          151.0180.7 53.4 74.6 12.1 85.3136.1 39.8          189.5 65.8 89.0 16.1110.2151.0 50.1          111.4137.9 28.5149.1180.7 82.2           23.8  3.5 28.8 53.4 11.5            5.3 43.0 74.6 18.5            6.4 12.1  2.7           85.3 22.9           39.8                            
0625270212 20.9 25.3  8.2  4.9 35.4 12.8 32.3 46.4 42.4 32.5  4.0                               42.4 13.2  8.5 57.5 23.1 53.0 72.9 67.4 53.3  6.9                               17.8 10.4 71.8 27.7 66.6 89.1 83.0 66.9  9.2                                3.3 26.1  9.0 23.5 31.4 28.5 23.7  2.8                               15.0  5.4 13.6 20.8 18.6 13.6  2.0                               38.5 86.4122.0114.9 86.7 12.0                               35.2 50.2 46.0 35.4  4.4                              115.3 98.4 81.0 10.9                              135.8115.7 16.5                               98.8 14.8                               10.9                                                                                                                                          
0625270316 80.1152.7 40.0155.0 77.0234.2 69.9228.7222.3230.9173.0177.7239.1213.2188.4           13.1  2.6 13.6  5.3 63.6  4.7 53.5 44.7 57.3 18.2 19.7 76.4 35.7 24.0            6.1 32.2 12.4131.6 10.8116.6 93.0122.4 41.4 44.3148.2 78.2 51.9            6.3  2.5 30.2  2.3 24.7 21.9 26.7  8.3  8.9 37.7 16.8 10.8           12.8133.9 11.2119.0 95.0124.7 42.6 45.6150.5 80.1 53.4           60.9  4.4 51.1 42.6 54.8 17.2 18.6 73.4 34.0 22.7           54.8219.0210.9221.9153.1158.3232.6199.6170.3           45.7 37.9 49.0 15.0 16.2 66.4 30.1 19.7          201.4214.1138.4143.8226.8188.5156.4          205.2123.6129.1220.1176.3142.1          144.1149.4229.2192.9161.9           57.6168.8 96.6 66.8          173.7111.6 70.9          210.5184.7          124.5                            
0625270418 68.4  6.8162.8 43.9 38.4  5.0 44.4 30.0 42.6 51.7 80.3 62.3 69.9 38.7 29.6 17.5 33.4 26.1229.6132.4121.8 18.5133.2 93.8130.0145.8182.2161.1170.8122.3 92.9 58.9111.1 73.5 14.8 12.6  2.0 15.0 10.5 14.3 18.1 28.9 23.0 26.9 12.8 10.4  5.6 10.8210.5203.6 57.0211.0189.7209.0218.2235.2226.0230.4204.0189.0150.0196.0 78.0 10.6 87.5 63.6 84.7 98.4147.5124.0134.5 78.5 62.9 37.1 69.6 10.0 78.7 56.2 76.0 89.1136.9113.4123.8 70.1 55.6 32.3 61.9 10.7  7.6 10.2 12.9 23.3 16.3 19.1 10.1  7.5  4.2  8.6 64.1 85.4 99.1148.3124.8135.3 79.1 63.5 37.5 70.2 61.8 73.6117.9 86.5 95.5 56.6 44.2 25.1 49.5 96.2145.1121.5132.0 76.5 61.1 35.9 67.8160.4137.4147.8 89.6 72.8 44.0 80.1175.0183.9137.5117.0 69.8126.2163.1113.9 85.7 53.4 93.6124.4 94.7 60.3113.1 56.0 32.5 62.2 24.7 48.9 28.0   
0625270510 19.3 30.8 18.8 26.4 56.1 10.2 68.2  5.4 17.6                                         20.1 10.8 15.1 35.4  6.0 44.1  3.3 10.1                                         19.6 24.7 57.8 10.6 70.2  5.6 18.3                                         14.7 34.7  5.9 43.2  3.3 10.9                                         46.0  8.0 56.7  4.3 13.8                                         19.5121.5 10.0 32.7                                         25.3  2.0  5.5                                         12.9 40.8                                          3.1                                                                                                                                                                                                                               
0625270616217.2135.1114.9 93.5 41.9 97.1 82.0154.3185.9 62.8170.9117.6 31.3214.5140.4          133.4113.2 92.0 41.0 95.6 80.6152.6184.3 61.6169.2115.9 30.6213.2138.6           40.5 34.8 13.9 36.6 29.3 63.2 87.9 22.8 75.2 41.8 10.0129.7 54.4           27.0 10.6 28.5 24.7 50.5 72.0 17.2 60.8 32.7  8.4 99.7 43.0            9.8 26.7 20.7 43.6 63.0 14.5 52.9 28.0  7.2 89.0 37.0           10.4  8.2 18.1 28.5  5.8 22.8 11.0  3.0 39.2 14.9           22.0 45.8 65.9 15.3 55.4 29.5  7.6 92.4 38.9           36.9 54.1 12.0 45.1 25.7  6.0 77.7 31.2          114.5 29.7 90.4 52.1 13.0148.8 66.8           40.0131.1 74.0 20.4180.9 92.2           33.0 17.9  4.4 59.2 24.5           62.7 16.3165.6 79.3            8.7112.3 44.5           29.3 10.8          134.9                            
0625270716  9.1 26.9  9.4  5.5 70.5 45.3 33.9 10.3 65.1 33.1 26.0 25.6 62.4 29.5 25.1           18.6  6.6  4.0 52.6 32.8 26.6  8.0 48.2 25.9 17.9 17.6 46.1 20.3 17.3           19.1 10.8133.2 85.6 67.1 23.3125.5 65.7 49.0 48.3121.5 54.2 47.5            4.1 53.9 33.7 27.4  8.2 49.5 26.7 18.5 18.2 47.3 20.9 17.8           32.9 21.4 15.4  4.8 29.9 15.0 10.4 10.3 28.5 11.8 10.1          184.2160.1 63.0213.3158.0130.6129.4210.0139.8127.9          119.0 40.0176.8117.0 83.6 82.6172.9 90.9 81.4           29.8152.3 85.5 65.4 64.5148.2 71.8 63.5           58.0 29.1 22.5 22.1 55.6 25.4 21.7          150.2123.0121.8203.6132.0120.3           64.0 63.2146.2 70.3 62.2           46.9119.0 52.7 46.1          117.8 52.0 45.5          128.0116.3           51.1                            
0625270814111.1 77.3 72.4 38.3 39.3 46.6 70.9 20.4 69.6  9.3 14.1 32.7 74.9                    137.1130.8 72.3 73.9 84.9128.9 38.6127.2 18.6 27.9 63.2134.0                     93.9 52.9 54.1 63.2 92.3 26.9 90.7 12.3 20.7 45.5 96.7                     49.0 50.2 58.9 86.9 27.4 85.4 11.2 18.9 42.1 91.2                     25.2 30.1 47.9 12.3 46.9  5.8  9.4 22.6 51.0                     30.9 49.1 12.7 48.1  5.9  9.7 23.3 52.2                     57.7 15.5 56.5  7.2 10.7 25.6 61.1                     26.6 83.9 10.9 18.4 41.2 89.6                     26.0  3.0  4.5 10.3 25.8                     10.7 17.9 40.3 88.1                      2.4  4.9 11.8                      7.9 19.8                     43.8                                                                         
0625270913 12.0 90.3 49.6 24.2 22.8 53.6 75.9 47.2 80.3 17.4 47.8 68.8                          17.3  8.7  3.8  3.6  9.5 13.4  8.2 14.5  3.0  8.3 11.8                          66.2 30.9 29.3 71.1 97.1 63.2112.2 25.0 63.9 89.1                          15.6 14.8 37.2 54.3 32.4 57.9 11.3 32.8 48.8                           6.7 17.2 27.1 14.7 29.4  5.2 15.0 23.7                          16.3 25.6 13.9 27.7  5.0 14.1 22.4                          58.7 35.3 62.4 12.4 35.7 52.8                          51.8 86.7 19.4 52.4 74.8                          55.2 10.7 31.2 46.4                          21.0 55.8 79.1                          10.8 17.0                          47.0                                                                                                       
0625271016 65.8 63.8 58.3165.5 26.7 54.2171.1191.3 17.3162.0190.1187.0 37.2 42.6129.1           26.8 26.5 85.7 10.6 24.1 90.6121.1  7.0 82.8119.7116.2 15.4 18.0 58.7           25.4 83.4 10.2 23.2 88.2118.3  6.7 80.5116.8113.4 14.8 17.3 56.8           76.8  9.1 20.6 81.4110.2  6.1 74.1 98.9 95.9 13.2 15.4 51.7           33.7 71.9194.4211.8 25.0186.3210.7208.2 50.7 57.6155.1            8.3 36.3 47.4  2.7 32.2 46.6 44.7  5.5  6.3 23.0           76.3 94.5  5.6 69.2 93.3 90.3 12.0 14.1 47.9          215.9 27.2191.4214.9212.4 54.3 61.4160.9           32.7209.2228.9226.9 69.3 77.6182.0           23.8 32.1 30.7  3.8  4.3 14.9          208.1205.5 48.7 55.3151.6          226.1 68.2 76.5180.7           65.7 73.9177.5           10.0 32.6           37.5                            
0625271116 35.1 10.9  3.5 49.4 15.5  7.8 22.3 21.6 27.5  9.8  6.3 38.7 31.3 28.3 24.3           65.9 21.8189.9 85.6 46.1119.1116.8142.0 56.2 38.1170.1152.7144.3125.2            6.7 88.2 29.7 14.9 40.8 39.7 53.1 18.9 11.9 71.8 59.7 54.5 43.9           29.2  9.4  4.5 12.2 11.8 16.6  5.6  3.8 24.5 19.2 17.2 13.3          121.9 63.8148.5146.0171.2 76.4 53.4197.2181.4173.4154.7           21.3 55.1 53.7 70.4 27.1 17.0 92.4 78.3 72.0 59.0           27.6 29.7 36.5 12.2  8.6 50.6 41.4 37.5 29.8           71.2 91.0 34.2 24.5127.2110.2 93.0 77.7           89.0 33.2 23.7124.9 98.1 91.0 75.8           44.9 29.9150.3132.7124.3 96.3           10.8 61.5 50.7 46.1 36.9           42.0 34.1 30.8 26.7          161.0152.6133.4          135.0116.1           98.2                            
0625271216 25.0 28.4  2.1 21.5  5.5 39.6  8.1 21.6  2.8 37.7 28.4 15.0 26.3 11.4  7.4          175.0 20.4151.5 55.3194.0 75.9151.9 28.9191.4175.0128.8163.6110.6 70.4           26.4166.7 67.0204.6 89.7167.1 36.1202.4188.1145.1177.9127.0 83.8           17.6  4.6 33.3  6.7 17.7  2.5 31.7 26.4 12.3 21.5 10.3  6.1           49.2187.0 68.4142.6 25.3184.2166.7119.2154.7 92.0 63.2           86.9 20.7 49.4  7.0 83.8 67.0 36.5 57.6 28.5 18.6          122.8187.3 49.6215.8204.6168.1196.3151.2116.0           68.7 10.6119.2 89.7 52.2 78.7 41.4 25.6           25.5184.5167.1119.6155.1 92.4 63.5           47.4 36.1 19.8 30.3 14.9  9.6          202.4164.8193.8147.7112.4          145.1177.9127.0 83.8          132.2 72.8 47.9          113.9 73.1           37.8                            
0725230114 22.7 12.1 45.3 31.6 82.2 53.8 69.6132.9124.6 42.0 76.2 75.3 63.1                      2.6  9.3  6.3 18.0 10.3 14.3 30.1 27.1  8.5 16.2 15.9 12.6                      5.1  3.7 10.6  6.2  8.5 18.0 16.0  4.8  9.6  9.4  7.5                     13.1 37.2 24.5 30.3 62.4 56.9 18.2 33.9 33.3 27.0                     28.6 16.2 22.6 44.7 40.5 12.0 25.6 25.2 19.8                     44.5 58.4116.8 98.9 34.4 64.3 63.5 52.6                     36.5 73.0 66.9 22.4 40.6 40.0 32.5                     92.0 85.0 28.0 53.6 52.9 43.5                    152.7 58.3 99.5 98.4 84.3                     53.1 92.3 91.3 77.7                     31.3 30.8 27.5                     58.4 48.2                     47.5                                                                         
0725230216 27.8 10.7 90.8 76.8 74.3 76.8 57.7 18.0 28.5 55.3129.8 51.5 31.1 68.8 10.0            7.5 64.9 53.5 51.6 53.5 39.0 11.3 19.8 37.2 88.5 34.5 21.9 47.3  6.4           29.2 22.8 21.7 22.8 15.6  4.6  7.7 14.8 38.5 13.5  8.4 19.6  2.7          153.4150.1153.4126.4 41.8 66.2122.5197.8116.4 71.3142.6 24.6          132.6136.0 99.4 33.8 54.7 96.1182.8 90.7 59.2125.2 19.3          132.6 96.5 32.5 52.7 93.2179.8 88.0 57.0121.9 18.4           99.4 33.8 54.7 96.1182.8 90.7 59.2125.2 19.3           26.5 39.9 74.2157.2 69.5 43.4 90.2 13.2           11.6 25.1 59.7 23.0 12.8 29.6  4.0           38.1 90.1 35.3 22.5 48.4  6.6          153.4 66.8 41.5 87.0 12.5          147.2 96.1172.9 33.3           38.5 81.9 11.5           52.4  7.2           16.6                            
0725230312 11.3  4.2  7.9  2.9 10.7 22.2 25.8 19.3  5.1 25.0 25.5                               11.7 23.6  8.3 28.8 58.3 65.5 52.3 14.7 63.9 64.8                                8.2  3.0 10.0 22.8 26.6 19.9  5.3 25.8 26.3                                5.3 20.2 39.5 45.0 35.1 10.2 43.7 44.5                                7.1 14.5 16.9 12.7  3.5 16.3 16.6                               51.4 58.1 46.0 12.6 56.6 57.5                              114.1 86.3 28.9111.8113.1                               95.3 29.8122.3123.7                               25.1 93.4 94.5                               28.9 29.4                              121.4                                                                                                                                          
0725230416 99.0 31.6 13.6117.8 42.3 77.4 51.0 92.9115.3  8.5 40.3 58.2 93.1 71.3149.8           49.9 23.4152.5 64.8118.7 76.2137.0150.1 13.1 62.0 85.4137.2111.1181.1            5.9 55.6 19.2 36.1 24.1 45.8 54.0  3.6 18.0 25.5 45.9 32.6 79.8           24.2  8.1 15.9 10.1 21.1 25.9  1.9  7.6 10.8 21.1 14.1 37.6           71.7127.7 83.7145.9158.6 15.1 68.7 93.2146.1120.0188.2           48.0 29.7 59.9 69.7  4.7 25.4 34.5 60.1 43.6 98.9           57.5112.0125.3  9.9 45.7 65.3112.2 79.3159.2           70.8 81.6  5.8 28.2 41.9 71.0 52.4123.4          143.4 11.8 57.2 79.7130.4 94.9175.5           14.5 66.8 91.0143.6117.5186.3            4.5  6.8 11.9  8.8 24.8           32.8 57.4 41.5 95.4           79.8 59.8134.5           95.1175.7          151.9                            
0725230516  6.9 66.8 48.7 26.3 34.3 25.6  6.6 41.1 32.7  6.3 35.0 60.0 35.6 84.8 45.5           29.5 22.2 10.9 14.7 10.7  2.8 18.1 13.9  2.7 15.0 26.0 15.3 39.6 20.4          158.1 99.7129.9 98.0 28.5144.3126.3 27.0131.6175.0133.0202.1152.5           76.4 93.3 74.9 21.4116.6 90.2 20.1 94.8148.6 96.0179.6124.9           56.1 43.0 10.6 65.9 53.8 10.9 57.2 91.2 58.1132.5 72.0           54.8 14.1 81.6 67.6 13.3 71.6120.2 72.7152.9 88.4           10.3 64.6 52.6 10.7 55.9 89.6 56.8130.6 70.6           17.4 13.4  2.6 14.5 27.9 14.8 38.3 19.7           78.7 16.4 83.0134.6 84.1166.8111.1           12.7 68.9116.6 69.9149.4 85.4           13.7 26.2 13.9 36.4 18.5          121.9 74.0154.6 89.9          123.3194.7142.9          155.9 91.1          174.5                            
0725230612 37.5 41.4 29.8 67.4 70.4 26.3 10.6 72.5 77.8 28.6 19.7                               23.5 16.1 37.1 39.1 12.7  5.4 40.4 43.9 15.4 10.5                               18.1 40.9 43.0 14.2  5.9 44.5 48.3 17.3 10.7                               29.5 31.1 10.8  4.2 32.2 35.1 11.9  8.2                               69.8 26.0 10.5 71.8 77.1 28.3 19.5                               27.6 10.1 75.0 80.4 29.8 20.6                                3.5 28.7 28.3 10.3  6.5                               10.5 11.6  4.1  2.8                               82.6 30.9 21.5                               33.7 23.7                                7.9                                                                                                                                          
0725230716 10.8 45.3 73.6 29.4 16.7 14.8 25.2  8.8 44.8 30.3 23.2 82.7 43.7 32.3 31.7           26.6 41.8 14.6  9.3  8.3 12.6  4.8 26.3 16.8 11.7 47.9 25.6 18.1 17.7          146.4 58.8 36.5 32.7 51.9 19.7 91.2 65.8 48.6158.7 89.6 69.5 68.5           92.3 60.7 54.9 82.9 32.0145.3111.6 78.3203.7143.2116.8115.4           22.9 20.2 30.8 10.9 58.2 40.0 31.9112.8 56.9 42.6 41.9           11.6 19.6  7.0 36.1 26.3 18.1 68.7 35.2 28.3 27.8           17.3  6.3 32.3 23.3 16.0 62.4 31.5 25.0 24.5           10.3 51.3 35.0 27.3 92.6 50.2 37.3 36.7           19.4 12.5  9.6 36.9 18.9 13.4 13.2           65.1 48.0157.7 88.7 68.8 67.8           32.6123.3 63.7 48.0 47.3           87.7 46.9 34.8 34.2          155.6128.7127.3           67.4 66.4           50.2                            
0725230815 67.0129.1156.5 21.8 82.6 25.3 46.3 39.7134.0 87.2 44.5 93.1 41.7154.8                65.2 85.2 10.2 41.6 10.7 23.2 19.4 68.5 44.5 22.1 48.2 20.5 83.9               153.8 21.0 80.5 24.4 44.9 38.5131.4 85.1 43.1 90.8 40.5152.1                30.3113.2 31.3 60.6 52.4158.8118.8 58.3125.8 54.9179.1                12.2  3.5  6.6  5.6 22.5 13.2  6.3 14.5  5.9 29.6                14.2 30.9 25.7 84.3 56.3 29.4 60.8 27.3111.6                 7.6  6.5 26.1 15.3  7.3 16.8  6.8 30.7                12.3 47.5 29.8 14.0 32.5 13.0 59.5                40.7 27.9 11.8 30.7 10.9 51.4                89.0 45.6 94.9 42.8157.1                28.6 64.6 29.5117.2                31.1 12.4 57.3                29.1124.2                53.9                                                
0725230918 24.2 24.1 12.4  2.5 11.5  7.0 15.1  3.7 40.4 22.0 26.3 13.4 10.4 15.6 22.0 10.3  6.7170.1124.1 27.9119.0 72.1138.0 40.6209.9164.1175.9129.6 95.6140.1164.1 94.6 69.8123.9 27.8118.7 71.9137.7 40.5209.7163.9175.6129.4 95.3139.8163.9 94.4 69.6 14.3 69.4 42.5 84.2 24.5170.8117.7130.0 77.5 59.5 85.9117.7 58.8 40.9 13.3  8.0 17.4  4.2 45.5 25.4 27.2 15.4 10.9 17.9 25.4 10.7  7.7 39.9 80.0 22.8165.9112.5124.8 73.5 56.1 81.7112.5 55.4 38.3 50.1 12.3123.1 67.3 76.6 45.4 33.4 51.3 67.3 33.0 24.2 26.8183.4131.4143.9 88.7 69.1 97.6131.4 68.3 48.2 69.7 37.5 43.6 26.6 18.6 27.6 37.5 18.3 11.8205.1214.0175.9152.0185.3205.1150.9119.9169.8123.1 90.0133.5157.8 89.1 65.1135.5110.8146.0169.8 99.7 74.2 63.2 90.5123.1 62.4 43.7 70.6 90.0 46.9 32.1133.5 69.8 49.4 89.1 65.1 31.7   
0725231017164.4 50.0172.3 41.4 74.8158.1 16.0 55.8110.7112.2 65.0187.1160.0 24.4160.8145.1      64.7191.8 54.2 93.3179.1 22.3 71.6133.0134.6 82.2204.6180.8 29.9181.5166.9      70.8 11.7 24.7 60.2  4.5 16.7 33.8 34.5 20.4 84.1 61.5  6.6 62.0 51.6      59.7110.6186.3 25.2 78.1141.4143.0 89.1210.5188.0 33.3188.6174.7      19.7 50.2  3.8 13.4 27.6 28.2 16.2 71.7 51.4  5.3 51.8 42.8      87.7  7.3 25.5 52.5 53.5 30.4127.2 89.3 10.8 90.0 76.9      20.2 66.7126.4128.0 76.9199.8174.9 27.5175.6160.7       5.1 10.2 10.4  6.1 28.6 20.8  2.3 21.1 16.7      38.0 38.8 23.4 91.9 68.1  7.5 68.7 57.5      75.2 44.9157.9128.4 15.3129.1113.2      45.8159.5130.0 15.7130.7114.8     114.1 78.5  9.0 79.1 66.9     201.3 41.2201.8189.3      28.2177.4162.6      28.5 25.4     163.3             
0725231118183.6 69.9 17.4 86.5 44.6 21.2 46.6 73.1 87.1 48.7 98.4 44.2 42.7 43.8122.6 88.6 32.2181.0 58.4202.1138.0 68.4142.1185.5202.9146.1215.0137.2134.1136.5227.2204.6 92.5 16.8 84.4 43.3 20.5 45.2 71.2 85.0 47.3 96.2 42.9 41.4 42.6120.0 86.5 31.1 22.4 10.7  4.8 10.3 17.8 22.7 10.8 27.1 10.6 10.2 10.5 29.6 23.2  6.8 55.2 27.4 57.5 88.0113.8 60.0127.1 54.7 52.9 54.3142.2115.6 36.3 11.9 30.7 45.5 55.7 29.1 64.2 28.9 27.7 28.6 74.6 56.8 17.9 12.5 21.8 27.7 13.1 29.8 11.8 11.3 11.7 35.4 28.4  8.2 47.6 58.0 30.5 66.9 30.4 29.2 30.1 77.5 59.2 18.8 88.7 49.7110.1 45.1 43.6 44.8124.5 90.2 29.6 60.5127.9 55.2 53.4 54.8143.0116.4 36.7 69.6 32.0 30.7 31.7 80.5 61.7 19.8 63.7 61.7 63.2157.0129.8 42.9 27.4 28.3 74.0 56.3 17.7 27.1 71.8 54.5 17.0 73.5 55.9 17.5144.9 50.6 37.5   
0725231216 99.6 75.1 87.6 74.1150.2 44.0 62.1 79.2 54.9170.7 89.6156.7156.7 33.1 32.4           39.2 47.0 38.6 83.1 23.2 31.5 41.7 30.3 99.6 48.4 88.1 88.1 16.8 16.4           33.2 29.7 61.3 15.6 23.6 29.2 20.3 75.1 34.2 65.4 65.4 11.3 11.1           32.6 72.3 19.2 29.2 35.4 25.1 87.6 41.2 76.9 76.9 13.9 13.6           60.4 15.3 23.2 32.0 19.9 74.1 33.6 64.5 64.5 11.1 10.9           35.0 50.1 64.9 44.0150.2 74.1136.1136.1 28.7 28.0           12.2 16.7 10.5 44.0 19.9 37.6 37.6  6.6  6.5           25.4 15.8 62.1 30.2 53.6 53.6  9.8  9.6           21.8 79.2 36.4 69.2 69.2 12.2 11.9           54.9 25.9 47.2 47.2  8.5  8.3           89.6156.7156.7 33.1 32.4           78.8 78.8 14.4 14.1          142.6 31.2 30.5           31.2 30.5            4.9                            
0925170115  9.7 87.3 51.9 26.2 52.5 29.2 41.6 30.7 44.0 42.2 78.2 22.1  8.4  4.5                49.6 26.7 13.5 27.1 15.2 22.9 16.1 24.5 23.3 43.2 10.2  4.1  2.5               173.9123.7174.7131.5157.8135.3162.0158.9201.6 95.8 43.8 24.4                71.8129.8 78.0111.2 81.1115.6112.3164.1 58.3 25.8 13.2                72.6 42.3 58.8 44.4 62.0 59.6112.8 30.0 11.6  6.7                78.8112.2 81.9116.6113.3165.0 59.0 26.2 13.4                64.3 49.0 67.7 65.2120.6 33.3 13.1  7.5                67.1 89.4 86.6147.3 47.0 19.6 10.1                70.6 68.0124.3 35.0 13.8  7.9                90.4151.6 49.7 21.1 10.8               148.4 47.7 20.0 10.3                86.3 38.0 22.9                 9.7  5.2                 2.3                                                
09251702 9 24.3 19.0 45.8 14.2 39.1  8.8  3.8 26.1                                              17.2 42.4 12.9 36.1  8.1  3.5 24.0                                              31.1  9.9 26.2  5.7  2.6 18.7                                              24.1 64.3 15.2  6.7 45.2                                              22.4  4.4  2.2 14.0                                              12.5  5.6 38.5                                               1.6  8.7                                               3.7                                                                                                                                                                                                                                                                                 
0925170316142.6142.8128.2185.9122.2 49.1 95.1 63.0151.5 17.6112.5 79.7165.2 21.3 70.1          128.8114.3174.4 98.5 41.2 83.0 53.5137.8 14.2 89.9 68.6152.1 17.2 59.9          114.5174.6 98.7 41.3 83.2 53.6138.0 14.2 90.1 68.8152.3 17.2 60.0          161.5 86.0 34.1 71.4 44.7123.4 11.4 77.8 58.2138.0 13.8 50.4          155.9 73.0138.5 90.3182.1 26.4146.5120.5193.3 31.3 98.7           31.5 66.8 41.5117.5 10.4 73.0 54.2132.1 12.6 46.8           24.7 15.0 46.3  3.8 27.6 20.8 55.4  4.5 17.3           32.8 90.9  8.8 59.8 43.5114.2 10.6 37.2           59.6  5.0 36.5 25.7 70.3  6.0 23.9           16.3 98.0 75.8160.8 19.7 66.5            9.9  6.8 20.4  1.9  5.7           48.1122.3 10.9 41.3           87.9  8.1 29.3           24.7 77.9            6.8                            
0925170411 15.1 26.8 12.8  4.1  3.4 24.9  9.0  5.8 31.9 27.6                                    58.3 31.5 10.6  8.5 55.0 22.4 14.0 73.4 65.2                                    51.2 16.9 13.4 83.9 34.5 24.8117.2 96.6                                     9.1  7.2 48.2 19.0 11.9 65.1 57.5                                     2.5 15.7  5.8  3.9 23.0 19.6                                    12.5  4.7  3.2 18.2 15.5                                    32.4 23.1112.2 92.3                                     8.4 44.9 39.1                                    29.9 25.8                                   127.2                                                                                                                                                                                  
0925170515143.0 18.1 43.7112.7 56.5 75.4 95.6151.5115.8 60.9 96.0179.4 15.5 46.4                21.8 50.9125.2 65.1 85.6117.5163.7128.4 70.0118.0189.9 18.6 54.0                 5.0 13.9  6.7  9.6 12.4 24.8 14.6  7.3 12.5 33.5  2.1  5.3                34.9 17.0 25.2 31.6 56.4 36.4 18.8 31.8 78.1  4.4 13.4                45.6 62.1 80.5133.8 89.6 49.4 80.9163.1 11.9 37.1                30.4 41.5 71.5 47.5 25.8 41.7 96.1  5.8 18.3                56.9 93.0 64.4 33.1 57.2131.7  8.3 27.1               126.1 83.2 45.0 74.8155.8 10.7 33.7               137.0 76.6126.5196.7 21.2 59.6                51.4 83.5166.2 12.5 38.7                45.3112.1  6.3 20.2               156.2 10.7 33.9                29.2 82.1                 4.6                                                
0925170610 14.1 41.2 62.7 70.8 43.3 10.4 21.7 49.4 33.8                                          6.9 10.4 12.3  7.3  1.9  3.3  8.5  5.6                                         31.8 36.7 22.8  4.8 10.4 24.1 17.0                                         56.6 33.5  7.8 16.0 38.5 25.9                                         38.7  9.2 18.9 44.3 30.0                                          5.0 10.0 25.5 18.1                                          2.5  5.8  3.9                                         11.8  8.3                                         21.3                                                                                                                                                                                                                               
0925170715 30.4 27.5115.2114.8141.7163.3129.3 41.8 79.7139.1182.8142.7153.5 49.6                 2.7 12.0 11.9 17.5 23.9 14.7  4.1  8.8 16.8 28.6 17.7 20.7  4.9                10.6 10.6 14.0 19.1 11.8  3.5  7.1 13.5 25.7 14.2 16.5  4.1                48.9 66.3 82.9 57.9 17.3 34.4 64.5110.7 67.0 75.0 21.2                66.0 82.6 57.6 17.2 34.2 64.2110.3 66.7 74.7 21.0               116.2 76.9 25.2 47.5 84.7137.0 87.6 96.9 27.7                94.9 30.5 61.0113.7158.8117.2128.0 36.5                21.2 41.0 74.9124.7 77.7 86.4 26.0                11.4 24.3 39.6 25.6 26.8  6.9                46.1 76.1 48.1 54.5 13.9               134.5 85.5 94.6 26.8               138.1148.9 47.0                97.8 28.1                32.2                                                
09251708 9 16.5 73.1 19.9 20.0 11.0 47.6 37.0 42.2                                              15.7  3.8  3.8  2.4 10.0  7.5  8.7                                              19.0 19.0 10.5 45.7 35.4 40.5                                               4.4  2.7 10.9  9.0 10.4                                               2.7 11.0  9.0 10.5                                               6.8  5.2  5.9                                              23.5 27.5                                              20.3                                                                                                                                                                                                                                                                                 
0925170918 51.6 73.7 67.0 16.1 39.0 59.5 39.7 31.2 73.1 34.1 52.7 20.5  8.3 28.9 12.6 21.8 10.1174.1164.3 48.1114.3152.7115.8 87.8173.2 94.1141.0 58.7 26.4 82.6 38.9 61.6 29.2197.9 69.1148.5187.1150.1129.2205.8136.9175.8 82.7 36.2122.6 56.9 86.4 43.4 62.6138.7177.7140.3119.6197.0127.2166.1 75.4 32.4113.3 51.3 78.9 38.9 36.2 55.5 36.8 28.9 68.4 31.6 49.0 18.8  7.7 29.5 11.6 20.0  9.3127.3 84.2 68.9147.6 74.4116.0 44.6 18.9 64.5 29.0 47.0 23.3128.8 98.8186.2116.0154.6 67.3 31.4 93.3 45.2 70.6 34.1 70.0149.2 75.5117.5 45.4 19.3 65.5 29.5 47.8 23.8128.2 61.3 89.3 35.9 14.8 52.7 25.1 37.9 18.1135.9174.9 82.0 35.8121.7 56.3 85.6 43.0 95.6 39.2 16.3 57.2 27.7 41.3 20.1 59.8 27.0 84.0 39.7 62.8 29.8  9.6 33.2 14.7 25.4 10.7 13.6  6.1 10.2  4.7 23.0 35.1 16.7 15.6  7.4 11.4   
0925171014171.7 78.8 60.9 85.1 15.1117.5 40.5159.6120.6 89.8 47.3 37.6 84.2                     92.3 72.6 99.0 19.0133.8 49.3175.2136.9114.4 57.2 45.9 98.1                     28.4 38.4  6.2 51.9 17.2 81.8 53.8 41.2 20.7 15.8 37.9                     28.2  4.5 38.8 12.2 63.4 40.3 30.4 14.6 11.2 27.9                      6.9 56.7 19.2 88.1 58.7 45.2 23.1 17.6 41.7                      9.7  3.0 15.9 10.1  7.4  3.5  2.8  6.8                     27.6121.2 76.9 60.5 29.4 25.2 56.1                     42.4 28.8 20.8  9.8  7.6 18.9                    124.2 93.0 49.4 39.4 87.3                     62.6 30.6 26.4 58.1                     25.1 19.1 44.7                      9.1 22.7                     17.3                                                                         
09251711 9 10.1 59.6 30.9 38.3 28.3 22.7 20.4  6.0                                              13.5  6.8  8.6  6.2  4.5  4.1  1.7                                              43.1 52.6 39.7 29.3 26.7  8.6                                              26.7 21.3 15.0 13.5  4.1                                              24.4 19.2 17.3  5.1                                              13.5 12.2  3.8                                               9.5  2.8                                               2.6                                                                                                                                                                                                                                                                                 
0925171216 77.9 45.1 36.2 76.6186.6120.7203.1 87.6171.0198.7 82.2 59.1167.9 98.9234.7            8.9  7.0 15.5 52.5 26.5 63.7 18.7 43.8 60.5 17.1 11.1 42.3 22.4 94.7            3.9  8.7 28.9 13.3 35.9 10.5 25.9 33.8  9.6  6.4 24.9 11.3 56.9            6.9 25.0 10.4 28.6  8.2 20.1 29.8  7.5  5.1 19.3  9.8 46.2           51.5 25.9 62.6 18.3 43.0 59.4 16.7 10.9 41.5 21.9 93.3           78.1167.2 60.0132.6162.2 55.8 38.6129.5 69.1205.6           92.6 28.2 66.5 88.4 28.6 18.4 64.4 33.1141.7           72.4151.0180.1 67.6 47.5147.8 82.6220.4           50.4 68.8 20.2 13.1 48.7 26.5116.0          145.9 46.7 32.0113.7 58.4191.2           64.2 44.9142.7 78.7216.5           12.0 45.1 24.2 99.5           30.8 15.6 73.4           56.5188.3          129.2                            
