0620260112 44.2 21.5 12.6 44.1  5.6 49.8  2.6 28.4  3.0 13.0  6.9 63.7                                7.3  3.9  2.6  7.3  1.6  8.1  1.3  4.9  1.3  2.6  1.9 10.0                              340.8235.3506.6129.1534.5 62.0403.8 73.3241.1156.7583.2                              130.2340.1 72.0366.9 29.9250.7 35.2133.9 90.6416.8                              234.8 42.2257.0 17.5165.2 20.7 91.6 53.0299.9                              128.7533.9 61.8403.1 73.0240.6156.3582.6                              143.0  8.5 95.6  9.9 43.6 25.3171.7                               69.9431.2 82.6263.1172.9608.6                               39.6  4.2 18.1 10.6 87.1                               46.7169.7106.4482.2                               21.4 12.5103.0                               54.8306.6                              206.1                                                                                                                                       
0620260216  3.4 21.9137.2  8.3 37.4 88.3 25.3 84.6  2.9 93.4 36.1 14.3 18.3  7.4 43.7  7.4            1.4  4.3 23.0  2.2  6.9 15.0  4.9 14.4  1.4 15.9  6.7  3.1  3.8  2.1  8.0  2.1           41.3200.4 17.3 71.0139.5 47.7134.6  5.5146.4 68.6 27.1 34.9 15.4 83.2 15.3          595.2100.1308.8496.8233.0487.0 34.5509.9301.9148.0182.4 99.4342.3 98.9          397.4699.4811.1625.5806.8173.7816.6693.6501.2558.6370.1725.2369.2          159.8301.6113.9293.1 14.5313.4155.4 73.5 94.8 41.5181.9 41.3          616.2339.6607.5 59.3627.9420.7228.6275.1144.4465.1143.9          530.2754.0119.6767.3609.3399.4457.8277.5647.9276.6          520.5 39.9543.0332.4167.1204.8102.3374.4101.9          115.2761.8600.4389.8448.0269.3639.6268.5          125.7 57.4 22.7 29.2 12.9 69.5 12.8          621.0412.5471.1288.7658.8287.9          222.8268.6140.3457.3139.8          128.2 65.1256.9 64.8           83.9306.7 83.6          164.8 36.6          164.2                         
0620260316 11.4 15.7  5.0 43.3  7.3  2.9  7.7 60.2 12.7103.5 24.0 70.8 27.3 73.8  8.3 36.6            2.8  3.7  1.8  8.8  2.2  1.4  2.3 11.7  3.1 19.6  5.2 13.6  5.8 14.1  2.4  7.5          100.3 33.5214.0 50.1 17.6 53.2268.4 80.7382.4131.1300.5146.4308.8 57.7187.2           46.6273.3 69.7 24.4 74.0335.5100.1458.2173.0371.2192.0380.3 80.4241.5          113.4 23.4  8.3 24.8147.5 37.5228.0 71.0168.9 80.8174.6 26.9 97.4          160.0 67.4168.1566.3233.2676.1360.5601.4389.5609.8179.7458.0           12.3 37.0204.6 56.1304.1 95.2231.8106.9238.9 40.2138.6           13.0 91.5 19.7134.8 37.1 96.5 42.2100.1 14.1 56.8          214.2 59.5316.4100.5242.3112.7249.7 42.6145.8          290.4727.4429.5662.2459.5669.7228.1528.1          407.9144.3323.8160.9332.4 64.6204.6          554.1751.4582.5757.0333.7643.9          467.2263.8476.6108.1323.6          497.1698.6257.3564.5          506.5121.1351.4          265.0573.4          156.2                         
0620260414 32.1 58.7 20.0 39.8 11.1 13.1 35.0 19.0  3.9 11.1  2.0 67.8 13.6 79.2                      5.1  8.6  3.5  6.2  2.2  2.5  5.5  3.3  1.4  2.2  1.2  9.8  2.6 11.3                    491.8264.0408.1163.8189.0378.3254.0 73.0163.7 30.6525.2194.9560.0                    385.9541.8257.4291.6512.0373.9114.5257.4 54.7648.9299.4677.9                    307.3110.4128.8280.9178.2 46.0110.4 19.3419.0133.2454.8                    195.5224.2428.2296.5 90.9195.4 38.0574.0230.8607.1                     80.7175.9105.3 24.9 67.6 10.5285.4 83.8317.0                    202.5123.0 29.7 80.6 12.5321.4100.1354.8                    270.5 79.7175.9 33.4545.0208.7579.2                     43.7105.3 18.3406.8127.2442.5                     24.9  4.0130.0 30.8148.4                     10.5285.3 83.8316.9                     63.2 13.0 73.8                    329.6703.3                    363.3                                                                      
0620260515106.8 18.8 30.9  9.3113.6  3.0 24.9 24.1  3.1  6.0 65.9 35.5 16.1  8.3 49.7                17.7  3.8  5.7  2.4 18.8  1.4  4.7  4.6  1.4  1.8 11.2  6.5  3.3  2.2  8.8               509.4616.0366.9811.2145.4568.8562.1151.1270.9745.5644.1471.4340.5705.8               245.3 98.2523.5 31.3207.3202.5 32.8 69.3397.9271.5146.3 97.4341.1               149.9628.6 50.8295.9289.8 53.2100.5510.0373.2216.7135.4450.9               380.6 16.9124.0120.8 17.6 37.2266.5168.4 93.1 52.3220.5               153.2582.2575.6159.1282.9754.2656.0485.6354.0715.9                40.7 39.5  5.2 10.7 95.3 58.5 26.5 15.0 82.2               247.4 42.6 90.3458.7324.9181.9111.6399.8                41.4 87.6451.7318.5177.5108.7392.9                11.2 99.3 61.2 27.8 15.7 86.1               187.9113.8 58.7 33.0152.4               541.8360.9244.2615.3               240.9152.4483.3                82.6306.3               200.9                                             
0620260616  8.0 43.2 36.8  2.7105.8 33.4  8.0 48.2 17.1 50.4  3.1 79.7  9.4 31.0 33.8 19.8            2.1  7.4  6.4  1.3 16.7  5.9  2.1  8.2  3.4  8.5  1.4 12.8  2.3  5.5  5.9  3.8          173.8151.9 12.8330.0139.9 42.9189.8 84.4196.9 15.1272.4 50.6131.1141.2 98.5          458.9 63.4679.8436.5174.3521.8290.3532.2 74.9625.5198.9418.9438.9321.8           53.9649.3399.0152.3484.3258.7494.9 63.6591.6174.5381.7401.4288.4          130.5 48.9 12.9 70.8 25.1 74.1  4.6101.8 15.1 45.3 49.4 29.3          630.2330.7698.9483.7706.6150.2770.2366.5614.6632.3518.9          140.3461.8241.0472.4 57.7570.6161.1360.1379.4269.4          190.3 84.7197.4 15.1273.0 50.8131.4141.6 98.8          312.6556.7 83.5647.2216.5444.1464.2345.2          322.2 29.6418.1 99.9227.6242.9160.8           87.5656.0224.3454.7474.9355.3          117.8 17.8 53.4 58.3 34.5          305.8553.7572.9453.6          151.2162.5103.5          362.4255.0          271.4                         
0620260711 32.5 11.1 19.3 12.1  8.7  2.5  4.3 67.9 14.4  4.0 65.3                                     6.0  2.5  3.9  2.7  2.3  1.2  1.5 11.5  3.1  1.4 11.1                                   165.5258.8178.9148.1 42.5 80.9528.3206.7 75.5519.3                                   106.5 74.4 59.1 14.4 27.2285.5 89.2 25.4277.7                                   115.9105.4 25.5 48.4410.0135.7 45.1400.9                                    65.1 15.8 29.9304.8 98.2 27.9296.7                                    12.6 23.8259.8 78.0 22.2252.4                                     5.9 87.0 18.9  5.5 83.6                                   140.5 35.9 10.3135.9                                   343.1132.4669.2                                    33.5334.6                                   128.0                                                                                                                                                                               
0620260816  7.7 11.6 67.1  2.9 15.4  5.0 66.3  5.3 63.9 51.9 11.3 46.3  8.3 96.2 49.7 59.6            2.3  2.9 13.0  1.4  3.6  1.8 12.9  1.8 12.4 10.5  2.8  9.4  2.5 18.4 10.1 11.7           54.5233.4 13.5 73.2 24.8231.2 26.3224.8195.4 52.7178.2 43.1302.1188.8213.1          293.5 18.5100.7 34.1291.0 36.1283.6249.3 72.6228.8 59.3370.4241.5270.0          105.1355.7161.0669.9168.9663.1627.9287.1604.2248.6732.8619.1649.7           24.7  8.5103.8  9.0100.0 83.4 17.9 74.3 14.6129.8 79.9 93.2           45.7353.0 48.5344.9306.7 97.5283.5 79.7437.6297.9329.8          159.3 16.5154.5132.6 33.0120.0 27.0215.0127.7145.7          167.1660.7625.3284.6601.5246.3730.9616.5647.3          162.1139.3 34.9126.1 28.6224.7134.2152.9          617.8277.3593.7239.7725.2608.9640.1          243.4554.4208.9695.6570.3603.3          223.3 57.4363.3235.8263.9          190.8675.2544.7578.7          319.7202.0227.4          688.1714.1          594.2                         
0620260911 16.3  7.3 20.5  5.9 11.6  7.1 15.2  6.3  7.3  3.4 15.4                                     4.1  2.4  5.0  2.1  3.1  2.3  3.9  2.1  2.4  1.6  3.9                                    73.9159.7 58.2 95.5 70.9122.5 62.7 72.9 31.1124.4                                    93.4 28.2 51.6 34.4 68.4 30.4 35.3 15.2 69.6                                    73.5117.5 89.5149.6 79.2 92.1 39.3151.8                                    40.6 27.1 53.8 24.0 27.9 12.0 54.8                                    49.5 98.5 43.8 50.9 21.8100.3                                    65.6 29.2 33.9 14.5 66.7                                    58.0 67.4 28.8116.2                                    30.0 12.9 59.0                                    15.0 68.6                                    29.3                                                                                                                                                                               
0620261016 37.8  6.9 77.9  5.1 42.0 14.3 18.0 22.1  7.0 22.0 21.8  4.0 21.9 19.3 25.4  6.5            8.6  2.3 16.7  1.9  9.5  3.7  4.5  5.3  2.3  5.3  5.3  1.7  5.3  4.8  6.0  2.2          136.3592.3102.8458.3230.5274.2312.6138.5312.2309.9 86.6310.4288.6342.5128.4          239.5 22.8149.3 60.2 76.4 92.6 32.0 92.4 91.4 17.1 91.6 82.2 95.6 29.3          186.6614.9371.5425.4469.7242.8469.2466.7147.2467.2442.4502.2227.4          113.1 43.6 55.3 67.0 23.2 66.8 66.1 12.4 66.3 59.5 77.1 21.3          249.7295.4335.3151.7334.9332.5 96.5333.0310.4366.0140.8          126.6149.1 61.3148.8147.5 32.7147.7134.9167.6 56.2          181.3 77.8181.0179.4 41.4179.7164.7202.8 71.3           94.3210.6208.9 50.2209.2192.3234.9 86.4           94.1 93.1 17.4 93.3 83.8 97.2 29.9          208.5 50.1208.9192.0234.5 86.2           49.5207.1190.3232.6 85.2           49.6 44.6 57.8 16.0          190.6233.0 85.4          214.7 76.7           99.4                         
0620261112 50.3  3.4  7.2 27.4  5.3 41.8 12.4  4.1  5.1 19.9 37.2 15.4                               10.2  1.5  2.2  5.9  1.8  8.6  3.1  1.6  1.8  4.5  7.7  3.6                               95.3180.6425.5137.2524.3256.7106.6132.2356.3497.3299.6                               14.8 51.5 10.7 79.1 23.3  8.1 10.3 37.9 70.3 29.0                              107.1 24.9155.0 54.7 18.7 23.8 89.2140.4 68.2                               87.0383.1158.9 65.1 83.3233.8356.9190.0                              116.8 39.3 13.5 17.2 64.1105.3 49.0                              223.6100.0112.4316.5454.3263.1                               29.5 37.6122.5204.2 96.6                               12.9 47.9 88.9 36.7                               61.3101.3 46.9                              292.3147.8                              241.4                                                                                                                                       
0620261216  4.1  2.9  8.9 34.2  6.9141.6 36.3 27.3 68.7 11.7151.5  8.6 18.6 19.8 15.4 77.5            1.6  1.4  2.5  6.8  2.1 25.2  7.1  5.5 12.6  2.8 26.9  2.4  4.0  4.3  3.5 14.1            6.7 23.0 80.5 17.6242.1 85.5 64.0135.3 27.3254.3 22.0 44.2 47.1 36.2149.9           15.5 53.8 11.8177.1 57.1 42.8 95.0 18.3186.9 14.8 29.6 31.5 24.3105.8          157.5 41.3421.2165.5129.7266.3 64.2436.7 51.8104.0 99.0 85.3289.9          125.2689.4401.0336.9542.6181.1701.0151.8261.9274.0226.3569.4          360.3131.9102.4218.1 49.0375.2 39.5 79.4 84.6 65.1238.9          699.8647.1787.6460.6856.4411.1570.3584.0526.1801.0          349.8556.0190.0711.0159.6273.3285.7236.7582.4          490.3150.0659.9124.8220.9231.8189.3518.0          299.9795.2258.0404.8419.3360.3701.9          476.2 61.4108.9115.1101.2324.9          426.5584.8598.3541.2807.9           99.5 95.1 81.6281.1          173.3139.4432.5          147.1447.1          387.2                         
0720160113 18.4 31.5 20.7  8.3  4.4 18.5 26.1  4.6  6.2 24.9  3.0 68.1 53.0                           4.1  6.5  4.6  2.4  1.6  4.2  5.5  1.6  2.0  5.3  1.4 12.9 10.5                         244.0177.7 94.9 47.8162.0211.1 49.9 69.4203.5 30.2399.7349.5                         266.5137.5 81.2245.5309.7 84.9104.7300.0 51.3521.8470.1                          96.0 53.9178.9231.5 56.3 78.3223.4 34.1427.4376.3                          23.4 95.7116.4 24.4 33.9111.7 14.8250.1211.2                          48.2 67.0 12.4 17.1 63.9  7.6145.3119.7                         212.5 50.3 70.0204.8 30.5401.6351.4                          70.0 97.4262.4 42.4477.7425.8                          17.9 66.8  7.9150.8124.5                          92.9 10.9197.2164.5                          40.4466.9415.0                          97.4 86.9                         635.1                                                                                                    
0720160216 29.3 27.9 17.0 22.6  3.5  7.6125.7  4.8  3.7 23.4 41.6  8.5 96.9 49.1 37.5 23.2            6.1  5.9  3.9  4.9  1.5  2.3 23.6  1.7  1.5  5.1  8.4  2.5 18.3  9.9  7.7  5.0          308.8217.0265.7 58.1119.0637.7 83.2 62.2273.0396.4132.0583.8434.8372.9270.7          209.3256.9 55.5114.2628.4 79.4 59.3264.1385.8126.8573.6424.0362.5261.8          176.2 34.0 79.8522.4 48.6 36.4181.7281.6 89.9462.4315.6261.5179.9           44.6104.8583.1 63.9 47.7225.0337.9104.8525.2374.7315.8222.9           16.5194.3 10.1  7.6 46.4 82.9 18.6157.2 98.1 74.7 45.8          356.0 23.5 17.6 97.4161.1 43.4300.7184.7147.6 96.4          255.2204.9591.3702.9382.6811.7729.8684.8588.7           10.8 66.4105.3 26.5209.8122.0 95.9 65.6           49.6 88.7 19.8166.2105.0 79.9 49.0          346.2108.4533.8383.2323.7229.5          177.7656.1516.9454.1343.6          325.5203.1163.1107.3          686.8635.7531.1          492.8380.6          321.2                         
0720160312  2.9 57.6 26.6 13.1 11.8  5.1 39.0  8.5 21.9 53.0  2.8 38.9                                1.3  9.2  4.7  2.7  2.5  1.5  6.6  2.1  4.0  8.7  1.3  6.6                               87.3 41.0 20.2 18.2  8.4 60.5 14.5 33.7 82.5  4.3 60.3                              443.2287.3267.3143.8532.6225.8398.2600.5 85.4532.0                              161.3148.0 79.9359.9121.6242.0430.0 40.1359.2                               86.3 39.2219.9 68.6136.8276.2 19.8219.5                               35.4203.0 61.9125.2256.5 17.8202.6                              104.6 28.1 65.7137.0  8.2104.3                              169.0317.8519.7 59.2447.6                              102.4216.2 14.2168.6                              385.3 33.0317.2                               80.7519.0                               59.0                                                                                                                                       
0720160416  5.2 32.7  5.1 19.3 15.3 56.6  3.1 69.2  3.2 47.6 94.4 69.6 32.8 98.6 30.0 37.0            1.7  6.1  1.6  4.0  3.3  9.9  1.4 11.9  1.4  8.6 16.0 12.0  6.2 16.7  5.7  6.9          101.0 16.6 60.2 47.1144.5  9.3170.9  9.8127.4218.6171.6101.4226.1 92.6101.8           99.5260.7217.4488.1 55.4534.3 58.0454.2602.3535.5368.4611.5348.5395.5           59.2 46.4142.6  9.2168.8  9.6125.7216.0169.4 99.8223.4 91.2100.4          143.0369.4 33.0415.2 34.6337.3486.9416.3261.4497.1244.7284.6          316.7 25.9360.2 27.1286.9430.5361.3218.0440.7203.3238.8           93.7645.9 98.2573.7702.3646.9488.9709.7468.0516.6          102.1  5.5 80.9134.0102.6 55.6139.2 50.8 62.7          106.5616.6734.6684.5535.2741.2514.6562.1           84.8139.5106.9 58.2144.8 53.2 65.7          676.7617.6455.0684.6434.1482.9          735.3603.0782.4583.8627.8          536.3741.9515.8563.2          612.2349.3396.3          593.3636.7          375.9                         
0720160512 21.8 13.4 20.1  5.4  4.1 29.1 14.3  2.0 41.5 42.1 48.5 15.9                                3.7  2.6  3.6  1.5  1.4  4.8  2.7  1.2  6.5  6.6  7.5  3.0                              138.9196.8 69.4 51.3258.0147.4 20.8329.9333.2364.4162.1                              131.5 42.6 31.5177.4 96.4 12.9234.8237.4263.7106.7                               65.2 48.1246.4139.7 19.6316.6319.8350.5153.8                               13.5 93.2 45.7  5.6116.7118.3133.9 51.3                               68.9 33.8  4.2 98.6100.2102.8 37.9                              187.8 27.9394.9398.3431.2205.4                               13.8247.3250.1277.2113.5                               40.0 40.6 46.8 15.4                              481.1514.0268.6                              517.5271.5                              299.8                                                                                                                                       
0720160615 21.1 66.9  9.5  2.5 22.8 12.5 65.8 22.5 46.0 18.7  6.1  8.9  5.5 24.3 39.7                 4.5 12.4  2.6  1.3  4.8  3.0 12.2  4.7  8.9  4.1  1.9  2.5  1.8  5.0  7.8               427.3110.6 27.6211.3129.3423.6209.1348.9182.9 79.2104.0 70.8222.0317.2               273.2 85.0441.6308.9668.1438.5602.2399.6193.2260.1176.6456.4570.4                13.6116.8 73.4270.1115.4211.0 99.3 38.7 57.3 34.6123.5187.7                29.4 16.2 83.6 29.0 59.9 24.5  8.6 12.7  7.8 31.3 51.7               136.4437.9219.4362.5192.2 84.2109.9 75.3232.6330.2               305.6134.8241.6116.4 46.3 68.5 41.4144.0216.0               434.8598.8396.0190.8257.0174.3452.7566.8               359.5190.2 83.1108.6 74.3230.3327.4               323.0145.2199.9132.0376.7491.7                70.2103.9 62.7202.2292.4                36.1 21.9 89.8127.9                32.3116.3177.6                80.3116.0               344.0                                             
0720160710 14.2  8.8  4.0 34.3 11.6  4.5  3.1 28.4  6.1 13.8                                          3.3  2.5  1.5  6.9  2.8  1.6  1.4  5.9  1.9  3.2                                         77.0 33.0213.0 92.3 37.7 24.2183.3 52.6 99.0                                         22.3155.2 62.3 25.5 16.4132.1 35.5 74.7                                         79.7 26.7 11.0  7.1 65.9 15.3 32.0                                        180.1 91.1 58.4346.5111.8208.1                                         30.5 19.6154.1 42.5 89.6                                          8.1 75.3 17.4 36.6                                         48.3 11.2 23.5                                        105.1179.0                                         51.0                                                                                                                                                                                                                            
0720160811 16.1  2.7  4.4  7.6  5.7 22.3 22.4 37.3  4.7 34.3 27.1                                     3.5  1.3  1.6  2.2  1.8  4.6  4.6  7.2  1.6  6.7  5.4                                    23.1 41.5 75.5 55.1166.7167.1250.8 45.3235.4196.0                                     6.6 11.8  8.7 31.5 31.6 53.2  7.2 48.9 38.5                                    21.2 15.5 56.8 56.9 95.9 12.8 88.1 69.4                                    28.1103.4103.7147.1 23.1136.8111.2                                    75.4 75.6112.1 16.9103.9 92.2                                   214.6312.3 62.0294.8249.0                                   312.8 62.2295.3249.5                                   104.8408.6355.1                                    96.2 75.8                                   336.5                                                                                                                                                                               
0720160916 16.8 18.4 13.7 12.8  9.0 26.2 40.9 56.3 90.8  5.8 24.6  3.5  9.4  6.8 35.8  9.0            4.2  4.6  3.6  3.4  2.8  6.2  9.2 12.2 19.2  2.1  5.8  1.6  2.9  2.3  8.2  2.8          148.6114.6107.4 93.8197.0276.1336.6444.3 59.0187.0 33.9 98.1 69.9250.9 93.9          124.2116.5102.9211.7294.4356.6465.7 64.7201.2 37.2 96.4 76.6268.2103.0           98.5 76.1166.3237.2293.0396.2 47.8157.6 27.5 79.6 56.6214.4 76.2           70.6156.5224.4278.4379.6 44.4148.1 25.6 73.9 52.6202.4 70.7          125.7183.4230.7323.3 34.3118.7 19.8 57.1 40.7164.5 54.6          367.7434.7544.7 91.4260.9 52.5130.6 96.9338.4125.8          538.6640.3124.4353.2 82.5190.1143.8440.0183.6          694.8159.8419.6 99.1238.6183.5508.2231.0          233.4529.9150.2332.8264.2613.4323.5           85.6 12.5 35.9 25.6110.6 34.4           49.2123.4101.4324.5118.8           20.7 14.8 72.2 19.8           42.5170.7 57.1          128.3 40.7          164.6                         
0720161012 11.8 30.6 18.3  5.0 33.9  3.6  3.9 53.0  8.4 14.0  5.8 24.8                                3.0  6.5  4.2  1.7  7.1  1.5  1.6 10.8  2.5  3.4  1.9  5.4                              166.6107.8 34.4181.3 23.6 26.3256.1 60.9 92.4 40.8139.1                              237.8 90.1361.0 61.8 68.8463.5136.3192.1 95.8293.3                               54.1256.7 37.1 41.3347.9 95.9125.7 64.2201.6                               99.9 10.6 11.8134.1 27.1 41.0 18.2 72.5                               68.5 76.3487.5148.8208.5105.2314.6                                8.1 96.3 18.6 28.2 12.5 49.8                              106.0 20.7 31.3 13.9 55.4                              214.0290.0155.0413.6                               72.7 32.1113.0                               48.7161.2                               86.1                                                                                                                                       
0720161112 36.0  6.3 11.7 20.3 18.0  2.1 11.6 15.7 27.6  4.0 36.9 45.0                                5.9  1.7  2.4  3.7  3.3  1.2  2.4  3.0  4.7  1.4  6.1  7.2                              120.9189.2289.9265.8 37.3188.2239.1351.5 83.3417.5463.4                               44.7 79.1 69.9  7.2 44.4 60.5 95.3 15.8123.5146.5                              118.0105.9 12.1 75.7103.3151.8 26.8192.9225.2                              172.5 21.3117.3153.0239.1 47.4294.8336.2                               18.9105.2137.8217.8 41.9270.5310.2                               12.0 16.3 28.6  4.4 38.3 46.7                              102.6151.0 26.6191.9224.0                              194.4 36.3243.5280.9                               63.6356.9401.4                               85.4104.2                              469.0                                                                                                                                       
0720161211  5.3 15.6  5.3  2.6 21.5 18.1 12.2 27.7 12.8  5.3 28.7                                     1.8  3.5  1.8  1.3  4.6  4.0  2.9  5.7  3.0  1.8  5.9                                    49.8 17.8  7.7 67.8 57.8 38.5 87.8 40.3 17.9 91.0                                    49.6 21.3157.6137.8 96.4194.4100.5 49.9199.9                                     7.7 67.6 57.6 38.3 87.5 40.1 17.8 90.6                                    29.0 24.7 16.5 37.5 17.3  7.8 38.8                                   178.3126.6246.3131.8 68.0252.8                                   110.1218.5114.8 57.9224.5                                   157.6 87.0 38.5162.3                                   163.8 88.0303.0                                    40.4168.7                                    91.2                                                                                                                                                                               
09201601 9 14.6 44.3  3.1  2.3 24.2 10.7 13.9  3.8 31.1                                               2.7  6.8  1.2  1.2  4.0  2.2  2.6  1.3  5.0                                             264.2 24.9 17.3164.3 87.1102.4 32.3202.0                                              75.6 52.4367.4206.2254.4 98.1425.5                                               3.7 40.9 17.9 23.6  6.8 52.9                                              28.4 12.5 16.4  4.8 36.7                                             124.2157.4 53.1291.7                                              82.6 23.2154.5                                              30.6193.9                                              68.6                                                                                                                                                                                                                                                                              
0920160216 39.8 58.9 18.0 32.5 24.3 11.7 35.7 11.4 33.1 80.3 86.7  2.3 14.8  5.4  5.4 31.7            7.4 10.4  3.8  6.2  4.8  2.7  6.7  2.6  6.3 14.0 15.0  1.3  3.2  1.7  1.7  6.0          542.3284.7411.0345.1205.3433.0200.3415.2609.9625.7 46.4246.7113.4113.0404.8          361.7495.7427.5269.9517.5263.9499.8680.9694.5 67.0318.5155.3154.7489.3          246.0196.4105.8263.6102.9249.2432.3450.2 21.1130.8 58.6 58.3241.0          302.0174.4386.2170.0368.9566.1582.9 37.8211.4105.3104.8358.8          136.3321.8132.7305.7499.6517.3 28.2167.1 78.4 78.0296.4          188.3 74.3176.9333.2349.9 13.6 97.7 37.6 37.5170.5          183.7390.2586.8603.1 41.6227.4102.9102.5380.0          172.5326.5343.1 13.2 94.7 36.5 36.3166.2          570.0586.7 38.5214.3 96.0 95.7362.8          743.9 91.5386.5199.9199.2560.0           98.8404.0212.3211.6576.9           17.3  6.8  6.8 36.8           47.9 47.7206.9           18.4102.4          102.0                         
0920160314 14.8 61.1 35.1 65.6 13.9 33.1  1.7 28.5 34.6 31.6 37.4  6.1  5.8 17.8                      2.7  8.8  5.5  9.4  2.6  5.2  1.2  4.6  5.4  5.0  5.8  1.6  1.6  3.1                    325.3223.7340.6103.1213.3 11.3189.3221.0206.1234.6 54.6 51.7129.1                    522.0650.0312.3507.9 45.4472.9518.4497.7536.4179.0171.0367.5                    538.3213.3386.1 26.8352.3396.5376.1414.6114.4108.9258.4                    327.4524.3 48.8489.5534.7514.2552.5189.6181.3383.5                    203.3 10.7180.2210.8196.4224.0 51.4 48.6122.3                     25.2338.9382.5362.4400.5108.3103.1247.0                     21.6 26.3 24.1 28.5  5.1  4.9 13.7                    348.9329.4366.3105.3 99.6220.4                    372.6411.0112.8107.4255.4                    390.4104.1 99.1239.0                    120.9115.1270.4                     23.0 66.4                     62.8                                                                      
0920160416 29.2  2.5 29.6  5.2 30.9 47.3138.7  3.5 63.8 50.6 17.2 33.3 37.6 58.4 23.8  7.2            5.2  1.2  5.3  1.6  5.5  8.1 21.8  1.4 10.4  8.6  3.4  5.9  6.6  9.6  4.4  1.9           38.3320.8 91.3330.1426.0656.4 58.1489.0441.7218.4346.3373.3468.6275.6113.0           38.8  7.4 40.6 62.3149.8  4.8 81.9 66.7 22.7 43.7 49.4 75.0 31.1 10.3           92.6333.2429.3659.1 58.9492.3445.0220.8349.4376.5471.9278.3114.4           96.8128.2292.2 11.1161.5135.9 54.0104.4104.6150.0 74.0 24.4          439.4667.3 61.5502.4455.2228.3359.1386.4482.1287.0118.9          739.0 94.6597.9553.4310.0456.8485.2579.0378.3171.1          209.9776.0748.9546.8681.1702.4764.7614.8364.9          109.6101.3 34.4 66.4 75.0101.4 47.1 15.6          612.1368.7519.7547.3635.7440.5212.6          324.3472.6500.9593.6393.6180.9          241.5264.1349.2185.3 76.1          403.4499.5302.1127.0          527.5327.6141.1          420.2198.4          104.4                         
0920160511  5.4  6.6  7.2 11.6 19.9 24.2  3.0 14.0 21.5  4.5 26.0                                     1.8  2.1  2.2  2.9  4.5  5.2  1.4  3.3  4.7  1.7  5.5                                    22.8 25.2 37.1 64.6 77.6  9.6 44.8 68.7 15.1 83.3                                    31.4 46.2 80.7 96.8 11.9 55.9 85.7 18.8103.9                                    51.0 89.1 95.8 13.2 61.7 94.7 20.7102.1                                   115.0134.7 19.3 91.0121.3 30.5143.1                                   212.2 33.6135.6193.0 53.1224.1                                    40.3158.1222.3 63.7256.6                                    23.3 35.7  7.9 43.2                                   142.8 36.8167.7                                    56.4234.6                                    68.4                                                                                                                                                                               
0920160616 32.1 60.1 36.8 19.9 23.9  6.7 37.0 11.0 21.1  3.4 27.1 20.5 85.2 14.1  6.5  4.1            6.8 11.8  7.7  4.5  5.2  2.1  7.7  2.8  4.7  1.5  5.8  4.6 16.4  3.4  2.1  1.6          498.0390.0262.8295.5115.4391.3163.5274.1 61.5322.2269.2576.5201.3111.4 75.5          529.0389.6427.8191.7530.3261.3403.1100.4457.8397.2695.2312.4185.7120.4          289.1323.5129.9422.3182.6301.1 70.4351.3295.9605.5223.5125.5 86.5          209.5 82.3290.3109.3192.4 38.4231.3188.5469.9136.7 79.1 47.1           97.3324.7126.5219.3 45.4261.6215.0508.6157.5 93.5 55.7          130.5 44.6 87.3 13.9 99.0 85.1250.4 57.7 28.5 17.1          183.5302.2 70.8352.6297.0606.7224.5126.1 87.0          115.1 20.9141.4112.6331.7 86.8 42.8 25.6           40.8241.7197.6483.7143.8 83.9 50.0           51.7 39.7136.4 27.0 13.4  8.1          237.2538.0175.2 95.5 63.4          477.8140.7 81.8 48.7          388.4243.2162.0           55.4 33.1           16.4                         
0920160712 13.7 22.3  4.9  3.3  3.5 14.9 46.7  5.7 37.4  8.3 57.7 38.1                                3.2  4.7  1.7  1.4  1.5  3.4  9.0  1.8  7.4  2.4 10.7  7.5                              145.2 39.3 25.5 27.1102.9261.6 46.6221.4 70.3297.9224.6                               63.8 41.3 43.9156.4361.3 75.7313.0101.6403.0316.9                                9.6 10.2 42.9117.8 17.4 96.5 26.1138.3 98.1                                6.7 27.8 87.4 11.3 69.7 17.0105.2 71.1                               29.6 92.8 12.0 74.1 18.0 99.7 75.5                              278.5 50.9236.6 76.7316.1240.0                              136.6480.8191.6573.7485.1                              112.3 31.0159.7114.2                              159.6523.5433.1                              221.4162.1                              527.7                                                                                                                                       
0920160810 12.4  8.1 21.0  6.3  4.8 32.1  2.2 22.2 15.4  6.5                                          2.7  2.2  4.1  1.8  1.6  5.9  1.2  4.3  3.2  1.9                                         61.9127.9 46.7 34.7180.6 14.1132.0 96.4 48.5                                         95.7 33.6 25.0137.4 10.2 98.9 77.4 34.9                                         80.4 59.8272.9 24.2206.4154.6 83.6                                         18.9107.4  7.7 83.4 58.3 26.3                                         90.3  5.8 62.0 43.4 19.6                                         36.4279.9215.3111.1                                         25.0 17.6  8.0                                        159.3 86.7                                         60.6                                                                                                                                                                                                                            
0920160911  8.3  2.8 41.6 35.0  3.7  3.9 31.7 12.6 15.7 12.9 19.0                                     2.3  1.3  7.8  6.7  1.4  1.4  6.1  2.8  3.4  2.9  4.0                                    14.1174.6151.2 19.2 20.6138.7 64.1 80.7 66.1 98.8                                    64.3 54.0  5.9  6.3 48.8 19.3 24.2 19.9 29.6                                   439.0 88.2 94.4415.6224.3265.9229.5305.8                                    74.0 79.3376.0195.9234.0200.7271.1                                     8.5 66.9 26.3 33.1 27.1 40.5                                    71.6 28.2 35.5 29.1 43.4                                   180.7216.7185.1252.0                                    99.1 90.8118.5                                   101.9144.5                                   121.7                                                                                                                                                                               
0920161013  9.5  3.6 26.2 11.4 11.5 19.7 15.1 45.6 17.4 29.7  7.4  4.1  6.7                           2.7  1.6  5.8  2.9  2.9  4.6  3.7  9.5  4.1  6.4  2.3  1.7  2.1                          21.6131.6 65.9 66.7103.6 89.1208.8103.1146.9 47.2 24.5 42.3                          54.0 23.3 23.6 41.1 31.5 94.9 36.4 61.5 16.7  8.8 15.0                         140.7142.1223.0180.6391.7202.8298.2105.2 61.5 95.3                          72.1111.1 96.4221.8 99.6156.9 51.1 26.5 45.7                         112.2 97.5223.7100.6158.4 51.6 26.8 46.2                         144.1331.5162.8245.7 90.3 46.8 80.9                         276.6129.7200.2 69.0 35.8 61.8                         305.8421.2170.3 96.8155.5                         224.1 79.8 41.4 71.5                         117.9 70.0107.0                          19.0 32.8                          17.1                                                                                                    
0920161118  4.8 37.3 14.0 42.7 11.6 46.0  4.9 16.2 18.2 49.1  8.6 42.4 18.2  5.3  8.5 42.0 93.7 31.2  1.9  8.8  3.8 10.0  3.2 10.7  1.9  4.3  4.7 11.4  2.8 10.0  4.7  2.0  2.8  9.9 20.6  7.5 95.5 39.9107.8 32.7115.3 14.5 46.1 52.3122.1 26.8107.3 52.2 16.0 26.3106.4204.4 88.7225.2459.2193.0476.9 96.2251.0274.6492.1164.0458.1274.4105.2161.7455.8628.3386.3249.1 91.2263.3 40.2113.0126.1275.9 74.5248.2126.0 44.4 73.3246.4409.0195.5214.6508.1108.5276.6301.5523.1183.1489.4301.3118.5180.7487.1654.8417.1227.5 33.0105.5105.9239.0 61.1213.8105.8 36.4 60.1212.2364.3166.6116.1291.7317.3540.4194.6507.0317.1126.6192.1504.7669.2434.7 46.5 52.7122.9 27.0108.0 52.6 16.1 26.5107.1205.6 89.4142.8304.9 86.2275.6142.7 51.4 84.8273.7442.5219.0331.1 97.8300.5158.5 58.2 96.1298.5471.5240.7204.9522.0330.9134.0202.3519.7681.1449.9182.4 97.7 29.8 49.1180.9320.8140.7300.3118.0180.0486.0653.9416.0 58.2 96.1298.3471.3240.5 29.3117.0222.1 98.8178.5317.3138.8652.0413.7590.4
0920161216 27.4 36.3  3.0 85.6 13.5 77.4 49.9  7.8 30.7 75.3  5.4 12.2 41.8 11.1  4.5 20.5            5.8  7.4  1.4 16.2  3.2 14.7 10.0  2.3  6.4 14.3  1.8  3.0  8.5  2.8  1.7  4.6          351.3 45.0541.7170.4519.0423.7114.5314.7512.6 87.5156.4382.7143.6 72.2238.7           59.9603.9213.9582.6489.7146.4376.5576.5103.4197.2448.0181.8 96.1292.8          120.2 22.2110.1 82.6 14.0 50.4107.4  9.4 20.0 69.0 18.1  7.8 34.1          379.1736.7667.5280.2567.0732.5208.3356.1632.8334.0178.9478.0          356.9271.3 64.2186.9350.8 43.0 92.4238.0 83.5 35.5134.9          648.5260.9544.8716.9192.6334.3612.4312.9164.9454.8          190.6450.0643.1136.9251.8522.1233.5115.9360.7          126.5255.7 27.0 57.9164.7 52.3 22.3 98.8          538.5 98.0171.8408.5158.0 80.9259.5          188.3328.4606.6307.1161.1448.3           38.8117.1 35.0 15.0 66.2          220.1 75.2 32.0123.4          203.4 98.8321.8           28.9112.8           54.6                         
