0121240113 41.6  4.3  4.4 28.3  8.3 13.6 38.2 23.1 41.9 10.9  5.4 33.0  4.0                           9.1  1.7  1.7  6.4  2.6  3.5  8.4  5.4  9.2  2.9  1.9  7.4  1.6                         105.1 97.4389.2174.5238.9458.8343.0480.7199.5117.9424.4 96.5                          11.7 71.1 22.9 34.1 96.2 57.7 95.0 27.0 14.4 82.9 10.4                          73.6 23.7 35.4 99.7 59.7 98.0 28.0 15.0 85.9 10.7                         125.7176.3369.6263.5390.9145.0 91.4337.1 65.2                          69.8162.4104.6175.5 55.1 29.4143.4 21.0                         223.7148.3240.2 82.5 43.9199.4 31.4                         324.3460.5186.1109.2404.4 88.4                         344.6121.2 74.2293.6 52.9                         200.6118.7426.1 97.2                          34.7164.9 24.8                          95.7 13.3                          76.1                                                                                                    
0121240212 24.5 25.4  2.8 17.4  8.9  8.7 37.8 20.1 11.1  5.8  4.2 16.4                                5.0  5.2  1.4  3.8  2.4  2.4  7.4  4.3  2.7  1.8  1.6  3.6                              254.3 37.2192.6117.3115.4335.6215.8130.2 86.0 59.4183.3                               38.5197.9120.9118.9343.0221.5134.1 89.0 61.5188.4                               26.7 14.9 14.6 57.7 30.9 16.7  9.6  6.7 25.1                               96.4 94.7268.4165.8 97.3 61.8 42.7139.4                               52.3170.4 99.6 60.1 34.2 23.7 90.7                              167.8 97.9 59.0 33.6 23.2 89.0                              297.1187.8116.8 92.3256.8                              110.8 71.5 49.4157.6                               38.5 26.7102.3                               15.2 58.1                               40.2                                                                                                                                       
0121240314  7.5 11.0 29.3 13.5  9.3  7.1 41.3  4.1  5.1  4.9 22.2 45.8 59.1 29.4                      2.5  3.0  6.9  3.6  2.9  2.4  9.4  1.7  1.9  1.9  5.4 10.4 12.8  6.9                     50.4118.3 62.3 47.3 35.7159.3 19.6 24.7 24.0102.1173.5208.1118.8                    151.2 83.1 63.0 47.6200.9 26.0 32.8 31.9118.7217.8258.2151.9                    180.0143.2112.3395.5 69.8 88.1 85.6262.6419.2472.0320.0                     77.8 58.8236.2 32.1 40.5 39.4142.4255.0299.4180.7                     44.6190.8 24.4 30.8 29.9112.1207.1246.2143.8                    151.7 18.5 23.3 22.6 96.3165.4198.8112.8                     99.0110.1107.4333.0499.9551.7396.6                     12.8 12.4 52.6 98.2120.2 70.1                     15.6 66.4120.6146.7 88.5                     64.5117.7143.3 86.1                    355.5406.8263.5                    574.6420.3                    473.2                                                                      
0121240414  2.5 38.6 60.2  6.6 17.4 36.7  3.4 25.3 15.6 13.6 38.2 19.6 18.5 15.6                      1.3  6.7  9.8  1.8  3.4  6.4  1.4  4.6  3.1  2.8  6.6  3.8  3.6  3.1                     51.4 78.4  9.5 23.3 48.9  4.7 33.5 20.8 18.1 51.0 26.3 24.9 20.8                    540.4132.9271.8432.0 74.8346.6250.5225.8441.5296.0284.5250.5                    188.6359.3529.1101.6441.8334.6305.4538.4386.7373.8334.6                     70.1127.3 13.8101.0 62.6 54.5131.9 79.3 74.9 62.6                    262.2 33.9197.0132.8117.7270.0162.1154.5132.8                     71.1335.8241.4217.3429.9286.0274.8241.4                     48.7 30.2 26.3 74.1 38.3 36.1 30.2                    179.9160.5344.6216.8207.3179.9                    106.5248.8147.5140.5120.4                    224.2130.9124.6106.5                    294.2282.8248.8                    171.1147.5                    140.5                                                                      
01212405 9 19.6  8.1 14.3  4.7  2.9 27.8 27.8  6.8  2.9                                               3.8  2.1  2.9  1.5  1.3  5.0  5.0  1.9  1.3                                              99.3137.0 54.4 30.8233.2233.2 81.8 31.3                                              71.9 24.4 13.9121.1121.1 36.7 14.1                                              39.4 22.3181.4181.4 59.3 22.7                                               7.7 76.3 76.3 20.1  7.8                                              43.1 43.1 11.5  4.5                                             297.0102.2 43.9                                             102.2 43.9                                              11.7                                                                                                                                                                                                                                                                              
0121240612  5.0 43.6 21.0 15.8 37.1  3.6  7.3  3.6  8.3 14.9 25.8 12.0                                1.7  8.8  4.7  3.7  7.6  1.5  2.2  1.5  2.4  3.5  5.5  2.9                              114.7 63.3 47.2 99.2 11.0 23.5 10.9 27.2 44.5 76.8 35.5                              336.1276.2463.2 90.3160.9 89.4181.6264.7378.8224.2                              157.8302.0 43.7 94.1 43.2 97.6150.1232.1123.8                              245.6 32.6 70.2 32.3 81.4116.8184.9 95.6                               76.7140.3 75.9158.9234.9342.8197.6                               16.3  7.6 18.8 30.8 53.1 24.6                               16.1 40.4 66.1101.8 52.8                               18.6 30.4 52.5 24.3                               76.7116.0 61.2                              176.2100.4                              146.2                                                                                                                                       
0121240714 15.2 23.2 24.5 42.7 26.2  7.3 24.5  4.0  8.0  4.2 28.3 45.0 17.2  4.2                      3.8  5.3  5.6  9.3  5.9  2.3  5.6  1.6  2.5  1.6  6.4  9.7  4.2  1.6                    163.9172.0264.8181.4 67.9171.9 35.3 74.7 37.2193.1275.0128.9 36.8                    237.8349.5249.5102.8237.6 53.4100.8 56.3264.1361.2182.1 55.6                    362.4260.4 97.6248.1 56.6106.2 59.7275.4374.3190.9 59.0                    376.9158.6362.2 99.3171.5104.6394.6503.0289.9103.5                    103.4260.2 60.5112.5 63.7288.2388.9201.0 63.0                     97.5 18.3 38.6 19.3110.9165.8 77.3 19.1                     56.6106.1 59.6275.2374.0190.7 58.9                     20.1 10.1 65.4104.8 40.2 10.0                     21.2120.5179.1 85.0 21.0                     68.9 98.6 42.3 10.5                    406.7213.6 68.1                    300.6 97.6                     41.8                                                                      
0121240812 15.1  4.9  8.3 14.7  9.2  5.6 35.3 31.1 45.3 11.5  3.4  6.1                                3.8  1.8  2.6  3.7  2.7  1.9  7.8  6.9  9.8  3.0  1.5  2.1                               44.3 78.2111.1 86.2 50.6229.1207.9275.2 98.2 29.5 56.3                               26.6 42.9 29.3 17.3103.3 90.9116.1 33.4 10.1 19.2                               75.7 51.7 30.4152.5137.0187.3 58.9 17.8 33.8                               83.4 49.0223.6202.8269.0 95.1 28.5 54.5                               33.5165.3148.7202.3 64.9 19.5 37.3                              104.8104.0130.5 38.2 11.6 22.0                              373.6460.1183.8 68.7115.1                              430.7165.8 60.5102.9                              223.7 88.3142.9                               22.2 42.4                               12.8                                                                                                                                       
0121240911  6.7 38.4  7.3 13.7  3.1  3.8 15.5 15.0  8.8  7.5 39.0                                     2.0  7.6  2.2  3.2  1.4  1.6  3.5  3.4  2.5  2.2  7.7                                   134.7 32.5 55.9 12.6 15.7 63.5 61.3 39.1 33.2136.6                                   146.1226.1 67.0 83.6248.7242.3170.7148.7445.4                                    61.5 13.9 17.3 69.9 67.5 43.1 36.5148.2                                    23.8 29.7106.6103.3 74.2 62.8228.9                                     6.8 27.1 26.1 16.7 14.2 68.1                                    33.7 32.6 20.8 17.7 85.0                                   115.6 84.3 71.4251.7                                    81.3 68.9245.3                                    44.0173.0                                   150.8                                                                                                                                                                               
0121241014  8.2 48.2  5.7 30.2  3.2 15.9 13.2 27.4 25.5 25.4  9.4  7.9  7.4 13.5                      2.5 10.4  2.0  6.8  1.5  3.9  3.4  6.2  5.8  5.8  2.8  2.5  2.4  3.4                    193.3 30.2130.4 16.0 80.3 66.3119.8112.3112.1 51.9 43.2 40.2 67.5                    139.9437.9 86.9298.1260.7415.5398.7398.3217.4188.4177.7264.2                    102.4 10.9 54.2 44.8 92.9 86.3 86.2 35.1 29.2 27.2 45.6                     54.0210.9181.3311.0296.0295.6148.2126.8119.0184.0                     28.6 23.7 49.0 45.5 45.5 18.6 15.5 14.4 24.1                    105.6195.4184.3184.0 93.3 77.7 72.3107.4                    167.4157.6157.3 77.0 64.2 59.7100.2                    276.7276.3136.5116.5109.3170.0                    262.3128.1109.2102.4160.0                    127.9109.0102.2159.8                     50.3 46.8 78.5                     39.0 65.4                     60.8                                                                      
0121241113 12.6  7.4 17.8  3.2  8.5 16.8 16.1 22.1 43.1 20.1 19.6  8.5  4.0                           3.1  2.2  4.0  1.5  2.4  3.9  3.7  4.8  8.7  4.5  4.4  2.5  1.6                          57.1112.2 22.7 65.7106.6102.3133.6231.6125.0122.4 65.9 29.2                          81.5 14.6 41.9 76.9 73.4 99.6162.4 92.1 89.9 42.1 18.7                          32.4 93.7145.0139.4179.6298.6168.6165.3 94.0 41.6                          16.7 30.6 29.2 39.6 78.1 36.6 35.7 16.8  7.5                          88.5 84.4102.0182.0 95.1103.5 48.4 21.5                         132.7171.4287.0160.8157.6 88.7 39.3                         165.0277.9154.7151.6 84.7 37.5                         340.7198.2194.5102.2 50.9                         324.1319.0182.5100.5                         182.7 95.4 47.1                         103.8 46.0                          21.6                                                                                                    
0121241216 40.2 26.7  8.2  4.0 11.0  3.4 37.4 28.9 12.0 33.4 13.8 34.1 72.0  5.5 46.0 29.3            8.3  5.7  2.4  1.6  2.8  1.5  7.8  6.2  3.0  7.0  3.3  7.2 14.0  1.9  9.4  6.2          367.6166.6 94.1196.0 77.9445.9385.7210.4419.1235.6424.3588.9116.3494.3388.9          117.0 62.0139.2 51.4351.7296.3150.2326.7170.0331.5495.9 87.7398.3299.2           20.8 54.7 17.2157.0125.5 59.8142.4 69.4145.1257.3 29.3186.2127.1           25.4  8.1 87.5 67.2 27.8 77.9 32.2 79.7139.9 13.7 96.6 68.2           21.1185.1149.1 73.2168.4 84.9171.6296.4 35.8218.1150.9           72.5 55.7 23.0 64.5 26.7 66.0119.0 11.4 89.3 56.5          369.5198.8402.6223.1407.8573.4109.2477.6372.7          160.7344.0181.5348.9514.5 95.1416.8315.8          181.2 93.0184.6314.9 39.2233.5162.7          204.0381.4547.7 98.5450.7347.1          207.6346.5 45.5260.4183.6          552.7100.5455.9352.0          186.3617.6517.7          131.0 96.5          420.1                         
04214401 8 26.0  8.1 17.8 26.3  3.5 18.5  2.1  3.3                                                    4.2  1.9  3.1  4.3  1.2  3.2  1.2  1.2                                                  113.8205.1272.3 51.7212.1 27.9 47.8                                                   89.4114.7 17.7 93.4  9.6 16.3                                                  206.5 35.6157.3 19.3 33.0                                                   52.1213.5 28.1 48.2                                                   37.2  4.0  6.6                                                   20.1 34.4                                                    3.7                                                                                                                                                                                                                                                                                                                                     
0421440217  8.0  4.6  5.0  4.6 14.6 28.3135.4 18.9 48.2 52.7  9.0 59.4 41.4  5.6 27.1135.4 31.3       2.6  1.8  1.9  1.8  3.8  6.7 28.9  4.8 11.0 12.0  2.9 13.1  9.5  2.0  6.5 28.9  7.4      23.7 26.2 23.8 72.0121.2385.0 94.3190.3204.6 48.8219.7168.2 29.5117.0385.0132.5      14.4 13.1 39.5 76.4259.6 51.7114.9124.4 26.8134.7100.3 16.2 73.3259.6 84.7      14.5 43.6 84.5278.9 57.1125.4135.7 29.6146.8109.7 18.0 81.1278.9 93.7      39.7 76.8260.7 52.0115.5125.1 26.9135.4100.8 16.3 73.8260.7 85.2     186.3502.9134.7279.7297.9 81.5316.8250.6 49.2180.3502.9202.1     645.2229.8422.3443.4134.9464.8387.4 95.4295.6645.2325.2     563.7738.1751.3413.1763.8714.3303.0637.3845.9664.8     335.0354.8 95.7375.2302.9 64.5222.8563.7248.0     566.5209.8586.6511.6139.2413.0738.1446.0     225.0605.9532.4150.4434.0751.3467.2     241.2185.9 33.4130.3413.1147.2     553.1162.4455.4763.8488.5     122.0378.3714.3410.7      91.6303.0 94.9     637.3316.7     664.8          
0421440315  7.4  4.9 13.3  3.0 38.4138.0 20.1 15.8  5.4 11.9 26.0 27.3 15.4 33.7 96.9                 2.2  1.7  3.2  1.4  8.0 26.2  4.6  3.7  1.8  3.0  5.6  5.8  3.6  7.1 18.6                23.0 59.9 13.1146.5368.8 91.7 71.4 25.9 53.2103.8108.4 69.7130.7293.6                38.3  8.5 99.2275.1 58.5 45.6 16.6 34.0 74.7 78.4 44.6 97.1211.7                21.8221.3486.2131.4105.7 43.2 88.9161.4168.0103.5199.5404.5                63.1179.2 33.3 26.0  9.5 19.4 42.5 44.6 25.4 55.2133.4               705.2300.5252.2110.4201.8351.9362.6247.8410.8640.7               581.7526.4299.0458.7632.3641.9520.9682.0820.5               152.5 66.0118.5226.1234.5149.4274.0502.4                51.5 95.0186.1193.5120.7228.3444.8                38.4 84.2 88.4 50.2 98.0232.1               146.1152.2103.4181.5377.7               279.7182.6323.2557.5               189.8333.5568.2               224.2439.3               613.8                                             
0421440418 34.7 32.6 11.2 42.4 19.8  7.0 32.6 11.6 63.5  8.1 14.5  5.9  3.3244.1 21.7131.6218.4  8.1  7.8  7.4  3.0  9.4  4.8  2.3  7.4  3.1 13.4  2.5  3.7  2.1  1.6 49.7  5.1 27.1 44.5  2.6379.5176.2440.3277.0127.5379.5181.1528.0145.7218.7109.5 64.7773.2290.9678.9758.7146.1167.4425.8264.9120.7365.5172.1513.7138.1208.4103.6 60.7765.2278.5667.4750.1138.6207.1110.5 47.0167.4 71.5274.8 55.0 91.0 39.5 20.7573.2117.6432.5548.6 55.2318.1151.6425.8212.7573.3172.5254.6130.8 79.3797.1333.0713.7784.5173.0 85.3264.9113.9401.7 99.7140.2 71.7 37.4690.9193.5568.4671.0100.1120.7 48.7206.3 37.4 61.9 26.9 14.1486.1 91.6345.8460.4 37.5172.1513.7138.1208.4103.6 60.7765.2278.5667.4750.1138.6281.4 56.9 94.1 40.9 21.4580.5121.2440.4556.2 57.1232.5330.6179.8103.1833.1417.9769.0823.7233.2 72.3 31.5 16.5521.9 96.0380.2496.5 43.9 52.0 27.1630.6148.8495.9607.9 72.6 11.9445.9 77.0308.9420.3 31.6301.8 40.1191.3279.6 16.5703.0877.3894.8522.8583.8683.8 96.3872.3381.1497.3
0421440514 66.9  8.6 33.7 12.4 32.0 42.2  4.6  8.4 34.7  3.6 30.1 12.0  7.2  6.1                     13.6  2.6  7.4  3.2  7.0  9.1  1.8  2.6  7.6  1.6  6.6  3.1  2.3  2.0                    253.7533.5307.2521.5584.0147.6249.8540.3115.7507.1300.6220.5191.5                    150.4 65.5143.8181.5 25.1 48.8154.2 19.0136.3 63.4 41.3 34.5                    188.2369.2433.2 90.2147.8387.8 68.0355.3183.4128.1109.4                    180.3224.8 33.0 64.1192.7 24.9171.3 83.4 54.3 45.3                    420.9 85.5141.3375.9 64.5343.7175.7122.4104.4                    101.0178.4440.1 85.5406.5219.4155.5133.5                     24.6 93.0  9.6 80.3 31.9 20.8 17.4                    151.5 18.6133.9 62.1 40.4 33.8                     70.1361.9187.8131.5112.3                     60.6 24.1 15.8 13.2                    166.9115.8 98.7                     52.6 43.9                     28.6                                                                      
0421440613 25.7 61.6 57.2  4.9  4.7  5.8  4.9 29.2 14.9  2.9 46.1 46.2 59.1                           5.5 11.9 11.1  1.7  1.7  1.9  1.7  6.1  3.5  1.4  9.3  9.3 11.4                         450.7433.4 74.9 71.3 88.8 73.9291.0175.0 40.9389.9390.6441.0                         624.7148.6142.5171.1146.8481.3328.9 96.6585.0585.6631.4                         139.5133.7160.9137.8464.0313.2 89.6568.8569.4616.2                          14.5 18.0 15.0 85.5 43.6  8.4118.4118.7143.4                          17.2 14.3 81.4 41.4  8.0113.3113.6137.5                          17.8101.4 51.6  9.9137.1137.5165.4                          84.3 43.0  8.3116.9117.2141.8                         194.6 46.7420.0420.7471.6                          23.8275.0275.6320.1                          74.1 74.3 92.6                         527.0576.0                         576.6                                                                                                    
0421440715  7.2 14.2  5.4  3.0 21.6 45.6 11.2 18.0 13.0 48.1 24.2  7.7 13.7 62.8 24.3                 2.3  3.5  1.9  1.5  4.9  9.5  2.9  4.2  3.2 10.1  5.4  2.4  3.4 12.6  5.4                62.8 25.3 12.9 95.0166.3 48.9 79.9 57.2174.0 95.6 37.2 60.3210.4 95.9                45.9 23.4145.9264.2 89.0125.9104.3274.8160.6 67.7 98.3323.2161.1                 9.5 69.4127.7 35.8 58.4 41.9133.9 77.9 27.2 44.1163.8 78.2                35.4 75.3 18.3 29.8 21.4 79.6 39.7 13.9 22.5101.2 39.8               348.8117.6178.1134.8360.9223.2102.4141.0414.7223.8               219.4312.0247.0533.8374.1176.8256.6586.5374.9               101.0 81.1228.8129.9 52.7 85.5272.5130.3               116.1323.5195.2 86.2121.5375.6195.8               257.1148.6 61.7100.2303.9149.1               386.5184.9267.0598.3387.3               102.2155.3441.2243.9                65.0222.9102.6               314.7155.8               442.0                                             
0421440811 23.0 17.9 16.6  2.3 18.0 44.8 12.3  7.1 25.9  8.0  3.4                                     4.0  3.3  3.1  1.2  3.3  7.2  2.5  1.9  4.5  2.0  1.4                                   186.7175.2 27.0187.0358.4135.2 99.8246.0100.7 43.4                                   144.2 21.3154.3308.2110.2 78.9205.9 89.3 34.3                                    19.7144.4292.2102.8 72.9193.5 82.5 31.7                                    21.4 53.1 14.5  9.2 30.5 10.4  4.1                                   308.6110.4 79.0206.1 89.5 34.4                                   233.8162.5386.0179.9 85.6                                    53.4150.1 60.5 23.3                                   100.7 38.2 14.8                                   112.4 49.1                                    16.7                                                                                                                                                                               
0421440918 10.8  7.4  7.8 41.1 37.9 39.0 42.8 32.0 25.0144.0120.1  4.3 23.0  8.1 25.8 25.6  7.3  5.0  3.0  2.5  2.6  9.5  8.8  9.0  9.8  7.5  6.0 30.7 25.7  1.8  5.6  2.6  6.2  6.1  2.4  2.0 48.3 51.4196.5184.3188.5203.1160.1129.5445.2403.4 26.7120.4 53.5133.3132.2 47.5 31.6 38.5155.4145.2148.7160.9125.3100.5379.1339.1 20.0103.6 40.1103.6102.6 35.6 23.7163.8153.1156.8169.5132.3106.3393.4352.9 21.3 98.6 42.7109.6108.6 37.9 25.3453.9460.4482.3414.1357.8722.9692.9102.8339.4169.3365.3363.0153.2107.9441.7463.6395.7340.2709.9678.6 94.8322.2158.3347.5345.3143.1100.4470.1402.1346.3714.5683.7 97.5328.1162.1353.6351.4146.6103.0423.7367.1729.4700.1 96.1348.4175.1374.5372.3158.6112.0304.0680.3646.3 79.8286.9136.9310.9308.8123.4 94.8632.8595.4 62.1239.7110.2261.4259.5 99.0 73.8841.7255.8615.7402.5639.5637.5375.4289.0223.5577.2361.7602.5600.4335.5254.1 57.1 22.2 64.2 63.6 19.7 13.2102.2245.8244.0101.9 67.8113.5112.5 39.4 26.3265.9102.0 76.3101.1 75.6 23.3
0421441012  8.4 14.9  5.6 31.9 26.2 26.2 13.8 60.0  2.6 16.7  3.2 35.7                                2.1  3.0  1.6  5.5  4.7  4.7  2.8  9.6  1.3  3.3  1.3  6.1                               76.9 30.4139.9117.6117.9 71.1228.8 12.4 86.5 16.4154.2                               49.7209.0178.1178.5103.4323.6 20.2122.9 26.8228.3                               95.5 87.0 87.3 46.0161.9  8.1 55.9 10.7105.9                              313.1313.7196.7495.6 43.1228.8 57.3381.9                              273.2167.2448.9 35.2195.8 46.9337.5                              167.6449.7 35.3196.3 47.0338.2                              307.5 18.7114.8 24.8215.2                               79.3349.0 94.8522.1                               22.7  4.5 48.3                               30.2249.3                               64.3                                                                                                                                       
0421441115  3.5 16.3  5.6 17.0 43.8 25.9 14.9 28.1 22.6  5.7  4.0 45.8 23.4 40.8 30.0                 1.5  3.8  1.9  3.9  9.0  5.6  3.5  6.0  4.9  1.9  1.6  9.4  5.1  8.4  6.3                31.8 11.7 33.2 85.8 50.3 29.0 54.6 43.7 11.9  8.0 89.7 45.4 79.9 58.4                54.9134.8283.2190.0119.8202.8169.7 55.7 37.2292.2174.8269.4213.5                57.3127.7 86.8 50.0 94.3 75.5 20.3 13.6132.8 78.3120.1100.8               291.8196.6124.4209.7175.8 58.2 38.9300.9181.0277.8220.7               380.4265.3399.0349.4129.3100.3513.3357.4486.6414.1               176.3284.6242.6 88.1 58.8390.6249.3364.6297.9               188.4157.2 50.8 33.9273.9162.0252.0198.6               257.7 95.7 63.9409.3264.6382.9314.8                76.6 51.1359.3224.5334.0270.2                13.8134.4 79.4121.6102.2               105.0 53.0 93.5 68.3               367.4497.0424.5               341.9277.3               397.9                                             
0421441215  2.7  8.2 39.3 15.6 77.8 30.0  8.0  6.3 29.6 17.1121.2 12.8 45.9 23.2  5.1                 1.4  2.4  7.9  3.6 14.5  6.1  2.3  2.0  6.1  3.8 22.2  3.0  9.1  4.9  1.8                12.8 56.1 22.2 97.1 42.6 12.5  9.7 42.0 24.5143.1 18.2 65.5 32.8  7.8               164.5 78.9272.9130.5 44.2 34.3128.9 87.1365.6 64.6186.6103.6 27.2               253.7600.7389.7161.5130.1386.4272.4687.0218.4488.7331.6106.3               390.7206.3 77.2 59.7203.9130.7493.0100.5283.4167.0 47.4               540.8268.7222.5537.5413.3783.9346.2632.6480.5185.8               128.1102.3326.2222.6635.5175.9425.2275.6 91.2                33.5126.4 85.2360.8 63.2183.4101.6 26.6               100.9 65.9306.1 48.9148.5 88.3 20.6               220.1632.6173.8421.8272.8 89.9               515.8109.7303.3181.0 52.4               446.7713.4580.7260.7               245.5141.2 38.8               365.5121.9                70.1                                             
10214401 8  2.2 29.8  5.0  5.2  3.2 18.7 12.2 29.7                                                    1.2  4.8  1.5  1.5  1.3  3.3  2.4  4.7                                                   33.2  6.0  6.2  3.6 21.1 13.5 33.1                                                   89.0 92.3 52.3237.6167.1325.9                                                   16.4  9.4 56.4 36.0 88.6                                                    9.7 58.4 37.3 91.9                                                   33.1 21.2 52.0                                                  113.3236.8                                                  166.5                                                                                                                                                                                                                                                                                                                                     
1021440216 26.8 27.5 37.1 17.4  4.6 17.6 50.4 56.0 79.8 13.1 19.4 75.1 45.0  2.5  4.2 19.7            5.1  5.2  6.8  3.6  1.5  3.7  9.1  9.7 13.6  2.9  4.0 12.8  8.2  1.3  1.5  4.0          287.0350.8206.5 71.5208.5420.5438.4520.4163.4225.0506.7394.2 34.8 64.8227.8          356.3210.6 73.3212.6426.4444.3526.2166.8229.4512.5399.9 35.7 66.5232.2          264.5 99.6266.7496.9514.7593.5212.8286.1580.6470.2 48.5 90.3289.3           46.9148.1326.9343.5423.2114.0161.0409.4302.8 22.9 42.5163.1           47.5118.4126.7170.9 35.0 52.4162.7107.0  6.3 11.6 53.3          329.4346.1426.0115.2162.6412.2305.3 23.2 43.1164.7          583.8656.1267.9350.8644.5541.3 66.1108.7354.3          670.7283.0367.9659.5558.6 71.4116.4371.5          357.3448.9721.2633.6102.0157.7452.7          125.7344.2246.4 17.1 31.8127.4          435.0326.0 25.6 47.5178.7          621.5 96.0150.0438.7           58.9 98.1329.4            5.7 26.0           48.3                         
1021440315 10.8 29.7 12.7 19.4 56.2  5.8 15.7 44.1  3.9 44.2 29.3 91.8 88.6 65.6  2.2                 2.3  5.1  2.6  3.6  8.9  1.7  3.1  7.3  1.4  7.3  5.1 14.1 13.6 10.3  1.2               150.5 76.4104.9245.1 37.3 94.8207.9 24.0208.2148.8343.4335.8274.1 11.9               173.3243.4463.9103.9205.8413.8 66.8414.3322.6575.6567.8499.8 32.9               121.9277.1 44.2100.3236.8 28.5237.1171.5381.1373.2308.2 14.1               368.7 68.5146.7321.6 44.0322.0241.1481.4473.2403.6 21.7               159.6320.8555.1109.3555.6460.9696.5690.4633.9 60.9                54.9132.8 14.0133.1102.6235.5229.3181.1  7.0               276.9 35.3277.2203.7430.3422.1354.1 17.4                99.7506.5410.8657.3650.5589.0 49.0                99.9 66.0166.5161.6125.2  4.6               411.3657.6650.9589.4 49.1               572.7565.0496.8 32.5               765.6722.0 99.7               716.4 96.2                71.1                                             
1021440414 29.2  5.0  6.1 26.2 25.8 51.9 23.2  4.0 36.5 75.5 27.3  3.9  8.2  8.0                      6.4  1.8  2.0  5.8  5.8 10.9  5.2  1.6  7.9 15.2  6.1  1.6  2.5  2.5                     86.3 96.0295.2291.8447.3270.7 66.6366.6527.8303.7 65.7127.6124.3                     19.2 77.4 76.1132.5 68.3 12.1 97.0177.4 80.7 11.9 26.5 25.7                     96.0 94.4158.9 84.8 14.9117.4210.5100.2 14.7 32.9 31.9                    270.5422.2250.3 59.8342.8503.0281.9 58.9116.1113.0                    418.4247.2 58.8339.2499.1278.6 57.9114.4111.3                    393.8105.7500.0651.2431.9104.4206.2201.3                     52.8316.3474.3258.1 52.0104.0101.2                     83.7143.2 62.3  9.2 20.5 19.9                    578.4351.9 82.5154.8150.9                    512.6141.5267.7261.9                     61.5120.4117.3                     20.2 19.6                     44.0                                                                      
1021440514  7.4 26.3 26.9  6.2  2.7  6.0  7.6 21.9 18.0 26.2 14.5 32.7 35.5 19.6                      2.3  5.7  5.8  2.0  1.4  2.0  2.3  4.9  4.2  5.7  3.5  6.9  7.5  4.5                    105.1107.1 30.0 11.9 28.7 37.0 98.1 82.0104.7 65.5127.6137.1 89.4                    279.1 98.8 38.7 94.3107.6239.9209.3274.2175.1319.8337.4223.6                    100.9 39.6 96.4109.7243.7212.8278.4178.1324.3342.0227.3                      9.9 23.9 30.8 81.8 68.3 98.4 54.6108.9117.1 74.5                      9.5 12.2 32.1 26.8 38.6 21.5 48.3 52.5 29.2                     29.5 78.1 65.3 94.0 52.1104.5112.5 71.1                    100.8 84.2107.3 67.2130.6140.2 91.8                    180.3239.2149.8281.5298.1193.2                    208.7128.6247.6262.9167.1                    174.5319.1336.6223.0                    208.9222.6138.4                    386.4263.5                    279.5                                                                      
1021440614 42.8 11.8 25.9  3.0 14.7 29.2  9.3  3.0 25.0 42.4 11.2 58.1 13.5 15.5                      7.6  2.6  4.8  1.4  3.1  5.4  2.4  1.4  4.7  7.5  2.5  9.8  2.9  3.2                    217.6375.4 70.6258.2402.9195.3 70.8367.4489.9208.6555.8242.9268.8                    144.3 19.2 97.0159.8 67.0 19.3140.0216.1 72.9267.9 89.2102.6                     42.5174.6293.1128.1 42.6262.3373.3137.7439.5163.0182.7                     24.2 48.0 16.8  5.0 41.0 69.9 18.2 93.5 22.2 25.5                    192.6 84.4 24.3169.6256.5 91.8313.8100.1113.3                    142.2 48.1285.9400.8152.7467.7180.1201.3                     16.8124.2193.9 63.5242.2 77.6 89.2                     41.1 70.2 18.3 93.9 22.3 25.6                    365.4133.6431.2158.3177.5                    207.1553.8241.3267.0                    257.6 84.4 97.1                    296.6325.5                    105.2                                                                      
1021440713 38.8 13.6 19.7 20.9  4.3  3.4 11.0 17.3 14.9 47.5 19.2  3.9 14.2                           7.9  3.3  4.4  4.7  1.6  1.4  2.8  4.0  3.5  9.6  4.3  1.5  3.4                         226.0298.5311.0 98.1 74.9190.1271.1242.5493.4293.0 86.8234.3                         131.3138.3 34.2 26.1 83.1116.4101.6262.9128.3 30.2 97.5                         190.3 50.3 38.4108.1161.9142.3341.5177.3 44.5136.8                          53.4 40.8114.1170.2149.8354.7186.3 47.2144.1                           8.7 27.4 43.8 37.5106.6 48.9 10.1 35.8                          20.9 33.4 28.7 91.9 37.3  7.7 27.4                          95.6 91.3223.0105.6 24.2 87.2                         126.3312.1158.3 38.7121.4                         281.0139.0 33.2106.0                         335.6 95.5272.1                          43.3133.7                          31.7                                                                                                    
1021440816117.2  2.9 58.7 32.5 47.5  3.1 67.6 88.7  7.0 16.7  9.5 37.7 31.9 13.4 12.4 20.9           18.8  1.3  9.8  5.8  8.2  1.4 11.1 14.4  1.9  3.4  2.4  6.7  5.8  2.8  2.7  4.1          150.1742.1645.1713.6161.7762.0795.1320.6502.5392.7673.2641.5450.2431.4554.2           89.3 50.6 74.2  4.8103.0118.1 11.8 26.2 16.3 58.7 49.7 20.9 19.3 32.8          494.9580.9 97.7648.1697.8193.4344.4248.7528.9490.7296.9280.7395.1          452.2 55.4527.5587.8120.4232.5159.4398.4360.9195.3183.0274.6           81.2611.1664.8166.6305.4216.5486.7448.0260.9245.9354.0          100.5127.7 12.9 28.6 17.8 64.3 54.4 22.8 21.1 35.9          721.2216.2375.8275.5560.9523.4326.5309.4427.8          264.6437.9331.1619.0583.9386.2368.0490.8           71.4 44.3136.9118.5 56.9 52.5 89.7           99.2259.4229.4112.1104.3165.3          180.0157.0 79.1 72.9109.9          394.3219.3205.9304.3          192.5180.3271.1           93.7136.7          127.4                         
1021440913 45.1 25.4  3.7 32.2 40.4 22.8 33.0  3.1  5.0 19.4  4.5 21.0 18.5                           8.7  5.2  1.5  6.4  7.9  4.7  6.6  1.4  1.7  4.2  1.6  4.5  4.0                         382.0 96.7437.4490.8357.7443.2 77.8117.2326.2105.7343.6316.1                          53.9308.4357.6240.5313.6 43.4 74.8215.5 66.5229.2207.6                          68.8 86.6 48.4 70.5  6.6 11.3 41.8 10.1 45.3 39.8                         412.2286.3365.8 55.4 95.4258.3 84.8273.7249.4                         333.9418.0 69.7106.4303.4 95.8320.2293.7                         291.3 38.9 67.1197.9 59.6210.8190.5                          56.8 97.8263.0 87.0278.5254.0                           9.1 33.7  8.1 36.5 32.1                          58.0 13.9 62.9 55.2                          51.6188.0169.3                          55.9 49.1                         180.9                                                                                                    
1021441016 34.4 18.9 13.2  4.6  3.6 15.2 25.9 61.1 36.0 68.9 18.4 26.8 12.7  4.6 17.5 13.7            7.6  4.5  3.4  1.7  1.5  3.8  5.8 12.6  7.9 14.1  4.4  6.0  3.3  1.7  4.2  3.5          266.3201.5 94.1 71.0225.5326.9517.6401.3544.8261.2334.9195.2 92.4251.3207.8          123.3 52.0 39.3139.8214.5381.5275.1408.9165.1220.8119.0 51.1158.0127.6           35.9 27.1101.1159.2301.6208.8326.6120.4164.3 94.1 35.2115.0102.0           10.0 41.5 70.3138.9 98.5153.7 50.6 73.0 34.5 13.0 48.0 37.3           31.4 53.1108.8 74.3120.9 38.2 55.1 26.0  9.9 36.3 28.2          179.5332.0233.4358.1136.6185.0 97.5 40.8130.6104.7          450.4336.7478.3210.1275.4154.0 69.0201.6164.6          528.0659.6375.5459.2293.4136.7363.7309.7          555.1269.9344.8202.3 96.7259.9215.3          402.7487.0318.1151.4390.7335.0          216.3116.3 49.7154.5124.7          158.9 71.7207.6169.7           33.8111.0 98.0           47.2 36.7          119.1                         
1021441118 85.2  8.9 31.4 75.9 43.2 10.7  3.6118.8  7.6 53.1  7.6  5.0 58.5 14.3 32.0 34.6 14.3 13.0 17.6  2.7  7.1 15.8  9.5  2.9  1.6 24.3  2.4 11.5  2.4  1.9 12.3  3.6  7.2  7.7  3.6  3.4308.8571.6733.1638.6324.5144.3792.2275.1677.9275.4196.9690.4391.5575.7592.5391.1369.5146.5285.5190.7 58.2 20.0380.9 45.6224.2 45.7 29.2236.3 78.9148.8158.9 78.8 71.5546.1422.0156.1 64.3641.0126.9470.1127.1 94.0486.3199.9353.9371.1199.6184.9615.4300.6130.8778.7253.3656.6253.6179.6669.7365.7550.3567.6365.3344.2202.4 88.6699.9166.4543.6166.6113.7559.2254.9426.4444.3254.5237.1 21.6397.9 49.1237.3 49.2 31.5249.9 85.1158.5169.0 85.0 77.2189.8 16.9 97.6 17.0 10.9103.9 29.2 65.5 70.8 29.2 26.5343.7733.3344.1253.6743.7468.2644.7659.7467.8445.5196.8 38.6 24.7207.9 66.7129.0137.9 66.6 60.5197.0136.2604.1295.1474.4492.5294.7275.7 24.7208.1 66.8129.1138.1 66.7 60.6144.5 42.7 95.8103.5 42.6 38.7309.4490.6508.6309.0289.5202.8215.5102.6104.7375.3202.5187.7215.2199.7104.6
10214412 8 32.1 10.7  6.1  7.2  3.1 22.4  2.0 18.3                                                    4.6  2.0  1.5  1.7  1.2  3.4  1.2  3.0                                                  159.0104.8122.4 55.7282.2 30.3247.2                                                   38.7 46.2 18.3116.1 10.1 98.6                                                   28.5 11.4 81.7  6.3 68.0                                                   13.5 97.5  7.5 81.1                                                   38.6  3.1 32.1                                                   21.0186.3                                                   17.5                                                                                                                                                                                                                                                                                                                                     
