0421570114 42.8  3.4 38.0 14.9 24.3 24.2 45.7 10.9  9.3 40.8  5.7 13.5  3.1 25.9                      8.1  1.4  7.2  3.3  4.9  4.9  8.6  2.6  2.5  7.7  1.8  3.0  1.4  5.2                     82.2464.2261.3360.5360.3507.7205.2195.9481.1127.2242.7 74.4375.4                     72.8 28.5 46.2 46.2 87.9 20.7 19.6 78.3 11.7 25.8  6.0 49.4                    239.1334.1333.9479.7186.4177.8453.0114.5221.6 65.9348.6                    167.4167.2274.0 91.2 86.0252.3 51.1101.4 25.9176.8                    243.9375.4127.6121.2349.9 82.8153.9 41.8256.3                    375.1127.4121.1349.7 82.7153.8 41.8256.1                    216.1206.5496.5134.8254.9 79.6390.5                     62.3197.5 37.0 82.4 18.8135.1                    188.5 34.9 77.7 17.7128.5                    122.0234.1 70.9364.6                     46.2 10.6 88.6                     23.4162.8                     44.7                                                                      
0421570212 47.0 26.1 13.2 11.4 24.3  3.0  7.6  9.3  7.3 24.8  7.7  4.5                                9.4  5.5  3.2  2.8  5.2  1.5  2.3  2.6  2.2  5.3  2.3  1.7                              398.5255.7228.8381.7 78.4177.5211.8172.3386.7179.6109.5                              160.7141.6257.9 43.2106.9129.9103.5262.0108.3 68.4                               84.4151.0 21.9 61.1 76.3 58.9153.9 61.9 34.6                              132.9 18.9 52.5 65.7 50.7135.5 53.3 29.8                               40.1100.0121.8 96.8248.3101.4 63.5                               13.7 17.1 13.2 41.0 13.9  7.8                               47.5 36.6102.0 38.6 21.6                               45.8124.2 48.2 26.9                               98.8 37.2 20.8                              103.4 64.9                               21.9                                                                                                                                       
0421570315 50.7114.7 44.1 58.1 58.4 20.5  7.6 38.6 11.3 77.5 12.9  4.2 20.9  3.4  3.3                 9.7 20.5  8.5 10.7 10.7  4.4  2.2  7.5  2.7 14.0  3.0  1.5  4.4  1.4  1.4               720.8538.0592.9594.0364.3190.1507.6239.0651.7266.0110.0369.2 98.1 93.9               697.5737.5738.2545.2336.6673.8402.5776.8436.2212.7550.1175.7169.6               562.3563.3333.5169.6475.0214.7623.8239.9 97.0338.2 85.2 81.5               616.7388.7207.1532.4258.8672.2287.1121.1393.6 97.9104.7               389.7207.9533.5259.7673.0288.1121.6394.7 98.3105.2                97.0305.5114.4455.1130.0 50.7196.2 39.8 38.1               151.8 52.1257.5 60.3 20.3 99.1 16.0 15.3               193.4596.0216.9 94.8310.0 74.5 71.3               316.2 81.1 27.3116.7 21.4 20.5               347.6155.0460.2126.3121.6                31.6132.5 24.8 23.8                51.8  8.4  8.1                40.7 39.0                 6.4                                             
0421570410  3.0 35.8 29.6  8.6 13.0 22.0  3.9  6.9  9.3  4.2                                          1.4  7.1  6.0  2.4  3.0  4.6  1.5  2.1  2.6  1.5                                         59.6 49.1 15.6 21.5 36.2  6.8 12.4 17.1  7.3                                        365.6157.8205.2300.7 81.7130.1170.3 87.7                                        134.0175.9262.8 67.3109.9145.0 72.3                                         68.4102.7 21.3 39.3 54.1 22.9                                        136.4 29.4 54.4 75.0 31.6                                         49.6 91.9111.4 53.3                                         17.0 23.3  9.9                                         43.1 18.2                                         25.1                                                                                                                                                                                                                            
0421570518 47.7 31.5 70.9 47.9 78.0 18.7  4.4 16.3 90.3 25.1  4.3102.4 32.3 42.4 11.4  7.9 24.2  3.3  9.8  6.7 13.9  9.8 15.2  4.3  1.6  3.8 17.5  5.5  1.6 19.7  6.8  8.8  2.9  2.4  5.3  1.5445.6622.0543.1641.1330.7109.6300.8669.0393.0105.5691.7451.7515.2231.3187.3384.4 89.7530.9446.4552.3247.2 81.5222.1584.4301.8 78.1611.1356.0418.0165.9132.0294.1 58.9622.7708.2413.0150.9380.5731.5478.3145.5750.0536.9597.1301.5248.9469.5114.0641.7331.4109.9301.5669.7393.7105.8692.2452.5515.9231.9187.8385.2 90.0434.9163.4402.1745.6500.3157.6763.0558.1617.0321.2266.7491.5123.9 48.9147.1468.9207.8 46.8498.0252.0305.6107.0 92.1201.7 35.3 42.3184.1 64.8 11.5203.5 83.7 98.6 29.3 22.4 62.4  8.7435.8185.6 40.6464.9226.6277.0104.8 79.8180.0 30.6533.8177.8781.6590.1646.3352.7295.4525.2140.6 62.1561.9307.2366.1136.9108.0250.0 46.8196.7 80.2 94.8 28.1 21.5 59.8  8.3616.5670.2380.6321.4553.5156.3424.0169.5135.0299.4 60.4211.1170.0357.7 79.6 55.3132.5 21.2104.5 16.2 45.1
0421570612  6.0 17.3  6.9 24.2 39.9  5.0  2.6 13.2 28.2 20.1  8.5 16.5                                1.9  3.8  2.1  5.0  7.8  1.7  1.3  3.1  5.7  4.4  2.4  3.7                               62.6 26.6 86.6124.5 19.0  8.9 47.3101.0 72.9 33.3 59.4                               72.8189.4277.2 51.9 24.2114.0213.7164.9 91.3138.8                              100.8141.8 22.1 10.4 55.1104.3 84.9 38.7 69.1                              344.1 71.8 33.4150.7271.8213.6111.2181.7                              105.7 55.5226.1378.1307.9171.1267.3                                7.5 39.3 83.8 60.5 27.6 49.3                               18.4 39.0 28.2 12.9 23.0                              171.2130.3 69.0109.0                              240.1127.2205.3                               95.5158.0                               86.7                                                                                                                                       
0421570713 14.5 11.5 11.6  7.3 38.8 50.3 22.6 46.0  4.2 34.3 15.9 14.7  2.2                           3.0  2.5  2.5  2.0  6.7  8.5  4.2  7.9  1.5  6.0  3.2  3.0  1.2                          93.4 94.4 64.6237.3286.5153.8268.9 35.3215.8114.2106.4 16.5                          74.6 51.1198.2242.1125.9226.3 27.9179.3103.0 95.0 13.1                          51.5199.7243.8126.9228.0 28.2180.7104.0 95.9 13.2                         146.6181.9100.7169.1 19.4131.7 71.2 65.6  9.1                         506.6323.7485.8 95.1417.2254.9240.3 44.2                         380.8545.6109.1477.7306.1289.8 57.4                         360.8 55.0297.7166.7155.9 25.6                         100.7456.8287.9272.1 52.4                          83.9 38.9 35.9  5.1                         232.3218.6 38.9                         115.9 18.1                          16.7                                                                                                    
0421570818 39.1 65.8 22.6 68.1 11.6  7.3  4.7  7.6 20.9  3.4 18.8 65.0 29.2 36.9  7.1 38.9 38.8 59.5  8.4 13.3  5.1 13.7  3.0  2.3  1.8  2.4  4.9  1.5  4.4 13.1  6.4  7.9  2.3  8.3  8.3 12.1563.1325.2570.8200.9146.8 98.2152.8311.8 73.8290.7560.6381.9436.2144.0448.8448.0540.6435.9671.2289.8219.0151.0227.1421.1107.2397.4662.6495.9549.9215.2562.0561.3645.4444.0126.8 99.9 62.9104.8208.5 42.3192.2433.3265.4312.8 97.6324.1323.5412.7296.9224.9155.5233.2429.2110.6405.5669.1504.0557.7221.1569.7569.0652.2 51.2 32.3 53.7119.9 21.7109.5287.6158.0191.7 50.0200.1199.6270.0 22.0 36.6 93.7 14.9 84.5217.1113.6139.6 34.1146.2145.8202.5 23.1 59.0  9.4 53.2149.6 81.5103.5 21.5 97.7 97.4138.7 98.3 15.6 88.6225.2118.5145.4 35.7152.2151.8210.2 39.7182.6418.6253.5299.6 91.6310.8310.1398.1 35.8106.2 54.8 69.6 14.5 73.5 73.2 98.0394.9234.8279.0 82.5289.7289.1374.7493.3547.4213.3559.5558.8643.2368.6111.4380.8380.1472.6136.9435.1434.3527.2143.4143.0198.9446.9539.5538.8
0421570912  7.3  3.8 23.6 27.3 17.2 15.0  2.7 33.0  4.7 23.6 24.0 18.9                                2.1  1.4  4.6  5.3  3.6  3.2  1.3  6.2  1.6  4.6  4.7  3.9                               17.4105.5108.1 77.6 67.2 11.5127.8 22.2105.3 96.0 85.5                               51.3 59.5 37.8 32.7  5.7 72.1 10.9 51.2 52.1 41.6                              261.4184.7164.4 33.9298.8 65.8234.0237.0199.5                              207.7185.5 39.3329.6 76.3261.0264.1223.8                              126.8 25.0240.2 48.4184.4186.9155.6                               21.6215.5 41.9164.1166.4137.9                               47.5  7.3 33.8 34.4 27.5                               92.4298.3301.7257.9                               65.6 66.7 53.3                              236.6199.2                              201.8                                                                                                                                       
0421571013 22.1 20.4 16.1 16.8 15.0  5.4 19.7 20.9  6.9 11.0  3.6 28.2  4.3                           5.0  4.8  3.9  4.0  3.7  1.9  4.6  4.9  2.2  2.9  1.6  6.2  1.7                         201.2165.8171.2155.4 71.0195.8205.2 92.4117.7 45.0255.1 55.7                         157.0162.2147.1 66.5185.8194.8 86.5111.0 42.2243.1 52.2                         132.4119.6 52.2152.5160.2 68.0 99.1 33.2202.3 41.0                         123.8 54.3157.6165.6 70.7103.1 34.5208.7 42.7                          48.3142.9150.2 62.9 91.7 30.7190.3 38.0                          64.2 68.1 24.0 34.9 11.8 91.0 14.5                         189.6 83.6107.7 40.7237.0 50.4                          88.7113.5 43.2247.6 53.5                          45.4 15.3105.0 18.9                          22.2145.6 27.4                          57.7  9.3                          71.4                                                                                                    
04215711 9 15.3 17.0  5.4  3.0 11.2 15.7 32.3  5.8  2.8                                               3.1  3.4  1.6  1.3  2.4  3.1  5.7  1.7  1.3                                             128.5 49.4 25.2 95.9119.0216.3 53.3 23.3                                              55.2 28.1 96.0130.9235.0 59.5 26.0                                               9.4 35.5 50.5104.2 19.8  8.7                                              18.1 25.7 52.9 10.2  4.6                                              98.0166.1 38.3 16.8                                             219.8 54.5 23.8                                             100.2 49.1                                               9.4                                                                                                                                                                                                                                                                              
0421571216 15.7 21.0 68.7106.7  3.9 46.5  8.7 30.3  4.6 15.3 26.1  6.7 25.6  8.8  7.0 32.3            3.9  5.0 14.4 21.9  1.7 10.2  2.7  6.9  1.8  3.8  6.0  2.2  5.9  2.7  2.3  7.3          157.0364.5465.2 34.9287.5 84.3208.9 42.2118.9185.6 64.0182.2 85.9 66.8219.6          433.0534.5 47.2350.6101.6261.9 57.1153.9234.6 86.6230.6103.2 90.4274.2          751.5129.0610.3260.7515.0151.7359.3480.5212.2475.1264.2219.3529.6          186.3694.4350.8611.7216.3459.8580.0292.9574.9354.8301.5624.9          103.9 21.1 67.3 10.7 34.1 57.9 16.1 56.6 21.5 16.8 71.8          197.9430.7110.7282.9396.4158.3391.1200.8164.0445.5          138.5 25.5 82.4121.7 38.7119.3 51.9 40.4146.3           81.4205.1302.2109.0297.4140.7113.2347.4           41.2 70.1 19.4 68.5 26.0 20.3 86.8          182.2 62.5178.8 83.9 65.2215.6           95.4268.0123.7 99.1315.4          103.9 39.4 30.7115.3          121.2 97.0310.6           41.1148.5          119.7                         
0521470112 13.1 11.5 23.7  3.1  2.7 17.7 39.6 46.4  7.7  6.3 34.3 29.3                                2.7  2.5  4.3  1.3  1.3  3.5  6.8  7.9  2.0  1.8  6.0  5.2                               84.3147.1 22.4 19.1115.5223.5251.9 62.1 50.1199.8175.8                              130.9 19.5 16.6102.3201.0227.4 54.1 43.6179.0157.0                               40.3 34.3189.8338.3373.5100.2 90.4307.7275.7                                4.6 30.5 67.8 79.6 14.4 11.7 58.6 50.0                               25.9 57.7 67.8 12.3 10.0 49.9 42.5                              280.3312.7 84.7 68.2252.7224.3                              492.8157.1130.8422.1385.7                              179.2149.9459.2422.2                               32.2139.0121.1                              115.3100.1                              353.4                                                                                                                                       
0521470216  6.0 98.2 16.2 32.8129.0 11.4  3.6 92.7  3.9 44.3  3.1 32.9147.0 80.5 22.5 98.2            1.9 17.7  3.6  6.5 23.0  2.7  1.4 16.7  1.5  8.5  1.3  6.5 26.1 14.6  4.7 17.7          253.2 58.7105.1306.6 40.5 13.3242.6 14.3137.0 11.2105.2333.9218.2 80.6253.2          454.3611.2815.5369.5164.1779.7174.5670.7141.9611.5827.2761.8527.1786.6          228.6517.4103.5 33.7440.8 36.3284.9 28.3228.8546.8408.5168.7454.3          665.1170.6 67.9599.1 73.2438.1 57.0369.2688.7568.8287.4611.2          431.6204.4809.8216.7717.8178.0665.4848.3795.1587.6815.5           23.3356.6 25.1217.1 19.6170.8461.7326.2123.2369.5          156.3  8.3 92.0  6.5 67.9225.9138.8 46.1164.1          166.4659.9135.0599.3822.1753.8513.8779.7           99.2  7.0 73.3239.1148.0 49.8174.5           77.3438.3737.9632.5350.9670.7           57.1197.5119.5 38.8141.9          688.9569.0287.6611.5          808.7614.9827.2          481.4761.8          527.1                         
05214703 9 17.5  1.7  7.4 46.3 10.9  3.8  8.6 24.1 26.0                                               2.8  1.2  1.7  6.1  2.0  1.3  1.8  3.5  3.7                                              13.5 80.2310.1 96.1 38.9 93.5190.5202.8                                               6.3 35.5  8.3  3.2  7.3 18.4 19.8                                             172.4 48.8 17.8 42.6 97.5104.7                                             216.9102.7195.0376.3394.1                                              23.7 56.9125.9134.8                                              20.7 52.9 57.3                                             111.8119.8                                             255.7                                                                                                                                                                                                                                                                              
0521470414  7.6 25.1 39.6  3.7 12.4  7.6 40.1 36.4  5.5 37.6  3.6 31.7 12.3 34.3                      2.3  5.4  8.1  1.5  3.1  2.3  8.2  7.5  1.8  7.8  1.5  6.7  3.0  7.1                    103.4154.1 17.6 57.4 38.4155.9143.3 27.0147.6 16.8127.3 56.5136.2                    350.8 53.5147.5104.0353.8332.3 82.3339.6 51.0303.3145.4319.6                     84.9214.1155.0458.7435.6114.5443.6 80.9403.8211.4421.9                     26.5 17.7 86.1 77.9 12.5 80.6  7.8 67.8 26.0 73.4                     57.8216.4200.3 40.6205.8 25.2179.3 85.1191.1                    156.8144.2 27.2148.4 16.9128.0 56.9137.0                    438.8115.9446.8 82.1406.9213.7425.1                    106.1423.8 74.3384.3197.7402.2                    109.4 11.9104.3 40.0100.6                     76.9392.1203.1410.1                     64.6 24.8 70.0                    177.0371.0                    188.6                                                                      
0521470512 25.6 12.6  7.6 39.4  2.4 18.8  4.1  7.1 18.8 15.6 14.3 34.2                                4.8  2.7  2.1  7.0  1.3  3.8  1.5  2.0  3.8  3.2  3.0  6.2                              151.1105.6353.9 31.4212.0 60.6 99.0211.8181.9168.9323.3                               58.4215.2 15.5117.5 29.7 54.3117.4 99.0101.2192.6                              154.3 10.3 88.9 19.7 35.9 88.8 73.2 66.8136.8                               48.7292.2 94.0145.2292.0254.8238.3420.7                               23.5  5.3  9.6 23.4 19.3 17.7 42.2                               45.2 82.7167.7142.8132.1264.5                               18.3 45.2 37.2 34.0 81.6                               82.6 68.1 62.1128.6                              142.6131.9264.3                              111.5229.4                              213.9                                                                                                                                       
0521470616 18.7 18.3149.8 62.5 51.0  4.1 52.2 17.0 30.0  8.8 50.8 22.2  5.4  7.6  4.7  6.6            4.6  4.6 31.1 13.4 11.3  1.7 11.6  4.3  6.9  2.7 11.3  5.3  1.9  2.5  1.8  2.2          162.8583.1383.8344.7 44.5349.8152.6238.1102.4344.0187.8 61.2 88.3 51.8 75.7          578.9379.4340.6 43.6345.6150.2234.7100.4339.8184.9 60.1 86.6 50.8 74.3          782.9760.6253.0763.7562.0675.7429.9760.2616.1316.0395.8282.1361.6          609.5125.0614.3362.2490.4245.1608.8419.4164.0219.2142.6194.6          107.1577.0324.0449.5214.6571.1379.3141.4191.0122.5168.8          109.4 40.4 70.7 22.7106.8 52.0 13.7 19.6 11.6 16.8          329.0454.9218.5576.2384.5144.3194.6125.0172.1          221.3 93.0323.3173.7 55.6 80.1 47.0 68.7          138.6448.8266.8 97.4121.9 82.4106.6          214.0106.1 31.2 44.9 26.4 38.6          378.5141.0190.5122.2168.4           71.6103.2 60.6 88.6           26.9 15.9 23.1           22.8 33.3           19.6                         
0521470714 75.1 19.6  6.4  2.3 25.7 15.2 49.3  5.8 33.9 19.8 87.0 38.6 12.5  5.1                     13.0  4.0  1.9  1.3  5.0  3.3  9.0  1.8  6.4  4.1 14.9  7.2  2.8  1.7                    437.1217.7 85.9497.5377.6639.9200.5560.5439.7734.7589.3332.1181.8                     76.2 23.1219.6144.1347.5 68.5269.8180.4471.1295.8120.5 60.6                      8.1 99.0 58.7158.5 23.7114.7 77.1243.3128.7 47.7 20.9                     30.0 17.8 57.7  7.3 39.6 23.4 99.6 45.1 14.5  6.5                    178.8405.9 89.0322.4221.5531.1350.8150.7 78.6                    292.8 52.8222.6145.4410.9245.8 95.7 46.7                    145.0470.2350.0668.1500.7252.8130.5                    104.4 69.3224.7117.3 42.9 18.8                    271.9592.5413.3189.3104.0                    473.7298.1121.7 61.2                    620.1364.1204.3                    210.1105.2                     37.9                                                                      
05214708 9 17.0 32.5 35.7  3.8  4.4  6.3 20.4  2.0 26.8                                               3.0  5.1  5.5  1.3  1.4  1.6  3.5  1.2  4.3                                             236.1252.8 37.2 44.4 65.2164.7 16.4203.0                                             385.9 70.6 84.3109.4270.0 31.0322.4                                              77.5 92.5118.6288.1 34.0342.1                                              10.0 14.7 44.7  3.8 58.0                                              17.5 53.3  4.5 69.2                                              78.4  6.5101.7                                              19.6233.7                                              25.4                                                                                                                                                                                                                                                                              
0521470914 23.5 15.6 13.2 27.6  3.9 22.4 34.6  5.3 24.0  4.2 44.5  4.7 16.1 28.1                      5.4  3.8  3.4  6.2  1.6  5.2  7.6  1.9  5.5  1.6  9.6  1.7  3.9  6.3                    169.0146.5261.6 52.8223.5307.2 73.6236.0 56.7361.7 65.1173.6265.2                    103.3192.9 35.3162.3230.7 49.2172.2 38.0277.7 43.6123.7195.8                    167.9 29.8140.5202.2 41.5149.4 32.0245.4 36.7106.4170.6                     62.2252.5341.9 86.8266.1 66.9398.5 76.7198.0297.4                     50.3 78.4 12.7 54.0  9.8101.2 11.3 36.5 63.4                    297.3 70.1227.5 54.0351.0 62.0166.8256.0                     97.8312.1 84.3451.7 96.7236.5346.0                     75.3 13.6122.5 15.6 50.9 88.4                     58.1366.9 66.7176.9269.7                     97.4 12.1 39.2 68.1                    110.0284.2402.8                     45.0 78.2                    201.0                                                                      
0521471016 51.4 37.0  5.3  9.5 11.1 39.3  2.6 14.2 74.6  6.4 33.2167.9  6.1 20.2 47.2116.6           10.1  7.4  1.8  2.6  2.7  7.8  1.4  3.3 14.0  2.0  6.7 30.6  1.9  4.4  9.3 21.4          501.2139.1229.3238.7514.6 72.2288.1647.1165.7475.9776.4158.2364.3556.8725.6          104.2176.9184.7438.2 51.9226.6578.9125.2399.5730.6119.3294.1481.4669.2           32.8 34.6109.8  7.9 45.0185.3 21.8105.2334.1 20.6 64.5129.3260.7           64.3185.4 14.6 83.6294.2 40.4161.6474.2 38.2106.3214.8390.5          193.5 15.4 88.3305.1 42.6168.9486.7 40.3111.5223.8402.7           55.0236.8591.4131.7412.8739.4125.5305.9494.9679.8           19.9102.2  9.7 46.5184.5  9.2 28.5 66.3136.4          361.0 55.4208.3546.4 52.4139.9271.3463.1          218.2554.7814.3209.0443.0630.2774.1          113.7379.9 25.4 79.5154.3301.6          713.3108.3272.4456.0648.3          367.4623.8765.5850.5           75.2147.2290.3          345.5545.7          711.9                         
0521471111 14.7  4.8 39.5 13.9 24.2  2.6 12.3 16.8  6.4  6.3 11.1                                     3.3  1.7  7.7  3.2  4.9  1.3  2.9  3.7  1.9  1.9  2.7                                    41.7243.3102.5164.6 20.1101.4122.1 56.9 56.1 91.6                                   100.4 39.4 68.4  7.0 34.7 48.1 19.5 19.2 31.3                                   233.1341.5 54.0211.4269.5131.7130.1195.2                                   157.0 19.0 95.7116.1 53.7 52.9 86.4                                    32.8140.9184.7 93.2 91.9129.2                                    16.7 23.1  9.5  9.3 15.1                                   103.7 47.2 46.5 76.0                                    65.5 64.6105.5                                    26.2 42.7                                    42.1                                                                                                                                                                               
0521471216  5.4 13.2  9.3 11.8101.7 26.7 13.2 27.2  5.2 25.6 40.5 29.4  3.7 48.5 11.4 17.2            1.9  3.5  2.9  3.2 21.3  6.2  3.5  6.3  1.9  6.0  9.1  6.8  1.6 10.8  3.1  4.3           42.0 32.5 37.4238.1 85.3 42.0 87.0 17.8 81.9114.3 94.2 12.2133.7 36.1 55.5           75.4 86.7412.5163.1 97.4165.8 41.0157.7228.2176.8 28.1260.7 83.6113.1           67.0354.8131.4 75.4133.6 31.7126.8186.9142.9 21.8215.3 64.7 99.6          385.9148.0 86.7150.4 36.4142.9208.6160.7 25.0239.3 74.4101.9          573.9412.5578.1233.5565.0660.4595.1173.9693.1377.9476.8          163.1284.4 83.1272.7369.8300.3 57.0410.5143.6204.1          165.8 41.0157.7228.2176.8 28.1260.7 83.6113.1           84.8276.4374.1304.2 58.1414.9146.0207.2           79.8111.8 91.8 11.9130.8 35.2 54.1          360.7292.0 54.7401.2138.7197.7          391.9 87.2508.3203.0279.5           62.9433.1156.0220.3          104.4 24.2 37.1          233.1316.0           98.8                         
0921470110 14.2 39.4  6.3 12.0 22.5  2.2 17.4  6.7  4.4 12.8                                          2.9  6.8  1.8  2.6  4.2  1.2  3.4  1.9  1.5  2.7                                        237.4 54.8 95.6151.1 15.6122.7 58.5 36.6102.4                                        130.8206.6325.7 43.2276.1138.3101.7217.8                                         45.7 86.2  7.6 67.5 28.0 17.6 48.9                                        129.4 13.1104.5 48.8 30.6 85.3                                         24.5179.4 92.0 57.6137.2                                         19.2  8.1  5.1 14.0                                         72.0 45.1111.0                                         18.7 52.2                                         32.7                                                                                                                                                                                                                            
0921470210  2.5  3.3 18.0 15.3 39.5 16.9  6.6  7.5 37.5  6.8                                          1.3  1.4  3.5  3.0  6.7  3.3  1.8  2.0  6.4  1.8                                          4.5 23.5 19.9 51.3 22.0  9.3 10.6 48.7  9.6                                         33.9 28.7 74.3 31.8 13.4 15.3 70.5 13.8                                        134.5283.3146.9 73.0 83.2273.1 75.1                                        251.3127.2 61.7 70.4241.9 63.5                                        270.8136.5152.4442.9139.8                                         68.5 78.1260.9 70.4                                         32.7130.5 29.6                                        145.9 33.7                                        133.7                                                                                                                                                                                                                            
0921470315  6.4 27.3103.1 32.4  2.8 70.7 17.6  5.2 31.3  6.2 11.2 12.7 10.9 51.5 50.9                 2.0  5.8 19.5  6.8  1.4 13.6  4.0  1.8  6.5  2.0  2.8  3.1  2.7 10.3 10.2                95.1276.7111.2 10.6209.0 69.1 21.1107.8 26.0 43.1 48.9 41.7165.6164.2               581.7325.5 41.6496.8211.7 83.5318.1102.9144.3160.5140.3429.6427.2               618.7132.4750.4485.7232.7611.4271.1377.3406.0369.9705.7704.0                49.5536.8241.8 99.5355.8108.4167.1185.2162.6470.2467.8                94.9 27.2  8.4 47.8 10.3 17.0 19.3 16.4 79.0 78.2               398.4172.9528.9204.4296.3322.5289.6636.5634.4                54.4235.6 67.1 99.5111.4 96.6334.1331.9                96.0 20.5 34.0 38.6 32.9135.6134.4               105.0162.3180.1157.9462.0459.6                41.9 47.5 40.5161.7160.4                78.9 67.2240.9239.1                76.3264.2262.3               235.0233.2               573.6                                             
0921470416  6.2 16.2 24.1  3.6 19.5  4.5 16.2 50.6  9.2 53.3 36.2 36.4 26.2 62.8  6.2 17.2            2.1  3.9  5.5  1.6  4.6  1.7  3.9 10.7  2.7 11.3  7.9  7.9  5.9 12.8  2.1  4.1           60.6 89.8 13.5 73.7 17.5 60.7157.9 37.6165.0118.2118.8 97.6184.4 25.0 64.6          178.5 33.0151.7 42.7128.7311.3 92.3322.4245.3246.5190.8351.7 61.3135.7           48.9208.6 63.3178.9397.3119.3409.3322.6323.9257.5440.7 90.9188.0           40.2  9.6 33.1103.7 20.5 97.7 73.8 74.2 53.2110.4 13.7 35.2           52.0152.0353.2100.2364.8282.4283.6222.3395.5 74.6160.1           42.8117.2 26.5122.8 95.5 96.1 68.8138.1 17.7 45.6          311.9 92.6322.9245.8246.9191.2352.3 61.5136.0          221.1580.1491.9493.3416.2609.1159.5324.9          230.2169.0169.9128.2254.7 38.0 98.5          504.0505.5428.4620.0166.6336.1          414.9340.3535.2119.4257.2          341.7536.6120.1258.4          460.0 98.8200.8          186.2366.0           65.4                         
0921470512  3.7  3.4 13.4 19.2 18.8 13.5  7.4 17.6 15.9  5.7 26.8 15.6                                1.5  1.5  3.2  4.3  4.2  3.2  2.2  4.0  3.7  1.9  5.6  3.6                                7.3 28.0 40.8 39.8 28.2 16.9 37.1 33.6 12.7 56.1 32.8                               25.9 37.7 36.8 26.1 15.6 34.3 31.1 11.8 51.9 30.4                              126.5123.8101.3 60.3116.5106.8 45.4165.7104.5                              170.3127.5 88.0160.9148.1 66.2223.6145.1                              124.7 85.8157.5144.9 64.5219.3141.9                               60.8117.5107.6 45.8167.0105.3                               80.1 72.5 27.3107.2 70.7                              136.6 60.2207.9133.8                               54.5192.3122.8                               91.1 53.2                              188.6                                                                                                                                       
0921470613  7.0  5.4 12.9 30.7  5.8 20.7 40.6 17.7 25.3  4.7 14.6  4.7 11.9                           2.4  2.0  3.5  7.3  2.1  5.2  9.5  4.6  6.1  1.8  3.9  1.9  3.3                          24.3 54.8114.6 26.4 89.3146.4 76.2 96.5 20.9 62.1 21.1 50.4                          41.3 98.6 20.0 67.4114.9 57.5 81.2 15.8 46.8 15.9 38.0                         180.0 45.1131.0225.0114.1153.5 35.6 95.1 35.9 86.0                          96.4261.7401.9232.8298.1 84.9198.9 85.5168.2                          73.5123.9 62.7 88.6 17.2 51.1 17.4 41.5                         318.4172.8226.8 58.0145.8 58.4121.9                         285.9358.5100.6247.1101.3211.1                         200.6 49.5127.3 49.8106.0                          69.9170.3 70.4143.1                          40.3 13.7 32.8                          40.6 97.6                          33.0                                                                                                    
09214707 7  3.1  2.1  4.7  9.5 12.9  8.9 19.1                                                         1.4  1.2  2.0  3.8  4.6  3.6  6.7                                                         3.2  8.4 17.9 22.1 16.8 32.9                                                         5.1 10.6 13.1 10.0 19.5                                                        28.6 35.4 27.0 52.9                                                        75.9 57.7101.1                                                        71.4121.9                                                        95.7                                                                                                                                                                                                                                                                                                                                                                                                 
0921470811  7.7  7.7  3.6  4.4 23.4 21.6 20.4  6.2  6.3  8.1 30.2                                     2.4  2.4  1.6  1.7  5.3  4.9  4.8  2.0  2.1  2.5  6.6                                    39.6 17.1 21.6 99.2102.1 98.1 31.4 32.3 42.1124.5                                    16.9 21.4 98.3101.1 97.1 31.1 32.0 41.6123.4                                     9.3 47.2 43.4 41.7 13.4 13.8 18.0 61.1                                    59.8 55.0 52.8 17.0 17.5 22.7 77.4                                   217.2210.6 87.0 89.6103.7279.3                                   197.2 80.0 82.3 96.2263.1                                    76.8 79.1103.1255.6                                    25.3 33.0100.4                                    33.9103.1                                   130.0                                                                                                                                                                               
09214709 6  3.9 19.9  6.1  2.0  2.8 18.0                                                              1.7  6.9  2.6  1.2  1.3  6.3                                                             45.2 14.9  4.2  6.2 40.8                                                             74.4 20.1 30.6168.4                                                              6.7 10.1 67.1                                                              2.9 18.2                                                             27.6                                                                                                                                                                                                                                                                                                                                                                                                                                                                  
0921471016 35.2 25.1 38.3  8.7 45.3 62.2  4.6 37.8 15.3 37.9 13.0  8.9 30.2 47.1  2.4  8.7            6.6  4.9  7.2  2.3  8.3 10.9  1.7  7.1  3.3  7.1  2.9  2.4  5.8  8.6  1.3  2.3          324.9420.2158.3459.5526.7 95.7417.3230.2418.0202.2161.2366.2468.6 44.6157.5          343.0118.0380.6447.4 67.8340.3175.7341.0152.9120.3293.2389.4 31.6117.3          169.8479.1545.8104.2436.9245.2437.6215.9172.9385.2488.2 48.5168.9          194.8243.6 26.0168.1 82.8168.5 69.9 52.8139.2200.9 12.2 51.3          583.2109.0476.2277.1477.0245.4198.1424.0527.2 57.5193.7          140.5543.0337.1543.7301.7247.5491.5591.7 77.1242.4          102.9 41.6103.3 35.1 26.5 82.1112.9  6.2 25.8          242.9434.7213.9171.1382.4485.3 47.9167.2          243.5100.0 84.6204.6284.8 19.4 82.3          214.4171.5383.1486.0 48.1167.6           71.5178.9252.6 16.4 69.5          141.7204.3 12.5 52.5          433.0 38.2138.4           59.8199.9           12.1                         
0921471118 21.7 12.8  4.2 30.8 28.9 10.6 30.6 24.1  4.2  7.0 23.9 34.6 49.7 12.6 40.4 36.8 12.4 24.3  5.1  3.3  1.7  7.0  6.6  2.9  6.9  5.6  1.7  2.3  5.6  7.8 10.9  3.3  8.9  8.2  3.2  5.6133.1 53.3268.0256.2112.6267.1223.4 52.2 92.1221.8291.3369.1131.9323.7303.9129.2224.5 31.4178.8169.9 75.3178.0145.7 30.7 54.1144.6196.6259.5 90.4222.2206.5 88.3146.5 76.0 71.4 25.9 75.6 59.4 10.7 18.7 58.8 85.6109.1 31.1100.2 91.1 30.4 59.7326.8152.5339.0288.8 74.3115.0287.0366.2449.8177.3401.6380.1173.9290.1144.7325.7276.5 69.8108.8274.7352.4435.3168.5387.4366.1165.2277.7151.9123.6 25.3 44.7122.6168.4225.0 74.5191.2177.1 72.8124.2287.8 73.9114.5286.0365.1448.6176.6400.4379.0173.2289.1 58.0102.5240.4313.1393.1144.5346.5326.1141.6243.2 18.3 57.5 83.7106.9 30.4 98.0 89.1 29.7 58.4101.5127.5173.6 53.6145.9134.6 52.3103.1311.1391.0143.4344.5324.2140.5241.5477.4195.1428.9407.1191.4314.4257.6513.6491.8253.2394.5220.4204.9 87.4145.3443.3216.4347.9201.1327.5142.4
0921471210  8.8  8.6  4.5 27.7  5.2 39.7  2.9  6.7  6.9 23.5                                          2.5  2.5  1.6  5.8  1.7  8.0  1.4  2.1  2.1  5.0                                         51.6 25.4130.3 29.8176.7 15.5 39.4 40.7112.3                                         24.9127.7 29.1173.4 15.1 38.5 39.8110.1                                         72.8 14.4104.8  7.5 19.0 19.6 61.4                                         85.3374.0 44.1100.7103.6263.0                                        108.5  8.8 22.3 23.0 71.9                                         63.4138.4142.2336.6                                         11.6 12.0 37.2                                         30.4 95.3                                         98.4                                                                                                                                                                                                                            
