0621150116 53.1 43.2  5.0  3.5 19.5123.4 10.9195.1 65.1 29.2 11.1  3.1  8.2104.5 33.4 27.1            9.8  8.1  1.7  1.4  4.1 21.4  2.6 33.5 11.6  5.7  2.6  1.4  2.3 18.3  6.4  5.4          543.8136.7104.0363.0739.0242.0797.6626.3452.7245.4 90.4210.4713.3484.3435.7          114.1 84.4318.0706.3206.5773.1582.7404.7209.6 73.4178.4677.5436.0388.0           10.4 58.9261.4 32.4355.3158.6 87.4 33.0  9.1 27.0231.3100.2 81.2           38.3188.2 21.1266.3109.5 56.7 21.5  6.0 17.6164.4 65.0 52.7          549.8106.4646.1402.6240.8108.2 33.3100.0512.2265.9227.8          412.4863.1763.7633.5416.7168.0370.7817.2660.0618.6          518.0274.9149.7 67.3 18.3 54.9374.8167.6140.6          815.5716.3522.3240.5475.6853.1737.4704.2          493.6278.6 96.7240.6740.6524.8476.5          152.0 49.3127.9599.4346.5302.2           18.7 55.9379.0170.2142.9           15.3146.3 56.5 45.8          334.4143.7120.0          627.5583.7          330.6                         
0621150216 64.8137.3145.5 17.0 41.5145.5 21.5 40.9  4.5  4.2 15.2  3.5134.8 17.8 13.4  4.7           12.9 26.6 28.1  4.0  8.7 28.1  4.8  8.6  1.7  1.6  3.7  1.5 26.1  4.2  3.3  1.7          776.9783.9370.7573.4783.9421.1570.1142.0133.2345.1110.4774.6380.7317.6147.6          851.8542.9717.4851.8591.6715.0257.4243.7516.6206.9846.7552.9486.9265.9          555.8726.5855.5603.8724.2268.3254.3529.7216.4850.6565.7500.2277.1          282.0555.8169.6279.1 45.2 41.9127.6 33.8538.7146.4114.0 47.3          726.5327.5474.8 98.3102.1259.7 82.3714.4290.9236.2102.4          603.8724.2268.3254.3529.7216.4850.6565.7500.2277.1          324.4 56.4 52.3154.1 42.2587.7176.0138.2 59.0           97.0100.6257.0 81.1712.0288.0233.6101.1           11.5 40.2  9.3254.0 47.2 35.3 13.0           37.3  8.7240.4 43.8 32.8 12.0           30.1512.3132.6102.8 42.1          204.0 35.3 26.5  9.7          548.8482.6262.4          118.5 49.4           37.0                         
0621150316 11.7 74.0  2.9 13.3114.2 29.8 63.5 39.0 50.5199.4  2.6 47.7 27.3  8.2 78.8  6.6            2.4 11.3  1.3  2.7 17.1  5.1  9.8  6.4  8.1 29.4  1.3  7.7  4.7  2.0 12.0  1.8          314.7 18.7 86.5410.5161.3283.5201.2245.4538.6 16.1235.2149.8 58.7328.0 46.4          103.7342.7770.4527.8679.8588.3641.9829.0100.3630.5507.5263.7716.8221.6           21.3151.1 47.9100.1 63.0 81.8235.4  4.1 77.2 43.8 14.5109.7 11.5          440.7179.7310.1222.7269.9567.9 18.3259.1167.1 66.9356.4 52.9          622.0749.6674.9719.4859.9132.9710.1603.7352.9778.2303.1          492.5386.2445.9723.0 41.2432.7307.6129.9542.0105.7          554.6610.8815.2 86.0598.8472.0235.6691.0196.6          509.1762.7 54.1495.9366.3163.6601.7134.3          794.4 70.3555.1425.4201.9654.1167.2          209.8787.9708.7479.9834.2425.6           66.4 37.7 12.5 95.8  9.9          412.2193.0643.0159.4          120.3521.9 97.7          275.8 35.9          232.5                         
0621150416148.2 15.3 23.3 23.3 13.3 96.1 50.6  5.8  4.0  5.1100.0  6.1 28.5 91.2 28.1  4.5           30.3  3.9  5.5  5.5  3.4 19.9 11.1  2.0  1.7  1.9 20.7  2.1  6.5 18.9  6.4  1.7          535.7624.3624.1501.6826.0758.0328.0248.8300.6829.5339.5664.3821.4661.4269.5          166.0165.8102.5435.9300.2 53.5 35.9 46.9445.3 56.4195.9424.0193.5 40.1          229.5146.5530.6389.0 80.7 54.1 70.8539.8 85.2267.0518.8264.0 60.5          146.4530.4388.8 80.7 54.0 70.7539.6 85.1266.9518.6263.9 60.4          401.6270.7 46.1 30.9 40.4410.9 48.6173.8389.8171.5 34.5          690.7242.7177.9219.8786.2252.5576.3775.0572.9194.5          148.8105.2133.1697.7155.6436.0681.5432.4116.1           14.4 18.8250.1 22.6 99.2233.5 97.6 16.1           12.7183.8 15.2 66.4170.5 65.4 10.9          226.7 19.9 86.9211.2 85.6 14.1          260.0585.1780.0581.7200.8          104.7243.0103.0 17.0          564.9304.6 74.3          561.5186.6           73.1                         
0621150516 56.2 62.4202.3 56.0 28.0 26.7  3.5  6.6  7.7127.8  9.4 19.7 24.8102.8  2.6 14.8            9.5 10.5 32.5  9.5  5.2  5.0  1.4  1.9  2.1 20.8  2.4  3.9  4.7 16.8  1.3  3.1          623.4804.4600.9449.7437.9 98.2177.5203.9748.2237.9372.3421.2715.1 77.0308.2          814.9622.8474.2462.4107.9193.2221.2762.8257.2396.2445.7731.7 85.6330.4          804.1715.4707.1278.2427.7468.0867.0514.6655.7694.8854.4214.3595.6          449.0437.2 97.9177.0203.4747.8237.4371.6420.5714.6 76.8307.5          290.1 55.9 99.6116.2632.3138.4235.9275.9587.0 39.2187.3           53.1 95.1111.1622.0132.5227.0266.1576.0 37.3179.8           14.2 16.8197.5 20.6 39.8 49.4165.6  5.1 29.6           33.4325.5 40.9 79.5 98.6281.0 10.0 59.0          363.2 48.7 94.6104.2316.2 11.9 70.2          408.8560.7607.1818.9147.9493.2          103.0124.5359.7 14.5 86.0          214.8511.5 28.0141.6          560.1 34.7169.5          122.7442.7           20.8                         
0621150616 22.6 29.7 11.5 51.3 19.4 14.8 77.4 19.0 12.8  2.6  6.1 28.0  8.2  6.2 61.3114.0            4.9  6.2  2.8 10.3  4.4  3.5 14.8  4.3  3.1  1.4  2.0  5.9  2.4  2.0 11.8 21.5          268.6124.9384.8196.6156.6473.6193.5138.1 30.8 83.2257.7101.5 84.8419.6561.9          158.1448.3243.0196.1537.1239.4174.0 40.6 98.2312.3129.5 99.9483.7620.9          244.3110.7 94.9319.9108.7 81.8 15.6 42.0150.6 57.5 42.8272.8405.4          354.1295.0653.5349.7265.9 70.6158.5434.9204.2161.0606.7721.4          139.4441.7173.2122.6 26.8 72.5232.8 99.3 73.9388.2531.0          377.7137.0 95.7 20.3 54.7187.3 75.0 55.8326.6466.6          437.0344.8103.9216.0524.0272.4219.1681.8775.9          120.5 26.3 71.0229.3 97.3 72.4383.6526.5           17.5 47.2165.9 64.6 48.1295.8432.2            9.1 38.3 12.4  9.3 82.2131.5          103.7 33.2 24.7179.6286.8          123.1 94.8470.3608.9           33.8229.6352.6          182.4290.6          744.5                         
0621150716  5.0 22.1 44.0122.2 18.1 31.9 40.6 30.0  5.5  8.5 27.3  3.2  7.5 36.9 25.3 12.7            1.8  5.0  9.3 23.9  4.3  6.9  8.6  6.5  1.9  2.5  6.0  1.5  2.3  7.9  5.6  3.2           64.4114.2256.0 53.5 93.8106.2 88.3 17.1 27.3 80.1  9.3 23.9 97.3 74.1 37.2          345.4571.7181.9277.9327.8266.1 71.9102.3248.1 38.5100.7307.4234.1134.3          708.0306.3429.9486.5415.8125.7185.8393.7 77.7166.9464.0376.1236.6          530.4649.3694.1637.3276.9375.5617.8171.9346.3676.9601.5446.7          243.1289.6232.3 59.8 95.5215.8 32.0 83.6270.6203.1114.4          411.0342.7104.8141.8322.0 56.0126.6388.8305.7183.6          397.1117.0173.9375.2 71.6155.9445.0357.8222.4           98.6134.7309.3 52.7120.1375.1293.3174.7           30.4 89.4 10.3 26.7107.4 82.7 41.5          123.9 16.4 42.6160.5115.7 66.4           47.8110.3353.7274.2161.4           14.3 64.9 44.2 22.3          143.7102.9 58.1          336.7206.3          151.1                         
0621150815 18.1 14.4  7.3 29.1 26.3  5.1 97.0 19.9  3.3145.3 64.7109.7  3.3 27.4 12.3                 3.9  3.2  2.1  5.7  5.2  1.7 17.1  4.2  1.4 25.3 11.6 19.2  1.4  5.4  2.8               127.9 82.0227.0210.0 55.3478.0170.1 33.5569.5384.5506.2 33.3217.1110.9                64.5188.3173.5 43.5422.4139.1 26.4515.6331.7450.7 26.2179.6 99.0               114.4104.6 24.1293.3 90.5 14.7379.6218.2318.4 14.6108.7 54.7               294.8 87.9582.5244.2 53.2664.1491.2608.5 52.9303.4164.8                79.4560.4226.4 48.1644.8467.7587.0 47.8283.1151.5               220.3 60.9  9.9295.1159.2241.5  9.9 82.9 36.9               500.6147.1825.2728.5797.7146.3569.8385.1                36.9590.6406.7528.5 36.7233.8120.8               204.3103.4162.9  6.1 50.2 22.4               783.4835.4203.3653.0477.9               746.7102.8477.6297.6               162.1596.2412.9                49.9 22.3               157.0                                             
0621150912 64.2 37.1  4.3  5.2 31.0 26.4  7.4 11.6 25.6  3.8  6.7  6.2                               13.1  8.1  1.7  1.8  6.9  5.9  2.3  3.0  5.8  1.6  2.2  2.1                              545.9134.9162.1504.7466.7218.6285.1460.0118.0202.0187.9                               93.3103.1383.9347.4142.9192.7341.2 79.9131.0121.0                               13.9 77.8 65.9 20.2 28.9 64.1  9.6 18.2 16.6                               96.8 82.0 25.0 36.0 79.7 11.9 22.6 20.7                              308.9122.3166.4303.0 66.6111.9103.2                              105.8145.0270.3 56.5 96.6 98.4                               52.3103.1 17.3 32.9 30.0                              141.5 24.8 47.2 43.1                               54.9104.8 95.6                               15.6 14.3                               27.1                                                                                                                                       
0621151016 83.3  5.0 13.2 13.3 36.4 14.3  3.9  5.9  6.6 38.2 33.5 42.7 80.2 18.9 12.8 12.6           17.6  1.9  3.5  3.5  8.3  3.7  1.7  2.1  2.2  8.6  7.6  9.6 17.0  4.7  3.4  3.3          191.2368.5370.3598.6386.8152.6222.5244.0609.2580.6631.9738.1452.9361.4356.4           38.8 39.1 96.1 42.1 11.7 18.6 21.1100.6 98.6111.0185.4 56.1 37.5 36.7           99.1210.5 95.7 29.4 47.1 53.2218.9197.1238.1360.0123.4 95.2 93.1          211.8 96.4 29.7 47.5 53.7220.2198.4239.5361.8124.3 96.0 93.8          224.2 81.4114.3127.2427.6396.8453.3590.4276.8205.4201.8           31.9 51.1 57.8232.9210.2252.9378.2132.5103.3101.0           14.2 16.0 85.6 74.8 95.7147.8 42.6 28.5 27.9           25.6119.4106.1131.6216.1 68.2 45.6 44.6          132.8118.2146.1237.1 77.1 51.6 50.4          408.3465.0601.2286.7213.6209.9          433.9572.3260.7192.2188.8          624.2309.3232.5228.6          444.0353.0348.1          120.0117.7           90.1                         
0621151116 36.1  9.3 22.6 44.7 24.6 29.6  2.7 40.1  8.8 18.1 94.8  5.9 12.3 30.1  5.9 18.8            7.6  2.7  5.0  9.2  5.4  6.3  1.4  8.3  2.6  4.2 18.3  1.9  3.1  6.4  1.9  4.3          171.1308.2462.5326.2366.8 53.4436.8162.4266.8623.7113.0196.9370.5113.3273.8          114.4203.7123.3144.7 15.2186.6 55.7 95.0341.6 36.4 70.6146.8 36.6 98.2          354.6234.0268.2 33.3330.6108.1186.1520.7 80.0133.1271.4 80.3191.6          373.7416.0 66.4487.3193.7310.1666.1136.5232.8419.9136.9317.7          285.0 36.2349.2116.6199.3540.2 87.3143.2288.3 87.5205.1           43.7390.8137.1230.1581.5105.2167.4326.7105.6236.5           59.4 14.3 27.0119.8  9.4 18.1 44.4  9.4 28.0          177.2287.6645.0124.1214.0394.6124.5294.9           99.3327.9 34.2 66.3139.1 34.3103.0          472.7 64.9111.0233.1 65.2161.8          244.3380.0585.1244.9481.1           43.4 95.9 22.5 67.4          169.7 43.5114.6           96.2239.5           67.6                         
0621151214 43.5  5.4 14.2  3.7 38.2 31.4 12.8  5.0 10.9 14.0 18.4  6.4 27.6 22.8                      9.6  1.9  3.6  1.6  8.5  7.1  3.3  1.8  2.9  3.6  4.5  2.1  6.3  5.3                    123.1255.1 91.0469.2423.1235.5113.1206.3251.7307.9143.0393.1350.4                     46.1 12.1109.6101.9 41.3 17.0 34.8 45.2 60.3 22.2 89.3 73.7                     29.6231.4198.5102.4 41.8 86.1100.0128.7 54.9178.8152.6                     79.8 65.4 26.6 11.0 22.4 29.1 38.7 14.3 57.3 47.3                    393.0213.0100.6185.9228.2281.3127.7363.6322.1                    182.0 92.5158.0195.6243.8107.3320.6281.5                     37.5 77.2100.5117.1 49.2163.6139.2                     31.6 41.1 54.8 20.2 81.1 66.9                     84.5100.5 41.4141.5119.9                    126.7 53.9176.1150.3                     71.8220.9190.2                     95.4 87.8                    256.4                                                                      
07211501 9 13.8 16.6 32.2  2.0 16.2 12.4 21.9  3.4  5.1                                               2.5  2.9  4.9  1.2  2.8  2.3  3.5  1.3  1.4                                             114.5198.5 13.5111.8 96.2144.0 26.1 41.6                                             230.1 16.3132.1103.5168.8 31.5 50.4                                              31.4225.4181.2279.0 60.8 97.4                                              15.9 12.1 21.3  3.4  5.3                                             101.0165.2 30.7 49.1                                             130.5 23.2 37.1                                              41.1 65.7                                              10.2                                                                                                                                                                                                                                                                              
0721150216 15.9 63.7 37.5  3.9 59.7  9.1 12.2  2.7 12.9 43.4  5.9 61.5 67.1 18.7 48.3 30.3            3.4 11.3  7.1  1.5 10.6  2.4  2.8  1.3  2.9  8.1  1.8 10.9 11.8  3.9  8.9  5.8          350.8248.9 35.4336.9 90.3 97.3 23.6102.7276.7 56.6343.2362.4143.6297.9211.3          546.8120.6640.1256.4292.4 92.2304.5579.2179.2645.8662.6387.9602.0497.4           83.6532.3173.6201.5 55.6211.1464.9117.0538.9558.5280.5489.6381.3          113.9 22.3 26.8  6.0 28.4 96.8 14.0116.9126.2 41.8 96.5 67.2          244.6279.6 86.4291.4565.2170.0633.1650.3373.4588.3482.5           68.3 14.9 72.5195.4 35.6249.9266.3 95.7212.4145.0           17.9 87.4225.7 42.8285.4303.0112.9244.5169.3           19.0 64.4  9.4 89.0 97.2 27.8 71.7 44.7          236.1 45.5297.3315.3118.9255.4177.7          132.9571.6590.5310.1523.3414.7          174.1186.9 66.9145.5 96.5          655.9380.0594.6489.3          399.8613.0509.5          332.6239.8          439.3                         
0721150316 31.9 32.0  4.6 94.3 26.4 46.2 52.3  3.5 32.4 15.0 23.3 33.1  2.4 13.8 70.2 94.3            5.5  5.5  1.5 14.6  4.7  7.7  8.6  1.3  5.6  3.0  4.2  5.7  1.2  2.8 11.0 14.6          356.7 86.5596.3314.5440.8469.7 63.9359.5210.4289.1364.3 38.9196.2531.2596.3           87.0597.4315.6441.9470.9 64.2360.7211.2290.1365.4 39.1197.0532.4597.4          197.9 71.4111.0123.9  9.7 88.1 40.9 63.0 90.0  6.0 37.4155.6197.9          554.7671.0693.3154.7600.1426.7526.6604.7100.7406.3736.5776.8          396.8425.4 52.8318.3180.8252.3322.8 32.1168.1487.3554.7          555.5 93.1444.9277.8368.7449.9 56.7260.8613.0671.0          105.6473.9302.8396.9478.9 64.2284.9638.3693.3           65.1 30.2 46.6 66.5  4.5 27.7120.2154.7          213.3292.7368.3 39.6199.0535.3600.1          163.3216.9 18.5104.2359.8426.7          297.1 28.4151.6458.5526.6           40.5202.4540.2604.7           16.9 84.0100.7          340.4406.3          736.5                         
0721150412 12.0 20.9 16.2  3.3 13.4  7.2  5.7 19.9 21.7  3.9 42.6 11.9                                2.9  4.6  3.7  1.5  3.2  2.2  1.9  4.4  4.7  1.6  8.5  2.9                              122.9 97.6 21.8 89.6 52.1 41.0118.0125.1 26.4219.5 79.4                              160.5 38.7136.1 92.8 72.9191.1201.5 46.9329.8122.6                               29.8108.4 71.4 56.1154.3163.2 36.1276.4 97.3                               24.5 14.3 11.3 36.9 39.5  7.3 78.3 21.7                               58.7 46.1130.7138.4 29.7239.9 89.4                               26.9 88.5 94.6 17.3156.4 52.0                               69.5 74.4 13.7127.5 40.9                              194.1 44.7319.8117.7                               47.8334.0124.8                               95.0 26.3                              219.0                                                                                                                                       
0721150516  6.8 44.9 15.8 17.9  7.3 34.8 15.2 19.6  3.8 29.4116.0  3.1 40.8 52.0 29.5 15.2            2.0  8.7  3.5  3.9  2.1  6.9  3.4  4.2  1.5  5.9 20.9  1.4  8.0 10.0  5.9  3.4          155.2 65.5 74.4 32.5124.5 63.0 81.8 15.9107.4312.4 12.5143.0175.3107.7 62.9          282.7308.2165.5454.7274.9328.0 97.7415.7702.5 76.6492.0547.9416.4274.6          138.1 70.9234.6119.6149.6 34.4206.1487.3 27.0264.0312.7206.6119.5           80.4257.5133.5166.2 39.1227.2516.3 30.7288.6339.5227.7133.3          133.2 68.1 88.4 17.1115.0328.8 13.5152.7186.7115.3 68.0          227.6275.5 75.5357.6656.2 59.2432.3489.1358.2227.4          144.6 33.1199.8478.0 26.0256.5304.5200.3115.4           42.9243.8537.8 33.7307.7360.1244.4144.5           63.7195.1  6.7 88.7101.0 63.9 33.0          622.8 50.0393.6449.9321.8199.6          160.2685.8726.5623.5477.7           69.5 88.9 50.1 25.9          526.0394.3256.2          450.7304.2          200.0                         
0721150616 19.3 14.2 13.0 30.1  5.5 80.7 31.2 14.3 16.8  3.2 24.4 34.7 27.8 32.5  3.9 21.9            4.3  3.3  3.1  6.2  1.8 15.2  6.4  3.3  3.8  1.5  5.2  7.1  5.8  6.7  1.6  4.7          134.3123.8245.0 64.8450.2251.3134.4154.9 35.2208.2271.6230.7258.8 43.9190.6          104.3192.6 47.3378.3197.9102.1118.4 25.7161.8215.3180.5204.4 32.1147.3          178.5 43.0357.3183.5104.4108.9 23.4149.5200.0167.1189.6 29.2135.9          100.2550.0338.6192.7219.6 54.4286.9362.1314.2347.4 67.9265.1          205.2103.7 47.4 56.0 10.7 80.8102.8 92.4 96.8 13.3 72.2          557.6378.5416.6123.8501.3581.3531.8566.7149.7475.3          198.0225.4 56.3293.8369.8321.4354.9 70.3271.6          118.5 25.8161.9215.4180.7204.5 32.1147.4           30.4185.6244.4206.3232.5 38.0169.4           43.9 62.7 50.2 58.6  7.3 39.2          316.0271.2302.1 54.8226.3          344.5378.9 78.3292.9          330.0 62.6250.0           73.2279.6           48.9                         
0721150716  2.9 17.9 26.7 18.8 20.8 22.9 10.8  4.7 20.5 13.7  4.7 43.4 33.7 70.0 53.2 46.6            1.4  4.0  5.6  4.2  4.6  4.9  2.7  1.6  4.5  3.2  1.6  8.7  6.9 13.3 10.5  9.3           28.1 41.5 29.6 32.8 35.5 16.7  7.7 32.4 21.4  7.7 67.9 52.5 95.8 83.3 72.9          210.5160.3174.7186.1 97.4 49.5172.6121.4 49.7301.1251.4399.5344.0315.9          219.2237.3251.4137.3 73.3234.7169.2 73.6385.6329.4489.9432.2401.8          182.3194.1102.0 52.2180.1127.1 52.4311.9261.2411.4355.4326.9          210.8112.0 58.0195.9139.1 58.2334.0281.4435.7378.8349.5          120.0 62.7208.4148.6 63.0351.0297.0453.8396.5366.8           29.4110.6 82.7 29.5205.4167.3286.9239.9217.1           57.1 37.7 13.5106.2 92.8156.9127.0113.2          137.3 57.4330.9278.5432.2375.5346.3           37.8248.2204.4338.7287.0261.4          106.6 93.2157.5127.5113.6          439.6599.6545.2515.3          543.7486.8456.2          641.1614.5          561.2                         
0721150814 20.9 24.5 41.9 66.3 41.8  6.4 48.5  4.6  7.7  8.1 31.7 24.0  2.3 17.5                      4.2  4.7  7.6 11.3  7.6  1.9  8.7  1.6  2.1  2.2  5.9  4.6  1.3  3.6                    222.5326.9423.4326.3 82.1358.8 56.7 99.4105.4269.6218.7 25.4172.2                    358.4457.1357.8 95.0391.4 65.6102.4107.8298.3244.1 29.4193.6                    580.4482.0139.2516.6100.8163.5171.6417.2353.5 50.6290.1                    579.7198.8611.6146.9230.4240.7517.2451.9 78.1382.7                    138.9515.9100.5163.1171.1416.4352.8 50.4289.4                    157.6 18.5 32.3 34.3108.8 92.9  8.4 68.6                    114.8184.3193.2451.2386.3 58.6320.2                     22.4 23.7 85.1 64.1  5.9 47.4                     41.5128.7100.3 10.1 83.1                    135.3105.7 10.7 88.1                    293.8 38.1236.6                     28.7190.2                     21.3                                                                      
0721150910 12.9 23.5  5.7  2.4  4.4  4.3 26.8 30.5 16.1 23.4                                          2.8  4.5  1.7  1.2  1.5  1.5  5.0  5.6  3.3  4.5                                        143.9 43.8 15.7 33.0 31.9160.8179.1104.3143.4                                         79.9 28.5 60.1 58.1257.0282.2174.3232.3                                          7.5 15.6 15.0 91.2104.1 55.1 79.5                                          5.7  5.5 32.5 37.1 19.7 28.4                                         11.4 68.7 78.4 41.5 59.9                                         66.4 75.7 40.1 57.9                                        308.9193.9256.2                                        215.0281.3                                        173.7                                                                                                                                                                                                                            
0721151011 24.9  8.4  3.5  5.2 30.8  2.8 11.5 23.8 19.0  8.4 33.9                                     4.8  2.2  1.4  1.6  5.8  1.3  2.6  4.6  3.9  2.2  6.3                                   113.4 48.5 76.6295.3 37.3136.5244.9208.8112.5315.2                                    18.0 28.4136.7 13.9 59.3108.7 99.8 47.5148.5                                    10.8 60.1  5.4 22.3 46.2 37.4 17.9 66.2                                    95.1  8.3 35.2 73.1 59.2 28.2104.8                                    46.2163.5285.7245.8135.7361.5                                    17.2 35.5 28.8 13.8 50.9                                   131.0109.0 58.8177.1                                   201.2107.9305.4                                    98.9263.8                                   147.4                                                                                                                                                                               
0721151118 21.8 25.3 39.3 21.7  3.6 67.7 20.4 45.3 25.4 13.8 51.6  7.9 61.3  6.5  6.2 36.4 32.3  5.4  5.2  5.9  8.8  5.2  1.6 14.4  5.0 10.1  5.9  3.6 11.4  2.5 13.1  2.2  2.1  8.2  7.4  2.0231.9318.1205.2 44.2433.5198.6348.5232.8142.7377.7 94.9410.8 85.9 81.4301.7277.6 70.3351.1231.0 51.6469.1223.8382.6260.7162.3412.7108.9446.3100.3 95.0334.0308.5 82.0317.0 80.7570.7308.4485.5352.2231.3516.0159.9548.9134.3128.2434.3406.4112.8 44.0432.3197.8347.3231.8142.0376.6105.2409.6 85.5 81.0300.7276.5 69.9118.4 42.2 93.1 51.8 28.2 95.3 17.8108.6 14.5 13.7 74.6 66.1 11.9422.6601.2470.3332.5628.5240.7657.0205.6197.0553.3526.0175.2338.3224.6137.1367.3100.9400.0 82.0 77.7292.3268.5 67.1383.7256.9548.1179.7580.2151.5144.7467.2439.1127.7163.0413.8109.4447.4100.8 95.5335.0309.5 82.4282.3 67.3311.7 54.7 51.8217.8198.2 44.8199.7608.3169.0161.7497.8469.8143.0223.5 34.4 32.6149.7135.1 28.1190.2182.1531.1503.4161.6 26.5125.4112.8 22.9119.7107.6 21.7388.5105.2105.1
0721151216 36.4 72.5 13.7  5.2 49.9 47.7  5.6 10.7 50.4 67.8 29.4 16.6 18.0  3.1 47.6  4.8            7.7 14.3  3.4  1.8 10.3  9.9  1.9  2.8 10.4 13.4  6.4  3.9  4.2  1.5  9.9  1.7          568.9217.1101.3490.3479.7108.8177.2492.3553.9367.8251.5267.1 63.7479.3104.0          346.4179.0635.7626.5190.9292.6637.4688.2520.6389.9408.9109.4626.1166.5           42.7274.6265.9 46.2 82.1276.3331.7183.2113.4122.0 23.9265.5 39.0          133.9128.8 18.6 33.0135.0169.4 91.7 51.9 56.4  9.7128.5 15.8          552.3143.4227.5564.4622.0440.3314.1331.6 87.6551.9124.0          137.9219.8554.3612.6429.8304.7322.0 83.7541.7119.2           35.7144.5180.8 99.3 56.2 61.1 10.5137.7 17.1          229.1279.1148.3 99.9 97.2 18.5219.5 30.2          623.8442.4315.9333.6 88.4553.9125.0          505.1374.7393.4103.0612.2157.3          213.9228.0 51.3429.3 83.8          144.4 29.1304.2 47.5           31.6321.6 51.6           83.5  8.9          118.9                         
1021110114  4.2  6.7 25.7  6.8  6.7 22.6 56.0  9.1 28.8  3.9  9.4 30.6 49.0 32.0                      1.7  2.2  5.8  2.2  2.2  5.2 11.6  2.7  6.4  1.7  2.8  6.8 10.5  7.1                     17.3 61.9 17.9 17.4 54.2115.9 24.2 69.5  9.8 25.1 73.9105.6 77.4                    103.7 29.9 29.0 90.8179.2 40.4103.5 16.3 41.9109.3164.3113.8                     95.9103.9241.2428.7125.4288.4 58.3129.3300.7404.3310.1                     29.9 93.7183.7 41.7106.4 16.9 43.2112.3168.6116.9                     91.0179.5 40.5103.7 16.4 42.0109.5164.6114.0                    398.4111.7262.7 51.0115.2274.4374.4283.3                    232.8455.7110.0239.0469.8577.7480.5                    138.7 22.8 58.6146.0214.7151.8                     65.5142.8324.9431.1334.7                     23.6 69.6100.1 72.9                    150.4220.6156.3                    445.2347.8                    455.8                                                                      
1021110218  6.9  3.5 13.1 26.2 66.2 13.3 72.8  5.3 23.8 86.3 28.5 26.9 24.8  6.7 89.0 32.8 92.5  7.1  2.3  1.6  3.4  6.0 13.8  3.4 15.1  1.9  5.5 17.8  6.5  6.2  5.7  2.2 18.3  7.4 19.1  2.3 14.6 54.7 98.4211.0 55.6227.1 23.5 99.8257.8106.2100.7104.0 30.4263.5120.3270.9 32.5 25.4 51.0111.2 25.8121.0 11.0 46.2140.2 55.5 52.3 48.1 14.2143.8 63.9148.6 15.1159.7315.6 97.3335.9 41.0147.0373.4171.2163.1152.2 53.2380.2191.9389.0 56.7472.5161.9494.7 82.6255.2533.7290.6278.9263.0 96.0540.5319.6549.3101.7319.1684.5167.8449.6713.5492.1478.4459.2206.5718.4524.6724.6217.2339.5 41.7149.1377.1173.6165.3154.4 54.1383.9194.5392.7 57.7181.5471.9728.7514.2500.5481.4222.4733.3546.2739.2233.6 74.8207.8 90.0 84.8 78.0 22.9212.7103.7219.2 24.4511.3271.3260.0244.7 97.0518.2299.3527.1103.6552.8539.5520.7252.6757.9583.8763.1264.8295.7279.3103.6559.5337.7568.1109.7267.8 98.2546.3325.0555.0104.1101.1527.6307.7536.4 96.7258.2117.4265.6 31.6590.3767.1270.5598.6124.2278.1
1021110314 17.2 22.0  3.6 35.8 45.1 31.3 11.6  2.3 10.9 50.2 27.2 15.4 64.5  7.8                      3.3  4.0  1.4  6.1  7.5  5.4  2.5  1.2  2.3  8.3  4.8  3.0 10.2  2.0                    174.5 35.3255.7300.9231.2100.4 20.9105.2323.6207.1130.5372.4 83.7                     44.5300.9349.9273.8123.1 26.3116.1374.0246.9158.9425.1 94.8                     73.0 92.1 63.7 23.4  4.5 21.9102.8 55.2 31.5113.0 17.4                    462.4377.9186.3 43.1176.5487.6346.2235.0539.0146.0                    430.8223.4 54.4212.1540.6397.9278.1590.0177.0                    166.8 37.6157.8456.0317.2211.9508.0130.0                     13.9 69.5242.5148.1100.4284.9 55.3                     13.0 60.7 32.6 18.7 76.0 10.4                    230.6139.8 93.8271.7 51.7                    422.9299.9613.0193.2                    189.3474.9114.8                    347.2 74.6                    229.9                                                                      
1021110412 13.4  5.0 38.0 10.8  4.4  3.8 41.6  5.1 35.4 13.0  8.1 31.5                                3.4  1.8  8.4  2.9  1.7  1.6  9.1  1.8  7.8  3.3  2.5  7.0                               39.6220.3 80.5 34.6 29.5235.7 40.4208.3 97.6 66.4189.6                              100.9 31.6 13.7 11.7109.2 15.9105.3 38.3 26.1 93.4                              184.6 98.9 84.2457.7102.6420.3214.7157.8393.0                               27.6 23.6198.2 32.2174.1 77.9 53.0157.8                               10.2 96.8 13.9 92.0 33.5 22.8 81.6                               92.1 11.9 78.3 28.5 19.5 69.5                              111.1440.9229.8169.9413.4                               96.2 39.0 26.6 95.2                              202.9148.5376.7                               64.3184.6                              134.2                                                                                                                                       
1021110512 31.7 23.4 30.2  4.0 15.0 27.2 14.3  5.2  4.4 27.2 29.2  3.0                                6.4  4.9  6.1  1.5  3.4  5.6  3.3  1.7  1.6  5.6  5.9  1.4                              288.0342.4 73.5208.5320.0200.5 98.4 82.1320.0334.7 51.5                              278.6 54.0162.7258.5156.0 72.2 60.2258.5271.6 37.8                               70.1200.9310.1193.1 93.8 78.3310.1324.6 49.1                               34.8 63.1 33.1 12.9 10.8 63.1 67.6  6.8                              184.8106.9 46.5 38.8184.8195.3 24.4                              177.5 84.4 70.4288.7302.7 44.2                               44.3 36.9177.5187.7 23.2                               14.3 84.4 90.5  9.1                               70.4 75.5  7.6                              302.7 44.2                               47.3                                                                                                                                       
1021110616 64.7 10.6  7.9 46.9 15.8 14.9  2.8 25.8 56.6 27.6 75.4 11.2  3.9 31.0 16.4 27.9           11.5  2.5  2.2  8.7  3.4  3.3  1.4  5.1 10.2  5.4 13.3  2.6  1.6  6.0  3.5  5.5          267.1230.7598.9353.3340.1 95.3462.9632.3478.7686.7278.2122.5506.0361.6481.4           50.5214.3 93.7 88.2 15.8130.5242.3138.4297.4 65.3 23.3153.0 97.4139.8          183.1 76.7 72.2 12.9109.6208.2116.5258.6 53.5 19.1129.1 79.7117.7          291.0279.0 70.8394.6570.0410.2630.7223.9104.9437.5298.6412.9          117.2 23.9185.0324.4195.4387.6 99.3 35.3214.3127.7197.2           22.5176.2311.8186.2374.1 93.5 33.3204.5121.2188.0           38.6 83.3 41.4 99.3 16.7  6.1 46.5 24.8 41.8          431.8280.1498.6137.1 57.2303.8190.7282.4          447.7662.2252.7108.9475.1332.5450.4          514.3145.3 61.2317.9201.3296.0          309.2139.9541.1396.2516.9           24.7160.5103.1146.8           68.9 36.7 62.0          220.6320.4          203.2                         
1021110718 42.2 24.3 24.4  2.7 24.9 13.7 10.8 12.9 59.9  4.5 40.5 21.6 31.1 31.0 39.5 18.9 68.3 11.8  8.1  5.0  5.0  1.4  5.1  3.1  2.6  3.0 11.0  1.7  7.8  4.5  6.2  6.2  7.7  4.1 12.4  2.8357.7358.2 60.9362.9242.4201.3231.8559.5 99.0475.9332.0413.9413.5470.0307.4588.0215.1245.0 34.8248.9155.7126.6148.2431.4 63.3348.5223.8292.2291.9343.0204.5461.6136.3 34.8249.3156.0126.9148.4431.8 63.4349.0224.2292.6292.4343.4204.8462.1136.5 35.6 19.7 15.5 18.5 84.3  6.8 58.3 30.9 44.6 44.5 56.9 27.5 96.1 16.8158.8129.2151.1436.8 64.8353.6227.8296.9296.7348.0208.3467.0139.0 82.6 99.4305.1 35.7234.9140.9190.9190.7230.4127.4332.4 90.0 77.9257.4 28.0194.7114.2156.5156.4190.8102.9282.4 70.5293.0 33.6224.6133.9182.0181.8220.3121.0319.8 84.8131.8550.2404.1489.1488.7544.5377.6654.2273.6 95.3 56.2 81.2 81.1103.6 50.0147.3 30.5323.0404.2403.9460.2298.8578.9208.2268.9268.7317.7186.1434.1123.0344.0398.4247.1519.0168.0398.1246.8518.7167.8293.6573.4204.1407.2111.0299.5
1021110815 43.1 71.1106.9  5.3  7.4 13.5 12.8 68.3 19.8  3.8 12.1 22.3  3.6 23.6 19.9                 8.9 13.8 20.5  1.8  2.3  3.3  3.1 13.3  4.5  1.6  3.0  4.9  1.5  5.1  4.5               601.1681.1120.3163.2243.5234.4592.6321.1 94.0223.1343.2 89.3355.4321.9               756.2179.4237.2337.8326.9685.7426.7130.1313.2450.6124.4463.6427.6               246.2316.4429.5417.8750.7521.0183.0402.8544.4175.6556.9521.9                25.8 42.9 40.7173.7 63.7 12.3 38.2 70.7 11.7 74.8 64.0                61.4 58.3230.2 91.3 17.6 54.6101.3 16.7 96.0 91.6                97.2329.3130.7 29.2 91.0142.8 27.7149.7131.2               318.5125.1 27.8 86.5136.7 26.4143.4125.5               417.5125.7304.9441.3120.2454.3418.3                43.4118.1197.6 41.2206.5182.6                26.0 48.1  8.0 50.9 43.6               129.2 24.7135.6118.5                45.7223.6198.2                48.3 41.4               207.2                                             
1021110917 18.0 49.2 10.7 24.1 28.2 14.3 47.0  2.7 41.6 23.8  5.0 33.3  4.2 45.1 64.5 23.9 99.6       3.8  9.2  2.6  4.9  5.6  3.2  8.8  1.3  7.9  4.8  1.6  6.4  1.5  8.5 11.6  4.8 17.5     328.1 97.2194.7220.5126.2318.6 25.7293.1192.5 53.4249.8 44.7309.6382.0193.4482.1     225.0390.4427.0279.6545.7 70.1517.5387.3126.2465.5108.1536.0608.7388.5692.2     124.8143.1 85.6217.5 15.1197.4123.3 31.3164.5 26.2210.3269.7123.9359.9     271.7160.6380.3 34.1352.7239.5 70.9304.8 59.4370.6446.8240.4546.8     183.0416.6 40.0388.3269.0 83.2338.5 69.7406.8483.9270.1582.0     270.8 20.3247.6158.7 42.1208.7 35.3262.6329.9159.4427.1      67.0507.2377.2121.4455.1103.8525.8599.3378.4684.2      59.2 33.6  7.5 47.2  6.4 64.2 89.7 33.8120.7     349.7108.8426.4103.3497.3572.5350.9661.5      69.9302.0 58.6367.6443.6238.0543.6      98.4 13.0116.9155.6 70.3220.5      82.4445.1522.2303.1617.1      99.9133.9 58.9192.0     590.1368.8676.5     444.9732.2     544.9          
1021111018 27.1  3.4 20.3  7.0 50.6 19.4 24.1 29.4 35.1 25.6  3.2 43.4 83.1 26.7 18.3 46.4 17.5 13.1  5.4  1.5  4.3  2.1  9.5  4.1  4.9  5.8  6.8  5.1  1.4  8.3 14.8  5.3  3.9  8.8  3.8  3.0 51.0234.9102.7424.4227.1263.6303.8341.7275.4 48.8389.2532.6283.7217.2404.1209.6164.4 38.6 14.3 96.0 36.9 45.2 55.4 66.4 48.1  6.2 82.2131.8 50.1 34.8 87.8 33.3 24.6 87.4361.5182.7214.3249.8284.1224.6 37.0328.1468.7231.9174.3342.1167.8130.1176.1 83.5102.3110.5129.3 97.3 13.7155.1253.1101.1 78.8163.8 75.2 55.5351.5396.7443.5485.3410.8 91.9534.3664.6420.5338.9549.0329.0267.8206.9241.6275.2217.0 35.3318.5458.2224.1167.9332.3161.7125.0279.5316.0252.5 43.3362.1505.0260.4197.7376.7190.6148.7359.8291.7 53.0408.0551.2300.3231.3423.0223.3176.0329.0 63.5449.5590.6338.0264.0464.7255.4203.2 46.0375.8519.1272.1207.4390.5200.1156.5 78.7126.9 48.0 33.3 84.0 31.8 23.5634.8385.3306.4514.1297.0239.3528.7444.7647.7434.0365.3214.3400.1206.8162.1320.0154.0118.9310.4251.2114.1
1021111114 19.0 22.7  4.2 53.4 37.5 33.2  8.3  3.4  8.3 11.1 19.2 10.8 32.2  7.1                      4.4  5.0  1.7 10.9  7.8  7.0  2.5  1.5  2.5  2.8  4.4  2.8  6.8  2.2                    194.3 46.4359.0284.0260.5 98.1 36.8 98.8106.0171.8102.7254.7 83.7                     54.5395.3316.9291.9102.5 43.3103.2122.3195.7118.5285.8 98.4                    114.0 90.8 80.4 21.9  8.3 22.0 26.7 46.8 25.7 77.9 18.7                    512.5484.5212.1103.1213.3246.6361.0240.1477.4187.2                    401.9159.1 72.0160.1187.2285.8181.9394.9139.2                    143.6 63.8144.5169.6262.2164.7367.5125.4                     17.4 46.4 56.2 99.0 54.2139.9 39.3                     17.5 21.2 37.2 20.4 61.8 14.9                     56.6 99.7 54.7140.8 39.6                    106.9 66.2165.4 48.0                    103.6256.4 84.4                    160.6 46.3                    122.1                                                                      
1021111215 15.9 19.8 30.9 50.2 42.4 39.5  2.4 20.7119.9 20.6 45.2  3.9  8.2 17.3  6.3                 3.2  3.9  5.6  8.7  7.4  7.0  1.3  4.0 19.3  4.0  7.9  1.5  2.2  3.5  1.8               151.3214.6305.8271.9258.3 20.1156.8495.2156.2284.5 35.4 80.7134.6 60.8               255.1354.8318.3303.4 25.3189.3547.6188.5331.9 44.6101.7163.4 76.6               453.5414.2397.7 39.0263.2639.5262.2429.0 68.9134.3230.3104.9               527.1510.7 63.7364.4726.2363.3541.6100.3201.1325.1159.9               471.4 53.7327.4698.4326.3502.9 94.9175.5290.1138.6                50.0312.3685.9311.3486.3 88.3165.5275.9130.3                26.4127.9 26.3 57.3  5.1 11.4 22.1  8.6               557.3195.1341.2 46.6 95.3169.3 80.0               556.2709.2204.5363.8516.5303.3               340.1 46.3 94.8168.6 79.6               101.2184.9303.1146.4                20.0 38.9 15.1                88.6 34.3                66.7                                             
