0621160116 56.0  4.5 50.7 26.1  3.0  5.1 15.0 70.7 39.2127.2 48.2109.7 33.9 25.1 16.5  3.9           10.4  1.6  9.8  5.3  1.4  1.7  3.4 13.0  7.7 22.9  9.3 19.8  6.8  5.2  3.7  1.5          124.5584.9432.0 91.6142.0311.3647.8527.2747.1574.0725.0494.0423.2332.0107.9          116.9 68.1  7.9 14.3 39.5152.1103.1242.3111.8216.7 89.1 65.6 43.6 10.4          415.3 85.2133.5296.5633.6510.7736.5558.1713.5477.3406.6316.8101.2           43.4 79.4179.1486.3356.7616.3403.8585.2325.5263.9193.8 57.9            9.2 25.2103.0 65.7170.5 81.0150.8 56.8 41.8 27.8  6.7           46.0172.7106.4270.8127.8243.3103.9 76.5 50.8 12.1          361.7246.6496.2286.5462.0221.2173.7123.1 33.6          579.4778.2623.5759.2547.5477.5383.6132.5          694.7499.2668.2417.2348.4264.8 87.6          728.9824.3668.8608.4518.8214.3          705.2465.7395.2306.4 96.8          640.5577.0484.8190.9          317.5238.2 75.7          188.0 55.7           37.1                         
0621160216 17.5 28.9 89.4  7.2116.5 58.3 10.9  4.6143.2 32.0135.4 32.9 30.7  2.3 35.2  4.7            3.6  5.5 15.1  2.0 19.5 10.1  2.5  1.5 23.8  6.0 22.6  6.1  5.8  1.2  6.5  1.6          219.8450.1 77.7511.4352.7 95.7 48.1557.9237.7545.5242.7230.3 21.2255.0 49.0          563.6112.4620.0465.8147.7 79.1660.6335.7650.0341.6326.7 34.8356.3 80.6          273.9795.3698.0338.8190.8816.4586.2811.0592.1577.0105.4606.3193.8          327.8198.7 47.4 21.4372.8123.1360.5126.1118.6  9.5133.6 21.9          740.2397.6234.2839.0640.9834.6646.3632.5119.7659.2237.7          252.6133.7768.6489.9761.3496.3480.1 68.6511.8136.0           29.4445.0161.1432.2164.8155.5 13.0174.2 30.0          272.3 87.7261.7 90.2 84.1  6.0 96.5 13.6          679.8849.8684.7672.1143.0696.5276.1          669.6364.4349.0 38.6379.4 89.5          674.7661.7136.4686.8265.4          355.1 39.6385.6 92.0           37.0370.0 85.8           42.4  6.1           98.4                         
0621160316 33.4 39.2 18.0159.4 91.2  6.9107.5 95.5  3.4 69.5116.0 10.7  2.2 17.0  8.9 43.8            5.4  6.3  3.3 22.8 13.3  1.8 15.6 13.9  1.3 10.3 16.8  2.2  1.2  3.1  2.1  6.9          414.0251.0705.8599.7122.3633.6609.3 64.1540.3648.5164.2 37.5240.6153.8439.8          281.6731.5632.7140.5664.7641.9 75.3576.0678.7187.2 44.0270.5175.6477.1          587.9461.8 76.2500.0472.5 34.7399.2517.4 96.6 20.3147.6 99.7304.1          827.8385.6841.1831.7226.7802.0846.6465.3147.4575.5446.9748.0          268.1788.5774.2144.7730.0797.0338.8100.1448.5322.0654.6          300.8277.0 14.3219.3316.4 44.2  8.4 71.9 40.9154.4          793.8166.1754.1814.0375.2104.8486.8357.6685.1          150.4737.0802.0348.8104.8459.2331.8663.4          114.4176.7 20.2  4.0 32.8 18.7 84.2          764.4282.7 76.2386.2267.4599.9          392.3112.1504.3374.4698.3           11.9101.9 57.8204.5           19.2 11.0 49.2           94.1292.4          192.1                         
0621160416  3.3  4.3 14.8 19.8 55.7 83.0 73.5 45.8  6.0 22.4  8.9 19.4 11.9126.6 10.6 17.0            1.5  1.7  3.5  4.5 11.0 16.1 14.3  9.4  2.0  4.9  2.6  4.4  3.0 24.2  2.7  4.0            8.2 27.5 37.1101.0129.7116.8 85.2 11.9 41.2 18.2 36.2 22.0184.5 19.4 31.7           36.7 49.5117.9165.7149.8101.5 15.8 55.0 24.3 48.4 29.3231.3 25.9 42.3          142.2306.7393.7366.5272.8 53.2155.3 82.0139.4 99.2491.1 87.6124.1          371.5463.0435.0334.3 71.9198.3 99.1179.0117.2559.5105.1160.3          677.0654.4561.4161.9395.0228.2366.2262.5745.7239.8336.8          724.1645.0222.6487.3304.0457.6344.0796.3317.5426.5          620.9202.7459.2279.7429.6318.2782.4292.7398.8          140.4357.1200.3329.3231.7720.0210.8301.3           79.8 35.2 70.2 42.5301.8 37.6 61.4          108.8194.7128.4582.3115.2174.8           97.0 65.6395.8 57.9 94.7          114.8554.3102.9157.3          439.3 70.0101.9          410.7524.0          101.2                         
0621160516 26.9  4.6 21.0 17.5 56.8 19.3  3.3122.9184.0  3.2167.4 12.3  7.6 18.2 60.2216.2            5.3  1.6  4.4  3.7 10.2  4.1  1.4 21.3 31.6  1.4 28.8  2.8  2.2  3.9 10.8 37.0           72.6240.0208.1443.0224.8 50.2616.1692.8 47.1676.0155.3111.1214.3456.4719.5           57.5 47.6129.5 52.7  9.1241.7320.5  8.5300.9 33.2 22.5 49.5136.1355.0          172.7389.4187.3 39.7566.2649.8 37.3631.2127.3 99.8178.1402.5679.8          347.7160.8 33.0524.3612.3 30.9592.4108.0 82.7152.6360.4644.6          369.8104.0744.3795.5 97.6784.8273.0204.0356.0618.5812.2           36.4546.9632.7 34.2613.5118.0 91.5165.9382.8663.8          181.7247.9  6.0231.1 23.0 15.6 34.2 98.5278.3          859.5172.5853.7440.6352.3532.9752.6868.4          236.4875.5533.4443.6620.1801.8885.7          220.1 21.5 14.6 32.1103.4265.9          511.9421.8600.5791.5882.2           57.5111.7284.3569.2           85.9213.4480.8          368.8652.0          817.8                         
0621160616  6.8 16.8  3.2  7.9 39.4 45.3 31.7 43.1 26.1  6.5  5.4 79.8 56.0 22.6 96.2  6.3            2.2  4.1  1.5  2.4  8.5  9.7  7.0  9.3  5.9  2.1  1.9 16.2 11.6  5.2 19.4  2.1           70.1 13.1 35.5139.3156.9115.2150.6 96.8 29.2 23.8240.7182.6 93.1275.5 27.9           30.2 82.0269.2297.1229.2287.2196.9 67.3 55.0415.2335.6174.7458.3 64.4           15.4 70.4 81.1 56.5 77.2 46.4 12.6 10.4121.3 97.6 40.0142.4 12.1          159.0178.5132.0171.5111.3 34.1 27.9269.8206.8 97.5306.9 32.6          486.0402.7474.6358.6134.6112.9606.4528.4326.4644.2129.5          435.2507.2390.2151.7127.7635.3560.1356.9671.0146.2          423.8311.6111.2103.1559.1477.9281.5599.5106.9          379.1145.5122.3625.4549.1346.1661.8140.2          103.8 84.7514.9432.5244.5557.0 99.3           22.9233.5176.7 89.4267.7 26.8          199.9149.5 73.0230.8 21.9          670.7480.5757.7225.9          398.3703.5170.5          523.4 85.5          259.4                         
0621160716  5.8 80.8 59.7  3.0 28.8 26.9 65.4 21.7 33.7 29.4  8.6  7.6 12.8 79.0198.5  3.5            1.8 14.3 10.7  1.4  5.6  5.3 11.7  4.4  6.5  5.7  2.3  2.2  2.9 14.0 34.1  1.5          213.7167.6 10.5100.6 94.0180.6 75.3104.8102.7 32.7 28.8 44.3209.9393.4 12.3          684.6116.2540.0524.8700.6474.0575.6544.7289.2264.4353.3731.1835.9134.0           97.9470.1454.5644.9403.6507.2474.9232.1210.6289.3680.4808.7102.6           48.2 45.0 96.2 36.1 56.6 49.2 15.7 13.9 21.3113.9241.8  6.0          297.8491.4254.8345.7315.9130.7117.0169.0534.7716.8 56.8          475.9242.6331.2302.0123.3110.3159.9519.5705.8 53.1          424.7528.2496.2248.5226.0308.0696.6817.6111.3          285.7258.7101.5100.3132.6468.6666.8 42.5          350.2149.9134.5192.4570.5741.4 66.7          133.1119.2171.9539.5720.1 58.0           43.5 67.0284.6488.6 18.5           59.0260.0459.2 16.3          348.2558.0 25.1          834.1131.4          272.4                         
0621160816  6.8 25.4  3.2  3.7 19.1 51.1133.5 47.5 16.7 27.1 84.7 59.5  4.9 15.5 16.5 36.0            2.1  5.2  1.4  1.5  4.2  9.9 24.1  9.2  3.7  5.5 15.5 11.1  1.7  3.5  3.7  7.2          105.5 13.2 15.6 80.4174.0344.1164.0 70.0100.3252.2192.6 21.5 64.7 69.1129.3           45.1 53.4213.5411.3621.0394.8191.6273.6521.9440.3 73.9179.9189.8332.6            6.8 34.4 91.4186.5 85.0 29.9 48.0127.5103.7  9.3 27.7 29.6 64.1           40.7 97.0213.1100.8 35.4 56.9147.3108.5 11.0 32.8 35.0 76.0          350.4563.2334.7153.5224.2459.3378.2 56.3143.6151.9277.0          744.8556.7320.8425.9669.8599.6129.1304.4318.2492.8          734.1532.3633.8804.0762.2271.1514.3529.5688.1          305.7409.3656.2584.2121.3289.7303.2476.1          201.5427.3347.7 49.0127.6135.1250.9          536.3455.0 78.8189.3199.6346.3          692.3192.3409.2424.5599.6          143.8330.7345.1521.6           45.3 48.4105.2          126.3236.7          248.7                         
0621160916 14.9 14.6 34.5 23.5 39.4 59.6 37.8 11.2  5.2  2.9 24.2 11.4 28.7 45.6  4.5 36.9            3.5  3.4  7.0  5.0  7.9 11.4  7.6  2.8  1.8  1.4  5.1  2.8  6.0  9.1  1.7  7.5          109.2222.7163.2246.1322.6238.3 93.4 46.3 23.8167.2 95.7192.5273.6 39.9234.4          219.4160.6242.5318.5234.8 91.6 45.4 23.3164.5 93.8189.5269.8 39.1231.0          307.3422.7512.6412.8175.7 96.2 55.0313.4179.1350.5456.7 92.4407.7          335.3422.3326.1126.4 72.5 37.2237.9129.1270.0367.4 62.5321.4          542.8443.4195.4108.3 62.9341.7199.2380.0487.5 94.8438.3          533.1262.4151.6 92.9429.1267.0469.4575.3133.5528.1          188.8104.2 60.2332.4192.5370.3477.5101.1428.3           34.3 17.6129.7 70.8150.4219.1 29.5185.5            8.8 74.7 35.1 88.9123.2 14.7102.2           38.3 18.1 45.6 72.8  7.6 58.9          132.5275.7374.0 64.4327.7          153.5223.2 30.2189.2          413.4 76.6365.4          108.1472.3           98.9                         
0621161016  4.2  6.6  5.6 42.2 89.2  8.1 24.3 30.1 33.8 42.4 73.2  7.0 13.9  9.5  7.0 25.2            1.8  2.3  2.1  9.9 19.6  2.7  6.0  7.2  8.0  9.9 16.2  2.4  3.7  3.0  2.4  6.2           17.4 14.5104.1174.4 21.7 59.3 73.8 83.2104.6148.1 18.7 34.1 25.5 18.7 61.5           23.5143.2253.9 35.2 96.4106.3118.1143.8219.1 30.3 55.4 41.4 30.2100.2          122.6221.9 29.4 80.4100.2100.6123.1190.2 25.3 46.2 34.6 25.3 83.6          643.2172.7357.5406.7434.1487.1603.1152.5245.6196.6152.2365.9          297.6522.9571.8597.5644.2734.5268.0395.5331.2267.5531.5          106.9129.5143.4173.5259.1 38.0 69.4 51.9 37.9110.5          285.5309.7358.6477.5103.9157.8123.2103.6250.9          356.4407.8527.8113.6188.7148.5113.3293.0          435.3554.6126.0207.3164.1125.7317.6          604.1153.2246.5197.4152.8367.0          231.9351.4290.4231.4486.3           59.7 44.6 32.6 96.7           81.6 59.5162.8           44.5127.3           96.4                         
0621161112  4.1  9.3  4.4 18.0  7.1  5.7 24.5 28.6 19.7  6.4 24.9  9.4                                1.7  2.8  1.7  4.4  2.3  2.0  5.7  6.6  4.8  2.2  5.8  2.9                               24.5 10.9 43.4 18.5 14.7 58.4 68.5 47.6 16.5 59.4 24.8                               26.1105.0 44.5 35.3122.5140.5102.3 39.6124.3 59.7                               46.2 19.7 15.6 62.1 72.8 50.6 17.5 63.2 26.4                               79.0 62.7197.5223.5167.6 70.4200.2 95.2                               26.6 95.3109.8 86.6 29.9 96.7 45.0                               84.3 98.9 68.7 23.7 85.8 35.7                              277.4212.1 94.6250.5123.7                              239.4 99.1280.7141.8                               77.2214.9103.4                               96.3 40.1                              125.5                                                                                                                                       
0621161214 22.5  5.1 42.4 17.0 19.9  9.1  2.9 32.8 18.6 72.3  5.9  8.7 27.5  8.6                      4.9  1.8  8.7  3.9  4.5  2.6  1.4  6.9  4.2 14.0  1.9  2.5  5.9  2.5                     68.4342.2175.6200.5111.8 34.9288.2189.5457.3 80.3106.5253.7105.1                    114.1 52.0 61.4 30.6  8.5100.3 57.2175.6 19.4 29.0 83.8 28.5                    285.5319.4191.9 66.4428.2304.6601.6131.3183.8387.2181.6                    160.9 96.7 26.6236.8151.6394.5 61.1 91.6206.5 90.2                    101.7 31.4267.3173.9432.5 72.2 96.8234.4 95.5                     15.7155.3 95.4280.9 35.9 53.8133.4 53.0                     51.2 29.2 98.8 10.0 14.9 42.8 14.7                    254.0545.1104.6148.4330.2146.6                    416.1 67.2100.7222.1 99.2                    199.8270.4504.3267.5                     34.0 98.5 33.5                    127.3 50.2                    125.7                                                                      
0721160116 37.7 56.5 24.7  2.0 84.4 36.8  7.4 13.4 18.0 62.9 22.3  5.3 13.4 14.9 44.6 28.4            6.6  9.3  4.5  1.2 13.5  6.4  2.0  2.8  3.5 10.3  4.2  1.7  2.8  3.0  7.7  5.1          520.5336.7 37.6608.6426.8144.2218.7274.0544.8314.0105.4218.5238.0472.1367.3          421.9 55.1682.6514.8197.0288.8353.0626.4397.4146.6288.6311.6558.9454.3           24.6514.8331.4 99.4155.3199.1446.8232.0 77.5155.2170.4374.2277.8           82.4 36.7  8.1 13.4 18.1 61.4 22.1  5.7 13.4 15.0 44.6 28.3          603.5266.7374.2444.1701.3490.2203.5374.0399.5643.2546.5          141.2214.6269.3539.3308.9103.1214.4233.7466.4361.8           60.3 81.9214.3100.0 25.1 60.2 67.4166.3112.5          119.5310.6141.9 42.0100.9100.7248.6174.3          376.8182.8 57.0119.4131.7308.2221.9          422.0160.5310.4334.2582.4479.2           69.6141.8155.9350.5257.3           42.0 47.0122.5 89.2          100.6248.5174.2          269.6190.8          405.8                         
0721160210  5.4 17.1 34.0 27.4 22.8  3.0  4.6  4.0 21.9  5.9                                          1.8  3.8  6.8  5.6  4.8  1.4  1.6  1.5  4.6  1.9                                         56.0 99.2 88.9 73.7  9.5 15.5 13.6 70.8 20.6                                        244.7206.8178.3 27.9 46.1 40.2172.5 61.2                                        336.5297.5 55.3 91.4 79.7289.3107.4                                        254.5 44.3 73.2 63.8247.0 97.3                                         36.7 60.7 52.9214.6 80.6                                          7.8  6.9 35.3 10.3                                         11.2 58.3 16.9                                         50.8 14.8                                         77.4                                                                                                                                                                                                                            
0721160316 33.9 40.5 19.0 25.3  2.3 23.1  5.0  5.0 53.6 78.5 32.2 33.6 10.8 25.8 20.6 23.2            6.4  7.5  3.9  4.9  1.3  4.6  1.6  1.6  9.7 13.6  6.1  6.3  2.5  5.0  4.2  4.6          424.6263.9318.6 40.6299.1100.2100.4489.6570.0371.3381.3167.5322.9280.1300.1          299.7357.8 48.7337.3106.4106.6531.4609.0412.6422.9194.1362.3317.1338.3          211.7 23.0196.7 56.6 56.8359.5440.2254.2262.5102.7215.1182.3197.4           30.2242.5 74.5 74.7421.3503.5307.8317.0130.6263.7225.8243.3           27.5  6.4  6.4 64.6 92.2 38.5 40.3 12.8 30.9 25.0 27.7           67.8 67.9399.7481.7288.7297.6120.4246.2210.0226.8           15.5136.0182.8 95.1 99.4 31.5 76.0 61.6 68.1          136.3183.1 95.3 99.7 31.5 76.2 61.8 68.3          664.6477.6487.9240.9426.0378.2400.8          558.5568.4309.6508.2459.7482.8          369.7160.5312.0270.0289.6          166.5321.3278.7298.6          132.9110.7120.9          229.3247.1          210.8                         
0721160411  5.0 18.2 24.0 20.6  3.9 40.8 14.1 17.9  2.8  5.3 17.5                                     1.6  3.9  4.8  4.3  1.5  7.7  3.1  3.8  1.3  1.7  3.7                                    53.8 70.4 61.2 11.8106.6 41.3 53.0  8.0 16.7 51.7                                   195.8175.0 41.0291.5125.8155.4 27.7 58.3152.2                                   216.4 53.6347.6158.0193.4 36.2 76.3189.6                                    46.6317.7140.5172.8 31.5 66.3169.3                                    91.7 31.5 40.3  6.1 12.7 39.3                                   241.3288.3 61.8114.5283.4                                   124.1 21.3 44.8121.5                                    27.2 57.4150.2                                     8.6 26.6                                    56.0                                                                                                                                                                               
0721160516  2.4 13.2  4.7 17.7 41.4 29.1 23.1 65.7  3.3 24.0 40.6 99.4 38.1 57.8 48.3 85.8            1.2  2.6  1.4  3.3  6.8  5.0  4.1 10.1  1.3  4.2  6.6 14.9  6.3  8.9  7.8 13.0           16.2  6.1 21.9 50.8 35.6 28.1 78.6  4.2 29.2 49.7105.6 46.7 69.1 59.3102.9           36.1116.4232.6176.1144.6316.8 24.3149.3229.0408.2218.3290.5260.9374.9           48.9101.5 79.8 63.0148.4  9.1 65.4 99.7207.9104.8133.0116.5185.1          289.7223.7185.9383.1 32.9191.5285.6478.5273.2354.5321.6444.4          394.7342.1575.6 76.6350.2471.9660.3457.2547.2512.6631.7          269.2495.4 53.6276.5390.0588.4375.7465.7430.3556.2          440.6 42.3232.7337.6536.1324.1411.0376.3502.6          105.2449.3571.1734.6557.1639.7608.7711.4           43.9 75.0150.7 70.4104.4 89.6133.0          345.7544.6332.0419.6384.7511.2          656.4452.4542.6507.8627.5          644.2714.5688.7771.7          528.3493.2614.6          581.4689.7          661.9                         
0721160612 34.7 12.3  7.8  5.8  6.4  3.3  3.5 28.3 35.3 18.8 16.3 37.1                                6.9  2.9  2.2  1.8  2.0  1.4  1.5  5.7  7.0  4.1  3.6  7.3                              190.7141.8107.8117.7 63.5 69.0348.3398.8266.9239.5409.9                               58.5 42.6 47.1 22.3 24.2160.9193.4114.6100.5201.0                               29.8 32.9 15.6 16.9118.4143.9 91.2 78.6149.9                               24.0 11.4 12.4 98.9109.5 66.5 57.3114.3                               12.6 13.7 97.8119.5 73.4 63.3124.7                                6.5 51.5 64.6 34.7 29.9 67.9                               56.0 70.2 37.6 32.5 73.7                              352.1228.8204.2362.8                              270.2242.7413.9                              147.8279.6                              251.5                                                                                                                                       
0721160716  2.5 46.0 23.3  4.6 13.9 85.8 72.3 51.5 19.9  7.6 23.3148.3  5.2 17.3 37.5 27.0            1.3  8.5  4.6  1.6  3.1 14.9 12.7  9.5  4.1  2.1  4.7 25.4  1.7  3.7  7.1  5.3           59.6 29.9  6.3 18.0 97.3 91.5 66.8 26.0 10.7 30.0156.4  7.2 22.5 48.5 34.8          366.7110.3261.2652.2618.2550.7335.8174.6367.4744.6124.5306.0477.7401.2           62.7152.1504.2464.6392.3205.2 96.4229.3623.9 72.0183.3322.1256.2           37.6183.3159.3121.9 54.4 22.3 62.9277.2 15.0 47.2101.9 73.1          386.6348.5283.2134.9 64.5152.5512.6 43.2119.3224.3172.6          726.7673.6471.5275.7504.9815.8204.5438.6611.1539.0          641.1431.8243.6465.3798.5178.4399.3574.6500.0          360.6191.4393.0760.5137.4329.9504.0427.3           93.4205.7594.5 62.5163.3293.0230.7           96.7391.9 25.6 81.0147.2110.5          624.6 72.2183.8322.8256.8          304.9563.8712.9654.1           54.2103.9 83.9          265.3207.0          355.1                         
0721160816 68.0 21.6 18.4 15.2 35.2 44.0 14.8 44.8 37.5 30.1  3.3 13.0 27.6  2.1 32.9 37.5            9.7  3.6  3.2  2.8  5.5  6.7  2.7  6.8  5.8  4.8  1.4  2.5  4.4  1.2  5.1  5.8          432.8399.2355.3547.2596.2349.6599.9561.3511.3107.3319.8490.3 71.3531.5561.4          181.3154.3293.8340.6151.0344.5306.6262.9 39.1134.1246.0 23.0279.9306.7          136.3265.1309.7133.3313.4277.3236.1 33.7118.2220.4 19.9252.1277.4          229.5270.6112.4274.0240.7203.2 27.8 99.3189.1 16.4217.7240.8          453.2225.1457.3416.0365.9 64.3202.1345.8 37.8385.7416.1          265.6509.1467.8416.6 80.5239.9395.7 47.3437.1468.0          269.0236.0199.1 27.0 97.0185.1 16.0213.4236.1          472.0420.7 81.9243.1399.8 48.2441.2472.1          380.0 68.5212.3359.6 40.3400.0430.7           54.9178.1312.1 32.3350.5380.1           23.5 50.1  3.6 60.0 68.5          165.3 13.9191.3212.4           29.5330.8359.8           35.3 40.3          400.2                         
07211609 8 22.7  2.0  4.1 13.9  4.7  5.7 19.6 15.4                                                    3.9  1.2  1.4  2.7  1.4  1.6  3.5  2.9                                                   22.4 53.0149.1 62.1 77.9199.3162.6                                                    4.3 13.8  5.0  6.2 19.7 15.3                                                   32.6 11.5 14.4 46.5 36.1                                                   38.1 47.8133.2106.9                                                   16.8 54.4 42.3                                                   68.2 53.0                                                  145.5                                                                                                                                                                                                                                                                                                                                     
0721161016  7.3  7.5 34.6  4.9 22.2 11.3 24.7 39.8 30.5 16.3 44.1  8.7 39.5  3.9 11.8 22.0            2.4  2.4  7.9  1.9  5.3  3.1  5.8  9.0  7.0  4.1  9.8  2.7  8.9  1.7  3.2  5.2           36.2133.2 23.0 98.9 50.2 98.6150.4119.4 73.3163.7 42.9149.2 17.8 52.5 98.0          135.5 23.5100.8 51.2100.3152.8121.4 74.7166.3 43.7151.6 18.1 53.5 99.9          100.6295.5177.9318.0425.6364.6238.6449.2156.1423.5 77.5184.4293.6           63.9 32.5 71.4103.1 88.6 47.4112.9 27.8102.3 11.6 34.0 63.3          121.5231.0324.9270.5167.3346.8105.7323.0 49.2126.3210.9          133.6199.3160.3103.6215.8 60.6197.9 25.1 74.3120.5          348.4292.0182.9370.9116.4346.4 54.9138.8229.3          396.5264.7482.1175.5456.4 89.3206.4322.9          216.7419.9140.3394.5 68.2166.3268.7          284.5 88.4263.0 36.5 97.0166.0          190.6480.0 99.0223.3344.7          174.2 21.4 63.3104.8           88.5205.0321.0           26.2 48.8          125.3                         
0721161116 12.9 58.4 14.2 11.3 28.2 81.1 28.2 11.8  3.3  3.0  9.3 87.9 13.7 28.1 34.1 62.1            2.9 10.2  3.1  2.6  5.4 13.9  5.4  2.7  1.5  1.4  2.4 15.1  3.0  5.4  6.4 10.8          287.3102.8 80.9167.5356.5167.9 85.0 23.7 21.3 74.3374.4 99.3167.1196.1299.7          307.1260.0460.0681.3460.6269.4 94.8 94.6244.4695.5300.0459.3505.0630.4           89.2181.4378.2181.8 93.7 26.2 23.4 81.9396.4 97.9181.0211.6319.9          149.0326.0149.3 73.8 20.6 18.5 64.5343.3 86.2148.6175.1271.8          535.7303.0155.3 51.9 46.5138.6553.8176.4301.8343.5474.3          536.3336.5126.8115.2308.2747.4370.4535.0578.9692.2          155.6 52.1 46.6138.9554.4176.8302.4344.1474.9           21.7 19.4 67.7354.0 90.5154.9182.2281.3            5.6 19.0135.9 25.3 51.8 63.1100.2           17.0123.6 22.7 46.4 56.5100.6          325.1 79.1138.3163.3255.6          388.5553.1596.2705.9          176.0206.0312.6          342.8473.6          519.1                         
0721161213 15.1  2.9  4.1 42.4 34.0 18.3 49.0  4.0 38.0 15.0 42.7 31.6  5.6                           3.4  1.3  1.5  8.2  6.7  4.0  9.4  1.5  7.4  3.4  8.3  6.3  1.8                          24.2 36.3262.2222.4135.4290.3 34.7241.7112.9263.4209.9 50.5                           6.9 67.9 54.4 29.5 78.5  6.6 60.7 24.0 68.3 50.4  9.5                         102.3 81.8 44.4104.8  9.8 91.5 36.0102.9 75.9 14.3                         436.4301.6521.1 97.6462.1260.7489.3419.1123.4                         258.1469.9 78.1410.8221.0437.9368.8101.4                         331.8 42.4279.4134.4302.9244.4 61.7                         100.6495.6288.7522.6452.6139.7                          87.3 34.4 98.2 72.4 13.6                         240.3463.5393.7111.9                         261.9208.6 50.1                         420.6124.0                          94.8                                                                                                    
10211201 8 26.1  5.8  2.5  3.8 20.1  5.4  5.0 15.4                                                    4.9  1.7  1.3  1.4  4.0  1.7  1.6  3.2                                                   91.1 34.2 56.2226.8 83.5 77.2182.5                                                    8.3 13.5 71.2 19.9 18.4 53.9                                                    5.2 26.8  7.6  7.0 20.3                                                   44.0 12.4 11.4 33.3                                                   65.3 60.4149.1                                                   16.9 49.4                                                   45.7                                                                                                                                                                                                                                                                                                                                     
1021120218 39.4 38.4  7.1 13.6 26.5  4.5  6.7  4.4 12.7 16.6 49.7 16.5 59.2 65.6 15.9 19.6 23.3 34.8  9.0  8.8  2.4  3.6  6.3  1.8  2.3  1.8  3.4  4.2 11.2  4.2 12.8 14.2  4.1  4.9  5.6  8.0447.7145.5229.3361.8104.8137.7102.6216.5266.7507.8265.1541.6564.6258.9301.0333.8424.7142.2224.7355.9102.0134.5 99.9212.1261.6501.7260.0535.5558.7253.9295.6328.1418.5 59.1102.4 20.4 31.4 20.0 54.8 72.6176.5 72.0198.8215.5 69.7 86.5101.2130.6166.6 35.9 55.4 35.2 96.7112.6272.1111.8301.5323.0108.6131.0149.7208.2 69.9 96.6 68.4156.5196.7414.5195.4448.7472.7190.4225.1252.9334.3 19.1 12.2 33.3 44.1115.8 43.7131.8143.9 42.3 52.5 61.4 92.3 18.8 51.4 68.0167.4 67.5188.8204.9 65.3 81.0 94.8123.5 32.6 43.2113.7 42.9129.5141.4 41.5 51.4 60.2 90.4105.3257.7104.5286.3307.2101.5122.7140.5196.2313.2133.6344.8367.5129.9155.9177.4243.3311.5592.8614.4304.7350.4385.2478.7343.0365.6129.0154.9176.2241.8644.3335.9383.3419.0512.9358.4406.8442.8536.4150.7171.6236.0203.8275.9307.2
1021120314 26.9 40.4 12.6 12.3 26.8 18.5 31.5  5.6 19.1 32.0  5.5  7.7  4.0  5.3                      6.4  9.3  3.4  3.3  6.4  4.7  7.4  2.0  4.8  7.5  2.0  2.5  1.7  2.0                    370.6157.9154.6283.2217.4316.2 91.0223.1319.6 87.8112.2 62.2 85.6                    219.5215.3370.1293.3406.8119.7300.2410.5116.0159.6 93.9113.5                     86.4157.6115.7180.1 42.4119.2182.4 40.9 59.5 29.0 39.9                    154.3113.2176.5 41.4116.6178.8 39.9 58.0 28.3 38.9                    217.0315.8 90.8222.8319.1 87.6111.9 62.0 85.4                    245.3 63.2167.3248.2 61.0 88.7 43.2 59.5                     95.8251.5354.0103.1129.0 73.0100.5                     65.4 97.2 19.7 28.5 14.0 19.2                    254.5 63.1 91.8 44.7 61.6                    104.8130.8 74.2102.1                     27.5 13.5 18.5                     19.5 26.8                     13.2                                                                      
1021120412 46.6 21.1  7.2  2.3  7.7 35.5 18.0 25.6  3.5 18.7 19.4 15.3                                7.6  3.8  1.9  1.2  2.0  5.9  3.4  4.5  1.4  3.5  3.6  3.0                              351.5168.1 55.7178.6467.7317.4391.4 91.1325.0333.1283.4                               93.4 25.4100.6293.6177.5231.3 41.5182.8188.4154.7                                9.3 36.6133.4 79.6 99.7 15.2 82.6 85.8 67.3                               10.1 42.3 21.7 30.4  4.3 22.5 23.3 18.4                              142.1 85.8106.5 16.3 89.0 92.4 72.5                              262.5330.7 69.1269.5276.8232.2                              204.7 35.4160.4165.5135.1                               49.6210.6216.8179.2                               36.7 38.1 29.9                              170.6139.4                              144.0                                                                                                                                       
1021120518 90.3  7.4 15.1  5.9 39.9 72.0  8.5 33.8 12.1 65.9 92.1 15.2 18.9 79.4  3.0152.7  5.3 60.2 17.7  2.3  3.6  2.0  8.4 14.3  2.5  7.2  3.0 13.1 18.1  3.7  4.4 15.7  1.5 29.5  1.9 12.0281.4417.4236.0634.2733.9311.5599.8364.9720.0768.4419.6470.8748.3126.3823.3214.5705.2 68.7 28.7152.4239.0 42.5132.1 54.4223.3285.3 69.3 86.5256.9 13.4393.7 25.3208.3 53.8250.2366.1 79.7220.7102.3346.4421.9114.2138.4388.1 24.9538.4 47.5327.0123.8198.3 33.3106.8 42.7184.6239.5 54.3 67.8214.1 10.5339.8 19.9171.6587.3172.3420.3210.1567.8638.1252.0294.7608.1 66.0727.6110.9547.7266.4550.5316.0681.7736.8368.2418.3713.8103.5801.2179.4665.1150.0 63.2249.6315.6 80.5100.5285.5 15.5427.8 29.4233.4184.0530.3603.9222.3262.0572.2 55.8700.4 95.5509.7297.6369.3103.2113.1336.9 19.8485.3 37.6279.6723.1348.5397.8698.8 95.5791.3166.7648.1424.1475.3751.1128.5825.0217.8708.5139.5390.3 25.2540.6 47.9329.0441.0 31.4589.2 59.8377.4112.9811.2194.1683.1195.5  9.3 97.2313.2780.8154.7
1021120614  6.1  7.0 12.9 16.1 50.0  6.8 28.1 15.0  9.1 31.2  5.7  3.6 31.2 41.0                      2.1  2.3  3.4  4.1 11.2  2.3  6.6  3.9  2.8  7.2  2.0  1.6  7.2  9.3                     28.1 47.6 59.6154.9 27.2103.7 55.6 36.9102.5 22.5 13.5102.5130.6                     55.5 69.5175.8 31.7106.9 64.8 43.0117.4 26.2 15.7117.4148.8                    104.5263.3 53.6167.8 98.1 72.9182.9 44.2 26.4182.9226.9                    307.8 67.1201.0119.7 91.3218.2 55.4 33.1218.2267.8                    170.9429.7293.4218.0454.2145.7103.1454.2517.9                    103.7 62.6 41.6113.9 25.3 15.2113.9144.6                    190.1135.6323.4 96.3 57.5323.4383.8                     85.1206.7 51.6 30.8206.7254.5                    148.3 34.3 20.5148.3186.1                     96.0 63.9346.0407.8                     12.5 96.0122.6                     63.9 84.3                    407.8                                                                      
10211207 9  7.1  3.5  5.9 23.7 18.3  3.1 12.2  4.8 15.5                                               2.1  1.4  1.8  4.8  3.9  1.4  2.8  1.6  3.4                                              15.3 27.3101.9 79.7 13.2 52.3 21.7 67.3                                              12.6 46.8 36.6  6.2 24.1 10.1 30.9                                              84.0 65.8 10.9 43.2 18.0 55.6                                             194.5 40.3137.4 66.8169.8                                              31.6111.1 52.3138.4                                              20.8  8.7 26.7                                              34.3 95.6                                              44.2                                                                                                                                                                                                                                                                              
1021120816 11.2  3.2 44.3 11.5 17.4  9.3  7.8  3.8116.4 19.6112.0 27.6 32.4 36.7 12.7 35.3            2.7  1.5  8.7  2.8  3.9  2.6  2.3  1.6 21.2  4.3 20.4  5.7  6.5  7.3  3.0  7.1           19.7214.5 71.6 98.0 63.7 53.3 23.8404.5109.6395.8145.6166.7184.7 79.3179.0           78.9 20.3 31.0 18.1 15.2  6.9166.5 35.2161.3 48.9 57.5 65.2 22.5 62.7          220.0299.0201.0174.3 95.4700.6325.1694.0397.4434.7463.8237.6454.9          100.9 65.9 55.1 24.6412.0112.8403.2149.6171.3189.5 81.9183.8          100.8 84.3 37.5510.1162.2501.2211.0238.8261.8110.5254.6           49.1 21.9385.6101.8377.0135.6155.6172.6 72.9167.3           18.3346.1 95.6337.8116.2133.8148.9 61.0144.1          194.1 42.6188.3 59.1 69.6 78.9 27.2 75.9          538.7818.1610.0642.8666.8435.5659.6          530.0232.3261.8286.1123.3278.6          601.9635.2659.6426.6652.3          327.7354.8162.9346.4          391.1186.0382.5          205.4411.0          199.4                         
1021120918 12.1 29.1  5.2 25.7 44.3 16.2 26.8 16.0 13.6  4.7 84.8 73.8 28.4 12.4 26.5 87.1 25.6  3.6  3.1  6.5  1.8  5.8  9.6  4.0  6.0  3.9  3.4  1.8 17.3 15.1  6.4  3.2  6.0 17.7  5.8  1.6163.0 37.1146.5228.0 98.7151.8 97.4 91.9 33.4351.6321.7159.5 83.4150.3357.3146.1 24.3 89.9290.4409.8208.2299.0205.8179.9 81.1553.5522.1311.1166.3296.6559.3289.7 58.9 79.1119.7 50.3 82.6 49.5 41.8 15.3201.5180.4 87.6 38.0 81.6205.7 78.8 11.2380.9188.3273.7186.0162.0 71.4524.7492.8285.3149.5271.4530.7264.9 51.8284.6390.5281.6249.5109.4642.6614.6404.0232.3387.8647.8380.1 90.0194.8127.5109.9 45.4420.3388.5204.1100.9193.0426.4187.8 33.0192.5167.8 74.5534.4502.6293.8155.0279.6540.3273.0 54.1108.5 44.7416.8385.1201.7 99.6190.7422.9185.6 32.5 37.7378.4347.6176.2 94.2166.2384.3161.6 27.4185.7165.9 79.0 34.3 73.6189.7 71.1 10.1728.1547.7357.0531.7752.4524.0142.6516.2326.9499.9732.2492.1126.6162.8291.4553.6284.6 57.4153.5362.8149.2 24.9537.6270.8 53.4530.0145.9 51.7
1021121016  8.8 32.0 38.9 29.7  3.4 24.9 27.9 17.0  6.2 32.0 24.7 19.8  8.9 55.3  3.8 24.4            2.5  6.6  7.9  6.2  1.5  5.3  5.9  3.9  2.0  6.6  5.3  4.4  2.5 10.7  1.6  5.2          147.1173.4138.1 18.6118.3130.9 93.1 36.2147.1117.6 97.6 53.0224.5 20.9116.3          401.5340.9 61.3303.3327.6232.0106.3357.2301.9260.5147.8477.3 69.1299.4          384.5 74.7345.0370.6268.2126.4401.5343.4299.2174.1522.7 84.2340.8           56.9288.2311.8219.2 99.4340.9286.7246.7138.7459.9 64.1284.3           47.6 53.4 32.7 12.8 61.3 47.2 38.3 18.7103.8  7.5 46.7          275.9190.7 93.1303.3252.5215.6118.9418.6 53.6250.3          208.9104.7327.6274.6235.6131.5445.5 60.2272.2           64.0232.0189.6159.7 93.6334.9 36.8187.7          106.3 92.5 74.9 36.4166.8 14.4 91.3          301.9260.5147.8477.3 69.1299.4          214.5118.1417.0 53.2249.0           98.0369.3 43.1212.5          225.5 21.0116.9          103.9414.2           52.6                         
1021121116 29.9 66.1  4.7 27.4  3.6 28.1 31.1 13.4 20.0 51.4  2.9 75.5 41.8 26.1 11.2 27.3            5.8 11.6  1.6  5.3  1.4  5.4  6.0  3.0  4.1  9.4  1.3 13.2  7.8  5.1  2.6  5.3          503.0 82.6309.2 60.4314.5336.8182.6250.1451.0 47.1533.5402.8299.3156.4308.5          150.0482.0114.7488.0512.2321.7412.0622.7101.9690.6578.6470.8283.2481.3           75.4 10.0 77.4 86.0 37.0 55.7123.8  7.8167.6102.9 71.9 30.7 75.2           55.2295.9317.6169.6233.8430.0 43.0512.9382.2281.2145.0290.1           56.6 62.9 27.1 40.8104.5  5.8128.9 84.7 52.6 22.5 55.0          323.0173.2238.3436.0 44.1518.7388.0286.2148.1295.3          188.5257.5460.3 49.0542.6412.0307.5161.8316.9          131.5276.1 21.1350.4237.2163.0 84.2169.1          361.4 31.8442.9316.3225.4111.6233.2           81.4649.2528.7418.9241.0429.3          103.5 66.0 41.0 17.5 42.9          607.1501.8310.3512.1          371.4205.4381.5          139.1280.5          144.6                         
1021121213  4.9  2.8 23.6 12.1 15.8 33.8 12.2 27.5  6.3 31.1  6.5 27.1 16.7                           1.7  1.4  5.0  2.9  3.6  6.9  2.9  5.7  2.0  6.4  2.0  5.6  3.8                           7.7 67.7 34.5 45.6 97.5 34.8 79.0 19.4 89.5 20.2 77.9 48.4                          34.9 17.9 23.6 50.3 18.0 40.8 10.1 46.2 10.5 40.2 25.0                         136.1172.2304.0137.2262.8 89.4286.9 93.3260.1180.7                          96.3184.2 81.9155.2 45.5172.0 47.5153.3101.6                         229.4 97.2195.1 60.2215.0 62.9192.8130.0                         185.7336.6113.1363.8117.4333.5239.8                         156.5 45.9173.4 47.9154.6102.5                         104.4318.6 97.5290.1204.4                         104.9 26.7102.9 63.9                         109.0315.6225.0                          96.3 66.8                         202.1                                                                                                    
