0122230110 19.3 16.6  4.7  5.9  3.0 16.5  3.2 28.8 15.4 17.1                                          3.9  3.5  1.6  1.8  1.3  3.5  1.4  5.4  3.3  3.6                                        153.6 53.7 69.0 32.0152.8 34.7236.5143.5157.4                                         46.1 59.2 27.5134.3 29.8210.6125.9138.4                                         17.4  8.2 45.9  8.8 79.5 42.6 47.5                                         10.4 58.9 11.3102.2 54.6 61.0                                         27.3  5.4 47.3 25.4 28.3                                         29.7209.7125.3137.7                                         51.4 27.5 30.7                                        197.8215.5                                        129.2                                                                                                                                                                                                                            
0122230212 24.4 35.5 19.7  6.2  4.4 16.0  2.7  8.0 28.1  7.6 20.4 12.6                                5.0  7.0  4.2  1.9  1.6  3.5  1.4  2.3  5.7  2.2  4.4  2.9                              320.3211.1 90.8 62.3178.1 35.4105.8272.8100.8217.5145.4                              279.8116.4 91.3239.7 51.9147.3351.7140.7287.5198.7                               74.4 51.0151.1 29.1 97.8236.0 92.7186.1122.5                               17.1 60.0  9.8 32.6105.2 30.9 77.4 47.0                               41.2  6.8 22.4 72.1 21.2 53.1 32.3                               23.5 78.9200.2 74.7156.1101.4                               12.8 41.0 12.1 30.2 18.4                              120.4 40.5101.7 61.7                              114.8243.0164.3                               96.4 58.5                              126.8                                                                                                                                       
0122230314 20.5 18.1 28.9 31.8 33.0 65.9  4.4  3.0  6.1 18.2 27.3  8.5 28.6  5.5                      4.6  4.1  6.1  6.6  6.8 12.7  1.7  1.4  2.0  4.1  5.8  2.5  6.0  1.8                    173.9248.7266.6273.7417.6 53.7 34.8 76.2174.7238.3 97.6246.5 68.1                    226.0242.8249.5388.3 47.2 30.6 67.0157.1216.2 95.9223.8 59.8                    334.1342.0494.5 74.9 48.5 95.4226.9301.9130.7311.2 95.0                    363.0516.5 82.4 53.4104.0243.7321.8141.9331.4104.6                    525.0 85.5 55.4107.4250.5329.6146.4339.3 97.1                    141.8 97.1189.3389.5481.1249.1491.6172.8                      7.8 16.9 47.4 70.6 24.1 73.9 15.1                     11.0 30.8 45.8 15.7 47.9  9.9                     67.4100.4 34.2105.1 21.4                    217.1 96.4224.7 60.2                    124.3299.3 89.6                    129.3 30.6                     93.8                                                                      
0122230416 53.5  8.9  8.3  7.6 32.2 13.0 30.4 29.8 12.4 43.1 25.8 23.9 36.7  9.4  4.0  4.3           11.6  2.7  2.6  2.4  7.2  3.4  6.8  6.7  3.2  9.4  5.9  5.5  8.1  2.8  1.7  1.8          225.6213.0197.8477.1277.5463.6458.9268.1545.0425.7407.4507.8234.4109.8117.9           50.1 45.6149.4 71.7142.2139.8 68.3190.5123.5115.2166.8 56.8 22.6 24.6           42.3140.2 66.5133.4131.1 63.3179.3115.7107.8156.8 52.7 21.0 22.8          129.3 60.5122.9120.8 57.6166.0106.4 99.1144.8 47.9 19.1 20.7          188.5347.0342.6181.2426.9312.1295.8389.4155.9 74.4 80.7          179.9176.9 90.7237.1157.2147.0209.3 75.4 30.0 32.6          330.1172.9413.5300.1284.2376.3148.5 70.2 76.2          170.0408.8296.0280.2371.8146.0 68.8 74.6          228.6150.9141.1201.5 71.8 28.6 31.0          376.3358.6457.6198.4100.2 97.3          252.8340.2129.1 59.6 64.6          323.2120.5 55.0 59.7          173.9 85.0 92.2           23.8 25.8           10.4                         
0122230512 12.0  9.2 33.1 21.5  4.4  5.0 22.3  5.6 12.1 36.5 15.1  3.8                                3.1  2.8  7.3  5.0  1.7  1.8  5.1  2.0  3.1  8.0  3.8  1.6                               67.5179.8124.5 30.4 35.2128.4 40.2 81.0195.1101.5 26.1                              156.5107.3 25.7 29.8110.7 33.9 68.4170.2 85.7 22.1                              280.0 84.7 98.1286.9 99.9181.6395.1216.9 72.6                               54.6 63.3207.9 72.2125.8300.3152.5 46.9                               13.5 56.6 15.4 30.8 93.7 38.6 10.0                               65.5 17.8 35.7 97.2 44.7 11.6                               74.8129.7307.5157.0 48.5                               40.7109.3 51.0 13.2                              196.9102.8 26.4                              234.3 80.4                               33.1                                                                                                                                       
0122230614  4.6  3.5 22.6 24.4 12.2  5.0 17.8 24.9 12.9 19.4 25.0  7.8 19.0 35.7                      1.7  1.5  5.2  5.5  3.1  1.8  4.3  5.6  3.3  4.6  5.6  2.4  4.5  7.8                      9.7 60.3 65.2 32.5 14.1 48.3 66.7 34.4 52.8 67.0 22.7 51.5 96.1                     45.0 48.7 24.3 10.6 36.0 49.7 25.7 39.4 50.0 17.0 38.5 71.7                    231.6131.9 66.2183.2235.4138.5196.7236.4 96.1193.1305.2                    141.0 71.6195.0249.4148.0209.2250.5103.0205.3321.5                     35.7108.5143.6 87.7117.4144.3 57.7115.0193.8                     53.0 73.2 37.8 57.9 73.6 24.9 56.6105.5                    198.3114.1164.3199.2 85.7161.1261.3                    150.7212.7254.5105.0208.8326.1                    123.4151.4 61.1120.9202.7                    213.6 93.7173.4278.5                    105.6209.8327.3                     91.5144.2                    273.9                                                                      
0122230716 42.4 27.4 36.5 51.2  4.1  6.4 12.8 29.2  8.9 40.6 11.0 31.2  3.1 38.4 17.4 17.4            8.5  5.7  7.4 10.1  1.6  2.0  3.1  6.0  2.5  8.1  2.7  6.4  1.4  7.7  3.9  3.9          385.9452.5531.4100.1140.4231.4400.3187.5477.4204.5416.3 73.5464.5290.5290.6          352.2429.5 64.3 95.3163.1304.0129.8375.9142.5318.5 47.2363.5210.0210.2          496.7 86.0123.2206.0366.2165.8442.3181.3381.8 63.2429.4261.0261.2          107.2164.8266.2444.2217.8521.3236.6460.4 89.0508.6330.0330.1           16.2 30.0 68.5 23.0 95.8 25.6 73.5  7.3 90.6 41.2 41.2           49.6100.9 37.8135.2 42.2107.4 12.0128.9 68.0 68.0          171.8 70.4223.7 78.5181.9 22.1214.4111.4111.4          137.1390.2150.4332.0 50.3377.7220.6220.7          181.0 59.9145.4 16.9173.0 96.6 96.6          197.5406.1 70.3454.2281.7281.8          159.4 18.8188.9 96.5 96.6           54.0393.4232.6232.7           66.5 30.3 30.3          270.8271.0          146.4                         
0122230812 41.9 34.8 22.9 22.2 11.3 10.7 24.4 23.7  2.9  3.1  4.6 19.4                                7.4  6.3  4.4  4.3  2.5  2.4  4.6  4.5  1.3  1.3  1.5  3.9                              438.5342.1335.9206.6197.6357.1350.2 67.2 72.0100.7310.4                              302.9297.0178.2170.1317.1310.5 55.7 59.7 93.7273.1                              217.8124.3118.3234.5229.0 36.3 38.9 61.0198.2                              121.3115.4229.5224.0 35.3 37.8 59.3193.7                               66.5132.0128.4 17.9 19.2 30.0109.0                              125.6122.2 16.9 18.1 28.3103.7                              241.1 38.9 41.7 65.4209.1                               37.7 40.4 63.3204.1                                5.0  7.7 31.3                                8.3 33.5                               52.5                                                                                                                                       
0122230914 17.5 17.4  6.2 34.1  5.7 17.8 28.1  9.3  3.7 19.8  4.7 17.1 17.1 34.9                      4.3  4.3  2.1  7.6  2.0  4.4  6.4  2.8  1.6  4.8  1.8  4.2  4.2  7.8                    147.0 66.5249.3 59.8149.7214.8101.8 37.4163.8 49.1144.3144.6253.4                     66.3248.8 59.6149.3214.4101.5 37.3163.4 48.9143.9144.3252.9                    113.5 22.8 67.7 95.2 38.7 14.3 75.5 18.7 64.8 65.0115.8                    103.4252.7342.9163.2 72.7273.1 95.4244.8245.3391.8                     60.9 95.4 34.8 12.9 67.9 16.9 58.3 58.5105.4                    217.9103.7 38.1166.3 50.0146.6146.9256.8                    138.1 59.6236.4 78.2210.7211.2347.7                     21.8102.7 28.5 99.2 99.5166.2                     42.4 10.6 36.5 36.6 74.3                     55.7160.4160.8277.4                     47.9 48.0 97.6                    141.6248.8                    249.3                                                                      
0122231011  6.7  4.4 11.3 34.5 12.4 12.6  4.0  3.4 17.6 19.0 23.6                                     2.1  1.6  2.8  7.2  3.0  3.1  1.5  1.4  4.0  4.3  5.1                                    18.9 45.9123.3 50.8 51.4 16.7 13.8 72.8 78.7 96.5                                    29.0 89.9 32.1 32.5 10.6  8.8 46.1 49.8 61.0                                   177.2 78.2 79.1 25.6 21.1100.1107.2128.1                                   192.2194.0 79.3 65.3253.1267.5308.0                                    87.6 28.4 23.4109.5117.2139.8                                    28.7 23.7110.7118.4141.2                                     7.8 40.7 43.9 53.8                                    33.5 36.2 44.4                                   159.5188.3                                   200.1                                                                                                                                                                               
0122231114 23.0  8.5 18.7  4.2  3.8 33.1 17.5 13.7 14.5 22.6 18.3 49.1  3.9 34.5                      5.2  2.5  4.4  1.6  1.5  7.1  4.1  3.4  3.5  5.1  4.3 10.2  1.5  7.4                    106.1193.5 56.5 50.5294.0183.3149.2157.0222.2190.4379.6 50.9302.6                     98.4 22.8 20.4145.9 91.9 71.6 76.1104.3 96.4202.2 20.6151.2                     46.4 41.5255.9155.9126.1132.9190.5162.3336.2 41.8263.8                      9.7 81.6 43.3 33.8 35.9 55.4 45.5107.6  9.8 85.1                     72.9 38.7 30.2 32.1 49.5 40.6 97.4  8.8 76.1                    243.4201.2211.0290.1252.1463.7 73.5381.7                    118.8125.3180.4153.3321.7 39.0251.0                    100.6146.8123.9271.4 30.4208.0                    154.5130.6283.2 32.3217.9                    187.5375.2 49.9298.6                    331.9 40.9259.9                     98.1473.5                     76.6                                                                      
01222312 8  3.0  7.3  5.0  4.2 22.5  4.0 18.0  8.3                                                    1.3  2.1  1.7  1.5  4.7  1.5  3.9  2.3                                                   12.9  8.6  7.2 36.3  6.7 29.3 14.7                                                   23.5 19.5100.4 18.3 81.1 40.4                                                   12.9 66.2 12.1 53.5 26.7                                                   54.9 10.1 44.4 22.2                                                   51.4184.0101.8                                                   41.5 20.8                                                   92.3                                                                                                                                                                                                                                                                                                                                     
0422330112 40.1 45.5 11.3  5.9 32.5  2.8 18.1 14.1  9.0 29.0  2.7 39.4                                6.6  7.4  2.4  1.7  5.5  1.3  3.4  2.8  2.2  5.0  1.3  6.5                              491.4200.1124.5412.9 61.5287.5238.2180.4386.4 59.2457.5                              220.9139.0442.3 69.9313.5261.6199.8415.5 67.3487.1                               39.9168.7 17.2102.6 88.8 62.1153.2 16.5197.2                              103.3  9.8 65.1 50.1 35.0103.5  9.4122.5                               49.7247.1202.5151.5339.5 47.9408.6                               27.9 21.5 15.1 44.3  4.1 60.4                              125.4101.3226.5 26.8283.8                               78.0184.7 20.7234.9                              137.3 14.5177.7                               42.6382.2                               58.1                                                                                                                                       
0422330215 12.3 34.3 29.9  4.8 45.9 97.2 16.5 14.9 28.7  2.2 29.3  4.7158.4 14.2102.1                 2.7  6.1  5.4  1.5  8.0 15.7  3.3  3.1  5.2  1.2  5.3  1.5 25.2  3.0 16.5               189.7169.7 34.6238.1386.4102.1103.5163.7 13.5166.8 33.8498.9 98.6397.7               358.3 97.1456.8618.3239.5221.5348.7 37.8353.8 94.9709.0213.5628.4                84.5424.9589.4215.7199.0319.2 32.9324.1 82.6685.4191.6600.0               114.3208.9 46.7 42.2 80.9  5.6 82.8 13.9298.4 40.2217.1               675.4295.5275.0414.8 50.7420.1112.0753.7265.8684.3               455.8431.8580.0104.8585.0205.2832.6420.8789.9               121.7208.5 18.3212.3 45.7567.1116.7467.3               192.3 16.5195.8 41.2544.1106.5443.3                31.5314.9 79.1677.6185.0590.7                32.2  5.5144.4 15.7 98.4                80.9681.8188.5595.6               293.8 39.3213.3               533.3836.6               432.2                                             
0422330315  9.1 88.0 95.7 13.0 13.9 61.0 12.8  5.4 65.1 29.9  2.5 30.0  5.4 10.6 36.9                 2.5 16.1 17.5  3.1  3.2 11.4  3.0  1.8 12.1  6.1  1.3  6.1  1.8  2.6  7.3               320.0337.9 73.3 78.4247.7 71.7 32.1259.9142.7 13.5143.5 32.2 59.0170.8               770.0377.4392.4703.1372.4213.9714.0567.2102.9568.6214.5329.9613.2               396.4411.5716.9391.3228.1727.3585.4110.9586.8228.7348.0630.2               102.1298.5 93.4 41.8312.1177.7 17.5178.6 41.9 76.9210.7               312.1 99.8 44.6326.1187.4 18.7188.4 44.8 82.1221.8               294.0159.2648.4483.8 80.1485.2159.7256.3533.1                40.8307.5174.4 17.1175.3 41.0 75.2207.1               168.2 96.0  7.8 96.6 18.4 33.6105.5               499.1 85.6500.5168.7268.8548.1                40.0328.5 96.3148.5374.2                40.3  7.8 14.1 49.6                96.9149.3375.5                33.8105.9               177.4                                             
04223304 8  4.3 18.7 12.2 30.6  5.1  3.7  8.3  2.6                                                    1.5  3.8  2.7  5.7  1.6  1.4  2.2  1.3                                                   47.0 30.1 76.2 13.4  9.4 22.6  6.2                                                  113.6242.5 57.1 39.8 97.2 26.2                                                  171.3 36.6 25.5 62.2 16.8                                                   92.7 64.5134.8 42.4                                                   11.4 27.5  7.5                                                   19.2  5.3                                                   12.7                                                                                                                                                                                                                                                                                                                                     
0422330517 73.9 19.8 51.0 96.7 12.0 48.3 12.0  4.3  6.6 18.9 26.3125.5 25.9  8.6  2.6 58.8 65.3      12.9  4.1  9.4 16.7  2.7  8.9  2.7  1.6  1.9  3.9  5.1 21.5  5.1  2.3  1.3 10.4 11.5     435.4643.7747.7320.4632.5320.8150.9222.4424.6498.4781.9494.7273.3 97.7665.5684.8     357.5497.8117.5345.2117.7 49.6 80.5174.9224.8556.9222.1 95.5 26.9382.9407.0     693.4252.4559.9252.7112.2169.4347.2418.9735.6415.2211.8 69.2596.8619.0     379.1683.6379.5188.2271.2487.0559.5811.3555.9328.1112.4712.7729.5     242.2 80.4 29.6 48.0112.8148.5438.6146.5 63.5 16.1274.0295.0     242.5106.7161.7335.1406.0727.0402.3202.7 65.4584.8607.3      29.7 48.1113.0148.8439.1146.7 63.6 16.2274.4295.3      17.8 47.3 65.1230.4 64.1 23.5  6.1124.0135.9      76.8 94.9323.9104.0 38.0  9.7185.8202.2     216.9546.5214.3101.7 25.7372.5396.4     615.3271.4121.6 35.4445.3469.9     612.0385.3140.9752.1766.5     119.9 34.8441.6466.2      12.8231.1250.1      77.6 86.3     641.9          
0422330618 38.2 70.2 20.6 61.8 16.5218.8  3.5 22.9 62.9 26.8 17.5 55.1  4.1 16.3  7.9 11.4  7.7 16.1  8.0 13.8  4.7 12.2  3.9 41.7  1.6  5.1 12.5  5.8  4.1 11.0  1.7  3.8  2.4  2.9  2.4  3.8572.0304.5543.5259.5771.8 76.5322.6547.8357.5271.2517.6 90.0256.4154.9193.2152.5254.8433.9665.2381.5832.4119.8454.0668.7491.4395.4643.3137.9377.8245.9298.1242.5375.9404.3162.0678.7 41.7208.8408.7236.2170.4378.4 49.1159.8101.3116.3 99.5158.7352.9821.3107.0424.2644.3461.7366.5617.5123.4349.3223.3272.6220.2347.5635.2 33.2173.9357.1198.1140.7328.2 39.0131.6 80.5 94.8 79.0130.7293.9694.1823.0720.9647.3810.4327.5631.9491.3553.0487.0630.2 45.5108.8 53.5 35.3 96.6  8.4 32.6 17.2 22.5 16.9 32.4428.6251.9182.9398.0 53.5171.6 98.7125.4 97.1170.5466.1370.8621.4125.5353.5226.6276.3223.4351.7207.9435.2 62.9195.5114.0144.1112.2194.2341.5 41.5138.8 85.7100.2 84.1137.8111.6324.8204.5251.1201.5323.0 38.4 20.2 26.5 19.9 38.1 79.2104.0 77.7128.8 54.6 40.8 78.5 53.6103.1 77.1
0422330718 13.7 11.4 73.8181.4  6.6 32.3 30.3 17.4130.7 34.9  3.0 11.2 33.6 12.1 94.1 10.7  5.2185.4  3.4  2.9 14.5 34.7  2.1  6.9  6.5  4.1 25.2  7.4  1.5  2.9  7.1  3.0 18.3  2.8  1.9 35.5 87.4349.7554.9 55.1197.6187.7118.3480.2210.0 22.4 85.6203.7 93.1404.3 81.8 42.6559.7308.8511.4 45.4169.2160.4 99.7435.7180.3 18.5 70.6174.7 76.8361.0 67.5 35.1516.3820.5221.9546.0531.4404.7786.5563.3104.6304.7554.6322.1743.5295.5181.3822.4405.1721.3710.9607.9862.3733.4221.5506.8727.4525.9840.7496.3347.5879.3114.4108.0 70.4332.4122.4 11.7 44.5118.3 48.4265.8 42.6 22.2410.0348.2238.6664.8379.7 52.8166.5371.0178.2599.2160.4100.8724.7227.3652.5365.3 49.5157.8356.7169.1585.4151.9 94.4714.4536.5252.7 28.6 98.0245.5105.5461.0104.7 54.4612.4679.0170.9431.0671.9450.4812.6420.6279.6863.5 57.0177.4388.5189.7615.4171.0 97.5736.6 18.1 54.9 19.7129.6 17.3  9.1225.1171.8 75.3356.6 66.1 34.4511.8183.9607.3165.6104.8730.7375.1 71.9 37.4530.8346.7219.6842.3 32.9501.3352.2
0422330815 39.9 57.4 12.2142.1 39.8  8.7  6.4 16.9  8.5  5.2  9.1  4.9 14.7  8.2 15.5                 9.5 13.1  3.4 31.5  9.5  2.9  2.3  4.5  2.8  2.0  2.9  2.0  4.0  2.7  4.2               537.1212.1716.2458.3175.6133.4271.9171.3108.5181.6103.0245.2165.6256.0               272.9765.8536.4229.3177.2341.7224.1145.7236.5138.6311.4217.1323.7               471.6211.6 65.5 47.1103.4 63.6 37.2 68.3 35.1100.8 61.0 95.9               715.7416.5342.9548.2409.6293.5426.1281.9515.8400.1529.2               175.2133.0271.4170.9108.2181.1102.8244.7165.2255.4                37.2 91.6 50.1 29.3 53.8 27.7 79.4 48.0 84.2                65.9 36.1 21.2 38.7 20.0 57.1 34.6 60.6                88.9 52.0 95.5 49.1122.4 85.3128.8                28.5 52.2 26.9 77.0 46.6 81.7                30.6 15.8 45.1 27.3 47.8                28.9 82.8 50.1 87.8                42.5 25.8 45.1                73.9113.7                78.4                                             
0422330915  8.1 29.6 42.5  6.5 94.5  9.3  4.3 42.0 33.1  6.4 46.7  6.4 32.2 17.7  4.6                 2.6  6.9  9.6  2.2 20.1  2.9  1.8  9.5  7.7  2.2 10.5  2.2  7.4  4.5  1.8               127.4173.3 34.9308.9 50.6 22.4171.7140.5 34.3187.1 34.3136.9 88.6 23.7               404.5104.0580.9143.8 74.9401.9348.2102.5426.3102.6341.5225.7 79.5               143.0655.7194.3 96.8486.4430.8141.0510.9141.2423.6294.1102.1               263.2 40.2 17.8141.6115.1 27.2154.9 27.3112.0 70.3 18.8               338.9187.5653.5605.3260.2673.4260.4598.8465.6196.6                25.7192.5158.3 39.5209.3 39.6154.3102.2 27.3                95.8 84.0 17.5105.4 17.5 81.5 45.0 12.1               428.2139.7508.3139.8421.0291.8101.1               113.4452.8113.6366.6245.9 89.2               152.8 26.8110.4 69.2 18.5               153.0445.6313.5111.1               110.5 69.3 18.6               240.4 86.5                47.8                                             
0422331015 41.7 76.7 12.4 14.0  3.7 18.7  5.0 99.8  5.5101.8 14.1 28.5 83.9  5.3  7.4                 9.2 16.0  3.3  3.6  1.6  4.6  1.8 20.6  2.0 21.0  3.6  6.5 17.5  1.9  2.4               610.4222.8245.2 88.3301.8108.7662.5120.8666.2246.5391.8628.7115.0158.3               336.0363.8135.5430.5178.6757.4196.7760.0365.5526.3732.4188.1250.3                97.9 26.0115.1 36.2394.2 40.9398.7 98.7164.1355.4 38.6 56.1                29.6128.7 41.2423.4 46.4428.0100.0182.1383.8 43.9 63.7                39.6 11.0168.9 12.4171.7 29.8 60.1146.2 11.8 17.0                55.2491.4 62.3495.9129.5229.1451.2 58.9 85.6               219.8 17.3223.1 41.5 83.8192.0 16.3 23.6               240.6792.5425.1584.7769.2230.7301.3               244.2 46.8 94.5210.9 18.4 26.6               429.7588.9771.8234.2305.4               183.2385.5 44.2 64.2               546.5 89.3113.8               201.9267.1                25.2                                             
0422331113 39.3 41.1 14.9 84.0  3.9 13.4 22.6 41.1  3.7  4.9 14.9  4.8 13.3                           8.2  8.6  3.6 16.4  1.6  3.3  5.0  8.6  1.5  1.7  3.6  1.7  3.3                         463.1245.3616.9 87.8226.7326.7463.1 83.1102.6246.0100.6224.8                         253.5626.0 91.8234.5336.3473.5 86.9106.8254.2104.7232.5                         397.8 33.1100.7157.7253.5 31.4 43.5111.0 42.6 99.7                         153.1374.1493.1626.0146.3191.5398.7188.0371.6                          29.8 50.0 91.8  8.4 11.6 33.3 11.3 29.5                         144.4234.5 28.3 39.2101.1 38.3100.6                         336.3 47.4 65.8158.2 64.3143.0                          86.9106.8254.2104.7232.5                          11.0 31.5 10.7 27.9                          43.7 14.8 38.7                          42.7100.1                          37.9                                                                                                    
0422331215 25.0  4.1 50.9  3.7 16.8  3.0 69.1 27.8 12.6  9.5 94.5 97.1 14.3 25.0 52.1                 5.1  1.5  9.6  1.4  3.7  1.3 12.5  5.6  2.9  2.6 16.9 17.3  3.2  5.1  9.9                58.8406.4 52.9190.0 41.2471.1275.5148.3126.8542.9549.1165.3255.1412.1               107.0  9.0 40.0  7.1136.6 65.5 29.6 24.6177.4181.4 33.7 58.8109.4                97.4321.3 84.7629.8431.1261.0227.9688.8693.6286.1406.4576.2                36.0  6.4124.8 58.9 26.6 22.2162.7166.5 30.3 52.9 99.6                28.0382.6206.9106.2 99.8454.4460.8119.1190.0326.6               100.1 45.9 20.8 17.3131.7134.9 23.6 41.2 86.8               496.0316.8279.6734.6738.7344.5471.1634.7               162.3139.1566.8572.8180.5275.5436.8                73.7385.1391.3101.0148.3265.7               344.4350.5 84.0126.8232.2               780.7414.7542.9693.2               421.1549.1697.9               165.3291.1               412.1                                             
1022430110  5.9  9.3  6.7  2.6  4.0  7.6 26.7 22.7 14.4 29.1                                          1.8  2.4  2.0  1.3  1.5  2.1  5.2  4.5  3.1  5.6                                         36.3 25.9  8.8 14.8 29.7 95.2 80.6 51.6104.1                                         41.6 14.1 23.8 47.6131.4113.8 82.9141.8                                         10.1 17.0 34.0 97.6 92.4 59.1105.7                                          5.8 11.5 36.6 31.0 19.9 40.0                                         19.4 62.1 52.6 33.7 67.9                                        110.0 94.9 67.6119.0                                        248.9176.2298.1                                        153.8265.6                                        189.4                                                                                                                                                                                                                            
1022430216  3.6  4.4 20.6 21.9  7.9 48.1 44.7 44.7 16.0  5.6  5.5 41.2 43.2 68.6 15.8 50.6            1.6  1.7  4.8  5.0  2.4 10.2  9.5  9.5  3.9  1.9  1.9  8.8  9.2 13.9  3.9 10.7            9.4 42.7 44.6 17.6 99.2 92.0 92.0 32.9 12.2 12.1 84.7 89.0120.0 32.5104.3           53.6 55.9 22.0109.7102.6102.6 41.3 15.2 15.2 95.3 99.6145.8 40.8114.7          201.5100.8354.2337.8337.8157.6 69.5 69.3320.3330.7428.4156.0365.2          105.2363.7347.1347.1163.3 72.6 72.3329.3339.9438.3161.7374.8          187.0175.9175.9 77.6 28.5 28.4164.4171.3241.0 76.7194.6          529.2529.2299.0137.5137.1510.4521.7617.0296.6557.3          511.9283.9128.9128.5493.0504.4601.2281.5540.4          283.9128.9128.5493.0504.4601.2281.5540.4           53.5 53.4267.9277.4369.1124.9309.2           19.6120.0125.3180.7 52.9143.5          119.6124.9180.2 52.7143.1          485.4583.6265.5521.8          594.3275.0533.0          366.4627.1          306.7                         
1022430318 44.2  7.2 80.3  8.9 12.7  8.7 45.5  3.9 32.2  6.4 43.2 42.7 25.6  6.2 55.6 24.1 11.4 50.0 10.3  2.5 17.7  2.9  3.5  2.8 10.6  1.7  7.7  2.3 10.1 10.0  6.3  2.2 12.5  5.9  3.2 11.6162.6631.5194.8236.3190.1513.7101.0433.2146.1501.9499.0379.9140.7553.0365.8217.4535.1254.1 43.4 55.8 42.1166.5 17.9124.0 30.6159.6158.0100.9 29.3191.7 95.4 50.0179.9297.4350.2291.2637.3150.2564.1231.2627.0624.5511.6223.5670.5497.0326.6655.6 69.8 52.7199.3 22.3150.1 38.2191.4189.5122.9 36.6228.0116.3 62.5214.5 67.7241.5 28.7184.4 49.1232.4230.2152.3 47.0273.8144.3 80.4258.7194.5 21.7146.2 37.1186.8184.9119.7 35.5222.7113.2 60.6209.5104.0439.9149.8508.6505.7386.5144.2559.4372.3222.3541.7 73.3 15.8 98.8 97.5 58.1 15.1109.2 54.5 25.7101.7110.9428.1425.2310.8106.6480.2297.8168.7461.8143.4141.9 99.7 25.8172.9 93.6 44.0162.0494.0375.0138.1548.0360.9213.7530.1372.2136.6545.2358.1211.7527.3 95.3426.2252.6138.7407.9166.7 89.5 42.1156.1411.6253.1580.1131.4393.5238.7
1022430416 97.0  5.9 16.7 31.4 41.5 13.3  8.4 16.8 10.7 32.5  5.4 59.1  2.5 40.8 36.8 47.8           17.7  1.9  3.7  6.3  8.1  3.1  2.4  3.8  2.6  6.5  1.8 11.0  1.3  8.0  7.3  9.3          248.9457.8599.4655.9404.1323.7460.4353.5606.6231.4714.0111.2652.5632.5682.4           59.7100.1128.1 47.3 32.9 60.4 37.8103.2 20.4169.1  8.5126.2115.4144.9          225.8277.3110.7 87.3136.9100.3231.8 54.1345.3 22.3273.9254.5306.0          412.6188.4139.3227.8156.6357.1101.7488.6 41.7408.6385.3445.6          234.2176.1279.5196.8420.4117.6552.5 55.2473.4449.7510.5           69.1111.8 79.4193.6 42.9296.4 17.7231.1213.8260.2           88.3 55.1143.5 29.8228.0 12.3173.6159.6197.5          101.4233.8 54.7347.7 22.5276.1256.6308.4          161.2 34.2252.7 14.1194.1178.8220.0          105.3496.5 43.2416.4393.1453.6          155.9  7.7115.8105.8133.2           76.8548.6525.5583.9           54.3 49.0 63.8          445.6506.5          482.9                         
1022430514  6.7 23.6  2.7 17.8 34.6 14.4 10.8 14.3 22.6 26.8  4.3 21.7 17.9 31.7                      2.0  4.8  1.3  3.8  6.7  3.2  2.6  3.2  4.6  5.3  1.6  4.4  3.8  6.2                     95.0 10.3 72.4122.0 58.1 43.2 58.1 90.9 97.1 18.0 87.2 73.0112.8                     33.4189.3308.0158.2123.0158.1225.8257.3 58.7218.8190.5289.9                     25.5 49.3 20.5 15.3 20.5 32.0 38.1  6.5 30.7 25.7 45.1                    254.9125.7 96.8125.6182.7209.9 44.8176.7152.6238.7                    216.2171.0216.1299.0335.8 86.8290.7256.4372.8                     86.7103.5152.5176.3 36.0147.3126.6201.8                     86.6118.3137.8 26.8114.1 97.5158.9                    152.3176.2 35.9147.2126.4201.6                    249.1 56.2211.5183.9281.2                     67.0241.7211.3316.9                     53.9 45.2 79.4                    177.8273.2                    240.2                                                                      
1022430616 69.1 12.8 23.2 25.8 41.8 28.1  8.3  2.6 26.4  6.4 36.0 93.3 46.6  4.0 13.7 46.0           11.9  2.8  4.5  5.0  7.6  5.3  2.2  1.3  5.1  1.9  6.7 15.8  8.4  1.5  3.0  8.3          320.8453.8479.1588.5498.8252.5 91.4484.0206.1555.8732.7611.7133.2335.4609.2          141.4155.1228.6166.4 65.1 17.3157.9 49.8203.7386.5248.1 29.3 98.6245.9          247.6345.2263.3104.7 31.2251.4 90.2313.3523.0369.4 52.9149.9366.7          369.2284.5115.3 34.8272.0100.7336.5547.7394.0 59.1164.2391.3          388.3174.2 56.5373.9139.3446.0649.8506.1 96.2240.6503.3          124.2 37.9288.7 98.0354.9566.6413.4 64.3176.0410.6           12.3117.5 35.2153.9311.4190.4 20.7 69.7188.5           35.5  9.4 48.7109.0 63.1  5.6 18.5 62.4          102.8341.0552.4398.8 60.3167.1396.1          122.4258.4152.9 15.9 53.3151.3          620.0471.5 82.7214.8468.7          670.6171.3402.0668.4           96.2260.8528.5           31.3 95.2          258.5                         
1022430718 69.6 72.8  3.7  5.1 23.6 14.0 16.1  6.3 38.1 36.1 15.6 11.8 57.1 31.8 38.4 31.1 11.2  9.3 14.7 15.3  1.6  1.9  5.5  3.6  4.1  2.1  8.5  8.1  3.9  3.2 12.2  7.2  8.6  7.1  3.0  2.8693.3123.9170.4458.8342.5373.8204.6569.8557.7365.7304.9648.4528.8571.4524.0293.6277.2128.8176.8469.2352.3383.9211.9579.6567.6375.7314.2657.0539.0581.2534.2302.7286.0 11.4 49.1 29.4 33.9 14.3 80.1 75.8 32.7 24.6104.0 66.6 80.7 65.2 23.3 21.5 71.7 42.9 49.4 20.8103.8 98.8 47.7 35.9144.3 97.2104.4 95.2 33.9 31.2155.2174.5 90.1328.5317.0169.4133.5412.8290.6330.1286.4127.2118.4112.8 53.9229.0219.6109.3 93.2300.6198.7230.3195.5 88.1 81.1 62.1254.4244.4123.8 96.3330.2221.9255.8218.4101.6 93.5126.8120.9 59.9 45.1174.5108.0127.6106.0 42.6 39.2425.0247.7199.5525.2395.5439.4390.8190.9178.6237.9191.1512.7383.2426.8378.5182.7170.9103.6322.5215.8249.1212.3 98.0 90.2265.5172.2200.7169.3 73.7 67.8483.0526.9478.2255.0239.9397.2349.9164.5153.6392.5192.1179.7161.7150.9 64.2
1022430816 21.7  3.2  8.2 41.9 17.8 87.5  5.7  7.1  7.2  8.2 29.8 65.9 28.9 43.9 17.6 19.8            5.0  1.5  2.5  9.1  4.3 17.9  2.0  2.3  2.3  2.5  6.7 13.6  6.5  9.5  4.3  4.7           38.3 97.6330.8177.2492.0 73.9 93.6 94.3 97.4261.1426.3255.7340.6175.3193.0           16.0 74.9 32.0131.3 10.9 13.8 13.9 16.0 53.0102.3 51.5 78.5 31.6 35.6          173.6 91.1296.6 30.8 38.9 39.3 45.3129.9242.3126.6180.3 89.9101.3          293.3637.9125.1153.0154.0173.3402.5578.9395.9493.0290.6315.0          450.2 61.7 78.1 78.7 90.9228.5385.0223.5302.6151.0166.7          224.0266.5268.0296.2565.3715.0558.9647.0447.1474.7           26.4 26.6 30.7102.3179.2 99.3130.2 60.9 68.6           33.7 38.9113.6215.8110.7158.9 77.0 86.8           39.2114.4217.1111.5160.0 77.7 87.5          129.6241.9126.4179.9 89.7101.0          501.2319.9413.0226.2247.3          494.5588.8382.0409.1          406.4221.3242.0          299.9324.7          164.9                         
1022430911 18.7  4.7 12.1  3.2 18.4 13.0  3.0 31.0 10.8 27.0 19.9                                     3.8  1.6  2.7  1.3  3.7  2.8  1.3  5.8  2.5  5.1  4.0                                    52.5112.6 33.1163.3120.3 30.8244.3101.4219.7174.3                                    33.5  8.8 51.7 36.1  8.2 86.5 29.8 75.1 56.0                                    21.2111.2 88.1 19.7172.1 72.6153.1119.2                                    32.6 22.8  5.2 54.5 18.8 47.3 35.3                                   118.8 30.3241.6100.1217.2172.2                                    21.2182.9 78.3163.0127.2                                    50.6 17.5 44.0 32.8                                   156.1313.8256.1                                   138.6107.4                                   230.7                                                                                                                                                                               
10224310 8  4.8  2.0 17.3  8.8  4.1 21.7  6.0 26.9                                                    1.5  1.2  3.2  2.1  1.4  3.8  1.6  4.5                                                    5.1 49.4 27.3 11.8 61.0 18.3 76.1                                                   17.3  9.6  4.3 21.3  6.5 26.6                                                   94.7 40.8172.8 63.2206.2                                                   22.5103.9 34.9126.2                                                   50.4 15.1 62.9                                                   78.1242.1                                                   97.6                                                                                                                                                                                                                                                                                                                                     
1022431112 22.3 32.5 14.5 35.3  9.0 12.5 17.1 18.2  2.9 29.0  4.0  4.1                                4.6  6.4  3.3  6.9  2.5  2.9  3.8  4.0  1.3  5.8  1.5  1.5                              283.6152.5300.2108.6133.2175.4184.6 35.5261.4 50.5 52.1                              208.0382.8151.2183.3236.7248.0 52.1339.2 74.1 76.5                              221.7 80.7102.1123.1130.1 23.4190.0 33.2 34.2                              162.0195.9251.6263.4 56.6357.2 80.5 83.1                               68.8 95.7101.9 15.8137.2 22.4 23.1                              107.0113.2 19.9167.0 28.3 29.2                              150.2 27.7216.9 39.3 40.5                               29.5227.7 41.9 43.2                               46.4  6.6  6.8                               66.0 68.2                                9.6                                                                                                                                       
1022431214 11.1 26.7  3.1 23.2 29.6  4.5 36.0  7.3 22.6 17.5 22.9 11.0  7.2 18.8                      2.8  5.7  1.5  5.1  6.3  1.7  7.5  2.2  4.9  4.0  5.0  2.8  2.2  4.3                    140.9 19.0124.4153.5 28.9181.0 48.8121.3 98.2122.8 67.4 48.4104.5                     46.1253.8301.9 70.2344.1105.2248.6207.3251.1139.3104.5218.9                     39.8 51.0  8.2 62.3 13.6 38.7 30.5 39.3 18.8 13.5 32.7                    273.1 60.7313.3102.6223.0184.9225.4123.0101.8195.5                     77.8366.5115.1267.6224.2270.3151.9114.3236.5                     95.1 20.7 59.0 46.4 59.8 28.6 20.6 49.8                    136.9307.4260.1310.3179.1136.0273.5                     99.7 78.4101.1 48.2 34.6 84.1                    180.7220.5119.9 98.9191.1                    182.7 97.0 77.8157.2                    121.4100.3193.3                     47.8103.3                     83.5                                                                      
