0622510116  8.6 34.6  7.4 31.8  5.3 34.9  3.5  4.1 26.6 13.9 58.1  9.5 23.4106.2162.1 57.7            2.5  7.3  2.3  6.8  1.8  7.4  1.5  1.6  5.8  3.4 11.6  2.7  5.2 20.6 31.2 11.5          153.5 42.5142.9 29.6154.8 18.8 22.3122.3 73.4228.1 55.1109.1347.1442.6226.9          134.3373.5 97.7394.9 69.3 82.1333.9210.2506.9167.1306.5637.8714.1505.3          124.9 25.3135.5 16.1 19.1106.5 62.7202.0 47.1 94.8313.6406.4200.9          100.3375.7 63.6 75.4316.0196.7487.3155.8289.3620.8700.0485.7           98.5 11.3 13.3 83.7 43.6150.4 32.7 73.4243.0326.0149.5           70.0 82.9336.1211.8509.2168.5308.5639.8715.7507.5            8.5 53.1 27.7101.4 20.8 46.6170.5237.4100.8           62.9 32.8117.8 24.7 55.2195.4268.6117.1          170.0445.5133.7254.5582.8667.9443.8          301.5 81.3152.6434.9532.2300.1          246.2415.3725.8783.6614.3          119.4369.6466.3244.9          554.1643.0413.7          841.4724.7          782.8                         
0622510216 14.3 22.4 11.2 40.9146.2  6.4 28.3 19.1 11.7  4.1 58.6 40.7  3.0 18.1 24.8 19.7            3.3  4.7  2.7  8.1 26.5  2.0  5.8  4.2  2.8  1.6 11.0  8.0  1.4  4.0  5.1  4.3          151.0 89.5245.1516.3 55.3183.8133.9 94.1 33.7310.1244.0 23.6127.4164.5137.6          121.1332.5613.0 86.1257.7192.9126.5 52.4406.9331.3 36.6184.3233.1197.9          201.4456.8 42.7148.6106.9 72.7 26.1259.2200.4 18.3101.6132.4110.0          724.7135.6385.1302.8209.3 96.7547.4469.4 67.5291.2354.8309.5          347.8660.3583.0468.3248.2772.0723.8188.4570.5633.9589.9           97.8 74.6 44.9 16.2179.3134.9 11.4 70.5 95.4 77.1          232.0155.0 66.6462.0383.7 46.5222.2277.3237.7          111.7 45.5374.7301.6 31.8164.1209.1176.6           27.4268.7208.4 19.2106.2138.1114.9          118.1 96.2  7.0 43.0 58.1 47.0          546.1 94.5362.0430.5382.0           67.1290.1353.5308.3           30.0 40.6 32.8          200.0168.6          214.4                         
0622510315  9.1  9.1 74.5  4.0 35.7 18.0 18.4 23.9 29.8  8.2 13.0 30.7 32.7 11.9  3.2                 2.6  2.6 14.2  1.6  7.3  4.1  4.2  5.1  6.2  2.4  3.1  6.4  6.8  2.9  1.5                55.9285.5 23.3165.9102.4104.7117.3142.2 50.1 72.7146.0153.8 66.3 18.0               284.9 23.2165.5102.1104.4117.0141.9 50.0 72.5145.7153.4 66.1 18.0               144.3570.7415.8420.9478.4529.6264.0339.3536.7550.6319.8115.5                83.7 42.5 43.4 55.7 69.6 20.9 30.2 71.8 76.4 27.5  7.6               264.2268.4318.3366.5151.3204.4373.5387.4190.1 64.6               158.6194.1230.7 91.6116.2236.2247.2107.1 32.8               197.6234.6 93.6118.4240.1251.3109.2 33.5               280.9106.4146.7287.1299.5135.7 43.0               129.3176.5333.2346.5163.7 53.7                65.0132.8140.0 59.3 16.1               181.0190.2 86.0 23.3               353.3168.0 55.5               176.6 59.0                21.3                                             
0622510416 61.5 33.1 25.2 21.9  5.7 63.6 40.1 33.4  5.9 16.0 21.6  4.6 32.9 11.8  3.1 32.0           12.0  6.9  5.4  4.8  1.9 12.4  8.3  7.0  1.9  3.7  4.8  1.7  6.9  2.9  1.4  6.7          509.9445.9413.3168.6645.4553.8512.0175.5344.5410.2137.6508.9278.9102.7502.3          312.8284.1100.8517.4416.6374.6105.4227.2281.4 88.7371.6177.1 56.4365.2          232.5 85.7453.4354.2314.7 90.1183.0230.1 67.2311.8140.7 42.8305.9           74.4420.8323.8285.9 78.2163.0206.5 58.3283.2124.6 37.1277.6          173.1119.7101.6 21.7 54.7 73.4 16.2100.4 39.8 10.4 97.8          561.0519.4180.2351.5417.6141.4516.3285.2 95.2509.7          418.7124.9262.2320.9 96.5415.5206.7 68.5408.9          106.2228.8283.2 89.5373.6178.4 56.9367.2           57.5 77.1 17.1104.9 41.8 10.9102.3          161.2 42.9226.4 94.9 27.3221.5           57.5280.5123.1 36.6274.9           88.3 31.2  8.2 85.8          176.5 56.2364.2           19.9172.4           54.6                         
0622510516  7.8  5.4 13.4174.8  5.8 43.3 26.9 13.1 45.9 27.3 87.3 58.7  3.6 38.2 38.3  4.2            2.4  1.9  3.3 34.0  1.9  9.1  5.9  3.3  9.7  6.0 17.3 11.9  1.5  8.1  8.2  1.7           27.2 63.9436.6 29.5170.3113.0 62.4178.7114.6285.0212.8 17.3153.4153.8 21.0           42.8346.1 19.8121.2 86.1 41.8127.6 87.5212.2154.0 11.6108.6108.8 14.1          540.7 46.3242.5166.2 98.3253.3168.5381.3296.1 27.1220.7221.1 32.9          363.8759.0683.5535.6766.9686.4831.9793.6253.8741.3741.7291.3          130.0 93.3 45.3136.8 94.9225.7164.7 12.6116.6116.9 15.3          386.1238.4510.6389.8643.7560.5 88.3468.0468.6 96.2          163.1399.5286.7541.6450.3 54.5358.1358.7 66.2          249.1165.4376.2291.4 26.5216.8217.3 32.2          403.3655.1573.5 93.7481.7482.3101.4          545.3454.1 55.4361.7362.3 67.3          695.3146.6618.5619.1172.3          103.8532.4533.0123.2           77.8 78.1  9.0          439.5 94.6           94.9                         
0622510616  5.9 45.6 76.7140.3  8.7  3.5 20.7  8.5 43.6 56.8 13.8  4.5 77.5 19.1  6.5 29.0            2.0  9.7 15.4 27.7  2.6  1.6  4.8  2.6  9.3 11.6  3.4  1.7 15.6  4.5  2.1  6.4          138.4207.5320.7 33.8 12.6 74.3 32.8133.3162.9 48.8 16.7209.2 68.4 24.7103.0          628.3735.2194.9 91.0342.8190.4511.1564.6257.8107.2630.4325.2150.9415.8          798.8282.2128.8454.9276.5619.5666.0359.3163.9719.9435.9224.6530.0          412.7211.7591.5406.0728.6762.6497.8262.1800.0573.8342.6657.5           19.0100.4 49.7188.3226.6 74.0 25.2284.3103.8 37.4133.7           41.6 18.4 87.1 98.8 27.4  9.4130.0 38.3 13.9 57.6           97.8333.4385.7138.6 55.3457.3183.4 82.3251.1          183.9221.6 71.8 24.5278.5100.8 36.3130.4          555.0249.8103.1621.7316.1145.5405.9          295.6127.0668.0367.4177.2460.7           36.4361.7129.2 54.1181.8          165.4 51.0 18.5 76.7          438.4226.4532.4           75.8236.3          101.6                         
0622510711  8.2 44.0 27.2 52.7  9.2  2.3  5.5 11.1 17.2  8.2  5.8                                     2.3  8.2  5.3  9.7  2.5  1.3  1.7  2.6  3.7  2.3  1.8                                   181.0120.3209.0 51.2 10.6 29.5 55.8 88.1 45.5 31.3                                   393.0546.1198.5 51.8125.5212.2296.0180.7132.3                                   434.6133.0 31.9 89.3143.1207.5120.1 94.9                                   228.3 62.1146.7243.5333.8208.7154.3                                    11.9 33.1 62.6 98.9 51.1 35.2                                     6.9 13.0 20.4 10.6  7.4                                    36.1 56.9 29.4 20.3                                    96.6 55.7 38.3                                    87.9 60.5                                    31.3                                                                                                                                                                               
0622510814  5.9  4.9  9.1 31.9 16.5  6.1 18.7  3.6  6.2 35.4 38.9 34.3 27.3 56.5                      2.0  1.8  2.8  7.1  4.1  2.1  4.5  1.6  2.1  7.9  8.6  7.6  6.2 11.9                     18.6 35.6101.7 59.2 23.2 67.6 13.0 23.8111.8121.6108.7 97.5163.5                     29.2 93.5 48.5 19.1 55.3 10.6 19.5104.1101.9100.8 79.8138.2                    150.5 93.1 36.5 95.3 20.3 37.3164.5177.8160.2131.5233.6                    226.0103.8249.4 64.7105.9379.3400.9372.2321.6481.5                     60.6148.4 33.6 62.0244.8262.4239.1200.0332.9                     69.1 13.2 24.3114.1124.0110.9 99.8166.6                     38.3 70.8269.4288.1263.3221.6361.7                     13.6 72.0 79.2 69.7 55.2100.3                    116.4126.5113.2102.1169.8                    425.4396.3344.4506.1                    418.0365.3527.9                    337.5498.8                    444.8                                                                      
0622510918 14.5 17.2 43.8 27.3  2.8  7.0 32.1 18.4 27.4  5.7 55.6 20.3  6.3 25.9 71.9 35.4 40.1 37.5  3.5  4.0  9.1  5.9  1.4  2.2  6.8  4.3  5.9  1.9 11.0  4.6  2.0  5.6 14.1  7.4  8.4  7.9123.7260.6180.8 22.1 62.2205.7130.9181.4 50.1302.3143.1 55.1173.2357.4222.1244.5232.4295.1208.0 26.3 74.3235.6152.2208.7 59.8339.5166.0 65.8199.6397.0253.5277.8264.7392.5 66.6156.6429.8308.5393.4130.3550.7330.3141.5380.6606.8452.7482.4466.6 41.3103.7323.4218.8290.8 94.0441.2236.8103.5279.5501.2344.6372.9357.7 11.6 48.6 28.1 41.5  9.3 82.4 31.2 10.3 39.2 95.8 53.7 61.0 57.0119.7 79.3104.1 26.1186.4 88.0 28.7 98.9228.1130.5145.6137.4247.3324.3 98.8479.0266.7107.6312.4538.3380.6409.7394.1219.5 63.8353.7175.1 70.3210.1412.0265.7290.7277.3 94.3442.2237.5103.9280.3502.2345.5373.8358.6156.0 70.8 23.1 89.1192.7107.9120.8113.8376.9168.9429.1649.6501.8531.1515.6 78.0227.6436.0286.0312.0298.0 98.1207.9117.5131.3123.8489.1333.3361.2346.2560.5588.4573.6432.5416.8446.4
0622511016 39.8 12.8 32.0 29.0  4.0 33.7 42.5 42.2 22.0  6.7  9.3 22.8  2.5102.6 25.9 21.8            7.1  2.8  5.9  5.4  1.5  6.1  7.6  7.5  4.2  1.9  2.4  4.4  1.3 16.9  4.9  4.2          219.9406.8384.4 91.8419.1473.0471.3323.0139.2185.2330.3 51.0658.4359.0320.3          185.0170.8 29.3193.0231.2230.0135.0 52.2 73.7139.0 16.4407.8155.4133.5          335.9 73.6369.1422.0420.4278.2115.1154.6285.0 41.0614.8311.8275.7           66.7347.4399.4397.8259.4105.5142.2265.8 37.1594.1291.7257.0           77.7 98.1 97.4 50.4 16.8 23.6 52.1  5.4185.5 59.5 49.7          434.3432.7288.8120.6161.6295.7 43.2625.7323.0286.2          486.7337.2147.3195.2344.6 54.6670.8373.8334.4          335.6146.4194.1343.0 54.2669.5372.2332.9           89.8111.6215.8 28.1532.4238.6208.1           42.0 93.0  9.4286.2 95.3 88.7          115.0 13.2358.5129.0110.3           29.0540.1244.7213.7          113.2 33.1 27.7          569.6529.5          236.3                         
0622511114  4.6 11.9 33.6 32.6 39.8 34.4  5.2 43.8  5.6 14.4 17.7 11.3  3.9 16.4                      1.8  3.1  7.5  7.3  8.8  7.7  1.9  9.6  2.0  3.7  4.3  3.0  1.6  4.1                     31.6 90.3 87.4 96.0 92.5 14.7104.6 15.8 38.7 47.8 30.0 10.7 44.1                    181.2176.4207.3184.7 36.5223.3 39.3 96.2105.5 74.5 26.3 98.2                    372.8418.8385.5104.3441.0100.1212.4249.1173.4 75.0234.7                    411.3378.1100.9433.4 97.2207.0243.2168.8 72.6229.0                    424.3109.1480.4116.3241.5281.3198.6 88.9265.8                     95.8446.5102.2216.3253.5176.7 76.8238.9                    118.7 18.3 44.6 55.1 34.6 12.3 50.9                    126.5259.2300.6214.1 97.9284.5                     48.0 59.3 37.2 13.2 54.7                    125.8 91.1 32.1117.3                    100.5 39.7140.9                     24.9104.0                     36.6                                                                      
0622511216  8.9 35.1 55.5 51.8  6.5 19.9  5.3  5.6  4.8 35.0 81.2  6.6156.4 47.5  6.1 27.5            2.9  8.5 12.7 12.2  2.3  5.2  2.0  2.1  1.9  8.5 18.3  2.3 34.6 11.3  2.2  6.8          159.8226.1218.9 38.2 98.9 30.8 32.7 27.5159.5297.5 38.7442.2204.7 35.9129.7          499.8489.9120.5280.3 99.5105.1 99.6398.6585.0121.9710.7469.9114.1344.2          587.7174.1372.3145.5153.3132.2499.2672.3176.0773.8569.0165.5442.6          168.2362.8140.3147.9127.5489.4664.5170.0768.3559.6159.8432.8           79.4 22.1 23.5 19.8120.2234.6 27.8366.7156.5 25.8 96.8           63.9 68.0 57.1279.9459.4 80.4606.5343.9 74.6234.4           19.0 16.0 99.3198.6 22.4319.8130.3 20.8 87.0           17.0104.9208.6 23.8333.0137.4 22.1 92.6           99.4181.7 20.1296.8118.2 18.6 77.8          584.6121.6710.3469.4113.9343.7          237.0815.6648.0223.9530.4          369.6158.3 26.1 98.0          756.8353.0667.5          148.6412.9          101.6                         
0722610114 28.4 14.1 48.3 68.4 38.5 23.7 24.2  6.5 20.4 12.4  9.4  8.2  3.5  3.3                      5.7  3.2  9.3 12.5  7.5  4.9  5.0  2.0  4.4  2.9  2.6  2.3  1.5  1.5                    182.1424.1498.3371.9269.1272.9100.5243.9162.8140.6124.5 55.8 51.3                    274.2340.0231.8156.8159.4 56.1139.9 98.3 82.5 71.6 27.9 25.6                    617.1495.7382.5386.9160.2352.4248.4217.8195.0 95.8 88.1                    568.2456.0460.6207.4424.8311.1275.9249.2115.7107.5                    331.9336.1131.9303.6208.8181.7161.9 76.1 70.0                    239.0 93.9212.5139.7120.1106.0 46.5 42.8                     95.7215.7142.0122.2107.9 47.4 43.6                     82.0 48.9 41.1 35.7 14.0 12.8                    124.3106.6104.5 40.6 37.4                     71.9 62.4 24.3 22.4                     52.4 20.4 18.8                     17.7 16.3                      6.5                                                                      
0722610216 12.6 33.5 37.2 10.9 15.6 47.4 32.3 64.7 16.2 64.4 12.5  6.3 15.7  3.6  8.4  4.8            3.3  7.5  8.2  2.9  3.9 10.3  7.2 13.5  4.0 13.4  3.2  2.1  3.9  1.6  2.6  1.8          189.8206.4 76.5 99.3248.2184.3303.9102.7302.8 88.1 48.2 99.9 26.1 65.4 35.8          402.1167.7225.4458.3369.8524.4231.8523.2187.9113.2226.4 69.6147.2 95.6          182.8244.0482.9393.7548.4250.8547.2204.4124.2245.1 77.4160.8 95.4           95.5221.4162.7273.4 99.1272.4 75.6 41.4 96.0 22.4 56.1 30.7          290.4219.1350.6124.7349.4 98.3 60.1121.3 32.5 81.6 44.6          449.7601.4297.9600.2246.0152.9291.6 98.8196.0118.5          516.0225.4514.7182.5109.5220.1 67.1142.6 92.2          358.7657.8301.3193.2351.8115.4244.1151.5          357.6101.6 62.4125.3 33.7 84.7 46.3          300.3192.4350.7114.8243.1150.8           47.6 98.8 25.8 64.6 35.4           60.5 14.2 35.4 19.4           32.7 82.0 44.9           19.2 10.6           26.3                         
0722610313 31.7 20.5 20.8  6.7 26.8  4.2 30.2 40.3  3.1  7.3 39.6  7.1  7.1                           6.6  4.6  4.6  2.1  5.7  1.7  6.3  8.2  1.5  2.2  8.1  2.2  2.2                         265.8268.6113.9316.6 78.1342.7407.9 55.1122.5404.0120.5119.7                         194.9 84.7234.3 51.0256.5314.2 36.0 92.1310.7 90.4 89.7                          86.0236.9 51.8259.3317.3 36.5 93.4313.8 91.7 91.1                          97.8 17.9109.1140.6 12.7 32.2138.5 31.6 31.3                          65.8306.4369.1 46.4105.3365.3103.6102.9                          74.4 99.7  7.7 19.4 98.0 19.1 18.9                         396.7 52.4117.3392.8115.4114.7                          70.2150.7460.0148.4147.5                          13.7 69.1 13.5 13.4                         148.6 34.3 34.0                         146.3145.4                          33.4                                                                                                    
0722610416  5.7  5.1 27.8 21.7 32.3  7.0 28.1 81.3 16.9 15.1  3.8 13.9 40.7 48.9 28.8  7.4            2.0  1.9  6.5  5.2  7.4  2.3  6.5 17.1  4.2  3.9  1.6  3.6  9.1 10.8  6.7  2.4           18.3 94.6 73.5 98.4 25.9 95.8210.4 58.0 51.5 13.2 47.4121.1142.0 98.1 27.2           83.9 65.1 97.6 22.9 84.9191.4 51.4 45.7 11.7 42.0109.0128.1 86.9 24.1          248.4328.4105.5299.5533.3207.7189.4 60.2177.0379.9421.9304.4110.2          276.9 92.5250.6475.3169.7154.0 46.8143.5324.7364.7255.0 97.1          120.5330.9566.9233.1213.2 70.1199.7414.2456.8336.0125.8          106.6250.2 72.9 64.9 16.5 59.6147.5171.9108.9 34.2          535.9209.6191.2 60.9178.7382.6424.6306.8111.4          420.5393.7145.9374.9617.0653.6541.3259.3          125.9 36.9117.0276.6313.7213.5 76.6           32.8105.5254.3289.9194.8 68.1           30.2 88.7 95.7 62.4 17.4          239.1273.4182.2 62.6          511.1388.0153.7          430.1178.9          113.8                         
0722610516  3.6 43.9 20.4 27.5  6.3 26.8 50.9 76.7  6.2 36.6 57.5  5.8  7.1 43.9  5.0 53.3            1.6  9.7  4.9  6.3  2.1  6.2 11.1 16.0  2.1  8.2 12.2  2.0  2.3  9.7  1.9 11.6           91.5 42.8 56.9 14.1 55.5 95.3133.6 13.8 76.0103.8 12.9 16.1 91.5 11.0 99.4          331.4394.4143.0389.0537.7620.7139.8461.1559.2132.3159.7503.8115.1548.2          238.2 79.0234.0363.8451.4 76.9293.1385.3 72.0 90.1331.4 61.4374.3          105.1287.4428.5517.2102.3353.1450.7 95.9106.2394.4 81.7439.3          102.6162.0220.1 25.3122.0175.3 23.7 29.6143.0 20.2168.4          423.0511.8 99.9348.0445.2 93.6104.0389.0 79.8433.8          650.3158.5495.5591.6150.1180.5537.7131.0581.0          215.7581.8668.4205.1243.1620.7180.6659.2          119.2171.5 23.1 28.9139.8 19.7164.8          517.6112.6136.7461.1 97.7506.3          162.6194.9559.2142.2601.5           27.0132.3 18.5156.1          159.7 23.1187.4          115.1548.2          136.4                         
0722610610  6.3  4.6 30.6 16.7 11.5 25.3  5.3 12.5  2.2 26.6                                          1.8  1.5  5.6  3.4  2.5  4.7  1.6  2.7  1.2  4.9                                         18.3103.0 63.7 42.9 95.6 21.0 47.1  7.7100.5                                         83.3 45.8 30.9 68.7 15.2 33.9  5.6 72.3                                        221.9162.1297.4 95.7175.0 34.3307.5                                         96.7191.1 52.7105.1 18.9198.8                                        137.9 35.5 79.8 12.8143.9                                         79.0149.3 28.3269.4                                         39.0  6.4 83.0                                         14.1155.6                                         29.8                                                                                                                                                                                                                            
0722610716 67.4 19.0 37.0 16.2  6.2 20.2 27.4 45.1 80.0 17.9 39.0  4.3  7.4 50.5  4.4  4.5           14.3  4.7  8.4  4.1  2.1  5.0  6.4 10.1 16.9  4.5  8.8  1.7  2.4 11.2  1.7  1.7          404.7556.2367.6196.3420.0487.0599.6704.1391.1568.2139.3227.3623.2144.1145.9          280.8148.0 72.0179.2224.9321.6444.3161.5291.6 47.4 87.0346.0 49.4 50.1          249.6121.3294.1355.2470.2593.5269.2436.3 91.9142.7496.5 95.6 97.1           61.1156.5198.0287.9406.3140.7259.6 40.2 73.8311.0 41.9 42.5           77.0102.9144.1224.3 67.8127.2 16.6 30.2158.6 17.2 17.5          236.5335.8459.7170.7305.1 50.7 93.1360.6 52.8 53.6          400.1526.4214.9367.2 67.8109.7426.1 70.5 71.6          634.9309.2482.8100.2168.8542.2103.8105.2          430.4605.0160.9258.1657.0166.3168.3          279.7 44.7 82.0333.1 46.5 47.2           97.1149.5509.0101.0102.5           20.0110.9 11.4 11.6          185.1 20.8 21.1          114.8116.3           12.0                         
0722610815 12.9  4.8 61.6  5.2 12.4  4.1  5.2 27.1 60.1 18.2 12.6 53.3 18.6 17.3 79.5                 3.4  1.8 13.2  1.9  3.3  1.7  1.9  6.3 12.9  4.5  3.4 11.8  4.6  4.3 16.9                36.2297.7 39.8 89.3 30.1 39.3162.2292.7116.0 91.0274.2118.8111.0351.6               144.0 15.6 34.8 11.8 15.4 76.5141.0 51.6 35.5130.2 53.1 49.1178.0               156.2289.9123.1154.6463.8634.6374.0293.7615.6380.0362.6687.3                38.3 13.0 17.0 84.2153.0 56.9 39.1141.4 58.4 54.1192.4                29.0 37.8157.1285.0112.2 87.6266.8114.9107.2343.2                12.9 63.7120.5 43.0 29.6111.0 44.2 40.9153.2                83.2151.4 56.2 38.6139.9 57.7 53.4190.5               458.0215.7159.6436.3220.2207.3522.6               368.4288.8610.5374.5357.2682.9               114.1347.8161.1150.9432.1               270.4116.8109.1347.3               353.7336.8665.8               154.4438.4               420.4                                             
0722610915  4.3  4.9  3.2 45.5 10.9 53.4 13.9  8.4 24.5 17.8  9.1 76.7 63.1 63.1 29.4                 1.6  1.7  1.4  9.3  2.8 10.8  3.3  2.5  5.3  4.1  2.6 14.8 12.3 12.3  6.2                13.1  8.1102.6 27.1118.2 34.9 23.1 61.5 45.2 25.2157.6133.5133.5 74.0                 9.3116.7 31.3134.0 40.3 26.7 71.1 52.2 29.1177.5151.0151.0 85.5                81.8 19.2 96.0 24.8 16.4 43.6 32.1 17.9117.5 98.8 98.8 52.4               214.1556.8258.9188.8376.6309.9202.2628.3587.5587.5418.3               241.6 84.0 55.5127.9 97.4 60.5306.5267.7267.7149.5               289.9214.0412.9343.8228.7659.6621.0621.0455.2                71.5158.7122.0 78.1360.9318.7318.7184.4               111.1 92.7 51.5274.5238.1238.1130.4               195.7120.0490.6445.3445.3282.5               101.1419.2374.7374.7225.6               291.7253.9253.9140.6               685.3685.3532.7               649.0487.8               487.8                                             
0722611010  3.2 24.5 10.9 42.9  6.2  6.0 12.6  7.4 16.9  3.4                                          1.4  4.9  2.6  8.2  1.9  1.8  2.9  2.1  3.7  1.4                                         43.6 19.3 77.0 12.0 11.5 22.4 14.5 30.3  6.2                                        127.9362.7 91.6 87.6145.3 99.1186.9 46.4                                        204.7 40.4 38.7 76.0 49.0103.2 20.5                                        137.9132.9229.5162.1286.4 82.0                                         23.9 46.9 30.3 63.7 12.7                                         44.9 29.0 61.0 12.2                                         56.8106.1 23.8                                         77.2 15.4                                         32.3                                                                                                                                                                                                                            
0722611111 35.0  9.1 44.6 14.5 23.8 15.2  5.8  5.1 16.8  4.6  2.6                                     6.8  2.5  8.5  3.3  4.9  3.4  1.8  1.7  3.7  1.6  1.3                                   163.4455.2220.2312.8228.3108.3 95.8246.4 94.9 48.9                                   199.1 81.8116.9 85.8 34.8 30.4 95.1 27.0 14.0                                   264.0365.5273.1134.1119.0293.3107.2 62.5                                   160.9110.1 50.6 44.1120.4 39.2 20.3                                   167.3 82.7 72.1181.9 64.0 33.0                                    53.1 46.3125.5 41.1 21.3                                    18.8 58.8 16.7  8.7                                    51.2 14.6  7.6                                    45.5 23.5                                     6.8                                                                                                                                                                               
0722611216 33.4 12.2  2.8 52.1 38.4  5.1 14.3 13.9 21.9 28.5 26.7 92.8 16.3  4.6 24.8 30.7            6.7  2.9  1.4 10.1  7.6  1.7  3.3  3.2  4.6  5.8  5.5 17.1  3.7  1.6  5.2  6.2          183.8 50.3480.3409.0101.9209.8205.6285.5341.6327.4603.5233.3 91.1311.5358.3           18.2258.8205.2 36.7 97.6 95.1128.0160.9152.2373.1100.1 32.9142.8171.3           78.7 57.8  8.2 21.5 20.9 32.6 42.7 40.0119.2 24.7  7.4 37.1 46.1          512.3136.1291.3286.2380.8442.6427.3690.0319.9123.6409.8460.3          103.9233.3228.8313.8372.2357.5632.0258.5104.7341.0389.4           43.4 42.3 66.0 86.5 81.0213.6 49.9 14.7 75.0 93.4          100.3147.7184.5174.9411.1116.1 38.8164.3196.1          144.5180.7171.2405.2113.5 37.8160.8192.1          254.3242.3507.7165.8 59.0228.9268.7          293.8568.6206.0 77.4278.7323.2          553.9195.5 72.4265.9309.4          443.1195.8536.9585.2           44.6184.1218.5           67.1 83.6          293.9                         
0922610113  2.0 45.4 41.6 32.9 20.9  7.1  5.0 52.9 13.4 45.2 11.7 40.3  6.7                           1.2  7.5  6.9  5.6  3.9  1.9  1.6  8.6  2.7  7.5  2.5  6.7  1.8                          43.3 39.6 31.3 20.1  7.4  5.1 50.4 12.7 43.0 11.1 38.4  7.0                         499.4444.7344.6162.5118.4554.1251.3518.3227.1492.0155.6                         424.4325.7151.0109.6534.3235.4498.1212.3471.6144.5                         277.5123.4 98.0480.1196.3443.4176.0416.9117.9                          91.3 62.9378.3136.2343.3121.0318.8 86.6                          22.7184.1 57.4161.8 50.1147.0 31.2                         135.2 39.6117.8 34.5106.5 21.5                         280.3552.8254.4527.0176.5                         250.2 87.5229.8 54.5                         226.1490.7154.9                         207.0 47.5                         140.6                                                                                                    
0922610214 46.1 24.8 52.6  2.4  4.9  6.4 11.6 40.2 36.0 17.3 14.3 26.0  6.7 26.0                      8.6  4.9  9.7  1.3  1.7  1.9  2.7  7.6  6.9  3.7  3.2  5.1  2.0  5.1                    381.6555.9 58.7116.5150.7227.4494.7468.8306.9267.4392.8156.0392.8                    411.8 31.3 71.0 95.8136.8351.3327.1193.4164.6260.9 99.9260.9                     67.1130.8168.3251.1525.2499.5334.8293.4423.2174.1423.2                      6.6  8.8 14.6 51.2 45.8 22.2 18.2 32.9  9.2 32.9                     19.8 33.0103.2103.8 50.2 41.2 74.6 20.6 74.6                     44.6134.2121.8 67.8 55.5100.7 27.8100.7                    204.7187.3101.1 93.0142.7 46.5142.7                    437.1279.4242.1362.2139.0362.2                    258.0222.5337.7126.3337.7                    122.7201.1 70.7201.1                    171.4 57.9171.4                    105.0270.3                    105.0                                                                      
0922610314 30.5  5.0 24.2 18.8 13.2  2.9 32.8 38.4  5.9 31.9 11.1 17.9  5.8 36.8                      6.4  1.8  5.2  4.3  3.2  1.4  6.9  7.9  1.9  6.7  2.8  4.1  1.9  7.6                     91.1287.6242.1182.7 48.4352.1387.8 97.1346.4156.7233.5 96.0378.3                     72.0 56.7 39.4  8.5 98.1102.5 18.9 95.6 32.6 54.0 18.6 98.7                    202.5150.6 38.3302.5336.0 85.8297.1128.4194.9 84.7327.1                    122.7 30.1255.6286.4 67.5250.8104.0160.4 66.6278.2                     21.0193.8219.6 46.9189.8 81.4117.6 46.3212.6                     52.1 61.2 10.1 50.8 17.4 28.7 10.0 58.7                    404.6103.8362.6166.6246.7102.6395.0                    119.5398.6189.7276.8118.2431.7                    101.4 38.9 64.2 22.1115.2                    163.0241.9100.2389.1                     99.6 38.4183.4                     63.4268.7                    113.9                                                                      
0922610411 13.8 38.8 13.6 27.6  9.5 13.3  4.1 32.1  2.4  4.7 16.6                                     3.0  7.0  2.9  5.2  2.4  2.9  1.5  5.9  1.2  1.5  3.4                                   229.5 95.3174.9 81.3103.9 32.4198.1 17.5 37.9114.5                                   226.7367.6184.1222.9 91.4402.6 49.2 96.0264.1                                   172.6 80.0102.2 31.9195.6 17.2 37.3112.9                                   138.2169.5 64.6326.1 34.8 75.7203.7                                    78.2 24.5157.5 13.3 28.6 98.4                                    31.2192.1 16.9 36.5110.7                                    75.5  5.4 11.5 39.2                                    40.7 88.4229.5                                     6.3 21.2                                    45.9                                                                                                                                                                               
0922610512 27.7  4.6 40.7 32.0 16.0  3.4 10.9 29.8 18.2 29.6 14.5  2.6                                5.0  1.5  7.0  5.7  3.2  1.3  2.4  5.3  3.6  5.3  3.0  1.2                               73.9378.9325.3197.9 51.9142.7310.2219.0309.1182.7 37.6                               97.9 85.7 43.1  9.0 28.9 79.7 49.0 79.3 38.9  6.6                              412.2265.9 76.8196.8395.7291.3394.5247.2 55.6                              221.8 60.1161.4341.3244.5340.1205.2 43.5                               30.2 98.1209.8141.3208.9115.8 21.9                               20.3 55.9 34.4 55.6 27.4  4.7                              152.0 99.7151.3 88.7 14.8                              231.7324.7193.9 40.5                              230.8129.7 25.0                              193.1 40.3                               19.8                                                                                                                                       
0922610616 60.7 35.8  3.1  4.7 25.9 14.8 28.8 16.6  6.9 62.7 12.1 36.2 17.6 33.6  6.0 30.6           11.9  7.5  1.5  1.7  5.6  3.5  6.1  3.9  2.1 12.3  3.0  7.5  4.1  7.1  2.0  6.5          524.6100.8138.6449.2324.1474.5349.7196.1639.8282.5527.4363.4510.4174.5488.1           60.8 98.2335.4226.8359.2247.9129.0532.0193.7411.0259.5394.0113.7372.2            8.4 43.8 25.1 48.9 28.3 12.6104.2 20.5 61.5 30.1 57.1 10.9 51.8           70.8 40.5 79.0 45.6 20.3142.5 33.0 99.5 48.6 92.3 17.6 83.8          175.4290.2193.0 96.7456.7148.2338.0202.8322.2 93.4302.1          191.5121.1 61.7331.0100.8228.9127.8216.3 53.4200.6          210.3106.6482.1162.3361.9220.7345.6104.2324.8           69.5356.8101.1250.1141.6236.8 60.1220.0          201.2 50.3130.4 74.0122.3 26.7112.3          288.9534.8370.7517.9179.2495.7          195.5106.9184.3 43.5170.4          261.8396.8114.9374.9          248.0 64.0230.8          107.6358.5           98.7                         
09226107 9 14.5  4.9 31.0 11.5  4.3 18.0 11.4  7.2  2.2                                               3.0  1.5  5.5  2.5  1.5  3.5  2.5  1.9  1.2                                              42.5200.7 93.6 36.0128.8 92.9 63.8 16.6                                              90.7 33.2 12.9 53.0 33.0 22.7  6.0                                             164.5 76.8237.7163.5118.7 35.3                                              28.2103.7 72.6 49.8 13.0                                              44.9 28.0 19.2  5.1                                             103.1 79.6 20.7                                              49.5 12.9                                               8.9                                                                                                                                                                                                                                                                              
0922610812  2.9  3.4 28.0 22.3  8.8  6.1 26.0 39.9  6.3 22.2 23.0 19.4                                1.4  1.4  5.3  4.4  2.3  1.8  5.0  7.3  1.9  4.4  4.5  4.0                                5.4 44.0 35.0 15.2 10.4 40.8 63.1 10.7 34.8 36.1 30.9                               52.9 42.0 18.3 12.5 49.1 75.9 12.9 41.8 43.3 37.1                              254.7130.6103.2284.5376.8 95.5253.9260.5232.4                              106.7 81.9241.1326.5 84.5213.6219.5194.5                               35.5122.4176.6 36.7106.3109.7 95.5                               95.8127.7 24.9 81.6 84.5 72.4                              360.2 98.8240.4246.7219.6                              131.2325.6333.1300.7                               84.2 87.2 74.6                              218.8193.8                              199.3                                                                                                                                       
0922610912  3.5 17.7  3.2 44.5  3.5 20.7  7.8 25.7 44.6 42.1 26.0 11.0                                1.4  3.9  1.3  8.5  1.4  4.4  2.2  5.2  8.6  8.1  5.3  2.6                               34.7  6.4 87.0  6.9 40.8 16.7 49.7 87.2 82.3 50.5 21.1                               32.3304.2 34.9172.6 86.2202.4304.8293.1204.6 97.9                               80.8  6.4 37.9 15.5 46.2 81.0 76.4 46.9 19.6                               87.5338.1175.3381.9510.9497.6385.1212.0                               41.0 16.8 50.0 87.7 82.8 50.7 21.3                              101.3229.1338.8326.4231.6113.0                              109.0175.7167.6110.4 52.3                              382.5369.6267.9134.3                              498.2385.8212.5                              372.8203.1                              136.0                                                                                                                                       
0922611013 30.3 47.6  8.3 17.4 32.3  8.3 27.7  7.2 20.1 12.6  3.8  2.6 32.6                           5.7  8.6  2.2  3.6  6.1  2.2  5.3  2.0  4.1  2.8  1.5  1.3  6.1                         435.7133.0226.8347.5132.3313.9116.2253.4173.9 66.4 42.7349.1                         194.3314.3451.3193.4414.9171.5346.1248.2105.1 67.5453.0                          89.7140.8 46.2123.0 39.8104.2 64.0 19.9 12.9141.7                         238.6 89.3211.7 76.8165.6109.1 38.4 24.7239.9                         140.2328.1123.3266.0183.6 71.0 45.6363.9                         122.4 39.6103.7 63.6 19.8 12.8141.1                         107.3237.1161.5 60.6 39.0329.7                          89.2 54.8 17.1 11.1124.1                         124.4 44.6 28.7267.5                          27.4 17.7184.7                           5.6 71.5                          46.0                                                                                                    
0922611114 14.5  8.0  8.6 11.1 13.3 23.4 29.5 38.1  6.0  2.7 43.4  6.7 27.5 37.3                      3.5  2.4  2.5  2.8  3.2  5.1  6.3  7.9  2.0  1.4  8.9  2.1  5.9  7.8                     71.3 77.1 90.0 97.5158.5192.5235.2 52.2 21.1259.0 59.1181.5231.0                     46.1 53.8 65.1101.7125.5156.5 31.3 12.7174.4 35.4117.7153.4                     58.1 70.4109.0134.2166.8 33.8 13.7185.6 38.2125.9163.6                     82.2124.8153.0189.1 39.4 16.0209.7 44.6143.8185.5                    146.9178.9219.5 47.7 19.3242.3 54.0168.6215.5                    274.1326.9 83.6 33.8355.2 94.7260.2321.8                    379.0 95.3 42.9408.8106.4307.2373.7                    119.9 55.6468.7133.5362.7432.8                      9.4134.4 25.9 98.7117.4                     63.4 10.6 39.8 54.3                    149.3392.1463.2                     99.7130.8                    357.4                                                                      
09226112 9  2.7 11.4  2.5 11.6  8.9 33.0 18.8  5.7 28.9                                               1.2  2.2  1.2  2.3  2.0  5.1  3.3  1.6  4.6                                              16.2  3.5 16.5 14.0 47.1 27.2  8.8 41.2                                              14.8 73.8 62.1172.2107.5 39.0154.0                                              15.0 12.7 42.8 24.7  8.0 37.4                                              63.3174.9109.4 39.8156.6                                             151.8104.4 33.5135.4                                             257.1101.5341.2                                              65.6232.7                                              99.6                                                                                                                                                                                                                                                                              
