0323320112 35.6 28.1 39.8 28.7  7.1 12.5 17.3 25.7 10.8  3.2 21.5  2.2                                5.6  4.6  6.2  4.7  1.8  2.4  3.1  4.3  2.2  1.3  3.7  1.2                              352.2432.5357.2133.1197.6255.7333.2175.1 64.0295.1 40.4                              377.2305.5107.7162.4213.2283.2143.1 50.2248.5 31.7                              382.3146.6215.7277.2357.7191.7 71.6318.3 45.2                              109.9165.4217.0287.7145.9 51.3252.6 32.4                               53.9 75.8 99.6 46.4 13.9 92.9  8.8                              108.1150.9 74.8 22.3129.1 14.1                              199.1105.2 31.2171.9 19.8                              132.7 46.0232.8 29.0                               19.2113.2 12.2                               38.3  3.8                               24.2                                                                                                                                       
0323320216 93.7  7.7 39.5 34.6  2.8 39.8 29.8165.2 14.1 32.5 50.0  3.5 13.2  5.3 20.8 94.0           15.8  2.1  7.2  6.4  1.3  7.3  5.6 27.3  3.0  6.0  9.0  1.4  2.9  1.7  4.2 15.8          296.4639.4612.7120.4641.1580.4833.1409.6599.3684.3151.0394.8221.2502.6775.6          156.0139.5 12.7157.1122.3420.4 66.5132.0189.6 16.5 62.3 26.4 99.6297.1          423.7 59.6456.2388.9737.9235.7408.9509.5 77.7224.4110.2313.3640.1           52.2425.7359.4717.5213.1378.9479.1 68.0202.6 97.9286.4613.4           60.1 44.8193.5 21.2 49.0 75.7  5.4 19.9  8.5 31.7120.8          390.8739.1237.2410.9511.5 78.3225.8111.0315.0641.8          692.0189.1345.3443.7 58.4179.4 94.0257.1581.2          540.1706.9770.9237.2525.4330.3626.6833.3          202.7280.2 27.6104.9 44.4142.0410.4          464.1 63.8192.6102.7273.8600.0           98.7267.6135.7364.7684.9           25.9 11.0 41.3151.4           41.6134.3395.5           66.4221.8          503.4                         
0323320312 23.3 32.4 36.1  8.5 12.7 22.8 23.9  3.8  5.8  3.8  8.7  5.9                                5.2  6.9  7.6  2.5  3.2  5.1  5.3  1.6  1.9  1.6  2.6  2.0                              291.8314.4107.1140.4225.2233.7 50.2 81.0 50.3110.0 82.0                              387.4143.2185.2287.2297.1 70.2101.0 70.3146.9102.1                              157.2202.3309.7320.0 78.4111.4 78.5161.2112.6                               65.9104.9109.6 20.1 32.3 20.1 49.7 32.7                              137.7143.6 27.4 44.1 27.4 67.9 44.6                              229.8 49.1 79.2 49.1107.8 80.2                               51.5 83.2 51.6112.6 84.2                               13.5  8.4 20.7 13.7                               13.5 33.3 21.9                               20.7 13.7                               33.7                                                                                                                                       
0323320411  3.7 15.5  4.6  5.8 40.1 23.8 46.1  4.6  6.0  6.2 44.1                                     1.6  3.8  1.7  2.0  8.8  5.5 10.0  1.7  2.0  2.1  9.6                                    33.0 10.3 13.3 85.7 50.5 98.8 10.4 13.6 14.1 94.4                                    41.9 54.2256.1170.1283.3 42.3 55.8 57.8274.5                                    16.8 97.2 64.0110.3 13.1 17.2 17.9106.0                                   122.2 82.9138.1 16.9 22.3 23.1132.8                                   341.7494.2 98.0125.3129.1483.8                                   372.9 64.6 85.3 88.4362.9                                   111.3141.6145.8516.5                                    17.4 18.0106.9                                    23.8136.2                                   140.3                                                                                                                                                                               
03233205 9 13.1  4.3 21.7  5.8  2.0 15.3 19.6  5.5 29.5                                               2.6  1.4  3.8  1.6  1.2  2.9  3.6  1.6  4.9                                              32.9136.2 45.9 12.8101.0126.6 43.4176.6                                              54.2 15.7  4.5 38.5 49.8 14.9 74.0                                              75.8 21.0155.8192.1 71.7259.5                                               6.2 53.9 69.7 20.7103.6                                              15.0 19.3  5.9 28.6                                             145.1 50.9200.5                                              65.9243.9                                              97.9                                                                                                                                                                                                                                                                              
0323320615  9.1  3.3 30.6 42.3 41.3  3.0 40.4  5.8 57.1 13.6 65.9  7.4 23.1 83.2 22.9                 2.4  1.4  5.8  7.8  7.7  1.4  7.5  1.8 10.1  3.0 11.5  2.1  4.6 14.4  4.5                18.9146.2191.4187.5 16.6184.4 34.8236.3 76.6262.7 45.5114.1308.9113.1                57.5 79.8 77.8  5.6 76.2 11.7105.0 25.4107.3 15.2 43.1131.6 42.7               411.2405.4 50.6400.6 95.5474.3187.2507.6121.1278.9560.4276.9               481.1 70.2476.3127.6549.2241.2581.0160.1346.8629.8344.6                68.4470.4124.8543.5236.6575.5156.8341.3624.6339.1                67.0 10.3 92.3 22.4 95.7 13.4 37.9117.7 37.6               122.6538.8233.0571.0154.1336.8620.4334.6               160.8 47.0181.0 28.0 79.9217.6 79.0               293.1637.7199.7407.9681.7405.5               322.9 61.5147.8373.7146.6               223.4441.2706.7438.8               104.5265.4103.4               495.3224.4               492.9                                             
0323320711 29.9 17.4  6.2 27.5 31.2  3.6  4.5  5.0 13.6 13.7  4.9                                     6.6  4.2  2.1  6.2  6.9  1.6  1.7  1.8  3.4  3.4  1.8                                   224.9100.9310.4337.4 61.2 79.8 88.9184.0185.4 87.4                                    66.2210.8232.4 35.8 46.7 52.0117.2118.2 51.2                                   104.0104.8 13.8 17.9 19.9 51.2 51.7 19.6                                   319.5 56.3 73.3 81.7171.8173.2 80.3                                    63.9 83.4 92.9190.5192.0 91.3                                     9.8 10.9 27.7 28.0 10.7                                    14.1 36.1 36.5 13.9                                    40.2 40.6 15.4                                   104.8 39.6                                    40.0                                                                                                                                                                               
0323320813 14.6 31.5 49.6 34.7  2.3 17.5  4.7 14.4  4.1 44.7 34.8 18.4 14.9                           3.0  5.6  8.5  6.1  1.2  3.5  1.5  3.0  1.4  7.7  6.1  3.6  3.1                         203.4285.5219.4 17.0125.6 40.3105.1 35.0265.1219.9131.5108.7                         454.8372.4 36.6234.9 87.3201.1 75.7430.4373.1244.5207.1                         477.5 57.9324.0120.2282.7106.2536.0478.2335.5290.1                          40.4252.6 96.3217.0 83.6453.1395.2262.6223.4                          20.5  5.8 16.8  5.1 52.1 40.5 21.6 17.4                          48.7124.0 42.3302.1253.1154.3128.1                          39.8 11.9109.6 96.6 51.4 41.3                          34.5262.3217.5129.9107.3                          96.6 83.8 44.6 35.9                         453.8313.2269.5                         263.2223.9                         134.2                                                                                                    
0323320914 25.2 15.9 16.2  3.3 15.8  4.9 17.1 16.1 33.4  5.2 14.7  7.3 32.1 36.5                      5.6  3.8  3.9  1.5  3.8  1.8  4.1  3.9  7.2  1.8  3.6  2.3  7.0  7.8                    181.9185.3 45.5180.9 73.3194.0184.6314.3 77.1170.8 99.5306.3333.4                    126.7 28.9123.5 46.5133.2126.2227.5 48.9116.1 70.7220.9243.4                     29.6126.0 47.6135.8128.8231.4 50.1118.5 72.4224.7247.5                     28.7  9.5 31.3 29.5 60.6 10.0 26.8 14.4 58.3 66.4                     46.2132.4125.5226.3 48.6115.4 70.2219.7242.2                     50.4 47.4 97.7 16.0 43.1 23.0 93.9 95.9                    135.3241.6 53.0124.6 76.7234.7258.2                    230.7 49.8118.0 72.0224.0246.7                    102.7214.4128.0367.6396.6                     45.3 24.2 98.8100.3                     65.4208.1229.7                    123.8138.3                    387.8                                                                      
0323321015  6.2 16.0 77.4  2.8 45.7 14.9 36.0  6.3 40.2 29.5  3.5 30.2 15.4 34.1117.6                 1.8  3.4 13.2  1.3  8.2  3.2  6.6  1.9  7.3  5.6  1.4  5.7  3.3  6.3 19.6                60.1218.1 10.2145.5 56.1118.1 25.5130.3 98.9 13.1100.9 58.0112.8295.7               395.4 24.3287.8118.3242.0 61.5262.9207.7 31.3211.5121.7232.6492.1               102.1630.7380.0580.3222.2604.4535.7127.9541.0387.4568.7779.6                69.5 22.7 54.5 10.4 61.1 44.6  5.4 45.7 23.4 51.7147.1               274.3466.8148.5493.0420.3 89.8425.6280.8454.5707.7               230.0 57.5250.1196.9 29.3200.5114.7220.9476.3               120.7437.1365.6 70.5370.8235.7398.9665.2               133.1101.0 13.4103.2 59.4115.2300.7               391.0 79.0396.2256.2424.8685.7                57.6327.0202.0353.9626.0                59.0 30.2 66.8181.7               205.8359.0630.7               226.5483.9               655.1                                             
0323321116 18.1 19.2 90.5  2.5 27.9 13.3 10.8  5.1 20.2 22.5 30.1 17.7 29.3 15.6 40.9  9.3            3.9  4.1 16.3  1.4  5.6  3.1  2.6  1.8  4.3  4.7  6.0  3.9  5.9  3.5  7.9  2.5          164.5461.1 24.1219.5119.2 98.4 55.6171.4184.7232.9153.2228.1137.5291.2 94.9          475.5 25.7230.1125.8104.0 59.1180.3194.0243.9161.3238.9144.9303.8100.3          104.2558.0388.3340.4209.9487.1508.3575.2455.7569.2426.1639.8331.8           36.8 17.6 14.2  7.3 27.0 29.6 39.8 23.6 38.7 20.8 54.3 13.7          170.7142.5 85.0238.9255.6314.5215.6308.8195.1381.9137.7           80.1 40.5131.3142.1181.9116.7177.9104.3231.7 77.0           32.6108.7117.9152.3 96.3148.8 94.6196.1 62.0           62.2 68.2 91.9 54.3 89.4 47.8110.5 31.3          201.9253.1168.1248.0151.2314.1104.9          270.4181.2265.1163.2333.5113.8          228.8325.1207.5399.7147.2          224.1134.8286.5103.3          203.0393.4143.8          261.8 90.9          189.9                         
0323321211 25.7 32.6  5.5 29.2 30.1 10.8  2.4 12.5  3.4 13.5 15.6                                     4.5  5.6  1.6  5.0  5.2  2.3  1.2  2.6  1.3  2.7  3.0                                   313.6 85.0290.7297.4133.0 32.1151.0 48.1161.8182.0                                    96.9341.0348.2163.0 40.8184.2 61.3196.8219.9                                    96.7100.0 35.5  7.5 41.3 11.1 44.8 51.7                                   324.2148.4 36.5168.1 54.8179.9201.6                                   152.6 37.7172.8 56.6184.8207.0                                    13.5 75.3 20.2 81.8 94.5                                    15.6  4.3 17.0 19.6                                    23.4 95.1 98.2                                    25.4 29.3                                   105.7                                                                                                                                                                               
0523520113 49.0  4.6  5.5  6.6 20.2 10.8 10.7 47.2 19.4 64.3 16.7  2.7 48.0                           9.4  1.6  1.8  2.0  4.3  2.6  2.6  9.1  4.2 11.8  3.7  1.3  9.2                         117.2138.0163.3353.0225.0222.7545.3343.6606.9311.9 70.1549.5                          15.9 19.4 55.6 29.0 28.6113.4 53.2144.9 45.8  7.0115.3                          23.4 67.1 35.0 34.5133.6 64.3169.6 55.3  8.4135.8                          82.1 42.8 42.2158.3 78.6199.3 67.7 10.2160.8                         108.5107.2344.9181.7408.3160.8 29.1348.9                          63.2218.6104.5269.7101.4 15.2221.8                         216.4103.2267.1100.0 15.0219.5                         335.5599.0304.2 67.5541.1                         398.4155.1 27.8339.5                         364.8 89.7602.9                          24.0308.0                          68.8                                                                                                    
0523520213 21.0 14.2  4.5  2.8 36.5  7.0 26.7  4.0 57.7 11.6 31.3 76.4 20.2                           4.4  3.2  1.6  1.3  7.0  2.0  5.3  1.5 10.5  2.7  6.1 13.6  4.3                         144.8 56.4 32.4299.2 91.0238.7 48.6393.3120.4268.6458.0195.0                          37.8 21.7224.0 60.8174.4 32.5306.0 92.5198.6366.2140.1                           7.3 97.1 20.1 70.6 10.8129.2 30.5 83.1163.8 54.3                          55.6 11.6 40.5  6.3 85.9 17.5 47.6101.4 31.1                         133.9346.4 83.5518.0189.5382.3580.7291.3                         101.4 17.3191.9 49.1117.0238.4 87.5                          60.8444.7146.0313.4509.7231.8                         113.4 26.3 71.5144.5 46.7                         263.6482.3668.4384.5                         167.1319.9116.4                         546.5261.2                         448.9                                                                                                    
0523520316  3.6 41.0  5.9 63.5 10.7 19.6 23.1 18.2 57.1 38.4 89.4  3.6 46.8 29.9  9.4  7.4            1.5  8.4  1.9 12.3  2.7  4.4  5.0  4.1 11.1  7.9 17.0  1.5  9.4  6.3  2.7  2.2           85.0 13.1113.0 21.8 40.9 47.5 37.8102.8 79.6151.7  7.7 97.1 61.7 21.3 16.6          126.6566.0194.1308.5340.3292.6542.3457.0637.8 84.9502.7398.4190.7155.5          179.1 37.5 70.4 81.9 65.2164.1119.7234.0 13.1141.9 95.5 36.6 28.6          265.2398.6433.2381.0630.6551.6712.6112.9594.7493.7261.0216.7          104.5119.4 97.5245.4184.2334.7 21.8215.2149.4 61.2 47.7          201.9168.1374.6295.2477.7 40.8336.4246.4102.5 89.7          189.9408.7326.4512.4 47.5369.4274.7117.1104.4          357.3279.7459.6 37.8319.8232.5 95.6 83.0          527.6694.7102.7571.7469.0241.4199.4          624.8 79.6487.7383.6181.0147.2          151.6663.4571.1329.9278.8           97.0 61.7 21.3 16.6          428.7211.6173.5          146.7118.3           46.6                         
05235204 6  4.6  1.7 23.0 12.7 19.5  2.7                                                              1.8  1.2  7.0  4.0  6.1  1.2                                                              3.8 62.0 34.3 53.3  7.2                                                             17.2  9.6 14.8  2.1                                                            139.2200.1 33.5                                                            122.2 18.6                                                             28.8                                                                                                                                                                                                                                                                                                                                                                                                                                                                  
05235205 9 11.2  3.4 15.3  6.4 18.5  3.4 38.0 26.3  2.9                                               2.6  1.3  3.3  1.9  3.8  1.3  7.0  5.0  1.3                                              21.5 95.7 42.6103.6 21.3189.5139.2 17.3                                              29.8 13.4 36.3  6.7 74.0 50.9  5.5                                              59.1138.0 29.5243.9182.7 24.0                                              72.1 13.2127.0101.2 10.8                                              35.9281.2213.6 29.2                                              73.2 50.3  5.5                                             351.7 59.4                                              40.9                                                                                                                                                                                                                                                                              
0523520618 27.1 64.1 76.7  6.3 13.1 34.0  3.9 12.7  8.7 86.1  3.8 58.2 86.1 16.7 38.0 29.6 14.1 16.3  5.9 12.8 15.2  2.0  3.2  7.3  1.6  3.2  2.6 16.9  1.6 11.7 16.9  4.0  8.0  6.4  3.5  3.9473.1514.6103.3164.7334.4 60.5160.3125.8540.9 58.3450.4540.9201.7359.0305.0175.6198.1688.1190.6309.8525.4122.0303.1247.7708.0118.1636.1708.0363.7550.9493.3326.0358.7219.4348.0565.7142.4340.9281.7736.3138.0670.5736.3404.2590.2534.4365.1399.0 49.7113.8 15.1 48.1 36.2239.5 14.6176.2239.5 64.0125.6100.5 53.8 62.5197.9 29.2 93.3 70.0373.6 28.1289.9373.6109.3216.1176.9104.2107.2 76.0192.9152.7590.9 73.2503.0590.9240.0410.2353.3210.3235.9 28.3 21.2157.0  8.6112.0157.0 37.5 85.1 66.1 31.5 36.7 67.8366.3 27.2283.4366.3106.2210.7172.3100.8104.1305.1 20.5230.2305.1 90.1167.7135.6 75.7 88.0152.2691.3753.0430.8614.6560.4391.1425.6108.4152.2 36.1 82.0 63.6 30.4 35.3691.3342.3528.8470.6305.6337.3430.8614.6560.4391.1425.6260.7215.8117.1133.5378.4229.3256.4188.3212.1114.8
0523520712 40.7 16.9  4.3 13.4 11.5  6.6 11.2 25.8 24.9 10.9 41.5  2.4                                7.3  3.5  1.5  2.9  2.6  1.9  2.5  4.9  4.7  2.5  7.5  1.3                              276.1101.3232.3205.6139.1201.3363.0354.8196.1473.2 50.5                               42.0112.8 97.9 67.8 95.6195.2189.5103.1279.9 21.0                               33.2 28.3 17.6 27.5 63.7 61.4 26.6103.3  5.6                               86.3 53.5 84.0161.0156.1 81.3235.7 16.6                               45.6 71.6140.9136.5 69.3208.8 14.2                               44.4102.9 99.2 42.9141.4  8.9                              137.7133.4 67.4204.4 13.8                              260.1133.8367.3 31.8                              129.6359.1 30.6                              199.1 13.4                               51.5                                                                                                                                       
0523520816 18.5 14.6 11.4 21.5 80.1  5.7 19.5  5.8 64.3 11.2 12.0 50.5  2.7 66.9 30.4 28.4            4.2  3.5  2.9  4.7 15.4  1.9  4.4  1.9 12.5  2.8  3.0 10.2  1.4 13.0  6.4  6.0          131.9105.5181.7438.3 63.8169.8 64.7388.0103.5110.7340.2 27.2397.0239.0226.5           92.9148.2381.8 49.8138.0 50.5333.5 91.0 98.2288.8 21.2342.0197.7186.8          119.0325.9 38.6110.6 39.1281.0 70.4 76.0240.5 16.5288.9160.8151.5          470.1 73.2189.7 74.2419.3116.9124.9370.3 31.1428.4264.2250.9          208.8450.7211.0696.2321.5337.7657.1101.8703.0550.8534.7           67.3 21.1175.3 37.8 40.8146.5  8.9181.0104.3 97.1           68.2400.1108.6116.1351.8 28.6409.2248.6235.8          177.2 38.3 41.3148.2  9.1183.0 94.9 98.4          277.0292.0613.5 91.7663.9500.9484.4           74.4236.8 16.1284.7158.0148.9          250.4 17.4299.9168.3158.6           73.9621.6450.9434.4           95.5 44.3 41.3          510.0493.6          320.6                         
05235209 9 15.9 21.1  7.8  4.2  3.1  3.1  7.8 29.4 11.6                                               3.4  4.2  2.1  1.5  1.3  1.3  2.1  5.5  2.6                                             159.8 76.2 39.2 27.2 27.6 77.1206.7104.3                                             101.7 52.3 36.2 36.8102.9256.7121.0                                              20.7 14.4 14.6 40.7121.6 54.9                                               7.5  7.6 21.0 72.0 28.3                                               5.3 14.6 49.8 19.6                                              14.8 50.6 20.0                                             123.0 55.6                                             158.8                                                                                                                                                                                                                                                                              
0523521014 36.3 12.1 49.0  3.8 15.8 48.7 20.7  7.1 19.5 10.9 45.7 16.4  2.8 11.2                      6.9  2.8  9.1  1.5  3.4  9.1  4.3  2.1  4.1  2.6  8.5  3.5  1.4  2.6                    195.5485.2 79.4242.3483.9295.3136.0283.3178.8469.0249.3 55.7183.4                    246.1 26.2 96.6245.0123.4 52.4117.1 72.8233.6100.0 18.4 75.1                     96.2300.0552.4358.9174.9345.8226.4538.0307.9 75.3231.8                     34.6 95.7 45.7 16.9 43.0 23.4100.1 36.0  6.1 24.2                    298.8156.7 69.4149.0 96.4285.9127.9 24.3 99.5                    357.7174.1344.6225.4536.7306.7 74.9230.8                     91.6187.2111.9343.6161.8 32.1115.1                     86.3 46.9165.1 72.1 11.9 48.4                    106.2330.7153.9 30.2109.1                    214.6100.2 16.5 67.2                    293.6 70.2219.8                     25.3103.4                     17.0                                                                      
0523521118 19.3 29.4 38.8  6.4 17.3 66.8 40.3 38.3  2.8 75.8 14.4 20.5  7.1 11.8 30.6 18.9  7.8 50.6  4.5  6.4  8.3  2.1  4.1 13.4  8.6  8.2  1.4 15.2  3.5  4.8  2.2  3.0  6.7  4.4  2.4 10.6241.0294.7 75.7159.2407.1302.3291.9 29.9436.3135.6184.2 84.3113.3248.0172.2 93.2350.6382.3101.5220.6501.5390.7379.2 44.9530.4190.2252.1111.6160.7329.0237.2121.9443.1130.0271.5565.1455.5443.6 59.5592.5236.4307.1142.5201.8391.0290.3155.0508.2 67.3199.5134.3128.5 10.6220.1 55.6 80.5 29.6 45.2105.1 74.1 32.7162.7380.5278.8268.9 26.6409.2122.5167.4 74.9102.1227.2156.3 82.8325.3573.3562.1100.0693.2338.6421.1216.9295.5510.4402.2234.0621.6452.3 61.8600.5243.1314.8147.1207.8399.5297.9159.9516.8 58.7589.6234.0304.2140.8199.6387.9287.6153.2505.1101.1 22.0 31.7 11.8 17.9 46.7 29.2 13.0 77.7366.4450.3238.7321.6539.2431.2256.9646.8142.8 61.9 94.9196.1133.1 68.5286.4 89.6119.5259.3181.0 99.0364.0 50.4115.5 82.5 36.4177.7166.0111.2 55.7247.0244.1126.0452.1 91.2345.9192.5
0523521212 40.3  9.0  8.7 29.5 11.8 17.4  3.1 30.6  3.9 33.7 32.9  3.8                                7.9  2.5  2.4  6.0  2.8  3.8  1.3  6.2  1.5  6.7  6.6  1.5                              181.2177.3391.7207.4280.0 68.9399.7 90.3422.1416.6 88.7                               53.1139.6 64.7 97.2 16.8143.8 22.0156.1153.1 21.6                              136.4 63.0 94.6 16.4140.5 21.4152.6149.6 21.0                              161.0222.4 50.3330.1 65.9351.2346.0 64.7                              102.5 19.9165.8 26.0179.6176.1 25.6                               29.8228.4 39.0245.8241.5 38.3                               52.1  6.9 57.4 56.1  6.7                               68.3358.9353.7 67.1                               75.3 73.5  8.8                              375.4 74.0                               72.2                                                                                                                                       
0823320114 43.9  4.3 16.7  5.7 33.0 31.8 38.2  8.7 17.3  6.7 22.5 37.2  3.2 13.9                      9.0  1.7  3.9  1.9  6.9  6.7  7.9  2.5  4.0  2.1  4.9  7.7  1.5  3.3                     99.2289.3129.3437.4428.8471.8189.2296.7150.5349.0465.3 78.0252.8                     42.3 15.2 83.3 80.2 96.6 24.0 43.9 18.2 56.3 94.0  8.0 35.0                     57.1235.1228.6262.2 90.3140.6 68.3173.0256.9 29.7115.6                    100.3 97.1114.5 32.3 59.3 24.5 76.0111.7 10.8 47.3                    363.5405.3149.3241.6117.5288.7398.9 58.5203.3                    396.8144.7235.0113.7281.3390.5 56.3197.4                    169.0269.2133.7319.1433.0 67.9227.9                     93.7 38.7106.4165.1 16.9 74.7                     70.9178.3263.8 30.9119.4                     90.9130.5 12.8 56.5                    313.3 39.5147.8                     66.0223.1                     24.6                                                                      
0823320210  2.6 16.5  3.8  5.8 26.1 15.4 18.4  4.2 25.0 21.7                                          1.3  3.5  1.4  1.8  5.0  3.3  3.8  1.5  4.8  4.3                                         23.1  5.5  8.7 36.2 21.6 25.7  6.1 34.7 29.9                                         36.2 58.0193.5125.5146.2 40.3187.0165.8                                         13.6 57.0 33.9 40.5  9.5 54.6 47.1                                         91.3 54.2 64.8 15.2 87.4 75.4                                        183.3211.1 63.5263.8236.7                                        138.0 37.7177.0156.7                                         45.1204.1181.5                                         60.8 52.4                                        229.2                                                                                                                                                                                                                            
08233203 9  2.4  3.4 18.0  9.2 10.9  8.2 28.9  7.4  8.8                                               1.3  1.4  3.4  2.2  2.3  2.1  5.0  1.9  2.2                                               4.4 22.6 12.6 13.5 11.2 36.1 10.2 12.1                                              34.5 19.2 20.6 17.0 55.1 15.5 18.4                                             102.9 98.4 91.1224.6 82.5 98.4                                              61.1 50.6139.7 45.8 54.6                                              54.2148.0 49.1 58.5                                             125.9 40.6 48.4                                             115.5134.5                                              43.8                                                                                                                                                                                                                                                                              
0823320417 21.1  8.0 10.7  2.4 58.0  8.9 35.8 23.0  7.1 55.3 11.4 24.1 46.7 36.8 18.5 43.3 34.4       4.6  2.3  2.7  1.3 11.0  2.5  7.2  4.9  2.2 10.5  2.8  5.1  9.2  7.4  4.1  8.6  7.0     104.5112.2 25.9394.7104.2295.7213.3 93.2383.8118.3220.7352.6301.2181.5336.1287.9      51.8 10.6214.2 47.6147.9100.1 37.8206.4 55.0104.2184.6151.3 91.5173.6143.1      12.9248.9 58.1174.5119.4 46.2240.3 67.1124.2216.0178.3 99.7203.6169.0      68.8 11.9 43.5 27.8  9.5 65.6 13.7 29.1 56.9 44.7 22.7 52.8 41.8     233.9514.4410.8195.8604.8260.1421.1574.7520.5364.7558.0505.4     162.9110.9 42.5225.6 61.7115.4202.4166.6102.7190.6157.7     310.2134.1503.4183.2319.6470.9414.8269.5453.2399.7     100.0399.9125.8232.9368.2315.8192.1351.4302.2     188.5 49.0104.7168.2137.3 81.5158.0129.7     251.2410.2564.2509.6354.2547.3494.4     130.8226.2187.2105.2213.4177.5     378.2325.3199.1361.3311.4     477.1323.9515.4461.8     274.7459.5405.9     308.0262.0     444.1          
08233205 8 13.8  4.9  2.4  3.2 10.6  7.1 17.0 20.3                                                    2.7  1.5  1.2  1.3  2.2  1.8  3.2  3.6                                                   40.0 16.9 24.3 81.6 60.1117.0136.8                                                    6.4  9.1 30.3 22.3 49.6 59.4                                                    3.9 12.8  9.5 20.9 25.0                                                   18.4 13.6 30.1 36.0                                                   45.5101.2107.3                                                   74.5 89.3                                                  163.8                                                                                                                                                                                                                                                                                                                                     
0823320615 33.2 44.8 11.4 27.0  7.0  3.7  3.0 25.4 30.3  5.1 56.8 29.3 32.3 25.2 28.8                 6.5  8.5  2.7  5.4  2.1  1.5  1.4  5.1  6.0  1.7 10.4  5.8  6.3  5.1  5.7               443.4173.1328.1123.3 70.3 54.7314.8353.8100.3492.0345.9368.1313.5342.2               220.3395.3159.8 95.3 74.3381.0422.5118.7561.0414.2437.4379.5410.2               145.5 48.4 24.0 18.7137.9160.8 34.2257.6156.0169.5137.1153.7               102.6 57.0 44.4272.7309.2 81.3443.5301.8322.6271.5298.2                16.1 12.6 96.9114.0 22.9189.6110.4120.6 96.4108.7                 6.3 53.5 64.2 11.4104.4 61.9 68.5 53.1 60.8                41.7 50.0  8.9 91.7 48.2 53.3 41.4 47.4               296.3 76.3428.8289.0309.4259.5285.5                91.7471.1326.6348.2295.0322.9               142.3 88.4 97.8 75.8 86.9               462.7486.0427.4458.7               340.3287.7315.3               308.1336.6               284.3                                             
0823320712  7.6 10.9  4.6  6.2 24.7 37.2 18.1 24.9 14.7  7.1 33.0  2.8                                2.2  2.7  1.7  1.9  5.2  7.5  4.0  5.2  3.4  2.1  6.7  1.4                               50.5 22.6 31.1102.9147.5 85.8103.6 68.9 36.1133.2 12.7                               29.2 40.2129.0182.4 99.2129.9 89.2 46.7165.4 16.4                               18.0 66.8101.2 49.5 67.3 39.8 20.9 89.7  7.4                               92.1121.2 68.2 92.8 54.8 28.8109.1 10.2                              333.6199.9252.4167.7 96.0308.4 37.4                              272.7335.4232.5138.2398.9 56.7                              201.2130.4 79.4250.1 27.8                              168.8 96.7310.1 37.7                               63.8212.2 22.4                              124.6 11.8                               50.3                                                                                                                                       
0823320814 11.0  5.1 33.1  4.0 28.4 34.7 23.7  3.1 37.1 14.1 11.3 39.6 29.3 10.7                      2.7  1.7  6.7  1.6  5.8  7.0  5.0  1.4  7.4  3.3  2.8  7.9  6.0  2.7                     33.1166.4 25.2146.3173.2125.0 18.5183.1 86.1 68.4193.0150.5 64.7                    101.1 12.7 86.6 95.2 72.0  9.3101.3 42.9 34.1107.4 89.5 32.3                     77.1338.2383.0299.8 56.3398.5205.3170.9413.6345.4163.3                     66.0 80.9 54.9  7.2 86.7 32.8 26.1 92.6 68.3 24.7                    348.7269.2 48.2363.8181.6150.3378.4312.5143.5                    309.7 59.1409.6213.2177.8424.7356.0169.9                     40.2324.0156.2128.6338.1275.6122.5                     63.3 24.0 19.1 67.6 49.9 18.1                    224.7187.9440.5371.2179.7                     88.9236.1186.5 84.1                    198.0154.6 66.8                    385.9189.5                    147.6                                                                      
0823320911 11.0  7.8 35.9  4.1 14.8  4.9 19.1 27.4  4.1  6.9  7.7                                     2.9  2.4  7.9  1.6  3.7  1.8  4.6  6.2  1.6  2.2  2.4                                    52.0179.2 25.9 91.1 31.6105.3142.8 25.9 45.8 51.9                                   144.8 20.0 70.4 24.5 91.8114.4 20.1 35.5 40.1                                    85.1227.2104.2275.6348.2 85.2130.0144.5                                    35.0 12.2 45.5 64.7 10.0 17.7 20.0                                    42.8137.1183.5 35.0 62.1 70.2                                    55.7 79.2 12.3 21.6 24.4                                   225.6 45.6 80.9 91.5                                    64.8102.3114.1                                    17.7 20.0                                    35.4                                                                                                                                                                               
0823321018  6.0 37.1  9.3  6.7 15.9 22.1  7.0 23.2 10.8 82.9 24.8  7.9  6.5 13.0 27.8 35.3 88.4 37.3  2.3  9.6  3.2  2.5  4.5  6.0  2.6  6.2  3.3 20.0  6.6  2.8  2.4  3.8  7.3  9.1 21.3  9.6116.9 36.8 25.9 57.4 79.0 27.4 82.9 38.4222.6 88.8 31.1 25.2 46.4 99.8111.8233.7117.6174.6130.0246.9309.0136.6318.8181.1601.4333.5151.9127.0210.3358.8413.2614.8426.4 41.5 92.3111.7 44.0116.5 61.7312.3123.7 49.8 40.4 74.6136.8167.5325.9175.6 64.8 89.3 30.9 93.6 43.4243.9100.4 35.1 28.4 52.4100.5124.4255.7130.7163.6 68.7170.1 96.5410.4180.0 77.9 63.1103.6197.6237.8425.2248.1 94.6219.1116.2484.1231.0 96.1 86.9136.9251.8298.6499.0310.3 99.2 46.0254.5 95.4 37.1 30.1 55.6105.9130.8266.6137.4121.1495.1239.3100.3 91.1142.5260.6308.3509.9320.2321.7128.6 52.1 42.2 78.0142.1173.8335.4182.0511.0278.3239.1362.5537.5590.7751.2602.8106.7 97.7151.1273.8322.8525.7334.9 34.1 63.0118.2145.5291.0152.7 51.0 98.2121.5250.8127.7166.5202.1376.9211.4347.7552.0360.2604.3414.7616.2
0823321116  7.1 38.6  6.6 28.6 53.1 48.3  9.2 71.8 11.1 18.3 77.7 28.6 99.2  4.6  2.6 25.9            2.1  7.5  2.0  5.7 10.1  9.2  2.5 13.0  2.7  4.0 14.0  5.7 17.8  1.7  1.3  5.2          142.0 30.5109.2185.1171.5 43.5229.5 47.2 79.7243.3109.0290.1 20.7 10.8 99.5          132.6374.9518.1496.4178.5579.6190.6281.9596.4374.5646.5104.5 54.4351.8          101.7173.5160.5 40.2215.9 43.6 73.5229.2101.5274.3 19.1 10.0102.9          448.3426.4138.7511.9148.7226.1529.8309.2584.3 77.2 40.2288.4          568.9229.5645.8243.9348.7660.9447.8704.6124.8 75.0424.2          213.5627.1227.2328.3642.7426.0688.4114.9 68.2402.5          280.4 62.2105.0296.1138.5347.7 27.2 14.2126.9          296.7410.4709.6511.5747.4157.7 98.9487.9          101.5312.8148.4365.7 29.5 15.4136.1          428.5225.8485.4 49.7 25.9208.7          529.4758.3168.3 95.9506.0          583.9 77.0 40.1288.0          204.9119.3561.5            6.8 69.5           36.2                         
0823321217 14.6 13.5  7.8 33.3 19.2  8.1 29.1 20.5 29.0 53.0  3.0 49.2  4.2 56.0 25.8 15.0 71.2       3.4  3.2  2.3  6.8  4.2  2.3  6.0  4.5  6.0 10.4  1.4  9.7  1.7 10.6  5.4  3.5 13.3      99.2 70.1213.4137.2 73.1191.7145.2191.1299.9 24.0284.9 36.0305.4173.3110.0356.7      64.3199.4127.3 67.0178.8134.9178.2282.5 22.1268.0 33.0287.9161.3101.8337.8     136.6 93.1 42.3121.4 99.6121.0200.8 14.0189.2 20.9205.1108.7 72.2246.2     263.5141.5346.0276.3345.3483.8 54.7466.4 82.0490.1319.3218.2545.0      97.0238.4183.4237.7360.0 31.9343.6 47.7366.0216.8140.6420.6     125.8103.8125.4207.4 14.6195.5 21.7211.7112.8 75.2253.8     250.4316.1452.1 47.7434.8 71.5458.4291.2196.1514.0     249.8374.9 34.1358.2 51.0380.9228.1148.8436.0     451.3 47.6433.9 71.3457.6290.5195.6513.2      87.5572.8114.9594.8423.2305.8644.0      81.2  7.3 89.9 42.1 24.7101.9     107.6578.7406.0290.6629.1     117.7 63.1 37.0144.8     429.4311.4649.3     177.4485.2     363.1          
