0523160116 13.4 27.8165.7 61.9 23.8  7.9 81.4  6.5 10.9 38.4 39.0194.6  2.3 73.5  4.2 26.1            2.8  5.1 26.2 10.2  4.4  2.1 13.2  1.8  2.4  6.7  6.8 30.6  1.2 12.0  1.5  4.8          171.4529.2307.4150.2 64.9366.3 52.4 81.2221.8224.5565.1 15.7343.7 32.4162.5          680.1470.7266.1117.8533.8 97.4142.8366.7370.2707.8 32.5510.4 67.2284.3          793.5650.4427.2821.2378.4478.9734.0736.3877.5157.8811.5276.8668.2          433.9223.9692.4189.5264.1545.3548.9810.4 70.8674.1126.8455.6          102.3497.4 92.9124.6332.0335.4680.4 27.7473.6 57.3253.8          273.9 33.7 52.1155.7157.8464.4 10.1254.4 20.8111.2          234.4319.0605.0608.3834.9 93.3720.9160.1518.9           42.1129.8131.6414.9  8.2216.8 16.8102.0          186.9189.3515.9 12.6297.8 26.0135.1          444.5757.0 44.9583.1 93.1352.3          759.2 45.7586.5 94.6355.8          180.0826.3309.0696.8           84.1  5.2 30.4          146.9495.3           62.9                         
0523160216190.3  6.7 43.9 46.9 11.1  5.3 23.4 17.4  2.8 57.3  4.0 26.0 24.7 34.2 45.0 49.9           33.1  2.0  8.4  8.9  2.6  1.7  4.8  3.8  1.3 10.4  1.5  5.2  5.0  6.7  8.6  9.4          420.4772.1780.2515.1362.5672.9618.2217.7800.2295.5692.2683.5737.5775.3787.7          151.6160.2 44.9 23.1 95.4 72.0 11.1184.8 16.9 95.4101.2122.3154.9168.8          519.0211.2121.8357.5297.8 67.0558.4102.2381.5370.4445.9509.8533.4          222.1128.9372.1311.3 71.6572.9 97.6396.4385.2461.1524.8548.2           34.8124.6 97.2 16.7253.2 25.4136.7131.1173.0215.4233.1           73.8 55.7  8.7149.7 13.1 82.3 78.3 97.6124.5136.2          184.9 35.4411.8 53.8249.5240.6304.1363.2386.4           26.7348.6 40.6201.5193.7249.4303.1324.7           85.4  6.4 39.4 37.5 52.2 68.8 76.3          114.1436.6425.2501.7564.1586.7           60.0 57.1 79.5104.8103.3          260.3326.6387.3410.9          316.2376.2399.6          451.9475.9          539.3                         
0523160316 49.5 37.2 93.4  5.0 35.9 28.7  6.9  3.6 15.7 26.6  7.9 97.5 47.8  4.3 22.3 13.0           10.4  8.0 18.6  1.8  7.8  6.3  2.2  1.5  3.8  5.9  2.4 19.4 10.1  1.7  5.1  3.3          493.4682.0127.1485.3432.3170.5101.5301.0414.6191.8689.6551.0111.0374.2261.5          626.8 98.6418.5366.6133.7 76.0245.3349.7151.4635.4485.1 94.4311.7210.7          209.9619.7571.2271.8155.5435.1554.2300.8779.7675.5185.7513.9389.1           95.5 84.7 21.9 10.8 46.6 78.4 25.4217.0123.2 13.3 65.6 38.1          358.9129.8 73.4239.1342.1147.0628.5477.0 91.2304.5205.0          106.2 58.3200.6294.2120.8580.6424.0 72.5259.6170.7           15.2 66.0 99.2 35.9280.2165.5 18.8 92.9 54.0           32.1 54.0 17.5161.2 97.9  9.2 45.2 26.3          188.7 76.4445.1293.7 39.9163.3102.4          112.9563.7406.3 67.1245.4160.2          309.6186.4 21.7 96.4 62.5          683.2192.2523.8398.8          107.6366.1254.8           56.1 32.6          137.9                         
0523160415 36.9 13.9  6.8 18.6 14.3 48.4 29.0  4.9 24.7 51.5157.4  3.7 31.7  3.4 15.3                 7.5  3.3  2.1  4.2  3.4  9.7  6.0  1.7  5.3 10.2 29.1  1.5  6.6  1.5  3.6               221.7131.8276.7226.3486.5367.4 97.2332.4500.6720.2 78.9388.2 71.7239.4                57.5127.2 99.8271.1182.7 40.7160.2283.0526.0 29.6196.7 26.9106.7                77.8 59.0165.9106.2 21.5102.1174.4379.4 15.7115.3 14.3 63.6               130.2332.6231.2 55.0204.4345.7592.7 40.0247.8 36.3138.8               276.3186.7 41.8163.8288.3532.2 30.4201.0 27.6109.3               429.4123.8392.7562.4760.2103.7450.9 94.2291.1                84.8281.7443.5678.3 61.6333.9 56.0198.1                72.2130.5304.9 11.1 93.1 10.1 45.0               406.6648.2 52.5300.3 47.7174.2               768.3 98.5465.1100.2303.5               243.2694.7226.4549.0                67.6  7.4 32.7                61.4213.1                29.7                                             
0523160516 39.3 15.1  2.7121.1 62.4 45.7 42.3 35.4  4.2 50.8 50.5  5.0  6.4 52.1 15.4 13.3            7.5  3.3  1.3 21.2 11.3  8.6  8.0  6.8  1.5  9.5  9.5  1.7  1.9  9.8  3.4  3.0          248.2 56.7686.6552.3487.4469.2428.0 97.0512.0510.5104.3131.7517.9251.1224.3           21.9486.2335.4276.9261.9229.7 37.3298.1296.8 45.2 59.0303.5115.6101.2          144.6 88.0 66.1 61.1 51.1  6.4 73.6 73.1  7.7 10.0 75.5 22.2 19.1          755.4712.5699.5667.8222.6729.4728.4256.7309.2733.4489.9454.8          585.7568.7529.0129.4608.4607.0152.3189.5613.8338.8307.0          504.4463.3100.7546.5545.1119.3150.0552.3280.0251.3          445.2104.5528.8527.4111.4140.4534.7264.9237.2           87.4488.0486.6 95.0120.4494.1232.5207.1          110.8110.1 13.1 17.0113.3 37.9 32.6          568.8130.9163.9575.9301.4271.4          130.2163.1574.5300.1270.2           20.6133.9 45.9 39.4          167.5 59.9 51.5          306.7276.4          102.6                         
0523160610  6.6  6.7 15.6 28.7 24.7  3.6  3.8 37.4  6.9  4.5                                          2.1  2.1  3.7  6.1  5.3  1.5  1.5  7.7  2.1  1.6                                         28.9 62.6102.2 98.6 14.5 15.3129.2 29.7 18.7                                         63.8103.9100.4 14.8 15.6131.3 30.2 19.1                                        199.7176.8 31.9 33.7244.8 65.6 41.3                                        279.9 58.5 61.7368.1106.5 75.7                                         50.2 52.9334.7103.3 65.0                                          7.9 76.4 15.2  9.6                                         80.6 16.0 10.1                                        134.5 98.9                                         19.6                                                                                                                                                                                                                            
0523160715 17.0 10.8 53.5 39.4  6.2 16.3  4.8 38.7 11.9 28.3  6.3113.8 34.8 11.6  3.5                 4.1  2.9 11.4  8.5  2.1  4.0  1.8  8.4  3.1  6.3  2.1 22.8  7.6  3.0  1.6               102.9334.3271.4 63.7135.3 48.7268.1102.0211.9 65.7499.9247.8 99.5 33.4               240.2189.3 39.5 98.2 30.3186.8 71.1143.9 40.8390.1171.0 69.1 20.8               524.3164.9324.4131.5520.4259.8447.4169.1727.8495.4254.7105.0               127.0262.5100.3449.2206.0376.8130.4675.9424.0201.6 77.1                60.8 18.8125.2 44.0105.4 25.3287.5113.8 42.8 12.9                46.5259.3 97.8204.4 62.7489.1239.4 95.4 31.9                98.8 33.7 80.6 19.4237.1 99.2 32.8  9.9               203.3373.0128.5672.8420.1198.9 75.8               157.4 45.4414.5186.5 77.0 23.1                97.3610.8349.0153.8 55.2               293.6116.9 44.1 13.3               652.3408.1176.6               182.4 67.9                22.5                                             
0523160812 15.9  5.6 26.4 33.0 17.4 27.6 12.4  3.6 57.3 27.5 13.7  2.2                                3.0  1.6  4.5  5.5  3.3  4.7  2.5  1.4  8.8  4.7  2.7  1.2                               53.3189.5226.2135.4196.7 99.3 32.4328.6196.2109.5 18.1                               87.7 98.5 58.4 91.9 41.0 12.0155.9 91.6 45.8  6.8                              321.6203.8284.7152.9 53.2440.0284.1167.5 29.6                              242.3331.6184.3 66.8492.6330.8201.0 37.2                              211.3107.8 35.5348.3210.8118.7 19.8                              159.0 55.8450.8293.4174.0 31.1                               24.9275.2158.6 95.5 13.9                              101.2 55.6 27.8  4.2                              450.0296.9 63.2                              173.5 31.0                               15.5                                                                                                                                       
0523160916  5.2 20.1 28.6 60.8 30.8  8.0 52.4 13.8 30.5 20.9 51.8 34.0  2.9 38.6  3.7 25.4            1.7  4.2  5.6 11.0  6.0  2.2  9.8  3.1  6.0  4.4  9.7  6.6  1.4  7.4  1.5  5.1           62.5 87.9153.2 94.8 26.9138.4 42.3 93.8 65.1136.9104.9  8.8105.6 11.7 77.9          242.5394.1256.2100.2367.0134.9254.4192.6364.4275.4 32.3300.9 43.3221.4          472.7324.1122.4444.8179.3322.1250.0442.0345.8 45.4374.1 60.9284.1          490.1223.6609.5309.4487.8403.6607.1513.3 94.7542.4111.7444.7          130.6462.1190.4338.0264.0459.3362.2 48.9390.9 65.6299.1          203.7 67.9129.5104.5201.8142.4 14.0158.6 18.7110.1          284.9459.8376.3581.4485.5 83.9515.0100.4416.9          188.9139.8282.6206.2 21.9227.6 29.3162.4          262.1457.0360.0 48.4388.7 65.0297.1          373.6283.5 33.6309.4 45.1228.5          482.7 82.9512.3 99.3414.1           54.1414.0 72.6320.0           61.5  6.2 40.2           82.6347.4           53.9                         
0523161016 19.1 13.4  9.3 46.3  4.9 37.3 58.1 27.1 52.9  9.1 19.6  2.5143.8 19.3 15.7  8.8            4.1  3.1  2.5  8.8  1.8  7.2 10.6  5.4 10.0  2.5  4.2  1.4 25.3  4.1  3.5  2.4          126.0100.1329.3 56.5284.2373.2224.7358.0 97.4175.8 25.7579.6173.5145.7105.4           77.4255.1 39.0216.5294.0167.5280.5 75.1128.7 17.8496.2126.9105.6 72.7          209.6 30.0176.1244.1134.5232.0 57.8102.4 13.7435.8100.9 91.7 56.0          118.7478.2573.4403.7558.4204.7334.5 61.8741.2331.0287.7199.6           97.8141.2 79.1133.2 29.1 57.9  7.0286.0 56.9 46.1 28.2          524.5354.6508.9171.8289.1 49.6707.0285.9246.0167.3          450.0601.9238.7378.7 75.6768.9375.0329.1233.0          434.3131.0228.9 36.0648.8226.1192.0127.4          226.8363.5 70.6759.9359.9314.8221.3           99.6 13.3428.7 98.2 89.0 54.3           26.3584.9177.0148.8 96.8          156.1 25.9 21.0 12.9          581.4534.9421.3          146.7 95.4           86.1                         
0523161112  4.4 29.5 18.9 35.6  8.9  3.5 29.8  5.7  4.2 11.8 40.5 14.6                                1.6  6.4  4.4  7.6  2.6  1.5  6.5  1.9  1.6  3.0  8.5  3.6                               76.3 49.2 92.3 25.4  9.3 77.2 15.6 11.2 30.2105.3 37.9                              236.9363.0138.9 59.0324.5100.2 71.6160.8392.5193.4                              272.1105.5 38.1239.1 64.6 46.3110.6298.1134.8                              163.0 71.4365.7107.2 86.7187.7436.1224.2                               19.7140.4 33.3 23.8 64.5181.5 81.0                               59.8 12.1  8.7 23.4 81.5 29.3                              101.4 72.5162.4395.3195.3                               14.7 39.6120.3 49.7                               28.3 98.9 35.6                              208.3 96.4                              247.5                                                                                                                                       
0523161216 11.6 29.6  3.7 21.6 26.3 24.4  4.3  7.3 12.8188.0 17.3  9.5 18.1 34.9 19.6 13.8            3.0  6.6  1.6  5.0  5.9  5.5  1.7  2.3  3.3 37.1  4.2  2.8  4.3  7.6  4.6  3.5          159.6 24.5121.1144.2134.9 28.8 51.6 82.8523.6100.8 67.7105.3182.7113.2 89.8           63.1259.1298.7283.1 74.0116.3173.6712.7222.0147.0230.4359.5245.0185.4           45.6 55.9 51.7  9.5 17.0 27.2276.7 37.1 22.3 38.9 74.5 42.3 29.5          237.1223.6 53.5 96.1132.3655.4171.9111.1178.9291.1191.1141.9          259.9 65.6104.5157.1692.4202.2132.6210.1333.2223.8168.1           60.6 97.5147.2678.5190.1123.9197.6316.7210.8157.6           19.9 31.8308.6 43.5 26.1 45.6 87.3 49.6 34.5           57.1438.2 78.0 46.7 82.0134.2 89.0 62.0          546.8110.4 75.0115.3198.2123.9 99.5          614.0501.1624.1738.4640.5564.8          102.5150.6251.2161.4118.6           96.4168.6103.8 81.4          260.3168.0123.7          276.0211.2          132.9                         
0923120116 25.3 30.2 50.1 41.7  2.7 30.6  2.8 14.1 18.4 63.8 12.4 17.5102.9 27.6 33.5 11.4            4.3  5.1  8.0  6.7  1.3  5.1  1.3  2.8  3.4  9.7  2.5  3.3 15.2  4.7  5.5  2.4          294.8405.8364.3 35.9297.8 38.1165.8206.2455.3147.6197.7564.8276.6316.1137.7          447.2404.7 42.9335.3 45.6191.7236.5496.9171.3227.1603.4312.8354.6160.2          522.7 71.6450.6 76.1281.3337.3610.1254.7325.9701.0426.0471.3239.9           59.5408.1 63.3246.4298.7570.7222.0288.0668.3383.9428.6208.5           43.5  4.0 20.1 26.4 88.8 17.5 25.0124.4 39.1 47.6 16.2           46.3194.0239.1500.3173.4229.7606.5315.8357.8162.2           21.4 28.0 94.4 18.6 26.6131.1 41.6 50.6 17.2          127.8325.1 98.2122.0432.2178.1208.0 90.5          384.7113.2153.9495.1220.6255.3105.3          296.3372.7735.3475.7520.7280.1          107.9400.2158.8186.4 78.7          482.7211.7245.5100.4          583.9624.9381.8          334.7148.4          174.5                         
0923120211  8.3 21.7  5.1  2.6 27.0  4.6 11.7 11.3 31.7  7.9 50.6                                     2.3  4.4  1.7  1.3  5.4  1.6  2.7  2.7  6.2  2.2  9.5                                    98.7 27.3 12.3120.4 24.7 59.4 57.4138.7 44.4204.1                                    64.5 29.0242.6 58.6122.4118.8273.2105.3372.1                                     7.3 80.9 14.5 34.8 33.6 95.3 26.0131.3                                    36.2  6.6 15.7 15.1 42.7 11.7 68.5                                    73.4148.4144.2318.6115.5423.2                                    31.6 30.5 86.5 23.6120.7                                    73.3170.1 56.6245.7                                   165.4 54.8239.7                                   133.2461.2                                   196.7                                                                                                                                                                               
0923120316  7.8 83.4  8.1 30.9  8.5  3.3 28.5 28.7 10.8 30.1 52.3 62.3  3.6 58.1 34.1 12.8            2.3 15.3  2.3  6.2  2.4  1.5  5.8  5.8  2.6  6.1 10.1 11.6  1.5 10.9  6.8  3.0          277.2 42.5128.5 44.9 15.7119.6120.3 51.4125.4199.4223.6 17.4212.0139.9 61.3          284.1563.4295.2128.9545.0546.6323.0557.2671.5697.8141.3685.7585.0361.0          132.5 46.5 16.2123.3124.1 53.3129.3205.0229.7 18.0217.8144.2 63.5          138.9 56.6324.9326.4155.7336.5462.9497.1 63.0481.1364.3179.9           17.1129.4130.2 56.3135.6214.1239.4 19.0227.3151.1 67.1           52.1 52.4 19.6 55.0 96.3 99.6  6.7104.1 62.5 23.3          309.0145.2318.9443.7478.0 58.0461.9346.1168.1          146.1320.4445.4479.6 58.4463.5347.6169.1          152.0237.1264.2 21.8251.2169.0 76.9          456.4490.6 61.2474.5358.1175.8          614.3 96.1599.7485.9269.6          109.6630.2519.8298.7          103.0 69.5 25.9          503.9284.8          194.7                         
0923120413  2.6 19.4 34.8 22.3 17.5 25.8  5.9 41.9 61.3 12.7  2.9 29.9 14.2                           1.2  3.6  5.8  3.9  3.3  4.5  1.6  6.8  9.4  2.6  1.3  5.1  2.8                          27.2 48.3 30.6 24.4 35.6  8.8 58.2 83.1 17.6  4.1 41.4 19.7                         273.5194.3161.2218.6 69.3311.1388.3122.2 31.1244.9134.9                         297.4252.8328.8108.9438.9520.8197.4 55.3361.6215.8                         178.0239.5 78.2336.6415.8135.6 35.1267.3149.4                         200.8 62.1288.9363.8111.0 27.9225.7122.7                          91.0369.7450.7154.2 40.8297.1169.5                         128.3172.9 44.8 10.0 95.0 50.2                         563.0228.2 66.7403.8248.5                         294.7 95.2485.7318.2                          20.2174.6102.0                          47.4 22.6                         191.4                                                                                                    
0923120510  4.9 18.7 21.5  4.2  3.4 32.6 25.9 10.6  5.9  5.0                                          1.7  4.3  4.8  1.6  1.5  6.9  5.6  2.7  2.0  1.8                                         54.8 62.3 12.7 10.0 95.1 75.4 30.5 18.5 15.3                                        183.1 45.9 35.9253.1212.7 99.3 67.4 55.7                                         52.2 40.8277.4234.5111.3 76.6 63.3                                          8.4 79.5 63.1 25.5 15.5 12.9                                         62.2 49.4 20.0 12.2 10.1                                        315.8159.7103.8 96.6                                        131.4 92.7 76.6                                         37.4 31.0                                         18.8                                                                                                                                                                                                                            
0923120612 13.9 36.7 24.4 31.4 31.6 28.7  3.8  2.2 16.5 20.6 19.4  4.3                                2.8  6.1  4.3  5.4  5.4  5.0  1.3  1.2  3.2  3.8  3.6  1.4                              221.1158.9195.6196.6181.9 30.3 15.6114.4139.5132.4 35.3                              327.9384.1385.4363.8 80.0 41.1251.6295.9283.6 93.1                              295.3296.6277.3 52.9 27.2183.1219.3209.1 61.5                              350.5329.6 68.4 35.1223.7265.1253.5 79.5                              330.9 68.8 35.3224.7266.2254.6 80.0                               62.4 32.1208.6248.1237.1 72.6                                4.5 36.0 45.3 42.6  9.9                               18.6 23.3 21.9  5.2                              161.4153.3 41.9                              185.0 52.7                               49.6                                                                                                                                       
0923120716 71.3 26.7 29.6  8.9  6.6 22.3 17.1  4.5 30.4  4.1 11.1 38.8 20.7  8.1 18.5 17.6           15.1  6.2  6.8  2.7  2.2  5.3  4.3  1.8  7.0  1.7  3.0  8.7  5.0  2.6  4.6  4.4          494.3517.7272.2217.0451.1393.5152.8524.4142.1296.9579.2437.9254.4412.1399.7          301.7126.7 96.6246.1203.4 69.7307.7 64.0141.0360.4235.8116.7216.6207.7          138.3105.9265.0220.1 77.2329.1 70.8153.7383.1254.3127.5234.1224.7           39.3107.6 94.7 25.4141.7 23.3 60.5174.0102.2 48.6102.7 97.3           89.5 69.6 18.7108.6 17.2 44.5134.6 84.5 35.7 75.5 71.5          175.2 57.8270.6 53.1120.1320.1204.5 98.9187.1179.1           45.0225.0 41.3 96.2269.7167.2 86.1152.4145.5           79.5 11.2 28.8101.8 54.6 23.2 48.8 46.2           73.0157.5389.7259.7130.8239.2229.7           26.4 93.4 50.1 21.3 44.8 42.4          192.5114.2 55.0103.4 98.5          308.3161.1285.6274.9          104.6178.7171.0           93.5 88.5          155.9                         
09231208 7  9.4  3.4  6.3  2.4 22.6  3.5 16.7                                                         4.0  1.6  2.8  1.3  8.3  1.7  6.3                                                        20.0 39.2 12.7115.1 20.2 97.9                                                        13.0  4.3 43.3  6.8 32.3                                                         8.3 85.3 13.2 63.6                                                        27.4  4.4 20.4                                                        43.7173.3                                                        32.6                                                                                                                                                                                                                                                                                                                                                                                                 
0923120917  2.5 34.7 12.8 48.2 17.1103.8 24.2 36.1 14.5 15.1109.2 31.7  7.4 28.0 46.4  5.1  9.1       1.3  6.8  3.0  9.2  3.7 18.5  4.9  7.0  3.3  3.4 19.4  6.3  2.1  5.6  8.8  1.8  2.5      45.1 16.6 62.8 22.3115.6 31.3 46.9 18.8 19.7120.8 41.1 10.5 36.2 60.4  7.1 13.1     198.0471.1248.2634.1314.8403.9218.5226.0644.1373.8135.3346.1461.9 95.4162.6     254.7109.5411.0147.0204.5104.8 97.9422.6184.0 58.1166.1247.5 39.0 72.3     313.1695.9387.1480.5278.8287.6704.4449.7178.5420.6538.1127.9212.2     479.5187.5255.7122.4127.2491.2231.8 78.2210.5304.9 52.5 97.3     557.0642.2440.2450.4804.4615.4309.6589.0689.0233.5356.2     323.3163.3169.4568.1295.9 98.2271.1378.2 73.8119.2     225.4233.0652.0382.9140.1355.0471.3 98.9168.2     109.6451.9203.4 65.9184.1271.1 44.3 82.1     462.1210.6 68.9190.7279.7 46.3 85.8     625.7320.1599.7697.7242.4367.4     125.0326.3440.5 97.0150.6     111.9172.8 24.6 45.5     411.5 85.5135.3     123.5205.7      30.6          
0923121013 23.0  9.2 28.7 41.7  6.2 15.1  4.2  2.5 37.3 24.7  9.0 12.6 60.1                           4.5  2.4  5.4  7.6  1.8  3.2  1.5  1.3  6.9  4.8  2.4  2.8 10.4                         114.6266.0342.9 85.3162.4 55.7 29.6319.0237.3112.0138.5419.2                         139.5190.4 37.6 86.7 24.6 13.1173.9122.0 56.1 71.7247.2                         393.2 96.0195.0 69.9 37.1368.0279.6136.4167.4471.6                         133.7259.5102.0 54.1454.0358.3186.4225.6557.5                          56.5 16.1  8.6121.3 91.6 36.6 46.8177.7                          37.0 19.7239.1172.1 84.4 96.6327.8                           5.7 91.2 59.8 24.0 30.6124.3                          48.4 31.8 12.8 16.3 76.1                         334.0170.3207.0532.4                         119.2147.0435.5                          69.9242.5                         288.8                                                                                                    
0923121113  8.4 35.4 19.9 42.9 15.7 18.3 38.7  6.9  6.7  4.3 29.7  2.5 29.8                           2.3  6.6  4.1  7.9  3.4  3.8  7.2  2.0  1.9  1.6  5.7  1.3  5.7                         154.1104.9180.6 82.2 95.9166.1 38.5 37.3 23.3132.5 12.1133.0                         282.2448.1236.7264.9424.4128.3124.7 89.6363.5 46.2364.6                         321.6150.9171.5300.3 84.5 81.7 50.8248.4 26.3249.3                         272.4303.0469.1151.2147.1 97.3407.1 56.0408.1                         140.0253.1 66.2 64.1 39.9206.6 20.6207.4                         282.4 77.2 74.7 46.5232.5 24.0233.3                         138.6134.8 98.1383.8 50.6384.8                          30.1 18.8109.8  9.8110.2                          18.2106.6  9.5107.1                          74.9  6.0 75.3                          38.6325.9                          38.8                                                                                                    
0923121216 40.3  4.5  3.4 81.9 19.9 39.3  5.3 26.5 29.9  7.9 18.8  8.8 15.8 31.2 17.7 39.9            8.6  1.7  1.5 16.3  4.7  8.4  1.8  5.9  6.5  2.4  4.4  2.6  3.8  6.8  4.2  8.5           96.2 78.5616.4308.3457.9112.0366.8394.2161.7296.1178.4260.8404.2283.3461.8            9.2173.6 53.5104.8 14.9 70.2 79.4 22.8 50.3 25.6 42.0 82.9 47.2 95.5          133.6 39.1 76.6 10.9 51.4 58.0 16.7 36.8 18.8 30.7 60.6 34.6 77.8          461.3611.3199.1524.1551.5274.4447.4298.1405.7561.3432.6614.7          303.3 63.5227.9249.5 97.5175.5 98.3151.1257.7166.5306.7          109.6361.4388.6158.5291.1174.9256.2398.6278.5456.1           83.4 94.2 27.0 59.8 30.4 49.9 98.5 56.0111.3          302.4112.6217.7125.0188.9311.4207.2365.1          125.2238.7138.8208.0337.1227.5392.4           91.8 46.7 76.6130.1 86.1160.7          103.5143.7246.6158.5294.5           86.4144.1 97.1177.2          215.2136.0259.3          235.2402.4          281.7                         
1023220116 28.7 43.6 16.8  9.0 13.7 15.5 22.8 41.2 27.4 55.3  5.4  5.7  2.7 70.7 11.2 67.7            6.0  8.8  3.8  2.6  3.2  3.6  4.9  8.3  5.8 10.7  1.8  1.9  1.4 13.4  2.8 12.9          403.4211.5136.6178.8199.1264.1390.3300.8452.0 92.9 97.7 41.1508.9150.6498.9          288.5193.7248.1273.4350.8487.8392.5549.0123.1128.6 62.8602.5212.0593.3           93.9113.9128.1175.5277.2203.8332.2 54.5 57.3 24.2386.4105.5376.6           76.0 86.9111.3185.0131.1228.1 31.9 33.6 14.2273.2 61.7264.9          106.4147.3237.8172.0288.4 44.1 46.4 19.6339.6 85.3330.2          164.8262.4191.7315.9 50.4 53.1 22.4369.1 97.6359.4          338.3255.1397.9 73.4 77.2 32.5454.6123.2444.5          379.5536.2117.1122.4 59.3590.4202.8581.0          440.9 88.5 93.1 39.2497.9144.6487.9          147.5153.9 77.6645.4248.6636.8           19.5  8.3180.8 35.8174.5            8.8188.3 37.7181.8           99.4 15.9 95.1          296.0683.2          287.3                         
1023220218 28.9 25.4 17.1 37.0 34.0  5.7 24.2  5.1 19.9  3.9  8.5 16.7 12.8 75.1  8.8 85.0 75.1 29.3  6.8  6.0  4.3  8.5  7.8  2.0  5.8  1.9  4.9  1.7  2.7  4.2  3.4 16.1  2.8 18.1 16.1  6.8286.8215.8367.4348.4 99.5276.9 87.8242.7 65.4129.8212.0170.3524.1134.4552.2524.1316.0194.9338.9320.5 87.3252.2 77.0220.0 57.4115.9191.4152.8494.3120.0522.8494.3289.4260.2244.3 59.2187.2 52.2161.3 38.9 89.7138.8109.3404.5 93.4433.1404.5217.9404.6112.5328.1100.6290.4 84.1160.6256.0208.1580.0166.0606.6580.0370.3104.2310.0103.5273.4 77.1149.4240.2194.4561.1154.5588.3561.1351.2 83.0 18.6 69.2 13.9 31.8 57.8 43.9199.4 33.1219.7199.4100.8 73.2211.7 54.5110.9183.8146.5482.6114.8511.3482.6279.4 61.0 12.3 28.1 51.0 38.7180.4 29.2199.3180.4 88.9 45.4104.9158.3125.3440.3 97.7469.2440.3245.0 21.0 38.0 28.9141.3 21.8157.0141.3 66.2 87.7 66.6272.3 50.2296.9272.3131.3107.1399.3 91.3427.8399.3214.1338.2 69.3365.4338.2172.1280.0731.0711.3527.1305.0280.0135.9731.0555.1527.1
1023220314 33.2  4.2 11.0 73.1  4.4 33.2 19.4  3.4 14.8  5.5 36.8 17.9 42.5 47.3                      7.0  1.6  2.8 14.3  1.6  7.0  4.4  1.5  3.5  1.9  7.7  4.2  8.8  9.7                     81.7168.2550.1 86.6374.5264.2 63.1214.4 97.5398.1249.0431.3456.5                     26.8147.9 11.4 81.6 48.0  8.4 36.3 14.3 90.6 44.2104.7103.7                    299.7 28.4168.1106.7 20.7 91.1 35.7183.0 99.3205.2223.2                    155.3549.9428.2118.6364.6187.4573.0409.4603.9626.4                     86.5 50.9  8.9 38.4 15.1 96.1 46.9 99.2109.3                    263.9 63.1214.2 97.4397.9248.8431.0456.2                     37.1139.1 64.0284.2164.4313.5336.5                     28.1 11.1 70.0 34.2 81.0 90.3                     48.3232.0129.7258.1278.9                    106.9 59.0121.4133.4                    268.3455.2480.5                    296.8319.2                    513.8                                                                      
1023220412 23.7  8.3  8.8 26.3 26.0 20.4  3.2 33.3  9.3  8.7  2.8 21.6                                4.5  2.2  2.3  4.9  4.8  4.0  1.4  6.0  2.4  2.3  1.4  4.1                              106.8112.6254.7252.6212.9 41.6301.5119.4112.4 36.5219.7                               48.9117.0115.8105.4 16.0143.9 52.3 48.8 14.0 98.2                              123.2121.9 99.8 16.9151.2 55.5 51.8 14.9103.5                              272.0230.3 46.1322.8130.6123.0 40.4237.5                              228.3 45.5320.4129.3121.8 40.0235.5                               36.3274.5106.0 99.6 31.9197.7                               58.6 18.1 16.9  5.0 37.8                              160.0151.0 51.4282.4                               55.4 15.9109.9                               14.9103.3                               33.2                                                                                                                                       
1023220513  7.2  6.1 20.1 44.8 10.8 30.1  4.9 33.5  4.4 30.1  3.8 17.4 24.6                           2.3  2.0  4.8  9.7  2.9  6.7  1.8  7.4  1.7  6.7  1.6  4.2  5.6                          28.6 89.4163.3 46.6116.0 22.6127.4 19.9116.0 16.8 77.1 96.3                          74.8140.7 39.0 99.1 19.0109.1 16.7 99.1 14.1 64.5 90.0                         333.1107.9253.0 59.1273.4 51.9253.0 43.9166.1216.3                         209.5420.8114.7445.8102.3420.8 97.1302.2373.4                         151.5 30.8165.7 27.1151.5 22.9105.3126.8                          87.6354.8 76.9331.4 65.0226.7288.3                          97.6 13.2 87.6 11.2 51.0 71.0                          85.7354.8 72.4245.7310.2                          76.9  9.9 44.8 62.4                          65.0226.7288.3                          37.8 52.7                         192.7                                                                                                    
1023220618 11.0  4.8 21.5  7.6 40.5 58.1 44.9  6.2  6.2 19.2  6.9 66.8  9.3 76.9 40.9 10.9 67.1 44.9  3.2  1.9  5.6  2.6  9.9 13.6 10.9  2.3  2.3  5.1  2.4 15.5  3.1 17.7 10.0  3.2 15.6 10.9 30.4114.9 50.4196.9254.0213.4 40.7 40.4105.3 45.4280.8 62.7309.3198.4 65.8281.8213.4 59.9 23.1101.5136.1111.2 18.7 18.5 54.2 20.8153.3 28.7172.3102.4 30.1153.9111.2 99.3321.8395.4343.8 80.2 79.6187.0 89.4427.6109.0460.3323.9113.8428.8343.8157.1205.9171.0 30.9 30.6 89.9 34.4229.3 47.5254.7158.4 49.8230.3171.0543.1490.1131.2130.2301.2143.9574.2187.7604.4468.6195.1575.4490.1566.1173.8172.6373.1189.6643.8243.1670.6545.4251.9644.8566.1143.3142.3322.6156.9596.4203.7625.7492.5211.5597.5513.9 24.8 72.6 27.8194.5 38.4217.2132.3 40.3195.4143.3 72.0 27.6193.3 38.1215.9131.4 39.9194.1142.3 81.0404.8 99.8437.3303.3104.2406.0322.6211.8 42.8235.8145.1 44.9212.6156.9269.2695.6576.4278.5671.4596.4297.0189.3 62.0270.2203.7606.5306.9696.5625.7196.6577.5492.5279.6211.5597.5
10232207 8 12.6 25.2  7.8 11.2 13.8  8.5  1.9  3.2                                                    2.2  3.8  1.8  2.1  2.4  1.9  1.2  1.3                                                  149.0 60.1 78.0 97.7 65.9 11.6 22.7                                                  106.9134.2162.1116.0 23.2 45.4                                                   53.2 66.5 44.9  8.0 15.5                                                   86.4 58.3 10.3 20.1                                                   73.0 12.8 25.1                                                    8.7 17.0                                                    3.1                                                                                                                                                                                                                                                                                                                                     
1023220814 17.4  8.1 31.9  3.7 17.3 30.5 12.4 28.8  8.0 24.1 20.5 17.1  8.8  3.6                      4.0  2.4  6.7  1.6  4.0  6.4  3.0  6.1  2.4  5.2  4.6  3.9  2.5  1.6                     87.6236.7 37.6146.0228.8108.1219.1 87.1189.9168.9144.7 95.6 35.5                    136.0 18.9 86.9130.8 61.4124.5 43.7106.0103.5 85.9 48.0 17.9                     68.2235.3346.2179.5333.9135.3295.8267.4233.4146.4 64.5                     37.3 65.2 26.4 61.6 18.8 51.3 44.4 36.9 20.6  7.8                    227.4107.3217.7 86.4188.6167.8143.7 94.8 35.2                    173.0324.3130.2286.7258.8225.6140.9 61.6                    165.1 61.0141.6125.1106.3 67.0 24.9                    123.9275.5248.3215.9134.2 58.2                    105.5102.9 85.5 47.7 17.8                    216.3187.0114.5 48.4                    166.3100.7 41.9                     93.8 34.8                     19.5                                                                      
1023220914 14.2 14.3  6.4  4.8 33.4 13.1  7.2 14.1 32.6 20.1 17.6  3.8 42.5  9.4                      3.6  3.7  2.1  1.8  7.5  3.4  2.3  3.6  7.4  4.9  4.4  1.7  9.4  2.9                    102.1 54.5 40.0208.0104.4 61.9100.8204.2138.6123.1 31.1250.2 82.4                     55.2 40.5210.1 95.0 62.8101.9206.3140.2124.6 31.5252.6 83.5                     19.3113.1 50.2 29.8 54.4110.8 78.3 68.3 15.0139.8 39.7                     94.6 36.9 21.9 39.9 92.4 57.5 50.1 11.1106.9 29.2                    195.1126.5207.6371.4272.4246.7 73.4432.4161.2                     57.1104.2191.5129.3114.7 28.7235.6 76.0                     61.8124.0 89.1 77.6 17.1155.8 45.1                    203.8138.3122.9 31.0249.8 82.3                    267.9242.4 71.7427.0158.0                    167.4 44.6321.8105.1                     38.9293.5103.3                     93.8 22.7                    196.5                                                                      
1023221016  3.2 35.7 36.5 49.0 14.2 24.1  7.9 30.6  7.6  4.5 26.4  5.6 45.9 19.9 61.2 29.6            1.5  7.5  7.6 10.0  3.4  5.3  2.4  6.5  2.3  1.7  5.7  1.9  9.4  4.5 12.0  6.3           63.1 64.4 86.8 25.0 42.3 15.2 54.0 14.5  8.3 46.3 10.6 81.3 35.5 94.9 52.1          412.6481.4219.8319.8146.2372.6141.1 94.0339.2106.8466.3283.7526.6364.7          486.3223.4324.2148.8377.4143.6 96.1343.7108.8471.2287.9531.4369.4          277.8389.5190.0445.4183.7113.6410.3140.9539.4350.2596.8437.2          159.8 68.7194.7 65.9 37.3172.3 47.8265.2137.7317.6189.3          103.3288.0 99.5 63.0258.5 80.9374.8211.5434.6280.9          128.0 39.7 22.5112.0 28.8180.2 97.4221.5124.1          123.4 80.5306.4103.3430.3254.0491.0330.9           21.6108.0 27.7174.2 93.4214.5119.6           69.1 15.7107.2 52.8134.7 77.7           88.6395.4226.8455.7299.1          133.2 67.8166.1 99.7          336.0582.9422.1          394.1247.5          482.8                         
1023221118 25.1 36.5 28.5 14.0 47.4 71.6 30.7  3.8  8.6 59.6  6.1 13.7 14.1 37.2 16.2 12.5  5.8 20.1  6.0  8.5  6.8  3.7 10.8 15.6  7.2  1.7  2.8 13.1  2.1  3.6  3.7  8.6  4.2  3.4  2.1  5.1333.6281.8163.9391.7480.6296.9 55.1117.0438.1 92.0160.1164.1337.6184.5148.6 86.8220.3361.5221.8479.3566.8378.4 80.6161.9525.8117.6217.0222.0422.7247.3202.5111.8290.5182.0421.0510.1323.4 62.6130.9467.9104.6177.9182.2365.6204.3165.4 98.8242.7269.3348.6193.4 30.9 75.0309.7 51.5 97.0 99.5225.0113.1 99.0 48.6137.7622.6438.5105.0200.3584.2147.5264.0269.6483.6298.0247.4140.4345.6527.4132.4267.5662.3201.9342.5348.9570.9380.8323.5193.0432.5 67.6139.6485.4100.6189.1193.6382.6216.6176.0 95.6256.5 20.8112.9 14.4 30.0 30.9 82.1 35.7 27.5 13.6 44.8234.0 34.7 72.9 75.1164.4 86.7 66.7 32.8 97.4174.4303.9309.9530.0340.4285.9166.4390.5 50.1 51.6119.5 59.6 45.8 22.5 74.7 97.1220.2110.4 96.3 47.3134.4225.2113.2 99.2 48.7137.8250.7205.5113.6294.3102.0 56.2155.6 43.2124.4 70.5
1023221216 45.0 38.8 22.4  9.4 14.4 12.5 52.9  4.9 26.1  9.1 45.5 27.9  7.0 46.7 14.3  2.9            9.2  8.0  4.9  2.7  3.4  3.1 10.7  1.8  5.6  2.6  9.3  5.9  2.2  9.5  3.4  1.4          480.7353.1205.6264.0236.4551.9115.8388.2201.2517.7403.3160.9523.6262.1 72.6          321.0182.6236.5210.9518.1101.4354.8178.5483.3369.5141.9489.3234.8 62.5          113.8151.6133.4389.3 65.0242.3111.0355.5254.4 95.6361.2150.3 35.7           84.0 72.2232.9 30.2130.6 58.5207.4138.2 44.3211.6 83.1 16.7          100.8295.7 42.1172.7 81.6266.0182.2 61.9271.0103.1 23.2          266.2 36.2152.5 70.2238.4161.1 53.2243.0 99.8 20.0          133.3425.3228.0554.4440.6183.7560.1293.7 85.5           76.1 29.3116.9 81.3 22.3119.6 41.7  8.4          127.4390.7284.6 99.9396.5171.3 41.8          202.9134.9 43.1207.1 80.8 16.2          405.8162.3526.1264.1 73.4          106.0411.7180.8 44.7          165.9 61.2 12.3          269.1 75.4           22.9                         
