0124230110 32.1 28.2 17.8 27.0  7.9  3.8 14.8  4.9  5.7  2.7                                          6.1  5.4  3.7  5.2  2.2  1.4  3.2  1.6  1.8  1.3                                        330.4241.9321.4133.7 69.9209.6 93.1 98.9 46.2                                        218.6293.8119.1 61.1188.7 81.4 96.8 40.4                                        211.6 87.1 39.0129.8 51.9 61.7 25.8                                        114.7 58.5182.3 78.0 92.8 38.7                                         18.7 72.1 24.9 29.6 12.4                                         32.3 11.2 13.3  5.7                                         43.0 51.1 21.4                                         17.7  7.5                                          8.9                                                                                                                                                                                                                            
0124230214  4.0 15.1  4.3 22.6  6.9 36.4 34.0 11.4 15.4 38.3 24.8 19.8  4.3 19.1                      1.6  3.8  1.7  5.3  2.3  8.1  7.6  3.0  3.8  8.5  5.7  4.8  1.7  4.6                     35.0 10.4 52.0 17.4 84.4 79.0 26.1 35.6 89.1 57.2 46.3 10.5 44.6                     37.8159.3 64.0233.9222.4 96.3115.4243.4172.4144.6 38.3140.0                     56.1 18.8 91.2 85.3 28.2 38.5 96.2 61.8 50.0 11.3 48.1                     95.0309.5295.8123.9161.6320.6234.8199.6 56.8193.7                    132.4125.0 47.6 65.1138.6104.6 84.6 19.0 81.5                    400.8185.9236.9428.3329.5286.0 92.3278.5                    176.1225.3413.0315.4272.9 86.3265.6                     98.0193.9134.5111.9 28.5108.2                    246.5174.8146.7 39.0142.0                    340.9296.7 97.4289.1                    215.0 62.5208.8                     50.6176.5                     48.7                                                                      
0124230316 36.6 39.8 35.2 45.9  8.8  8.7  4.7 51.9  2.9 87.0  9.3 23.1 26.6 13.3  8.2 19.7            7.4  8.0  7.2  9.2  2.5  2.5  1.8 10.3  1.4 16.3  2.6  4.9  5.6  3.2  2.4  4.4          438.4409.7471.7164.5162.3101.1500.5 57.3609.1172.9315.3346.2212.5155.0286.3          428.9491.1176.2173.8 98.2519.7 62.3626.3185.0332.9364.5226.5166.2303.1          462.2159.0156.9 97.0491.1 55.0600.5167.1306.8337.3205.8149.8278.2          197.7195.1111.7552.2 72.0654.6207.3364.3396.8252.1186.8333.2           51.5 26.5217.9 15.1310.1 55.6110.0124.9 72.1 48.7 96.9           26.1215.1 14.9306.7 54.7108.4123.2 70.9 47.9 95.5          124.5  7.7187.7 28.1 63.1 73.0 36.5 24.7 54.7           81.5677.8228.1392.2425.4275.7206.1360.3          116.6 16.0 35.8 41.4 20.7 14.1 31.1          322.7505.4538.4379.3295.5472.5          116.0131.6 76.6 51.7102.3          251.4145.1103.3202.1          163.8117.4226.1           67.1128.5          100.7                         
0124230414 44.4  4.5  3.3 13.4 22.4 39.3 41.5 14.7 24.8 11.0  3.7 17.7 32.4 16.4                      8.7  1.6  1.4  3.2  4.7  7.8  8.2  3.4  5.2  2.7  1.5  3.9  6.6  3.7                    103.4 81.8247.9349.9480.7493.5265.6373.5212.3 93.9303.5435.5287.1                      8.6 35.0 58.0103.2 97.5 38.5 64.6 28.5  9.8 46.6 84.8 43.0                     24.6 40.8 72.5 76.6 27.1 45.4 20.1  7.0 32.8 59.6 30.2                    142.5226.5236.0 99.6156.0 82.6 28.2118.0194.6109.9                    323.9335.6154.5233.2119.5 46.8180.8284.0169.3                    465.5243.2346.8193.1 83.2279.3407.7263.7                    253.2358.9201.7 87.9290.1420.3274.2                    168.7 90.8 31.0128.2209.7119.5                    131.1 52.1197.0305.5184.6                     23.0 98.4164.9101.5                     37.6 68.4 34.7                    242.6141.0                    228.3                                                                      
01242305 8  4.4  3.0 11.5  6.1 25.4  6.8  9.0  3.7                                                    1.5  1.3  2.7  1.9  5.1  2.0  2.4  1.4                                                    7.7 29.5 17.1 65.6 19.0 25.5  9.7                                                   18.7 10.9 41.5 12.1 16.2  6.2                                                   42.2138.5 46.8 63.2 23.8                                                   94.0 27.1 36.5 13.8                                                  104.3122.3 52.8                                                   40.5 15.3                                                   20.6                                                                                                                                                                                                                                                                                                                                     
0124230614 36.3 20.8 22.4  5.3 35.6  5.7  3.3  6.3  9.5 12.3 24.1 26.7 14.0 25.6                      7.9  4.9  5.1  1.9  7.8  2.0  1.5  2.1  2.8  3.2  5.5  6.0  3.5  5.8                    295.4307.1102.3410.6110.0 66.3120.9174.4198.5322.9345.4219.3335.7                    206.1 66.4291.7 72.0 38.3 80.3109.3125.9218.6236.6140.6228.8                     70.3303.2 76.3 40.5 85.0115.0132.3228.3246.9147.6238.8                    100.6 19.2 10.3 21.4 32.9 38.7 75.8 84.3 44.0 80.6                    108.2 65.0118.9171.7195.5319.0341.3216.2331.7                     11.2 23.2 35.7 42.0 82.3 91.5 47.8 87.4                     12.4 19.1 22.4 43.7 48.6 25.4 46.4                     39.8 46.8 91.7101.9 53.2 97.4                     72.2122.9134.5 82.1129.4                    141.2154.2 96.6148.5                    260.9157.3252.6                    171.6272.4                    165.4                                                                      
0124230716 35.7  2.3 20.8 24.8 22.1 12.8  7.7 20.6 39.2 15.1 31.7 39.7 11.1  9.5 25.1 11.1            7.3  1.3  4.6  5.2  4.7  3.1  2.3  4.5  7.9  3.5  6.5  8.0  2.7  2.6  5.3  2.8           42.6292.3325.5301.8202.5144.1290.7429.5231.2380.0432.1179.0172.2328.3179.9           25.0 29.4 26.2 15.3 10.1 24.8 46.8 18.1 37.7 47.3 13.1 12.5 29.8 13.2          223.1204.3130.4100.0195.7311.5151.0268.2313.8113.9109.3225.4114.6          231.2149.6104.3221.8345.7172.5300.0348.1131.1125.8254.1131.8          135.8104.8203.1321.2157.0277.2323.6118.7113.9233.5119.4           60.7129.5217.8 97.9183.7219.7 78.9 75.2151.3 79.4           99.2156.0 72.2129.8157.4 52.0 49.6105.5 52.3          309.8150.0266.7312.1113.2108.5224.1113.8          247.9401.3453.8193.0185.8348.6194.0          210.5250.0 93.8 89.4174.4 94.4          403.8161.8155.6302.7162.7          194.7187.4351.0195.7           64.4132.6 68.0          127.3 64.8          133.3                         
0124230812 16.9  4.3 25.7 24.1 21.0  4.1 12.5  9.1 26.9  3.5  8.2 18.1                                4.0  1.6  5.6  5.3  4.8  1.6  3.1  2.6  5.8  1.5  2.4  4.2                               42.1194.7184.6167.5 40.2105.2 95.9202.1 33.1 85.4147.4                               63.6 59.5 52.8 10.5 30.7 24.8 66.7  8.7 22.1 45.3                              253.5232.0 60.8150.5125.4275.1 50.0113.3206.2                              220.6 56.9142.3118.4262.4 46.8106.9195.8                               50.5128.4106.6240.4 41.5 96.1177.9                               29.4 23.8 63.8  8.3 21.2 43.3                               69.9156.6 24.2 62.3112.3                              130.7 19.6 50.3103.2                               52.5118.2214.0                               17.4 35.6                               91.9                                                                                                                                       
0124230913  4.7 19.9 16.7 32.3 27.5 14.4 15.9 13.0 11.7 19.4  9.4  4.1  3.9                           1.7  4.7  4.0  7.1  6.1  3.6  3.9  3.3  3.0  4.6  2.8  1.6  1.6                          56.0 46.6 89.9 76.3 40.0 44.4 36.0 32.2 54.4 28.9 11.7 11.1                         158.2263.7233.9139.1151.9127.0115.4179.8104.6 47.4 45.0                         230.4203.2118.7129.9108.1 98.1154.6 98.1 39.4 37.5                         325.9204.9222.0188.3172.5258.5157.3 76.1 72.2                         179.9195.5165.0150.6229.1137.1 64.6 61.3                         113.7105.0 94.1135.9 84.2 33.9 32.2                         103.5104.5148.4 93.4 37.6 35.7                          84.6123.9 75.7 30.5 28.9                         112.7 67.8 27.3 25.9                         102.1 46.1 43.8                          24.4 23.2                           9.4                                                                                                    
0124231012  4.6  7.2 37.3  4.4  6.4  3.5 16.6 18.5 29.8 28.3  9.0 36.8                                1.7  2.3  8.0  1.7  2.1  1.5  4.0  4.4  6.5  6.2  2.7  7.9                               21.3102.1 12.5 18.8  9.6 45.6 50.9 81.3 77.2 26.9100.7                              140.2 20.1 30.2 15.4 73.7 82.3115.1110.0 43.5138.5                               96.1125.3 73.5256.3277.4375.8364.2170.4424.3                               17.7  9.1 42.9 48.0 76.6 72.6 25.4 94.8                               13.6 64.7 72.2102.6 97.9 38.2123.8                               32.9 36.7 58.5 55.6 19.4 72.5                              148.3216.3207.7 93.2253.7                              235.2226.1104.1274.6                              315.2141.0372.7                              134.8361.1                              168.5                                                                                                                                       
0124231114  4.9 24.3 25.8  9.2 16.1  4.9 13.3  8.9 17.9  5.2 15.1 22.8 17.4 11.8                      1.9  6.0  6.3  3.0  4.3  1.9  3.6  2.9  4.7  2.0  4.0  5.7  4.6  3.3                     69.6 74.1 29.2 46.5 14.9 38.0 28.2 51.9 15.8 43.6 65.3 50.5 33.7                    255.7120.9178.8 70.4151.5117.2195.1 74.6169.5233.1191.2136.7                    127.5187.9 74.9159.6123.7204.9 79.4178.3244.1200.8144.1                     92.8 29.5 75.9 56.2103.5 31.3 86.9114.3100.9 67.1                     47.0106.9 89.5140.0 49.8120.5169.7137.0 95.9                     38.5 28.5 52.4 15.9 44.0 66.0 51.1 34.0                     73.2117.7 40.8100.9143.6115.1 87.5                     99.9 30.2 83.9110.8 97.4 64.8                     55.6132.4185.5150.3105.7                     46.7 70.0 54.2 36.1                    160.9129.5100.2                    181.7129.4                    103.3                                                                      
01242312 9  2.5 22.7  3.6  5.9  7.8 17.1  8.3  7.4 25.7                                               1.3  4.2  1.4  1.7  2.1  3.4  2.2  2.0  4.7                                              29.5  4.8  8.3 11.2 22.5 12.0 10.6 33.5                                              45.5 79.5 96.7177.6103.3103.0242.5                                              12.7 17.2 34.7 18.5 16.4 51.8                                              29.8 60.5 32.1 28.5 90.5                                              82.3 43.6 38.6108.6                                              88.6 78.5197.0                                              41.6115.8                                             104.1                                                                                                                                                                                                                                                                              
0424330112 19.4  5.4 25.5  7.5  3.3 26.1  5.9 10.9 12.3 30.5  4.6 52.8                                4.5  1.9  5.6  2.3  1.5  5.7  2.0  2.8  3.1  6.6  1.7 10.9                               63.8216.7 90.6 36.5220.2 69.4105.6117.9248.3 52.5360.8                               82.9 26.6 10.8 84.6 20.4 35.0 39.7 99.4 15.5145.8                              104.5 47.4267.2 90.1132.7147.6298.6 68.2419.7                               15.3106.5 29.0 49.7 56.3122.5 22.0194.4                               48.4 11.8 20.1 22.7 56.8  9.0 99.0                               92.1135.2150.3303.0 69.7424.6                               38.1 43.1 96.8 16.9156.5                               74.1154.7 28.8239.9                              171.6 32.7262.8                               81.8461.6                              123.5                                                                                                                                       
0424330214  5.7  2.0 16.9 15.8 15.6 24.2 11.8 36.8 79.0 11.6 25.0 22.6 29.6 12.6                      1.8  1.2  3.4  3.2  3.1  4.5  2.5  6.4 12.7  2.5  4.6  4.2  5.3  2.7                      5.9 57.7 53.9 53.0 81.8 39.6110.3205.1 39.0 84.4 76.2100.3 42.5                     16.4 15.3 15.1 23.2 11.3 35.4 74.3 11.1 23.9 21.6 28.4 12.1                    131.3129.4185.8100.2257.1413.9 98.8190.5175.5218.0106.6                    121.9175.8104.8244.5398.2103.3180.3165.9206.7100.3                    173.4103.1241.5394.4101.6177.8163.6204.0 98.8                    135.9326.8494.5134.2248.8230.6281.5144.3                    193.0330.1 75.8139.5127.8161.3 82.6                    589.5190.8333.3311.8371.1204.1                    327.0501.6478.0540.9345.2                    137.8126.2159.4 81.4                    236.0287.6148.1                    267.7135.8                    170.9                                                                      
0424330315 53.0  3.1 74.8 12.0  2.7 25.1 77.2 11.3 33.1  7.7 13.3 29.9 26.7 30.1 28.3                 8.8  1.4 11.8  2.5  1.3  4.5 12.1  2.4  5.7  2.0  2.7  5.2  4.7  5.3  5.0                89.7653.3259.2 75.8416.7659.4247.3481.7197.9280.0457.7431.6459.7444.9               108.9 20.1  4.4 42.1112.0 18.8 55.7 14.1 22.4 50.2 44.9 50.7 47.5               322.6104.3490.2715.2309.2554.1252.1345.8530.8505.2532.9518.3                17.0142.5329.4 75.0179.9 56.0 89.2165.3150.5166.5157.9                35.5 96.4 15.9 47.1 11.9 18.9 42.4 37.9 42.8 40.2               497.6134.9311.8104.5156.1290.7268.7292.5279.8               315.9561.2258.0352.8538.1512.5540.1525.6               170.8 52.5 83.7156.8142.6157.9149.7               133.6196.2349.6325.4351.6337.7                62.4122.2110.7123.2116.5               180.6164.8181.9172.7               303.9329.2315.7               305.7292.7               317.6                                             
04243304 9  6.9 13.6  6.4 23.6 18.3  3.8  5.7  2.7 10.6                                               2.0  3.0  1.9  4.7  3.8  1.5  1.8  1.3  2.5                                              57.3 29.2 99.5 78.3 16.4 25.8 11.2 44.5                                              52.6150.5122.6 29.5 46.5 20.0 80.3                                              91.2 71.8 15.1 23.7 10.3 40.8                                             194.1 51.1 80.6 34.7121.2                                              40.2 63.4 27.3 98.1                                              13.3  5.8 22.9                                               9.1 36.1                                              15.6                                                                                                                                                                                                                                                                              
0424330518 55.1 52.7 26.2  2.1  5.9 80.7 56.7 78.7 50.4 34.7126.2 28.0 56.5 38.5 26.6 11.8  3.9 18.1  8.4  8.3  4.5  1.2  1.6 12.0  8.6 11.7  8.0  5.7 18.4  4.7  8.6  6.2  4.5  2.4  1.4  3.3589.6429.2 56.2158.4669.9599.5665.1580.0495.3743.6444.7598.7519.8433.3258.9105.8348.4425.1 55.2156.1666.6595.8661.8576.2491.2741.0440.7595.0515.8429.3255.6104.2344.6 27.2 92.3517.7435.8511.9414.9330.9615.5286.0435.0354.1276.3146.2 57.8209.0  6.7 82.5 57.8 80.4 52.8 36.2113.3 29.1 57.6 40.3 27.7 12.3  4.3 19.1215.4162.2211.2150.4108.5298.0 98.8161.7119.3 94.0 41.5 13.9 64.5675.2730.4658.2581.4792.8533.1674.5604.2521.9336.2147.5435.0670.5586.3501.9747.7451.4604.8526.4440.0264.3108.5354.7653.4575.9789.9527.3669.8598.8516.0330.8144.4429.1480.9734.4430.4585.5505.6419.0247.4100.1335.0671.2345.4501.1418.4334.8185.0 76.9259.0629.2747.2690.4619.2436.6211.9537.9450.6369.0289.6154.7 61.8220.2525.6439.2263.6108.2353.9358.0201.4 85.6279.4148.4 58.8211.9 26.0107.2 40.4
0424330615 64.5  9.0  3.7 12.5 61.4112.5 14.0 28.4 13.4 28.6 19.0 27.8  2.1 28.1 57.3                 9.6  2.1  1.4  2.5  9.2 16.3  2.7  4.7  2.6  4.7  3.4  4.6  1.2  4.7  8.6               255.4117.3300.4648.0749.9325.7484.9316.7486.5394.6480.2 66.0482.9634.3                20.9 68.9246.4370.2 77.8134.8 74.6135.6 95.5132.5 10.4133.8233.9                26.3112.3187.3 29.7 60.1 28.5 60.5 40.6 58.9  4.1 59.6105.5               290.4422.6 98.1163.8 94.0164.7117.3161.0 13.0162.6276.7               742.9315.3473.5306.5475.1383.4468.8 62.8471.5624.4               450.7608.8440.9610.2522.9604.5102.6607.0732.5               180.9 95.3181.9130.3177.9 14.7179.6300.9               174.7306.9231.0301.3 29.6303.7457.3               175.7125.7171.9 14.1173.5292.3               232.2302.7 29.8305.1458.9               227.4 20.1229.4367.8                29.0299.5452.6                29.4 58.6               455.3                                             
0424330718  8.0 62.4  2.7 62.8 21.6  4.1 22.2209.2 51.0  4.0 99.8126.1 15.5 43.4111.0 14.1 63.1114.2  2.2 11.1  1.3 11.1  4.4  1.5  4.5 35.5  9.4  1.4 17.3 21.7  3.4  8.1 19.1  3.1 11.2 19.7228.3 12.7229.4 95.2 20.6 97.4485.0199.3 20.0318.6369.1 77.0174.9341.3 69.6230.1347.4 88.6646.0413.1124.7419.0818.1609.4121.2727.3761.0341.7574.6743.3320.3646.8747.4 89.1 31.1  6.2 31.9225.4 74.3  6.0123.1150.3 22.6 63.1134.9 20.5 89.5138.2414.5125.4420.4818.7610.6121.8728.3761.8343.0575.9744.2321.6648.0748.3 50.5207.8675.6373.3 48.9521.6573.8157.3337.5545.7144.6415.4552.1 51.8318.3106.9  9.6184.9222.0 36.7102.6201.2 33.2125.8205.8680.2379.0 50.1527.4579.3160.7343.0551.4147.8421.3557.8800.6311.4854.6868.0613.4782.2861.1592.3819.1862.7103.8698.8736.1304.6535.5716.4284.4611.5721.0180.1216.5 35.5 99.3196.1 32.1122.3200.5814.8447.9669.8802.0424.7728.9805.0501.9710.5824.6478.8762.4827.1272.1472.6109.7343.9479.2688.9253.2576.8693.9449.4744.8815.6322.4456.0748.8
0424330812 58.7 15.3 27.8  2.1 38.8 31.3  3.7  8.6 18.9  9.2 18.0 12.1                                8.7  2.9  4.6  1.2  6.1  5.1  1.4  2.0  3.4  2.1  3.2  2.4                              325.3458.1 58.0535.6486.4108.2229.9372.1242.0361.8275.3                              191.7 15.6248.1210.9 32.7 81.5140.6 87.3135.1104.4                               28.0368.9322.3 59.1127.2226.6135.0218.7156.9                               39.2 31.6  4.0  9.6 19.3 10.3 18.4 12.2                              396.3 82.9169.0289.2178.7280.0205.9                               66.8141.2248.1149.7239.8173.4                               20.0 40.6 21.5 38.8 25.6                              101.1 53.3 96.5 63.7                               97.0162.0113.6                              103.4 68.3                              109.1                                                                                                                                       
0424330915 20.6 26.6  6.0 36.9 40.9 14.4 16.4 49.7 22.3  8.4101.2  2.1 43.6 32.1  5.1                 4.0  5.0  1.8  6.6  7.3  3.0  3.3  8.7  4.3  2.2 16.5  1.2  7.7  5.8  1.6               235.0 75.6297.9319.3143.9160.7361.3204.7 96.6518.5 22.4332.8269.8 62.9                96.3348.7371.6175.9195.4415.8245.9119.6572.5 28.5386.0318.3 80.1               117.3128.4 52.2 59.5151.6 80.4 33.1259.7  7.0135.7103.5 19.4               447.3228.2251.6492.5310.4158.8641.6 39.7462.2390.9 99.7               246.5271.1516.3332.2172.9661.5 44.0486.2414.5109.3               117.1283.5151.5 74.4432.9 15.5258.3204.5 43.4               310.1169.0 84.8463.3 17.7283.5226.3 49.5               374.9202.1696.6 53.5530.9459.6129.6               102.0532.4 23.8346.0281.7 66.9               330.8  9.9182.1140.8 27.5                95.4673.4612.8226.6                46.9 34.4  5.9               429.2115.6                96.8                                             
0424331015 31.7  5.5 15.4 13.0  2.6 36.4  8.0 28.2 53.3  8.8 69.6 12.5 16.4  8.6 59.9                 6.5  1.9  3.5  3.1  1.4  7.3  2.3  5.8 10.5  2.5 13.1  3.0  3.7  2.4 11.4               105.0213.8186.3 43.7384.8133.4328.2473.4145.4528.7180.6224.6142.6493.9                51.0 42.8  8.2106.7 28.6 93.1148.9 31.7181.6 41.1 54.3 31.0160.4               100.7 21.3237.4 75.6194.7311.7 83.6363.4 97.3124.4 81.7330.4                17.9207.7 63.4169.0276.4 70.2325.3 91.2106.6 68.6294.0                50.1 12.0 38.8 73.8 13.3 93.9 17.2 22.7 13.0 80.6               150.0358.0505.2163.1559.6201.5248.9160.1525.5               120.2205.0 46.9246.2 61.0 80.6 45.9219.6               445.6131.2501.3163.7204.7128.7466.2               221.7640.5269.0325.1217.9609.8               264.9 67.5 89.2 50.8237.1               317.3377.6260.6657.7               103.1 66.0286.3                87.2344.1               233.1                                             
04243311 9 10.8 13.6 13.9  2.8 25.9 11.4  7.5 28.1  2.2                                               2.1  2.4  2.5  1.2  4.0  2.2  1.8  4.2  1.2                                              81.8 83.6 16.3133.3 68.1 49.1142.9 11.9                                              95.7 20.8163.7 86.9 62.6174.9 15.1                                              21.3166.7 88.9 64.1178.1 15.5                                              39.5 17.4 12.6 42.8  3.2                                             140.4105.7284.6 28.6                                              52.2150.4 12.6                                             113.5  9.2                                              31.0                                                                                                                                                                                                                                                                              
0424331218 19.7  4.8 40.0112.2 16.7 69.3 41.4  3.7  8.5 29.8 59.3 30.9 44.3  4.5 17.7 37.2  6.8 56.7  4.7  1.7  8.7 22.6  4.1 14.2  9.0  1.6  2.6  6.6 12.3  6.9  9.6  1.7  4.3  8.1  2.2 11.8 55.7304.4530.8157.3419.7311.2 42.2103.8246.2383.9253.4325.6 52.2165.1289.2 83.0373.8100.5231.9 47.2158.2103.4 10.6 25.9 83.4138.5 86.7110.0 13.1 50.0104.5 20.7133.3676.4271.4580.0468.6 85.4171.4391.9545.3400.8484.6 94.8282.8443.5142.2535.2492.8759.5682.3187.0355.6618.2737.2626.2694.5220.8506.2662.5307.9730.4381.9277.8 35.8 87.9217.3347.1224.0291.4 44.2143.7257.1 70.3337.3587.0125.0257.2512.8655.1521.8601.7149.8395.1563.5217.6646.5 88.2176.0399.3552.6408.3492.2 97.6289.3451.1146.2542.6 19.7 63.2108.9 65.7 94.6 10.0 37.9 79.2 15.8104.6133.2228.9137.7186.1 24.3 93.2161.1 38.5221.2476.5334.1415.1 78.1227.2374.9109.6466.1485.6567.9131.1359.9528.3192.5615.0424.1 81.3234.1383.7113.4475.2103.8303.2467.1154.9557.9 46.9 97.9 19.4126.1268.2 74.5350.0133.3518.0185.7
0724230110 12.3  7.9 30.1 20.6  5.8  2.9 28.8 13.6  2.6 17.7                                          2.5  2.0  5.1  3.7  1.6  1.3  4.9  2.7  1.2  3.3                                         59.4169.9124.4 42.8 19.0163.3 93.5 17.1108.7                                        127.0101.7 30.3 13.5121.9 66.2 12.2 87.1                                        257.3 95.1 46.8321.1185.4 42.1229.5                                         73.2 32.4248.5136.5 29.1171.7                                          9.8101.0 47.7  8.8 62.7                                         44.6 21.1  4.0 27.8                                        178.4 40.1221.4                                         19.0119.5                                         25.0                                                                                                                                                                                                                            
0724230216 12.6 29.1100.0  7.7  6.6 15.0 29.0 12.8 29.5 24.4  2.7 43.1 45.8  5.5 15.6 58.1            3.0  6.1 18.8  2.3  2.1  3.5  6.1  3.1  6.1  5.2  1.4  8.7  9.2  1.9  3.6 11.2          169.1398.3 59.6 50.2 95.3168.2 90.5170.7145.5 17.9231.0241.7 41.4 99.2281.8          589.7120.6103.7195.1315.5171.7319.2280.2 41.5403.9417.7 96.2202.2467.0          311.2276.7439.1588.3402.5592.1550.2121.6668.9680.0240.5449.6716.3           33.7 71.2119.9 60.7121.8102.9 12.1168.7177.3 27.8 74.5210.0           60.0103.1 51.2104.8 97.5 10.2146.3153.9 23.4 62.8183.4          194.2 96.9196.9168.7 21.4263.3274.9 49.4116.2317.9          170.8317.9279.0 41.2402.4416.3 95.6201.2465.6          173.3147.8 18.3234.2245.0 42.1100.9285.4          282.5 42.0406.5420.3 97.3204.1469.7           34.7363.3376.7 80.3175.1425.3           61.7 65.5  8.5 22.4 81.2          509.2123.9271.9557.4          130.6283.7570.7           51.7156.4          327.5                         
0724230311 21.9 26.1  2.8 36.3  8.8 14.4 23.8  2.6  6.5 25.9 12.3                                     3.8  4.4  1.3  5.9  2.1  2.8  4.1  1.2  1.7  4.4  2.5                                   238.1 33.6302.1105.1148.6221.9 29.5 85.2237.2129.4                                    40.2339.8123.1172.5253.8 35.3102.0270.3150.8                                    56.1 15.0 22.3 36.6  3.9 10.8 40.0 19.0                                   163.5224.6320.0 49.4123.6338.7198.1                                    78.5113.4 13.2 37.8122.5 66.7                                   159.8 19.6 56.4171.8 99.5                                    32.2 92.9252.8139.3                                     9.5 35.1 16.7                                   101.5 47.9                                   150.1                                                                                                                                                                               
0724230416 13.1  3.2 18.9 17.3  8.9 46.4  7.2 47.5 16.7 14.2 47.3 25.3 15.5 16.2 27.3  5.2            3.3  1.5  4.5  4.2  2.6  9.9  2.3 10.1  4.0  3.5 10.0  5.7  3.8  3.9  6.1  1.9           23.3122.4113.1 71.4251.4 57.7255.5109.1104.5254.7155.3102.2106.4165.3 40.4           34.0 31.1 17.3 83.1 14.0 85.0 29.9 25.3 84.6 45.0 27.8 29.1 48.5  9.9          157.0104.8327.4 84.6332.1151.8131.6331.3211.4142.7148.2223.9 59.2           95.7308.5 77.3313.1140.6121.7312.2196.9132.1137.3208.9 54.1          200.8 42.9204.3 91.9 77.7203.7120.6 85.4 89.4128.7 30.1          169.2534.7300.2267.1533.8388.7285.5294.5405.8125.3          172.3 74.2 62.7171.7 99.9 69.0 72.2106.8 24.3          304.7271.4538.8393.7289.9299.0410.9127.7          117.5303.9190.7127.6132.6202.4 52.0          270.6166.5110.2114.6177.0 43.9          392.8289.1298.2409.9127.2          179.8186.5274.8 78.3          124.5191.0 48.3          198.0 50.5           84.5                         
0724230518 25.1 18.6 38.9  3.5  4.5 31.7 27.4 33.1 26.3 51.9 33.6  6.8 55.9129.6  4.4 50.8 18.9 15.9  5.6  4.4  8.3  1.5  1.7  6.9  6.1  7.2  5.8 10.9  7.3  2.2 11.4 25.5  1.7 10.7  4.4  3.8207.4347.1 49.8 65.7303.6274.2312.8266.3412.6316.0104.2423.4612.7 64.6407.5209.5182.2287.2 37.4 49.3248.0222.1256.2215.1348.3259.1 78.2358.5550.9 48.5343.4166.5143.7 77.5102.3399.6366.5409.8357.3514.6413.4138.1525.2696.6100.6509.4289.8255.7  9.3 63.1 54.5 66.0 52.2104.0 67.0 14.7 97.5199.1  9.2101.7 37.9 31.8 83.2 71.8 87.0 68.9119.5 88.4 19.3124.4245.8 12.1117.1 50.0 41.9321.9363.4313.3467.1366.8115.5477.9659.5 81.8461.9250.3219.3331.4283.4433.0334.7101.4443.8630.8 70.6427.8224.3195.5322.6477.4376.8120.1488.2667.8 85.6472.2258.6226.9423.4325.9 97.7434.2622.4 67.7418.3217.3189.2481.0176.2590.0743.0117.7575.0351.1313.4121.8491.8670.7 86.9475.8261.5229.5183.0337.4 19.0173.0 79.2 66.3749.7122.6585.1361.4323.2242.8739.7553.8513.8115.4 49.1 41.2346.2308.7145.3
0724230616 39.5 17.6 44.0 35.3 33.5  2.4 57.5 41.3 24.7 14.9 27.7 13.4  6.8  3.7 17.1 39.0            6.9  3.5  7.6  6.2  5.9  1.3  9.5  7.2  4.6  3.0  5.0  2.8  1.9  1.4  3.4  6.8          279.3479.9428.7416.5 50.0535.2465.0346.9246.2372.8226.8139.9 83.8272.9451.5          300.9257.7247.9 22.5352.0288.0195.7129.1214.5117.3 73.7 37.5145.7276.5          453.8441.5 55.8559.4490.1370.8266.3397.3245.9153.3 93.4294.2476.6          390.8 44.7509.5438.9322.7226.3347.9208.0127.0 74.8251.6425.4           42.4497.3426.6311.6217.3336.5199.5121.2 70.9242.0413.2           71.0 52.3 31.1 18.9 35.0 16.9  9.4  4.9 21.7 49.3          545.1425.6314.5452.7292.0186.8105.4344.8531.9          356.6254.3382.7234.5145.2 87.6281.5461.7          169.9273.1155.1102.2 52.0190.6343.8          186.8100.4 61.8 31.5125.4243.6          170.9102.3 58.5209.1369.6           55.4 28.2113.9224.3           15.6 71.3138.2           36.3 82.6          270.1                         
0724230716 60.4 28.2 11.8 11.1  6.0 48.4  8.5 13.7  8.2 40.0  5.7  3.0 24.7 95.2 39.6 48.4           12.3  6.3  3.1  2.9  2.0 10.3  2.6  3.4  2.5  8.6  2.0  1.5  5.6 19.1  8.5 10.3          468.0276.5262.7175.1591.1233.9307.0226.5548.9167.5 99.0436.7714.5546.7591.1          155.8146.7102.6422.9128.2176.7123.5379.0 97.2 47.1275.9571.7376.7422.9           72.6 42.8240.1 62.0 90.9 59.4207.3 40.5 19.7139.0372.5205.7240.1           39.8227.4 57.6 84.6 55.2195.9 37.7 18.4130.7356.5194.3227.4          149.0 34.0 49.8 32.6126.3 22.3 10.9 89.6249.4125.2149.0          201.4268.3194.7504.6142.3 81.4392.0681.2502.3548.4           72.2 47.2172.6 32.2 15.7113.9322.5171.1201.4           69.2233.0 47.2 22.9158.1407.0231.2268.3          166.6 30.9 15.0109.7313.5165.2194.7          120.5 67.1349.0645.1457.7504.6           10.3 84.9239.7119.5142.3           41.1133.9 66.4 81.4          541.7346.8392.0          643.1681.2          502.3                         
0724230811  2.2 20.0 14.0 25.2 25.4 19.9  7.1 28.2 21.5  3.8  6.4                                     1.2  3.7  2.8  4.4  4.4  3.6  1.9  4.8  3.8  1.4  1.7                                    22.3 15.5 27.6 27.8 22.1  8.6 30.9 23.5  4.3  7.7                                   136.8219.8221.1184.3 88.0239.4193.7 43.4 79.1                                   164.2165.3135.9 61.0180.1143.3 30.1 54.8                                   259.8218.6 97.9280.1229.2 53.9 98.3                                   219.8 98.5281.6230.5 54.3 99.1                                    87.4238.1192.5 43.0 78.5                                   108.2 93.0 16.6 30.1                                   249.3 60.4 98.4                                    45.8 83.6                                    14.9                                                                                                                                                                               
07242309 9  2.3 21.5 40.5  5.3 12.8  2.6 32.2  8.4 16.5                                               1.2  3.4  5.8  1.4  2.3  1.2  4.8  1.9  2.8                                              25.7 48.8  6.8 15.4  3.1 38.8 11.2 20.0                                             322.0 67.5132.6 29.7275.4 99.7165.2                                             112.7223.3 56.4412.9172.7270.5                                              40.3  7.9101.9 29.1 52.3                                              17.8186.6 66.6106.1                                              44.8 12.9 23.0                                             142.6228.6                                              86.5                                                                                                                                                                                                                                                                              
0724231016 39.9 11.2 33.9  6.8 11.4 13.1 32.7 46.4  3.3 21.9  3.9 51.3  9.5 27.8 24.5 34.9            8.1  2.8  7.0  2.1  2.8  3.1  6.8  9.3  1.5  4.7  1.6 10.2  2.7  5.8  5.2  7.2          197.6421.0140.6201.2224.2413.1494.6 74.9322.1 89.7517.8188.3375.3347.1427.9          173.0 45.8 70.9 81.6168.2222.5 20.8118.7 24.8240.1 65.2146.5131.3177.3          121.9176.3197.2375.6456.3 63.5288.2 76.0479.7164.7339.0312.0390.1           46.8 53.9118.3159.9 13.8 89.9 16.4173.7 43.1102.1101.0125.2           83.4171.4226.4 21.2121.1 25.4244.1 66.7149.3133.9180.6          191.9251.3 24.4136.6 29.2270.2 76.7167.7150.9202.0          448.4 61.3281.4 73.4471.7160.0331.6304.9382.4           87.3355.1104.5552.3212.4410.0381.0463.3           40.7  7.5 96.6 19.6 51.9 45.7 65.4           48.6377.4112.5249.8227.1294.3          102.8 23.4 62.1 54.7 78.3          229.4433.2403.9486.7          139.1124.6168.8          271.7345.5          318.3                         
0724231114  8.6 13.3 36.1 25.7 25.0 26.1  4.5  4.3 43.0 37.7  3.2  6.3 47.5 40.0                      2.5  3.2  7.5  5.5  5.4  5.6  1.6  1.6  8.8  7.8  1.4  2.0  9.6  8.2                     70.3159.2118.6115.7120.1 24.6 23.7183.9165.1 16.5 35.8199.2173.3                    210.5159.6155.9161.4 34.8 33.5240.7217.8 23.3 50.7259.1227.9                    336.1330.1339.0 95.1 91.4453.6423.0 63.5120.5477.0436.7                    260.8268.7 67.3 64.7374.8345.6 45.0 98.1397.5358.6                    263.4 65.4 62.9368.5339.6 43.7 95.4391.2352.4                     68.3 65.6377.9348.6 45.6 99.5400.7361.6                     11.8101.1 99.4  8.3 17.8110.5105.5                     97.6 95.5  8.0 17.1106.8101.4                    463.9 75.7140.4517.6477.6                     66.3125.3487.2447.0                     12.0 83.8 70.4                    152.8131.9                    500.9                                                                      
0724231218 35.1 77.2 48.4  4.7 80.7 25.7 26.5 62.7 13.8 11.4 27.1  4.4  4.7 65.9  8.9 11.9 44.8 11.8  8.1 16.7 11.0  1.8 17.4  6.1  6.3 13.7  3.7  3.1  6.4  1.7  1.8 14.3  2.8  3.2 10.2  3.2574.7474.5 97.2584.3329.6336.4528.0212.6180.5341.8 91.0 96.9539.5160.6188.1456.4185.8641.7170.8727.4503.1510.3685.3362.0317.4516.1161.8170.4694.1288.3328.3626.2325.0117.3650.3400.9408.2598.9270.1232.2414.0110.7117.0609.6208.1241.3530.7238.5177.0 70.6 72.9143.4 38.1 31.0 74.8 12.7 13.5149.7 26.9 32.7109.5 32.2513.2520.5693.0371.9326.7526.2167.8176.6701.7297.1337.8635.1334.4271.3454.5164.7138.5276.2 66.1 70.4466.3122.4144.7383.3142.8461.9169.1142.3282.4 68.2 72.7473.7125.9148.6390.4146.7316.9275.1467.8135.6143.0656.0248.2285.2582.3282.1 87.8172.6 35.7 38.0327.6 76.1 92.5255.4 91.1145.3 29.0 30.9285.0 61.9 75.1218.8 74.0 70.0 74.6479.5128.6151.8396.2149.8 12.7141.6 25.2 30.6103.3 30.1149.3 26.8 32.6109.3 32.1257.6295.3593.2292.2 65.1195.8 64.1227.6 77.9224.9
