0624140116 81.4 32.6  3.3 23.0  4.2  6.9 12.2105.3 81.0 12.6 19.5 12.6 24.6 46.7  5.5 50.6           15.8  6.9  1.5  5.1  1.6  2.2  3.0 20.2 15.7  3.1  4.4  3.1  5.4  9.6  1.9 10.3          569.7128.1489.6162.3246.5343.8772.2736.0351.7454.4352.9505.3645.2206.7660.6           60.7291.0 80.4119.4179.9624.2568.7185.2261.4186.0304.8448.9 97.2467.4           42.6  8.2 13.9 22.5159.4127.6 23.3 36.6 23.4 45.6 87.4 11.1 94.7           56.4 96.1133.8548.3488.5138.0200.1138.7236.9368.1 76.1386.0           18.3 29.7199.9161.7 30.8 48.4 31.0 60.3102.8 14.6110.4           50.6296.0245.7 52.5 82.5 52.8102.9162.7 24.7173.8          401.3342.8 85.4117.3 85.8141.8238.6 40.1253.1          771.6409.6513.9410.8563.5692.8251.2706.4          350.7453.2351.8504.2644.3205.9659.6          121.1 89.0146.3245.1 41.6259.8          121.6211.0334.8 65.4352.1          146.9246.0 41.8260.8          383.3 81.5401.4          133.8550.5          143.2                         
0624140216 39.3 15.7 26.8 63.8126.3 27.2 27.2 69.0  1.9 44.7  4.7 17.4  8.4  8.5 65.0 49.4            6.2  2.9  4.4  9.3 17.8  4.5  4.5 10.0  1.2  6.9  1.5  3.1  2.0  2.0  9.5  7.6          255.2363.5557.4694.0367.1367.4574.6 34.4482.3 96.9275.4167.7169.6561.5505.3          189.7348.6504.6192.2192.3365.8 13.8280.1 43.2133.7 81.7 82.8352.7300.0          468.8620.5285.2285.3486.9 23.3392.8 73.3206.3120.6122.1473.1415.5          764.2472.6472.8668.0 54.5586.0144.9372.1240.7243.1656.8607.0          623.8624.0774.2 96.8715.8249.3528.9380.4383.4766.6731.4          288.6490.7 23.7396.5 74.5208.9122.4123.9476.9419.2          490.9 23.7396.7 74.6209.1122.5124.0477.1419.5           58.9602.6154.8389.7254.9257.5671.5623.2           39.2  4.4 15.3  8.1  8.2 55.5 43.3          108.9301.4186.5188.6590.0535.0           48.0 25.2 25.5147.2118.8           90.9 92.1376.2322.0           48.2244.0201.8          246.5204.0          610.9                         
0624140316 87.5  4.7  7.3 96.5  7.4  2.3 88.4  5.2 21.5 56.6 27.8 51.5 17.0 92.5 89.9 47.5           14.8  1.6  2.0 16.3  2.1  1.2 15.0  1.6  4.2  9.8  5.3  9.2  3.5 15.6 15.2  8.6          187.6271.6770.2275.7103.2758.8206.0490.4689.2550.1677.4438.9764.8761.0662.1           21.7202.8 22.1  6.0189.3 15.0 58.5130.4 76.1123.2 46.8196.2191.8114.6          290.8 36.0  9.6273.7 24.4 95.5195.6109.5185.5 76.4282.6277.0173.5          295.1101.4771.6222.2513.0705.9571.8694.7461.6777.3773.8680.2            9.8277.8 24.9 97.6198.9111.6188.7 78.1286.8281.1176.5          104.4  6.7 25.8 66.6 33.4 62.3 20.6 97.7 95.2 57.4          207.8493.0691.1552.6679.4441.5766.3762.5664.2           65.9144.3 85.7136.4 52.7215.3210.6127.1          389.8247.3374.9169.5503.5496.9356.6          450.0590.8340.5698.9694.0573.0          434.7209.0562.7556.3415.6          326.4687.5682.4558.4          452.0445.4309.1          768.5672.6          667.3                         
0624140416108.2 35.9  9.4  8.2 76.9  3.6 36.6  4.1  5.6 42.6 49.5 12.3 58.2  8.4 44.1 14.0           21.1  7.6  2.7  2.5 15.2  1.5  7.8  1.6  1.9  8.9 10.3  3.1 11.7  2.5  9.2  3.4          648.7371.7340.0768.4174.6652.8199.0257.0680.9707.2409.5728.8345.9687.2442.1          171.1151.8578.4 72.7414.5 85.7106.4449.5484.7195.8515.9155.3457.7218.5           51.9298.7 20.9174.0 24.6 34.4196.5221.2 70.9244.9 53.3202.1 81.7          270.2 18.1154.5 21.3 29.8175.1197.8 61.4219.7 46.2180.2 70.7          131.1582.9150.6198.4614.9645.5333.6671.1275.4622.2364.4           74.3  8.6 12.1 86.4100.7 24.7102.6 18.6 89.6 28.4           87.5108.4454.3489.6199.0520.7158.0462.6222.1           14.2101.8105.1 29.0118.5 21.9105.5 33.4          123.8141.1 40.7158.1 30.6127.7 46.8          524.3223.8554.8179.0497.6248.7          250.7588.0202.0532.4277.5          276.3 63.1229.9 96.6          224.3562.7304.5          184.2 72.6          255.3                         
0624140516  4.6 24.6 67.5  2.8 66.9  8.6 15.0 62.2 57.7  5.1 45.9  9.2123.1  6.3127.5109.0            1.6  5.2 12.7  1.4 12.6  2.4  3.4 11.7 10.9  1.7  9.1  2.6 22.6  2.0 23.3 20.0           66.6150.8  7.4149.6 25.6 40.7140.6131.9 14.5110.5 27.3242.9 18.5249.3221.6          461.9 37.3459.6114.3169.9442.7425.5 73.7379.3121.1597.2 94.0604.6570.9          100.7672.8255.7350.3659.2644.8164.2603.8268.0768.3199.6772.8751.9           99.7 14.4 22.8 92.7 86.0  8.2 70.2 15.4153.5 10.4158.1138.5          253.9348.2657.4643.0162.9601.8266.2767.0198.1771.6750.5           79.7240.6227.5 28.3194.5 53.4380.4 36.1388.3353.3          332.4316.6 45.1275.8 85.2487.4 57.5495.5459.2          628.4153.3586.2252.5757.3186.9762.0740.0          143.9570.1239.0746.9176.0751.8728.8          120.9 30.3261.7 20.5268.4239.4          204.8716.1148.8721.7695.8          395.2 38.5403.2367.8          309.6834.3820.8          316.9284.9          824.0                         
0624140617139.2 12.4  2.6201.2 34.0 36.7 14.1 63.0  2.5 94.1 11.0 26.2 62.3 11.3163.1 25.2 50.5      18.9  2.4  1.3 27.1  5.3  5.6  2.6  8.9  1.2 13.0  2.2  4.2  8.8  2.2 22.1  4.1  7.5     469.9158.2871.0685.3698.7501.6775.0151.4818.6440.3635.7773.7448.2859.8627.4749.2      17.2553.9188.7200.6 98.0293.8 16.3379.9 75.1152.1291.7 77.7506.4146.8256.3     212.6 47.4 51.2 19.7 86.0  3.4113.0 15.2 36.4 85.1 15.7180.1 35.0 70.9     744.5755.4584.0815.3204.2848.2525.2703.3814.3532.9878.3696.2795.5     402.2210.3521.5 45.0609.6170.2326.9519.0175.0712.3318.1477.0     223.1538.9 48.6625.5181.2343.5536.5186.3724.6334.5494.8     322.1 18.7411.1 86.2170.4319.9 89.2537.7164.7282.7      81.7719.4268.8460.7646.2275.3793.7451.0609.3     108.0 14.4 34.6 80.8 14.9172.6 33.2 67.3     351.6552.8717.7359.1832.4543.4687.0     136.5266.7 68.4477.0131.7233.3     458.3140.5666.2265.4416.0     273.2792.5448.6607.1     484.8135.6239.3     658.3770.5     406.5          
0624140716  9.2147.3 47.5  5.4 44.9 20.7 20.2  5.7  4.7  7.0 53.0  5.0 20.3 11.3 40.2 76.0            2.9 32.1 11.1  2.0 10.5  5.3  5.2  2.1  1.9  2.4 12.3  1.9  5.2  3.2  9.5 16.9          437.5211.0 32.9201.9106.0103.6 34.7 28.2 42.9229.5 29.7104.1 64.0184.8292.3          748.4312.9740.1602.0596.5324.3281.7370.2763.5291.8597.6461.7723.2803.1          133.3527.2352.2346.5139.6116.6166.6564.6121.9347.7228.7501.8635.1          126.9 68.3 66.5 19.9 16.2 24.5146.4 17.0 66.8 36.5115.2192.7          339.8334.2133.0110.9159.0551.9116.0335.3219.0488.6623.6          192.2 72.1 58.5 89.0376.6 61.5193.0116.3316.2453.3           70.2 57.0 86.7370.7 60.0189.0113.7310.8447.2           17.0 25.9153.2 17.9 70.6 38.5120.8201.1           21.0128.3 14.6 57.3 31.3100.5170.1          182.2 22.1 87.2 47.6144.8236.5          134.1371.9248.2526.9656.5           60.3 32.9105.1177.4          114.2311.9448.4          200.9313.8          600.6                         
0624140812  8.8 30.1  2.2 33.1  7.8 12.2  5.1 11.0 58.4 13.9 45.4  9.1                                2.3  5.6  1.3  6.1  2.1  2.7  1.7  2.5  9.9  3.0  8.1  2.3                              138.7 10.7150.5 45.8 65.9 29.0 59.0232.7 75.2195.5 53.8                               33.1351.1124.5169.3 91.0154.5475.3188.4423.2143.0                               36.4  9.4 13.5  6.0 12.1 62.8 15.3 50.1 11.0                              135.3183.1100.3167.4497.7203.3445.5155.1                               58.1 25.6 52.0211.4 66.3176.8 47.5                               36.8 74.9276.7 95.5234.9 68.3                               33.0145.9 42.0120.2 30.1                              255.7 85.5216.0 61.2                              303.0569.8239.0                              258.8 78.0                              201.1                                                                                                                                       
0624140912 28.8 14.7 11.3  5.9 23.7  3.8 58.4  2.7 31.5 16.6  6.0 29.7                                5.5  3.2  2.6  1.8  4.6  1.5 10.2  1.3  5.9  3.5  1.8  5.6                              190.8152.3102.0271.6 62.3465.0 40.7330.4210.5104.9318.1                               93.4 52.3162.4 32.0315.6 20.9204.9121.3 53.8195.7                               39.7128.6 24.3260.9 15.9164.2 95.0 40.8156.5                               83.6 13.7166.6  9.0 99.7 59.3 22.9105.3                               51.0419.1 33.4289.4179.9 85.9277.8                              109.4  5.6 68.2 36.2 14.1 64.3                               81.0486.1342.3170.5472.5                               44.6 23.7  9.3 42.0                              225.7102.2337.3                               60.9215.8                               96.9                                                                                                                                       
0624141016 71.9 19.5 12.7 21.9 63.5  7.2 40.7 22.0 19.7  6.1  3.1 20.7 47.4109.3  3.5 26.8           13.0  4.1  2.9  4.5 11.5  2.1  7.8  4.5  4.2  1.9  1.4  4.4  9.0 19.4  1.5  5.4          425.8327.1449.6674.9234.3591.5450.3428.1203.2107.3440.3623.4761.0123.0496.6          122.2192.7397.3 87.3305.9193.1178.9 72.5 33.9186.6338.1522.6 39.5225.6          133.6301.2 56.0222.6133.9123.3 46.5 21.8129.0249.5420.5 25.4158.6          420.8 96.8327.4209.4194.2 80.3 37.5202.5360.5545.8 43.8243.7          213.1564.5421.5399.6184.1 96.0411.7597.5743.6110.3467.9          151.8 97.1 88.2 28.9 13.6 93.0172.3315.1 15.8105.2          328.0307.9129.7 70.3318.9504.2674.8 82.1371.7          194.7 80.6 37.6202.9361.1546.5 43.9244.2           73.2 34.2188.1340.2524.9 39.9227.4           11.3 77.2147.7277.6 13.2 98.5           36.0 82.0154.1  6.3 46.0          351.7536.8 42.1236.6          701.6 95.7406.2          175.1590.4           53.7                         
0624141116 44.1  3.2  5.7 15.7 40.0 19.1 55.1  6.3 15.1 51.0 16.7  6.1 12.1 20.7 89.8 16.5            9.5  1.5  2.0  3.9  8.7  4.6 11.5  2.1  3.7 10.9  4.1  2.1  3.1  4.9 18.2  4.0           77.8130.2277.7483.5318.8550.7143.2269.6539.4290.4139.8227.5336.0652.9287.2           10.7 27.7 70.5 33.9 94.8 12.0 26.6 90.1 29.5 11.6 21.1 36.8132.6 29.1           53.9119.6 66.0153.9 23.1 51.6147.5 57.4 22.5 41.0 71.6227.4 56.5          259.1145.6317.7 60.2117.9307.2129.3 58.6 96.1155.8426.1127.5          298.7528.8131.8251.3517.3271.2128.6211.2315.3633.8268.2          361.4 73.8140.5350.3153.6 71.8115.0184.0473.1151.6          168.9309.0583.0331.2165.0263.2379.4689.2327.8           57.8162.0 64.2 25.1 45.8 80.0247.2 63.2          298.6124.7 56.2102.8150.4416.5123.0          320.5158.2253.7368.1680.2317.1           62.4101.7164.3440.9134.8           44.6 77.8242.1 61.5          123.5364.2100.3          491.8162.2          437.2                         
0624141215 16.3 44.2  6.4  8.1 71.4 58.9  4.1 20.3  3.0 69.5  5.3146.0 15.0 44.3 26.4                 3.7  8.7  2.0  2.3 13.2 11.0  1.6  4.4  1.4 12.9  1.8 26.4  3.4  8.7  5.4               285.3 63.6 81.4382.0339.1 38.6157.6 26.7375.7 51.8546.1120.9285.6193.0               145.9178.8607.6565.9105.1332.0 72.4601.7122.3736.6268.9507.7386.8                34.3211.0180.9 16.3 79.8 11.3206.5 21.9349.0 58.5146.1102.5               253.8219.4 20.8102.1 14.4248.6 27.9403.9 74.8179.0114.8               659.4140.6433.8101.6689.7179.3795.4363.3607.9491.5               118.8389.3 93.9654.0152.7772.4321.3566.2446.4                48.5  7.0137.2 13.3248.5 35.5105.2 62.2                33.4427.3 65.0595.6146.9332.3230.0                99.1  9.3186.8 24.5 72.5 42.9               175.2792.3357.1602.1484.9               305.4 47.6122.5 83.4               527.2736.8646.4               269.2180.5               387.1                                             
0824140116  4.4 32.7 15.2  3.3 47.1 15.6 25.8 10.7  4.5 18.3 47.4 13.9 32.0 60.5 47.6 18.5            1.6  7.0  3.7  1.5  9.8  3.7  5.7  2.8  1.6  4.3  9.8  3.4  6.8 12.1  9.9  4.3           84.6 39.5  8.7108.2 40.3 66.6 27.3 12.0 47.6108.7 36.0 82.7131.6109.1 48.2          217.2 61.2451.5220.7315.7161.4 85.4250.0452.8202.0362.2503.4453.8252.4           28.6284.5117.8179.8 91.1 39.9136.1285.6106.5213.3330.7286.4137.6           88.6 29.2 48.2 19.8  8.8 34.5 89.1 26.1 59.8 99.1 89.4 34.9          288.7396.4216.7109.0322.9537.5266.4446.0585.8538.5325.5          182.9 93.0 40.7138.6289.8108.5216.8335.2290.6140.1          131.8 67.2208.6397.6166.6310.8448.0398.6210.7           27.5 98.3217.7 83.0158.3256.3218.3 99.4           48.1109.6 36.3 83.4132.6110.0 48.7          324.1125.6245.7371.6324.9161.1          267.5447.3587.0539.7326.7          198.3311.1268.2127.0          498.0448.3248.0          587.9374.5          327.6                         
0824140214  9.3 39.6 22.5 35.6  4.7  9.4 27.2 34.1 37.3  3.2 45.2 13.4  3.6 20.5                      2.5  7.7  4.6  7.0  1.6  2.5  5.5  6.7  7.3  1.4  8.7  3.1  1.4  4.4                    183.9113.2168.6 28.4 59.4134.0162.5175.3 17.9204.3 76.8 20.6106.0                    326.7430.9 99.0185.7368.7420.6442.0 69.5486.5226.8 80.3311.1                    304.4 62.4114.5251.1295.3314.3 39.2355.4142.8 45.2205.1                     99.6170.3345.2396.1417.3 62.4461.7208.9 72.1289.3                     28.8 75.7 95.2104.5  8.8111.4 37.2 10.1 57.9                    135.4164.2177.1 18.1206.4 77.8 20.9107.2                    335.6355.7 47.5398.7167.8 54.9237.7                    407.1 59.7451.4201.7 69.0280.5                     65.5472.8216.8 75.7299.0                     79.4 23.4  6.4 36.4                    250.4 91.8339.3                     27.0134.0                     42.0                                                                      
0824140314  5.7 47.3  2.0  7.3 22.2 14.8 27.3 11.3 57.1 25.8 26.5 25.3 14.3 23.8                      1.7  8.0  1.2  1.9  4.1  3.0  4.9  2.4  9.3  4.7  4.8  4.6  2.9  4.4                    137.8  5.8 26.9 75.1 50.4 92.6 38.1158.0 87.7 89.9 85.7 48.5 80.7                     44.6173.4362.9279.3410.0227.7574.3397.5403.4392.4272.2378.9                      7.6 20.8 14.0 25.6 10.6 52.5 24.2 24.8 23.7 13.5 22.3                     98.9 66.3107.8 50.1197.5102.7105.1100.6 63.9 95.4                    154.5249.4121.6399.3239.5244.1235.5149.8225.1                    183.4 93.8312.0175.4179.1172.2106.0164.0                    145.5447.4278.6283.6274.2178.0262.7                    256.8138.9142.0136.3 90.4129.4                    434.8440.7429.6304.5415.8                    272.9263.7170.3252.5                    268.6173.9257.3                    167.2248.4                    159.1                                                                      
0824140416 24.8  9.4 36.4 15.0 12.4 43.1  4.5 27.2  2.2 13.6 30.8 18.8 35.0 22.6 49.2 92.7            4.5  2.3  6.3  3.0  2.6  7.4  1.6  4.9  1.2  2.8  5.5  3.7  6.1  4.2  8.3 14.7          125.7329.9172.0145.6367.3 65.2269.9 26.7157.4295.1207.0321.8235.4397.4537.2          174.1 88.4 72.4199.9 27.4136.0 11.3 79.4151.6 99.6168.8115.6221.7339.6          233.1199.8455.8 96.1349.6 39.3214.8378.0275.9407.3309.8486.7620.8          105.1264.5 39.7185.3 16.3102.5205.0137.9226.5159.0290.5423.0          228.2 32.5157.2 13.4 94.3174.7115.9193.9134.2252.0377.4          101.6387.9 46.6244.6417.1310.5447.0346.3526.2654.8           71.4  5.2 35.6 81.2 50.0 92.5 59.2114.4190.7           29.2169.8313.9222.1341.4251.9418.3557.7           14.7 33.2 20.5 37.8 24.3 53.3 98.0          188.3125.7208.6145.3269.4398.3          244.5369.5276.2447.9585.7          268.6191.9338.7476.6          302.0477.9613.0          375.8515.4          679.6                         
0824140518 45.1 17.2 95.1  7.3 16.3 79.1  4.7 35.4  4.5 15.5 24.6 47.1  5.2 15.8 40.6 31.9 32.7  8.5 10.3  4.4 20.5  2.4  4.2 17.1  1.8  8.2  1.8  4.0  5.9 10.7  1.9  4.1  9.4  7.5  7.6  2.7301.2668.1166.4289.1632.4109.5460.0106.1279.1375.3526.2122.9283.1492.2435.2441.0189.9461.6 77.6136.9418.9 47.5253.8 45.9131.1191.4310.2 54.2133.4280.3234.5238.9 91.4288.3447.7755.0200.7620.6195.2436.1541.0676.1222.2440.8648.3598.4603.6321.8 73.1252.8 21.7135.6 20.9 69.5 98.1172.5 24.7 70.9152.6123.7126.4 41.6405.1 44.8242.9 43.2124.5182.5297.9 51.1126.7268.7224.2228.4 86.0173.1581.7168.1393.6498.8641.1192.4398.3611.1558.3563.8284.0 97.3 12.9 42.6 67.2113.8 15.2 43.4 99.8 87.4 89.6 25.5 93.9233.9322.4470.2 99.1237.5435.9379.7385.3155.7 41.1 64.8110.3 14.7 41.9 96.7 84.4 86.5 24.6175.2287.8 48.5121.3259.1215.7219.8 81.8385.2 76.6178.1352.3300.2305.3113.4127.6291.9502.3445.4451.2196.7 49.5112.1 99.7102.2 29.1263.0219.1223.3 83.5411.2416.9174.6361.4142.3145.4
0824140613 39.8 17.9 24.1  2.9  2.5 46.9  9.0 11.5 17.3 22.6 26.0 15.5 18.6                           6.4  3.3  4.2  1.3  1.3  7.5  2.1  2.4  3.2  3.9  4.4  3.0  3.4                         283.3343.4 64.3 53.0496.6179.2201.5277.4329.3359.9255.7291.7                         193.8 29.0 23.9316.8 99.8102.9149.2184.0205.7135.4158.5                          38.7 31.9379.7116.6132.6189.2230.6255.9172.6200.4                           4.0 75.8 15.9 18.4 28.1 36.2 41.7 25.1 30.2                          62.5 13.1 15.2 23.2 29.9 34.4 20.7 24.9                         204.3228.8310.5365.2396.9287.4325.7                          63.0 96.9110.1124.6 86.4104.1                         100.1125.3141.4100.1106.8                         179.6200.9132.0154.6                         244.0163.6190.3                         183.5212.6                         140.4                                                                                                    
0824140715 42.5 43.2  3.8  7.0 35.7  2.8 61.5 13.8 25.3 13.1 51.3 12.8 12.4 11.5 37.2                 8.0  8.1  1.5  2.0  6.8  1.4 11.0  3.1  5.0  3.0  9.5  2.9  2.8  2.7  7.1               492.6 91.7152.7448.1 65.5566.6244.5368.1235.7531.8230.9225.6211.8457.5                93.4155.0452.3 66.7570.6247.8372.2238.9535.9234.1228.7214.8461.8                16.3 77.0  6.0113.7 29.6 54.2 28.1 99.0 27.4 26.5 24.5 80.2               131.7 11.7202.1 58.8 96.8 55.9178.5 54.4 52.8 48.6136.4                55.0527.7214.5330.3206.4492.0202.1197.2184.7417.4                92.6 21.2 38.7 20.1 79.2 19.6 19.0 17.5 57.3               311.7446.9301.5607.3296.0289.8273.6536.9               162.0101.6280.3 98.9 95.9 88.3221.3               155.5411.0152.0148.1138.1339.0               270.7 94.1 91.2 84.0213.0               265.5259.6244.5501.4                88.8 81.7208.6                79.2203.6               190.8                                             
0824140816  8.3 41.4 14.2  3.9 30.0 52.2 40.7 52.8 67.8 27.7 26.2  6.6  2.3 34.7 39.1 25.1            2.1  7.0  2.9  1.4  5.2  8.6  6.9  8.7 10.7  4.9  4.7  1.8  1.2  5.9  6.6  4.5          172.7 72.5 20.1131.3208.2170.4210.1248.6122.3116.6 36.4 10.4148.9164.6112.0          246.2 92.4401.2530.3472.7533.0582.3382.5370.4142.3 47.6435.0463.0360.2           31.6191.7290.9243.3293.4339.8179.5171.7 57.4 16.4215.2235.8165.4           66.6103.8 90.9104.9127.5 61.4 58.1 16.0  4.7 77.2 87.2 55.5          455.1397.5457.9509.3311.7300.6107.2 34.3361.0388.0291.3          526.6584.8631.1436.1423.6172.9 60.1489.3517.0413.1          529.3578.8378.9366.8140.3 46.8431.3459.2356.7          633.5438.9426.4174.6 60.8492.0519.8415.8          490.4477.9208.5 76.0542.8569.6467.3          284.1 99.6 31.6343.0369.5275.1           94.9 30.0331.3357.5264.7            8.3122.0135.4100.9           39.8 44.9 28.6          421.6321.6          347.5                         
0824140910 19.9 19.7  2.4 16.9  4.8 38.6  8.7 15.1  4.1  8.0                                          3.9  3.9  1.2  3.4  1.5  6.9  2.3  3.1  1.5  2.1                                        181.7 24.7159.7 56.8299.0 96.6145.1 47.6 98.9                                         24.5158.3 56.2296.8 95.6143.8 47.1 97.8                                         20.9  6.3 47.6 11.8 18.7  5.3 10.8                                         48.0266.0 91.1125.7 40.3 83.6                                         98.1 26.9 42.8 12.0 24.7                                        170.1244.7 92.0158.4                                         81.2 22.6 46.7                                         35.9 74.5                                         20.7                                                                                                                                                                                                                            
08241410 9  6.8  6.6 11.7 28.4  4.0  7.9 10.9  3.9  4.2                                               2.2  2.2  3.0  6.3  1.6  2.4  2.9  1.6  1.6                                              29.8 48.3105.1 16.9 36.0 45.0 16.8 18.3                                              46.9102.3 16.4 34.9 43.6 16.3 17.7                                             155.3 26.5 56.6 70.7 26.4 28.7                                              64.8120.7146.2 64.6 70.2                                              19.8 24.7  9.3 10.1                                              52.7 19.7 21.4                                              24.6 26.7                                              10.1                                                                                                                                                                                                                                                                              
0824141117146.6 37.9 20.7 17.2 43.8  3.2  3.6 34.7 14.1 37.4 25.2 24.1 50.9  7.6 16.5  7.8 22.7      26.2  7.5  4.4  3.8  8.5  1.5  1.5  6.9  3.2  7.4  5.2  5.0  9.8  2.2  3.7  2.2  4.7     713.1600.5560.4735.8203.1222.6698.2513.4710.9638.2628.7757.3389.5549.9395.3616.4     303.5266.8469.3 68.6 77.3415.1228.9432.6342.4332.1504.1148.8258.0152.0319.3     168.2334.0 37.7 42.5285.6141.4300.8225.5217.4366.9 97.3161.9 99.8207.5     295.3 31.3 35.3250.1120.4264.3195.2187.9326.5 80.7138.4 82.8179.0      79.4 89.4448.7255.0466.3374.4363.8537.2167.9286.0171.4350.5       6.6 62.7 25.4 67.7 45.3 43.2 92.3 14.9 29.9 15.3 40.7      70.7 28.6 76.3 51.0 48.7104.0 16.8 33.6 17.2 45.8     213.8412.1323.3313.3483.6138.0241.7141.0300.9     226.6164.9158.6283.8 65.5115.6 67.2150.7     339.5329.3501.1147.2255.5150.3316.5     249.7408.4103.9188.1106.2238.7     397.6 99.6181.0101.8230.4     189.7316.6193.5383.9      77.0 39.2105.0      79.0172.3      96.5          
0824141218 15.2  5.5 19.7 15.9 20.2 68.2 34.4 13.7  5.3 61.6 14.1  4.3 10.7 20.4103.2 46.0 56.2  8.9  4.0  2.0  5.0  4.2  5.1 15.1  8.2  3.7  2.0 13.7  3.8  1.8  3.0  5.2 22.5 10.7 12.6  2.9 50.6144.5119.7148.0355.8225.2104.3 48.3333.9107.3 38.5 91.3149.3450.1279.0314.4 84.0 66.0 53.0 67.9179.4102.0 45.3 18.7165.2 46.8 15.0 35.2 68.6247.4131.9153.0 32.5150.3184.1415.5273.6131.6 63.0392.4135.2 50.2105.5185.6511.4333.3371.7 98.0153.9366.1233.3108.7 50.7343.9111.8 40.4 95.6155.2460.9288.1324.1 88.1422.0279.0134.8 64.8398.8138.5 51.7108.2189.9517.8339.4378.0100.5542.2332.0172.9659.3338.8143.1280.2424.4745.4605.9641.5264.3207.0 97.9519.3212.2 87.2169.1281.1631.0457.6498.2158.0 43.3310.7 97.3 34.5 81.8136.0424.8258.0292.0 75.3159.1 44.7 14.3 33.7 65.5239.1126.8147.3 31.0317.4131.3260.8401.2730.4584.5621.3245.6 35.6 84.4139.7432.1264.0298.4 77.7 26.9 52.2201.0103.9121.2 24.7109.2367.5213.6243.8 58.5520.2341.6380.3101.5686.3715.9349.3564.4200.3229.3
1024110114 39.9  2.8  4.2  7.7 23.5 15.1 12.1 19.8 35.5 20.7 13.6 17.8 45.1  7.9                      7.8  1.4  1.6  2.2  4.9  3.4  2.9  4.3  7.0  4.4  3.1  3.9  8.7  2.3                     61.1 98.0157.5337.7250.0210.1304.4431.4314.1231.1282.8487.9160.0                      6.8 12.9 35.7 23.1 18.4 30.5 54.3 32.0 20.8 27.4 69.3 13.1                     20.6 57.3 37.0 29.4 48.9 87.0 51.2 33.2 43.9 99.2 21.0                     99.1 71.5 56.8 94.7142.6 99.2 64.3 85.0174.7 40.5                    164.5135.5206.0312.7213.6150.6189.2365.1100.7                    102.3144.1229.0149.9103.0131.5273.7 72.9                    118.2191.5123.1 92.0107.5231.3 57.9                    280.7188.6131.7166.5330.7 96.5                    290.0211.1260.1460.5145.0                    137.1173.0340.7101.1                    120.0253.6 65.5                    308.1 86.6                    177.4                                                                      
1024110212  2.0  8.6 12.7  4.4 18.9 16.1 11.3 18.9 30.2 18.0 27.9 38.0                                1.2  2.1  2.5  1.5  3.4  3.0  2.3  3.4  5.0  3.3  4.7  6.2                                9.2 12.2  4.5 18.3 15.6 10.8 18.3 28.9 17.4 26.8 36.6                               67.4 24.3101.6 86.4 59.4101.6137.3 96.6128.4167.2                               32.4118.5102.8 79.5118.5175.1113.4164.2210.9                               48.8 41.5 28.6 48.8 77.4 46.4 71.6 97.9                              146.7106.1167.9240.9161.0227.2285.1                              101.9146.7213.1140.6200.5254.2                              106.1157.9101.5147.8191.1                              240.9161.0227.2285.1                              232.0315.2383.3                              218.6275.3                              365.8                                                                                                                                       
1024110312  8.2 16.9 24.9 16.9 13.4  5.1 23.5  3.0 40.8 11.1  7.9  5.2                                2.5  4.0  5.5  4.0  3.3  1.8  5.2  1.4  8.5  2.8  2.4  1.8                               86.3111.0 86.3 67.8 27.2105.5 15.0170.3 55.6 43.6 28.0                              189.9138.9112.7 51.4181.3 28.3277.0105.2 82.6 52.9                              189.9156.0 75.1243.0 41.3355.7131.9106.7 77.3                              112.7 51.4181.3 28.3277.0105.2 82.6 52.9                               40.4148.6 22.3232.5 82.7 64.9 41.6                               70.9  9.0109.5 33.1 26.0 16.7                               39.0343.2125.5101.4 72.9                               68.2 18.3 14.4  9.3                              199.6164.2112.3                               53.2 34.1                               26.8                                                                                                                                       
1024110412 30.6 14.3  7.4  3.3 30.0 17.1 25.0 11.1 11.9 18.3 28.3  2.5                                5.3  2.9  2.0  1.4  5.2  3.3  4.5  2.4  2.5  3.5  5.0  1.3                              195.2121.2 56.6333.1225.8294.9157.6166.9237.8320.6 39.8                               65.1 26.5192.2121.0165.7 88.6 94.9128.5183.3 18.7                               15.0119.2 78.6101.3 50.0 53.6 84.2113.2 10.6                               55.5 31.9 46.2 20.4 21.8 34.2 52.4  4.4                              222.5291.0155.1164.2234.4316.5 39.0                              192.8 95.9102.0150.8212.6 22.5                              132.7140.8203.6279.3 32.5                               72.9102.0147.6 14.4                              108.4156.4 15.4                              224.1 24.1                               36.8                                                                                                                                       
1024110512  4.3 20.7 22.1 29.4  4.4 30.3  2.4 15.1 29.1 11.0 12.3 30.3                                1.5  4.2  4.3  5.5  1.5  5.7  1.2  3.2  5.5  2.5  2.7  5.7                               52.7 55.2 73.8 11.5 76.3  5.7 38.0 73.1 27.3 30.8 76.1                              203.6253.5 53.8259.8 26.3150.2251.8113.1125.5259.2                              262.0 56.3268.3 27.6156.0260.2117.7130.5267.8                               75.2327.0 36.8197.4317.9151.0166.7326.4                               77.8  5.8 38.7 74.5 27.9 31.4 77.6                               38.1202.7324.9155.3171.4333.5                               19.0 36.5 13.7 15.4 38.0                              195.9 92.6104.4202.3                              149.7165.4324.3                               75.1154.9                              171.0                                                                                                                                       
1024110616 18.4 34.2 25.5  3.9 18.3 61.3  3.0 17.2 66.3  6.4 25.0  5.4 47.7 28.4 31.0 44.0            4.0  6.8  5.2  1.5  4.0 11.3  1.4  3.8 12.2  2.0  5.1  1.8  9.2  5.7  6.2  8.5          259.5207.2 41.2160.3375.5 30.7151.6393.3 71.8204.3 60.0326.5225.7240.9309.7          322.5 76.2258.8516.8 56.8246.6534.8116.3318.7 99.2465.0346.2365.4446.5           56.5206.6447.6 42.1196.1466.0 98.5259.1 82.3396.0283.9301.4377.9           41.0116.6  6.7 38.4125.0 15.3 55.5 12.8 95.6 63.1 68.8 98.3          374.7 30.6151.1392.5 71.5203.8 59.8325.7225.1240.3309.0           99.4359.9652.7186.2443.5160.8591.0473.3493.5573.7           28.6 96.5 11.5 41.3  9.6 79.4 47.0 51.3 73.3          377.5 66.9193.3 55.9311.8213.9228.6295.4          198.3461.9171.7607.8491.7511.7590.8           96.8 22.2154.9 98.4106.3144.8           80.8392.0280.4297.8373.9          133.0 92.0100.4124.1          421.4441.5523.6          324.5403.0          423.0                         
1024110716 34.7  5.0 13.5 16.7 33.1  8.9 30.2 35.2  5.8  4.2  7.0 37.1 27.7 22.5 16.0 17.4            8.0  1.9  3.6  4.3  7.7  2.8  7.1  8.1  2.1  1.7  2.4  8.5  6.5  5.4  4.1  4.4          102.5206.3244.1383.9158.7362.9397.6108.2 84.0128.7409.8343.3299.2235.9251.5           39.6 49.4 97.7 28.6 88.9103.8 18.4 12.7 22.4 98.0 81.3 65.9 47.2 51.5          112.4198.8 74.0184.4208.4 47.3 32.5 57.8217.3171.6144.0107.9116.5          235.6 92.3219.4246.4 59.1 40.5 72.1256.3204.7173.1130.9141.0          152.6352.4386.9103.7 80.1123.6399.0333.1289.6227.7242.9          140.9160.4 34.2 23.5 41.7167.7130.5108.6 88.2 96.2          365.7 95.3 72.9113.8377.7313.2271.1211.8226.3          109.4 85.1130.2412.8346.1301.8238.2253.9           15.1 26.7114.7 97.2 78.7 56.4 61.5           18.4 89.8 66.6 54.0 38.7 42.2          136.3105.1 96.1 68.8 75.1          357.9312.9247.8264.0          254.3197.5211.4          166.7179.0          135.6                         
1024110816 66.0 27.3 43.8 26.1 14.0 20.5  6.7 14.9 50.4 34.2 25.9  2.8 17.4 15.5  4.3 11.0           12.2  5.6  8.6  5.4  3.2  4.4  2.0  3.4  9.8  6.8  5.3  1.4  3.9  3.5  1.6  2.7          481.0588.7470.6329.7417.5206.4344.5618.6533.6468.7 99.8380.2353.6139.0279.6          392.3280.6174.6237.7 99.6184.6425.0337.1279.0 42.0209.8190.9 68.8142.5          382.2252.9331.8151.0265.8535.3445.0380.3 67.8297.6273.8 99.2210.4          168.3229.8 95.7178.1414.6327.5270.3 40.2202.6184.1 65.7137.1          138.9 57.1104.6280.1209.6167.2 21.6120.6108.5 35.2 86.1           84.8147.2362.8280.5228.4 31.9168.5152.5 52.2112.3           61.2170.0122.0 95.0 11.3 71.9 63.8 18.4 44.7          293.7221.0176.9 23.1128.0115.3 37.7 92.2          478.0412.7 78.3327.2302.2112.6234.5          325.7 52.8249.4228.1 86.5172.4           39.8201.2182.9 65.2136.1           27.1 24.1  7.0 16.9          132.7 44.3 97.1           39.3 96.1           27.6                         
1024110916 32.9 56.7 25.8 56.2 14.2 19.6  3.7 21.9  6.6  2.9 21.9 11.8 18.8 31.8 17.8 37.6            6.4 10.2  5.1 10.1  3.2  4.1  1.5  4.5  2.0  1.4  4.5  2.8  4.0  6.2  3.8  7.2          489.5316.4487.3205.4264.6 70.5282.1116.4 51.8282.1177.2256.4362.2245.9400.1          432.5603.7300.9373.4105.5393.8180.9 87.4393.8264.4363.7481.7351.1520.5          430.3168.6220.4 55.1236.1104.0 40.5236.1144.4213.2309.4203.9345.1          299.0371.3104.6391.7179.5 86.6391.7262.6361.6479.6349.0518.3          135.6 30.3146.5 57.1 22.3146.5 94.0130.6200.0124.3227.8           42.5193.3 80.2 31.2193.3115.4173.5258.3165.5290.9           46.5 15.4  6.1 46.5 25.2 40.7 68.2 38.4 80.7           87.8 34.2207.6125.0186.7275.6178.2309.3           11.4 87.8 47.5 76.7113.0 72.5130.9           34.2 18.6 29.9 50.1 28.2 59.3          125.0186.7275.6178.2309.3          111.1172.4105.6197.4          250.2159.7282.3          239.9392.4          271.1                         
1024111011 13.9 13.8  5.8  7.3  4.1 13.4  3.2 19.8 18.2 12.8 12.3                                     3.3  3.3  1.9  2.2  1.6  3.2  1.5  4.4  4.1  3.1  3.0                                    96.8 48.6 61.6 33.2105.1 24.7134.6124.8100.2 95.8                                    48.3 61.1 32.9104.3 24.5133.7124.0 99.5 95.1                                    27.6 14.9 46.9 11.1 70.3 64.4 44.8 42.8                                    18.8 59.4 14.1 89.0 81.6 56.7 54.2                                    32.0  7.7 47.9 43.9 30.6 29.2                                    23.9130.5121.0 96.7 92.4                                    35.7 32.7 22.8 21.8                                   170.2125.3120.5                                   116.1111.6                                    88.1                                                                                                                                                                               
1024111114 36.5  7.0 24.7  6.0 35.9 21.0 17.7 12.3 29.9 21.1  6.4  2.6  9.0 30.8                      7.5  2.2  5.3  2.0  7.4  4.7  4.0  3.0  6.3  4.7  2.0  1.4  2.6  6.4                    133.6329.3116.7413.5299.0263.8199.2371.4299.5122.4 50.6168.2378.3                    105.0 27.5131.7 90.7 75.8 52.2112.0 90.9 29.1 10.6 42.3115.1                     89.8325.7224.8195.6144.1287.5225.2 94.8 34.1120.2293.7                    114.9 77.6 64.8 44.6 97.4 77.8 24.9  9.1 36.2100.2                    295.6260.6196.6367.7296.1120.6 49.8165.9374.5                    174.0127.2259.4201.2 81.9 29.5105.7265.2                    108.7227.2174.4 68.5 24.7 99.7232.5                    169.2127.5 47.1 17.0 68.6173.6                    259.8102.4 41.3142.0333.8                     82.1 29.6106.0265.7                      9.6 38.2105.2                     13.8 42.6                    145.7                                                                      
1024111218 49.4 16.5 18.4  4.2  7.7 16.1 25.4 71.4  8.9 45.6  9.1  5.4 76.2 22.9 25.8 19.4 20.3 10.6 11.3  4.3  4.7  1.8  2.6  4.2  6.1 15.7  2.8 10.5  2.9  2.1 16.7  5.6  6.2  4.9  5.1  3.0310.7334.5106.1188.4305.4403.2630.5211.3539.7216.1136.1643.3379.4407.0346.0356.4223.4146.6 39.9 78.7130.2189.1385.1 91.1294.0 93.8 53.1399.7173.7191.6153.3159.5 98.0 44.7 88.1143.4206.6410.7101.9317.1105.0 59.5425.5190.2209.3168.3174.9 98.0 20.3 38.9 60.9142.9 23.5 98.7 24.1 13.8150.9 54.8 62.0 47.1 49.4 25.2 76.7106.4245.2 46.1176.4 47.5 27.0257.0 96.8108.0 92.9 97.5 49.6185.2379.2 88.7288.8 91.3 51.8393.8170.0187.6150.0156.1 95.4482.2120.9384.7124.0 81.1497.1241.4263.9215.4223.3128.8272.4613.9278.1181.0705.5457.9486.1422.9433.9286.6198.2 54.9 31.2285.0110.2122.7 96.4100.5 57.4202.8126.9627.0361.2388.4328.4338.6209.8 32.1290.8113.1125.8 98.9103.2 59.1190.6 73.0 82.5 62.7 65.8 33.5472.8501.0437.8448.8299.6244.4198.4205.9117.5218.1226.2130.6182.7102.8107.3
