04244501 9 15.0  4.7  5.4 17.8  7.5 15.0 17.6  2.4  5.6                                               3.3  1.6  1.7  3.8  2.1  3.3  3.7  1.3  1.7                                              41.3 48.9131.3 68.7112.4129.5 19.2 50.1                                              15.9 49.3 22.2 41.3 48.5  6.3 16.3                                              58.5 26.3 48.9 57.5  7.5 19.2                                              82.2131.4150.8 22.9 59.9                                              68.7 80.8 10.4 27.0                                             129.5 19.2 50.1                                              22.5 58.9                                               7.6                                                                                                                                                                                                                                                                              
0424450210 24.0 16.4  2.5  4.3 20.3  8.1 34.9 24.8  3.3 11.9                                          4.3  3.2  1.2  1.4  3.8  2.1  6.0  4.5  1.3  2.5                                        180.3 31.3 60.5214.1105.6314.0246.0 44.9136.7                                         21.7 41.9159.3 82.4242.4185.2 31.1 98.9                                          6.0 27.0 11.7 45.9 32.4  4.5 15.6                                         52.0 22.4 88.7 62.6  8.5 30.0                                        102.5283.4219.6 38.6119.9                                        147.0108.8 16.6 59.0                                        321.0 65.7187.5                                         46.4140.6                                         22.3                                                                                                                                                                                                                            
0424450312 30.5  4.8 35.0 13.3 22.5  5.9 13.6  2.4 23.1 30.4  5.7 19.6                                5.9  1.6  6.6  3.0  4.5  1.8  3.0  1.3  4.6  5.8  1.8  4.1                               87.5367.3183.7273.5 96.7186.7 38.0278.4335.5104.1250.0                              100.7 38.0 64.2 18.0 38.7  6.5 65.9 87.0 17.4 56.7                              205.2301.3109.6208.5 43.7306.5366.1106.1276.5                              142.3 46.8101.3 16.6145.3182.9 45.1127.8                               79.3144.8 27.9222.0272.5 76.4197.7                               47.8  7.9 81.3 96.3 21.4 70.0                               16.9147.9185.9 46.1130.1                               28.7 37.8  7.7 24.7                              277.3 78.3201.6                              103.5249.0                               67.4                                                                                                                                       
04244504 8 11.0 25.7  5.9  3.6 11.7  6.7  2.3  8.1                                                    2.4  4.5  1.7  1.4  2.5  1.8  1.2  2.0                                                  134.7 39.0 22.0 71.1 44.6 13.1 54.0                                                   91.7 51.6141.9105.0 30.6111.8                                                   12.9 41.4 26.0  7.7 31.5                                                   23.4 14.7  4.4 17.8                                                   47.4 13.9 57.4                                                    8.8 36.0                                                   10.6                                                                                                                                                                                                                                                                                                                                     
0424450514 21.8 23.0 16.3  9.5 11.1 38.6 45.3  5.3 49.1 13.9  2.3 13.2 11.2 17.9                      4.4  4.6  3.5  2.5  2.6  7.3  8.4  1.8  9.1  3.1  1.3  3.0  2.6  3.8                    215.6164.9111.8117.1314.2348.7 69.0366.5144.0 25.6137.3118.7178.3                    173.0117.7123.3326.5361.5 73.2379.5151.2 27.1144.2124.8186.9                     96.3101.5259.2290.5 52.2306.9113.2 19.4107.8103.0141.6                     64.4183.1208.1 33.2221.5 81.8 12.4 77.4 65.3 95.1                    191.0216.7 35.0230.5 86.3 13.0 81.6 68.9 99.7                    481.4109.1500.1229.9 45.7220.3193.2277.5                    125.7537.0259.0 53.7248.7219.2310.0                    134.8 44.4  6.8 42.0 35.5 57.5                    274.5 58.3263.8233.1327.0                     16.5103.6 87.5123.1                     15.6 13.2 21.3                     82.8117.3                    101.0                                                                      
04244506 8  3.6  9.3 20.6  9.3 11.0 24.8  4.0  2.3                                                    1.3  2.2  3.7  2.2  2.3  4.3  1.3  1.2                                                   20.5 41.9 20.6 22.0 49.7  8.4  4.2                                                  106.1 58.6 62.6123.3 23.8 11.7                                                  106.2112.7221.8 48.6 23.8                                                   62.7123.5 23.8 11.7                                                  130.8 25.5 12.5                                                   57.7 28.3                                                    4.9                                                                                                                                                                                                                                                                                                                                     
0424450710  4.0 12.6 11.1  3.8 28.0 16.4 13.2 16.7 16.5  2.7                                          1.4  2.8  2.6  1.4  5.4  3.5  2.9  3.5  3.5  1.3                                         28.8 25.2  8.9 64.0 37.7 30.0 38.5 38.0  6.1                                         78.0 27.3163.9103.9 93.2105.9104.8 18.5                                         23.9146.4102.3 81.5104.5103.3 16.2                                         60.6 35.7 28.5 36.5 36.0  5.8                                        203.6169.7207.0205.1 41.0                                        108.0134.1132.7 24.2                                        110.0108.9 19.3                                        135.2 24.7                                         24.4                                                                                                                                                                                                                            
0424450812 13.8 26.0  5.0 22.9  3.9 32.4  3.7  7.1 29.5 10.7 11.2 12.7                                3.4  5.7  1.8  5.1  1.6  7.0  1.6  2.2  6.4  2.8  2.9  3.2                              166.2 40.4149.1 31.1198.7 29.5 59.5184.0 81.8 86.1 98.3                               76.2246.6 58.7315.3 55.6100.3295.6132.5138.4154.7                               66.9 11.8 95.1 11.2 22.5 86.4 30.8 32.5 37.0                               51.6288.8 48.8 98.7270.0118.3123.8138.6                               73.3  8.7 17.4 66.6 23.8 25.1 28.6                               69.4121.9342.0159.7166.7185.5                               16.4 63.0 22.5 23.7 27.0                              112.1 45.5 47.9 54.6                              147.4153.9171.6                               65.8 75.0                               79.0                                                                                                                                       
0424450910  4.3 14.3  2.6 28.7  4.1 14.9  8.4 14.8 14.7 14.5                                          1.5  3.1  1.3  5.5  1.5  3.2  2.3  3.2  3.2  3.2                                         35.9  6.3 72.0 10.7 37.4 23.1 37.3 36.9 36.5                                         19.8185.5 34.0106.6 74.2106.1105.1104.3                                         39.7  6.0 20.7 12.8 20.6 20.4 20.2                                         68.3192.0128.5191.3189.7188.3                                         35.5 21.9 35.4 35.0 34.7                                         77.4110.2109.2108.3                                         77.1 76.3 75.6                                        108.8107.9                                        106.9                                                                                                                                                                                                                            
0424451014  6.6 20.1 40.3 23.2  7.6 36.0  5.9  4.1 31.2 12.1 38.6 21.6  3.8 14.9                      2.1  4.7  8.7  5.3  2.4  7.8  2.0  1.7  6.9  3.1  8.3  4.9  1.6  3.7                     81.4138.3 92.7 33.3125.4 25.2 16.8110.5 48.4133.3 86.3 15.8 60.0                    310.0206.3 95.1286.9 71.9 47.9259.0120.5301.2195.0 44.8144.9                    337.2157.6437.7124.3 95.5404.5213.0454.1322.0 89.3250.4                     96.9313.1 81.8 54.5283.8134.7328.0215.7 50.9161.4                    143.2 29.4 19.6126.5 56.5152.0100.7 18.4 70.0                    112.5 85.2378.7194.9427.8298.5 79.7230.1                     14.9 98.9 42.7119.7 76.1 13.9 53.0                     73.7 28.5 91.5 50.7  9.3 35.3                    173.5394.7269.9 69.0206.0                    206.0126.6 26.7102.0                    313.0 85.6242.6                     47.4152.1                     33.0                                                                      
0424451118 30.0 28.7  7.4 13.5 44.4  5.3 11.9  4.5 30.6  8.8  8.5 73.4 24.9  7.7 37.9 21.8 68.1 39.9  7.2  7.0  2.5  3.7 10.4  2.0  3.3  1.9  7.4  2.8  2.8 16.4  6.1  2.6  9.0  5.4 15.2  9.4319.9119.1183.0417.1 94.3165.2 79.6333.4138.7134.2527.3289.9123.5381.0263.1510.4392.6114.8176.9407.5 90.4159.6 76.3324.5133.8129.4517.7281.6119.1371.6255.2500.7383.1 61.2166.8 25.4 54.0 21.4121.4 43.8 42.1242.6100.8 38.3146.2 98.5229.5152.6248.5 42.3 90.0 35.7186.2 73.0 70.2344.5156.8 63.8220.6139.6328.6229.4121.9226.3105.0422.1192.5186.6613.9374.4172.7472.2344.0598.4484.1 37.3 14.9 96.4 30.3 29.1182.2 78.1 26.5106.1 68.0171.6111.0 31.5168.2 64.4 62.0317.8141.1 56.3200.2125.3302.4208.4 81.3 25.6 24.6158.6 65.9 22.4101.0 57.4149.0 95.4141.3136.7532.3294.3125.9386.0267.3515.4397.6 50.3275.7117.9 45.7169.4104.4261.5176.6268.2113.9 43.9164.0100.8254.3171.1484.1250.2580.3452.1691.0591.4104.7339.5229.0466.9350.7151.4102.8236.9158.1310.3564.1447.4435.0321.1575.4
0424451212  4.5  7.3 28.3 17.7  3.6 17.0 13.7 24.0  5.4 15.6  6.3 21.8                                1.7  2.3  6.3  4.2  1.6  4.1  3.4  5.4  1.9  3.8  2.1  5.0                               20.7 73.9 46.6  9.5 44.7 35.8 62.3 14.9 40.8 17.6 56.6                              111.4 79.9 16.2 76.5 61.3 95.8 25.5 69.9 30.1 97.0                              218.7 57.7211.6177.6271.0 90.9197.2 96.4252.9                               36.4145.6120.4191.5 57.3134.9 67.9177.2                               34.9 28.0 48.6 11.7 31.9 13.8 44.2                              116.0185.0 54.9130.0 65.0171.1                              154.3 44.0107.2 52.1142.3                               76.7172.0 90.8222.7                               50.2 21.7 69.6                               59.4158.9                               82.4                                                                                                                                       
0524450115 42.5 32.3  4.9 70.3 17.1 31.2116.0 21.1 12.3 20.8  3.0  4.6 30.1 45.9  5.1                 8.6  6.7  1.7 13.5  3.9  6.5 21.8  4.7  3.0  4.6  1.4  1.7  6.3  9.3  1.7               424.9108.8595.7288.0416.5693.0331.5223.4329.0 70.6101.8408.4506.7113.1                93.5535.1236.1354.4642.0275.2179.9272.9 53.5 86.7346.6442.9 97.7               164.0 49.8 90.2243.2 61.5 35.2 60.8  8.6 13.8 87.0116.6 15.5               390.5526.8765.8438.8314.3436.1101.5154.1518.8612.1170.0               229.7506.2170.1105.3168.4 28.6 46.2223.7303.8 52.1               634.7268.1174.6265.9 51.6 83.6338.7434.5 94.2               553.9425.5551.3156.7229.9627.6706.3251.2               126.7199.6 35.3 57.1261.4348.3 64.3               125.4 20.2 32.6169.7237.0 36.7                34.8 56.4259.2345.8 63.5                 8.0 49.8 76.3  9.0                80.7109.1 14.4               426.3 90.9               121.1                                             
0524450211  3.3  2.4 25.0 20.0 19.8 24.7  5.5 33.8 44.8 28.9  5.1                                     1.3  1.2  4.4  3.7  3.7  4.4  1.6  5.7  7.4  5.0  1.5                                     4.3 46.1 37.4 37.1 45.7 11.0 62.7 83.5 53.5 10.1                                    31.2 25.3 25.1 30.8  7.5 42.4 56.4 36.1  6.9                                   217.9216.5252.9 82.4315.4377.4283.2 76.1                                   183.7216.3 66.9273.4331.6243.7 61.7                                   214.9 66.3271.8329.8242.2 61.2                                    81.6313.3375.1281.2 75.3                                   100.0128.6 95.7 18.0                                   447.6347.1103.5                                   411.0120.0                                    88.3                                                                                                                                                                               
05244503 7 20.8  2.4 12.2  2.3  5.8 40.9  5.4                                                         7.6  1.2  4.6  1.2  2.6 14.5  2.4                                                        26.4125.5 24.4 73.9320.9 68.7                                                        15.3  2.7  7.9 51.2  7.3                                                        14.1 42.6216.7 39.6                                                         7.3 47.4  6.8                                                       124.6 20.2                                                       116.8                                                                                                                                                                                                                                                                                                                                                                                                 
0524450416103.1 32.1150.6  3.2 19.8 43.3 14.6 24.2 11.2  3.6  9.0 21.5 11.2 52.9 43.4  6.9           18.6  6.4 26.9  1.5  4.3  8.4  3.3  5.0  2.7  1.5  2.5  4.5  2.7 10.1  8.4  2.1          616.6833.3152.4512.5675.4440.0554.6377.4167.7351.6528.2377.7710.1675.6293.7          689.0 57.9261.3427.5206.5297.7165.7 64.9150.4274.5165.9474.0427.8118.8          207.2596.5738.1527.4634.9464.3226.4437.4611.0464.6766.1738.3374.6           36.0 78.4 26.3 43.3 20.0  6.6 17.9 38.5 20.1 95.8 78.5 13.6          321.8140.0210.5110.4 40.4 99.5192.0110.5365.3322.1 84.6          259.2362.1211.1 87.9192.7336.5211.3543.3497.9153.9          163.7 91.5 29.5 81.4148.4 91.6298.4259.5 61.8          129.9 48.6117.4222.0130.0407.3362.4102.0           22.5 61.9117.3 69.6245.7211.4 47.0           20.0 43.2 22.5 96.4 88.1 15.2          105.9 62.0225.3192.9 41.8          117.4380.7336.8 90.7          246.0211.6 47.0          543.6181.6          154.1                         
0524450513 48.5  5.5  7.5  2.2  5.5 25.9 11.3 44.0 24.0 35.1 48.1 13.6 16.2                           8.8  1.7  2.1  1.2  1.7  5.0  2.6  8.0  4.7  6.5  8.7  3.0  3.4                         136.8180.7 54.2137.2403.4231.9527.2385.9474.8547.6266.7303.2                          26.7  6.6 19.2 84.8 36.8125.7 78.5102.8135.8 44.5 53.5                           9.2 26.8105.1 51.4166.7 98.1137.7179.5 62.2 74.8                           6.6 28.7 12.5 49.1 26.6 39.1 53.7 15.1 18.2                          85.1 36.9126.0 78.8103.1136.2 44.6 53.7                         138.9381.0253.7331.0401.5163.0189.4                         215.1130.0179.6230.4 85.6103.0                         363.7451.9525.3248.3283.3                         314.6383.9152.8178.0                         472.8208.9240.4                         265.1301.4                         109.9                                                                                                    
0524450617 32.3  3.5 22.6 18.9 44.0 15.1 34.5 38.6  2.6 86.6 63.0225.4  8.9  5.2119.3 21.7 90.8       5.8  1.4  4.3  3.7  7.7  3.1  6.2  6.8  1.3 14.1 10.4 35.6  2.3  1.6 19.2  4.1 14.7      64.8285.4253.6432.6212.9376.5401.9 43.5580.7509.4753.1148.9 99.0646.9276.5590.9      45.2 38.3 88.9 30.4 69.5 77.8  5.0144.2109.4300.9 19.5 11.0187.9 43.2150.1     192.7351.2159.5299.3322.6 30.4499.9426.2697.2109.1 69.0572.3211.9510.8     315.7138.7266.6288.5 25.8461.5388.3667.6104.7 58.4535.4185.9472.5     269.1448.5474.6 59.7645.6579.9792.6192.7118.4704.0341.4654.8     224.5244.3 20.4407.8336.8622.2 82.9 46.3482.0153.6418.7     417.7 46.7595.5525.2762.5157.8 95.2660.1290.1605.5      52.2619.0550.6776.9173.1105.2680.8313.1628.6     102.0 83.3226.1 13.2  7.5135.1 29.1106.4     705.8850.2310.8203.5794.4489.4760.9     825.7248.6157.3754.8415.8713.7     526.3392.4869.0689.4853.3      29.8380.4104.8320.7     259.3 65.9211.2     562.3799.6     500.4          
0524450713 29.0  6.4 14.9  3.8 25.3  7.6 14.9 15.4 13.4  2.9 35.7 18.1 53.4                           5.7  1.9  3.3  1.5  5.0  2.2  3.3  3.4  3.0  1.4  6.9  3.9  9.9                         100.9194.2 62.5286.4118.6193.9199.2177.6 45.5360.4226.9452.8                          58.2 15.0 98.2 32.3 58.1 60.1 52.1 10.9121.4 71.2171.1                          32.2173.3 70.0110.9114.4100.7 23.5228.5132.4305.4                          54.3 17.9 32.2 33.3 28.8  6.1 77.2 39.4103.0                         104.7173.0177.9158.1 39.5329.7203.5420.1                          69.8 72.3 62.6 13.1142.2 85.6198.3                         114.1100.5 23.4228.1132.2305.0                         103.6 24.3234.1136.1312.1                          21.0209.8120.2283.0                          56.2 28.7 84.4                         264.9501.4                         348.0                                                                                                    
0524450816  2.6 23.4 20.1 41.5 16.0  4.8 23.8 32.2 19.7 25.3 59.7 30.2 43.2 49.0 31.0  3.6            1.3  4.4  4.0  7.4  3.3  1.5  4.5  5.9  3.9  4.8 10.1  5.5  7.6  8.6  5.7  1.4           31.8 27.8 56.9 22.0  7.0 32.3 44.0 27.2 34.4 79.8 41.1 59.2 67.2 42.3  5.1          208.3345.7173.0 66.0234.1292.3205.1245.1421.7278.8354.5382.9284.2 48.1          316.7154.6 57.6210.9265.6184.1221.3390.5252.9325.1352.6258.0 41.9          269.9104.8349.3418.7312.5362.9554.9403.2487.1516.4409.4 86.0           45.6175.3223.7152.0184.4339.0212.3277.7303.2216.8 33.2           67.1 91.5 56.5 71.4140.7 85.5108.6121.5 87.9 10.5          295.5207.7248.1425.4282.0358.0386.5287.4 48.9          261.8308.2496.9346.2428.0457.5352.1 66.6          217.9386.0249.2320.9348.2254.3 41.1          439.8294.4371.8400.6299.9 52.0          481.2563.8591.4487.6106.7          412.3441.7337.4 62.2          525.6418.6 89.5          448.1101.7           63.9                         
05244509 8 15.1 13.8 19.6  4.7 26.9  4.4  3.1  2.7                                                    3.0  2.8  3.7  1.5  4.8  1.4  1.3  1.2                                                  105.0143.6 42.4184.4 38.5 26.0 21.5                                                  132.9 38.7171.3 35.1 23.8 19.6                                                   55.5227.6 50.4 34.0 28.1                                                   75.1 12.7  8.6  7.2                                                   68.2 46.1 38.0                                                    7.9  6.5                                                    4.5                                                                                                                                                                                                                                                                                                                                     
0524451015 46.9 19.3 15.7 10.8 51.3  2.3  6.2 25.7 46.7 36.8 36.6  4.9 64.1 27.6  7.4                 8.6  4.0  3.4  2.5  9.3  1.3  1.8  5.0  8.5  6.9  6.8  1.7 11.2  5.3  2.1               333.3290.2217.8554.4 56.4147.7394.0533.2478.4477.1119.1597.1410.6173.5               146.5104.1352.8 23.3 72.4216.5332.4283.2282.1 56.4396.8228.9 88.0                95.2308.5 19.0 58.8183.8289.3243.9242.9 45.8350.3194.8 71.4               233.2 12.9 39.7132.5217.1179.8179.0 30.9269.3141.0 48.2                61.7159.3414.6553.4499.2497.9128.9616.0431.4186.6                 8.0 30.7 56.1 44.2 44.0  6.3 75.2 33.0  9.7                95.4147.2119.9119.3 19.1187.0102.6 29.8               393.0340.1338.9 74.3460.1279.6103.0               477.4476.1118.7596.2409.6172.9               420.8 96.0544.0355.9141.7                95.6542.8354.7141.0               152.4 79.9 23.2               476.9217.8               109.9                                             
0524451117 47.3 44.8 78.9 12.5 26.2 38.6  5.4 48.7  7.1 14.0  4.0 23.1 42.9 12.6  8.1  5.6 32.5      10.8 10.2 17.1  3.4  6.2  8.9  2.0 11.1  2.4  3.7  1.7  5.6  9.8  3.4  2.6  2.0  7.6     525.5641.6246.1400.2491.1131.2544.5168.5267.8 97.8372.0515.9248.3189.1135.5450.8     630.6236.2387.7478.3125.1532.0161.0257.3103.5359.7503.2238.4180.9129.2438.0     343.6512.6599.7196.3647.2246.4369.2149.5483.7622.1346.3273.2202.2562.1     153.3210.7 39.9251.3 53.7 98.2 28.6137.9228.8 88.4 62.0 41.4183.6     354.2 83.8406.8100.6168.8 60.0249.2378.2154.9114.2 87.0316.9     109.6497.7141.9230.3 89.0327.2468.5212.7160.0113.3403.4     134.5 24.6 44.8 13.2 73.9120.6 40.4 28.4 19.0104.5     172.5273.3100.4378.4522.5253.6193.5138.8457.4      60.4 17.7 99.6155.4 54.4 38.1 25.5122.2      32.1152.2249.5 99.4 69.6 46.5201.4      52.9 99.2 29.0 20.3 13.7 74.8     350.4139.4102.2 76.8291.3     230.9174.8124.5428.2      62.7 41.9185.4      29.4138.2      97.1          
0524451212 28.0 28.1  7.2  2.6 14.5 11.6  6.5 12.4  7.3 14.8 28.4  7.6                                6.0  6.0  2.2  1.4  3.5  2.9  2.1  3.1  2.2  3.5  6.1  2.3                              300.4108.3 39.0183.8152.0 98.8160.9110.4187.4302.8114.4                              108.5 39.0184.1152.3 99.0161.2110.6187.7303.3114.7                               10.9 63.4 50.3 30.7 53.9 34.7 65.0109.7 36.2                               20.2 16.1  9.9 17.2 11.1 20.7 39.5 11.6                               94.0 57.2100.7 64.8107.4185.9 67.5                               45.4 79.8 51.4 96.3153.8 53.6                               48.6 31.3 58.6100.0 32.6                               55.1103.2162.8 57.4                               66.4111.8 37.0                              189.5 69.2                              115.9                                                                                                                                       
0824550112  4.8  2.8  8.2  3.7  9.4 13.2 24.4 18.8 29.7 67.0 16.7 38.1                                1.6  1.3  2.3  1.4  2.5  3.0  4.8  3.9  5.8 11.8  3.6  7.2                                7.9 25.6 10.7 29.4 37.3 69.3 53.9 84.6155.8 47.9 97.4                               13.9  5.9 16.0 20.3 37.6 29.3 45.9101.6 26.1 59.0                               19.0 52.3 66.5109.0 96.0129.7245.6 85.4160.5                               21.8 27.7 51.3 39.9 62.6120.5 35.5 80.5                               76.4123.1 98.7146.0271.6 98.2179.9                              151.2122.0178.2320.0110.1217.4                              203.7284.3458.6185.7336.3                              237.2400.8151.1284.5                              504.6217.1380.1                              374.3561.5                              261.9                                                                                                                                       
0824550210  5.1 20.5  6.0 14.1 25.4  3.4  5.6  7.3 11.7  6.2                                          1.9  4.9  2.0  3.6  5.8  1.6  1.9  2.3  3.1  2.1                                         63.6 19.6 43.3 77.4 10.6 18.1 24.3 35.6 20.3                                         75.1141.0225.5 40.2 69.4 93.3119.0 77.7                                         51.1 91.4 12.5 21.4 28.7 42.0 23.9                                        166.2 27.4 47.2 63.4 92.8 52.8                                         48.9 84.5101.1141.0 94.6                                         11.5 15.4 22.5 12.9                                         26.5 38.8 22.1                                         52.1 29.7                                         43.4                                                                                                                                                                                                                            
0824550310  7.8 28.8 33.6 28.5 11.6  3.4  4.8 12.9 23.6  2.4                                          2.0  5.0  5.7  5.0  2.4  1.3  1.5  2.6  4.2  1.2                                        120.0137.1118.7 54.7 16.0 23.9 61.1100.0 10.7                                        345.3309.9155.6 54.3 81.5170.4271.1 36.1                                        342.7176.8 63.4 95.2193.1301.9 42.2                                        154.0 53.6 80.5168.7268.9 35.7                                         21.6 32.4 82.9130.6 14.4                                          9.5 24.1 44.2  4.3                                         36.2 66.3  6.4                                        143.5 16.1                                         29.4                                                                                                                                                                                                                            
0824550416 38.3 44.5 51.8  9.3 75.4 30.1  9.0  3.5  2.7 30.4 52.1 12.9 64.3 38.6  6.3 31.0            6.9  7.9  9.0  2.4 12.5  5.5  2.3  1.4  1.3  5.6  9.1  2.8 10.8  6.9  1.8  5.7          474.9510.2179.8588.1384.4174.9 75.3 54.6386.5511.7214.3553.2441.8126.4391.0          544.6202.8619.8418.9197.5 87.7 63.5421.0546.0240.3586.3476.9143.9425.6          228.1650.3454.3222.4102.2 74.0456.3579.7268.6618.4512.2163.6461.0          293.6147.1 57.4 20.2 14.7148.3229.2 74.2262.4181.0 39.0150.8          534.7286.9125.5105.1536.7651.5340.1685.4589.9216.3541.3          143.0 59.1 42.8333.1455.7176.9498.2386.3102.2337.4           19.5 14.2144.1223.5 71.8256.2176.2 37.8146.6            5.1 59.7102.9 25.2109.1 76.0 13.3 60.9           43.2 74.5 18.3 89.5 55.0  9.7 44.1          457.8178.2500.2388.4103.0339.4          269.8619.7513.6164.4462.5          306.3215.7 48.8181.1          555.0190.8504.9          127.3392.9          104.8                         
0824550514  4.9  9.0 24.2  3.0 17.2 20.5 19.8 35.1 37.6 13.5 43.6  4.9  8.0 36.8                      1.7  2.6  5.2  1.4  4.0  4.6  4.5  7.3  7.8  3.3  8.9  1.7  2.4  7.7                     28.9 70.2  8.5 50.5 60.3 58.5102.7 98.2 39.3112.4 15.0 25.5 96.5                    118.0 16.2 97.2103.2100.3162.9172.3 75.5194.6 28.8 49.0169.5                     39.1188.4216.6211.4316.8331.1153.4364.1 69.8105.6326.9                     28.1 33.6 32.5 57.1 61.1 21.9 71.1  8.4 14.3 59.9                    166.6162.3251.9264.5115.6294.2 50.2 85.7260.8                    187.6285.9299.4134.9331.1 60.0102.4295.5                    279.7293.1131.3324.4 58.1 99.2289.2                    415.4208.4450.5102.1146.7411.0                    219.5466.1 97.7155.3426.5                    246.1 39.0 66.6216.3                    111.8176.0461.6                     25.4 96.0                    152.8                                                                      
08245506 6  3.9  1.8 22.1  5.9  6.3  5.0                                                              1.6  1.2  7.1  2.4  2.5  2.0                                                              3.6 48.7 14.1 15.1 11.6                                                             19.0  5.6  6.0  4.7                                                             78.3 83.8 64.5                                                             24.1 18.6                                                             19.9                                                                                                                                                                                                                                                                                                                                                                                                                                                                  
0824550711  4.7 23.1 15.5 11.8  3.0 15.6 30.6 25.6  2.7 26.4 17.9                                     1.5  4.2  3.1  2.5  1.3  3.1  5.3  4.5  1.2  4.7  3.4                                    62.9 42.4 32.0  8.2 42.7 83.6 69.7  7.0 72.1 49.3                                   166.0130.9 38.2166.8278.9244.7 32.7250.9187.3                                   102.7 25.8119.3208.3180.4 22.1185.4135.1                                    19.5103.3166.2142.8 16.7147.0105.6                                    26.0 50.7 42.3  4.3 43.8 29.9                                   209.3181.2 22.2186.3135.8                                   299.2 43.4306.2233.5                                    36.2270.1203.1                                    37.4 25.6                                   208.6                                                                                                                                                                               
0824550815 23.5107.6 15.1 67.2 35.5  8.3  8.7  8.2 18.7 23.6 32.4  3.8 28.8  2.5 81.5                 4.5 17.6  3.2 11.2  6.4  2.2  2.3  2.2  3.7  4.5  5.9  1.5  5.3  1.3 13.5               557.5164.6449.5312.4105.4110.8104.4196.6232.9293.6 51.1269.9 30.6494.5               458.3749.4645.5340.9353.2338.7509.2558.9627.2185.2602.4120.4775.2               351.2229.5 77.0 81.5 76.2137.5165.4213.9 33.1194.7 19.9394.5               546.0246.6257.0244.8400.4451.0525.2124.8497.6 86.3706.7               151.6158.9150.3269.7313.7383.6 77.8356.8 46.6588.6                48.5 45.3 96.0106.0140.2 19.8126.5 11.9283.5                48.0101.6111.4147.1 20.9132.8 12.6294.7                95.0105.0139.0 19.6125.3 11.8281.4               197.6252.4 41.3230.8 24.7445.1               294.8 51.4271.1 30.8496.0                71.0336.8 42.5568.7                62.9  5.2147.4                37.7541.9               104.8                                             
0824550912 44.1  2.5 23.9  4.0  6.3 13.5 40.2  7.1 29.6 19.6  8.4 24.4                                7.9  1.3  4.6  1.5  1.8  2.9  7.3  2.0  5.5  3.9  2.2  4.7                               57.7363.5101.9143.3247.4484.6159.2412.5323.8184.2368.9                               31.0  5.5  8.9 17.6 52.6 10.1 38.5 25.8 12.0 31.7                               54.6 90.8151.3343.1103.0278.6207.1108.7242.4                               15.6 30.9 92.8 17.7 67.9 45.5 21.1 55.9                               51.3132.3 29.3100.6 75.6 35.0 93.0                              230.8 58.1180.9129.4 69.5154.4                              147.3391.3304.4170.8348.3                              112.5 85.7 39.7105.5                              244.2131.4283.4                              102.5211.0                              111.1                                                                                                                                       
08245510 9  6.9  3.5 30.9  4.5  2.0 28.0 30.0 18.5 25.2                                               1.7  1.2  4.7  1.3  1.2  4.3  4.6  3.1  3.9                                              14.7113.7 19.7  7.1104.1111.0 78.2105.4                                              60.7  9.3  3.5 55.0 59.1 36.7 49.4                                              81.6 29.1320.5335.8241.3298.4                                               4.6 73.8 79.4 49.2 66.3                                              26.4 28.3 17.6 23.7                                             314.7224.0278.6                                             236.5292.9                                             206.3                                                                                                                                                                                                                                                                              
0824551114 65.4 15.1 45.3 41.4 43.7 15.0 11.2 26.0 33.5 12.3  3.2  4.3  6.9  4.9                     12.7  3.6  9.3  8.5  9.0  3.6  2.8  5.6  7.0  3.0  1.4  1.6  2.2  1.7                    345.8594.0574.9586.6344.3280.4467.7527.1299.9103.1136.5210.3154.1                    275.0258.1268.4113.3 94.7179.6220.0104.5 27.4 37.8 64.1 43.6                    497.6510.1273.7217.9388.8448.0234.7 82.2101.1159.6114.8                    489.7256.8203.4368.9427.5219.4 75.2103.8148.1106.2                    267.0212.2381.0440.0228.7 79.4 98.0155.0111.4                     94.1178.6218.9103.8 27.2 37.5 63.7 43.3                    138.1171.3 76.1 20.0 27.6 46.7 31.8                    322.3150.0 46.9 64.6 98.2 74.7                    185.5 60.7 83.7123.3 96.7                     22.1 30.4 51.5 35.1                      8.1 13.6  9.3                     18.7 12.8                     21.6                                                                      
0824551215 36.1  8.4  9.1  2.6 75.2  3.5 43.2 32.1 28.9 85.0 59.0  8.0 28.7 22.1  9.3                 6.5  2.2  2.3  1.3 12.5  1.4  7.6  5.9  5.3 14.0  9.9  2.1  5.3  4.2  2.4               155.9167.1 51.1575.3 71.1455.0386.2362.0601.5520.7149.4360.4303.5171.7                51.3 13.0270.6 18.0180.9141.1128.6294.7226.1 44.8127.8101.1 53.0                14.1286.9 19.5193.4151.4138.1311.7240.7 48.7137.3108.8 57.6               104.2  5.1 61.3 45.4 40.8104.5 81.5 12.4 40.5 31.0 14.6               125.3613.7549.1524.6731.4669.5260.9523.0461.5293.5                85.3 63.1 56.7139.2101.1 17.1 56.3 43.1 20.2               427.5402.7638.5561.4173.6401.1341.7198.5               336.1576.1493.4135.1334.6279.7155.6               552.2468.4123.0311.7259.0142.1               691.5284.5550.7489.9318.7               217.5466.8405.2246.7               122.3 96.6 50.4               257.7141.2               112.1                                             
