0424460110 16.4 20.8  5.9 11.3 21.8 20.7  2.5  9.0  4.4  5.7                                          3.5  4.3  1.8  2.6  4.4  4.3  1.3  2.4  1.6  1.8                                        162.3 59.1104.7166.4161.5 22.2 92.1 42.7 56.7                                         75.4116.8202.3196.6 28.3104.3 54.4 72.4                                         40.2 77.7 75.0  8.6 35.4 16.5 21.8                                        120.0116.2 15.2 62.6 29.0 38.6                                        201.4 29.2107.2 56.1 74.6                                         28.1103.8 54.1 71.9                                         13.4  6.3  8.3                                         25.6 34.0                                         15.8                                                                                                                                                                                                                            
04244602 9 21.7 25.1  2.5  4.2  5.6  8.1 20.0  4.0 25.6                                               4.2  4.8  1.2  1.4  1.7  2.2  4.0  1.4  4.9                                             229.9 28.0 51.8 72.0 96.1194.7 49.7232.8                                              32.6 60.4 83.8110.1219.2 57.8260.4                                               5.7  7.8 11.6 26.3  5.5 33.1                                              14.3 21.3 48.7 10.0 61.4                                              29.5 67.6 13.7 85.2                                             100.8 20.4111.7                                              46.6222.0                                              58.8                                                                                                                                                                                                                                                                              
0424460310  3.9 16.9  6.7 12.4 26.6  7.5  2.1 17.3 27.3 14.0                                          1.4  3.2  1.8  2.5  4.6  1.9  1.2  3.3  4.7  2.8                                         38.0 16.2 27.5 59.3 18.2  4.4 38.9 60.8 31.3                                         69.6105.0200.7 78.4 18.1142.2204.7117.9                                         50.2 97.1 33.3  7.8 71.2 99.4 57.3                                        153.9 56.5 13.1107.1157.2 97.4                                        108.0 28.2204.3284.1171.7                                          8.8 80.2110.4 64.5                                         18.6 28.9 15.0                                        208.4120.3                                        175.3                                                                                                                                                                                                                            
04244604 7 20.9  2.8  8.8 17.0  6.0  3.8  2.7                                                         8.2  1.4  4.0  6.7  2.8  1.9  1.4                                                        31.6102.8167.8 77.2 45.8 31.0                                                        14.5 25.6  9.8  5.9  4.0                                                        93.4 35.2 21.0 14.2                                                        62.3 37.0 25.0                                                        14.1  9.6                                                         5.8                                                                                                                                                                                                                                                                                                                                                                                                 
0424460517 33.9 31.5 34.2 51.0 18.0  3.6 39.4 12.4 94.2 51.0 26.0 19.4 48.8 24.5 30.5  4.9  2.7       6.3  5.9  6.3  9.1  3.7  1.4  7.2  2.7 15.9  9.1  5.0  3.9  8.7  4.7  5.7  1.6  1.3     367.1385.7478.7254.5 70.4418.7188.4609.7478.7325.1268.5468.4311.9359.7 97.6 48.9     368.4460.8240.5 65.2401.1177.1593.5460.8309.0254.0450.5296.1342.9 90.3 45.3     480.1255.6 70.9420.1189.3611.0480.1326.4269.7469.8313.2361.1 98.1 49.2     336.9 95.3513.5257.7688.6571.7416.2353.1561.8401.8453.2127.0 73.8      37.7283.4111.2470.2336.9207.6165.8327.4197.6234.6 52.1 26.2      82.0 25.5158.9 95.3 53.7 40.6101.6 50.5 63.1 10.6  5.4     212.2640.3513.5357.7298.3503.3344.0393.6101.1 56.9     379.9257.7150.9118.7249.4143.1172.4 35.2 17.7     688.6551.3487.4680.7537.2586.4206.4116.4     416.2353.1561.8401.8453.2127.0 73.8     219.9405.9258.5302.2 74.4 37.3     343.4209.5247.9 56.2 28.2     391.6442.8122.2 70.5     289.5 69.8 35.1      87.3 43.8       7.4          
0424460610 34.7  6.9 17.1 26.3  2.7 12.2  6.7 19.8  9.4  3.0                                          5.9  1.9  3.3  4.7  1.3  2.5  1.8  3.7  2.3  1.3                                        126.2248.1332.8 50.5189.5122.6276.5167.3 56.7                                         72.0 98.6 10.9 50.7 30.1 83.7 43.4 12.2                                        200.4 24.9104.2 69.6160.5100.6 28.0                                         38.1150.6 95.7225.2132.2 42.9                                         17.6 10.5 29.0 15.1  4.4                                         49.0119.0 70.8 19.8                                         81.0 42.0 11.8                                        103.9 32.6                                         17.0                                                                                                                                                                                                                            
0424460715 14.5 26.8  3.6 45.0 25.6 21.8 24.6  8.2  4.5  8.3 25.8 52.8 18.3 56.9  4.3                 3.6  6.0  1.5  9.5  5.7  5.0  5.5  2.5  1.7  2.5  5.8 11.1  4.3 11.6  1.6               177.5 29.9265.0170.8149.0165.0 73.3 38.4 74.3171.8296.4129.9306.3 36.0                55.3394.9273.7242.9265.6118.5 71.2120.0275.1431.6215.1442.8 66.7                93.5 52.8 44.8 50.6 18.6  9.8 18.8 53.1 98.1 38.1102.5  9.2               384.2347.7374.7184.1106.5186.2385.8551.7313.3562.5100.4               234.5256.6113.7 67.9115.1265.9420.7207.3431.9 63.6               227.2 98.2 57.6 99.5235.8383.2182.0394.2 53.9               109.5 65.1110.9258.0411.0200.6422.1 60.9                23.9 46.0114.4208.9 93.5216.9 22.3                24.2 68.4122.5 49.0127.8 11.8               115.8211.2 94.8219.3 22.7               422.3208.5433.5 64.0               347.5597.1115.7               358.1 45.9               120.8                                             
0424460818 50.9 94.3 14.3 75.9  6.6  7.9 17.7 19.3  5.9  6.4 23.4  9.0  8.9 15.0 17.1 17.2 28.6 25.4 12.8 22.6  4.1 18.3  2.5  2.8  5.0  5.3  2.3  2.4  6.2  3.1  3.1  4.3  4.8  4.8  7.5  6.7688.6287.1648.4169.3195.9332.7351.2151.5163.0390.9219.4216.9296.6325.0326.2438.0410.5415.3748.1267.0302.8466.3486.2242.3258.3527.1333.2330.1426.3457.9459.3572.9546.5366.1 57.8 69.3125.2134.8 50.6 55.2156.7 80.2 79.0107.6121.3121.9185.4168.3227.5260.1416.1435.9205.3219.6477.1288.2285.3376.7407.8409.1524.3496.9 34.6 72.1 78.6 25.3 27.6 94.0 40.0 39.4 60.6 69.6 70.0102.7102.4 86.5 94.3 30.3 33.0100.5 47.9 47.2 72.7 83.4 83.9120.4108.4162.4 63.1 68.9187.7100.1 98.6130.5146.6147.4220.4200.9 68.8 75.1201.0 97.6 96.3140.4157.6158.4235.3214.8 24.1 82.2 35.0 34.5 53.1 60.8 61.2101.0 89.6 89.7 38.2 37.6 57.9 66.4 66.8 98.5 97.8114.3112.8163.1182.3183.2268.0245.7 54.6 84.1 96.5 97.1136.6123.2 82.9 95.1 95.7134.9121.6126.4127.1192.6175.0142.9214.4195.3215.4196.2284.6
0424460918 19.5 26.7104.8 31.8 58.3 38.5 39.7  4.2 22.9 24.0 13.6 26.6 46.0 28.3  3.0 22.7  4.6 19.2  4.3  5.6 19.4  6.5 11.1  7.7  7.9  1.6  4.9  5.1  3.2  5.5  9.1  5.8  1.4  4.8  1.6  4.2225.2512.8256.7377.6294.0300.5 47.7199.4206.9130.0224.0331.7234.9 32.7198.2 53.4175.3581.0317.1447.4358.5365.6 64.7251.4260.2168.1279.9399.1292.5 44.3250.0 72.5222.9618.2724.3656.3662.4196.9546.3556.9427.5579.5689.5593.0144.4544.6215.3509.8488.3398.1405.4 77.2285.1294.6193.9315.7439.7329.0 52.9283.6 86.6254.3532.4539.7120.6411.1422.0298.5445.8572.8460.4 94.8409.4133.1374.7449.8 93.7324.5334.6225.2357.0484.3371.0 64.1323.0105.0291.4 96.7331.4341.5230.7364.1491.7378.2 66.2329.8 97.1297.9 55.3 58.0 33.0 64.3100.2 68.5  7.3 54.9 11.8 47.1231.7147.5250.1363.8261.8 37.8222.3 62.0197.3153.5258.9374.4270.9 39.7230.4 65.0204.8167.2257.6176.0 22.6146.6 37.0128.6397.6291.1 44.0248.7 72.0221.7412.0 76.8362.1110.9328.8 46.9260.4 76.7232.6 37.6  8.1 32.2 61.5196.1 52.7
0424461015 18.7 46.2 24.8 11.4 62.4  4.1 11.2  3.2 18.2 35.2  5.0 45.0 79.7  8.0 24.7                 4.2  9.3  5.3  2.8 12.1  1.6  2.8  1.4  4.1  7.3  1.7  9.1 15.2  2.4  5.3               323.8205.6106.4383.9 45.2104.7 34.2162.0268.4 55.4318.6440.3 92.6205.0               382.0224.2587.9 99.1221.2 83.9317.5463.8118.8521.5638.8182.8381.2               134.2444.9 59.0132.2 44.6200.8322.0 72.3376.4501.9106.9250.8               274.2 26.9 70.2 20.4103.6180.7 33.0220.0324.2 55.0133.8               126.3270.8 98.7377.2527.0150.3582.6690.0226.6444.0                26.4  7.8 43.8 84.3 12.5 96.9155.7 20.8 58.7                20.0102.0178.1 32.4217.0320.5 54.1131.8                33.2 63.7  9.5 81.9122.8 15.7 44.4               262.7 53.8312.4433.4 89.8200.3               103.4458.1581.8145.7321.2               116.2184.1 25.4 72.1               633.9179.2375.6               271.5501.1               106.6                                             
0424461113 16.7 21.8  4.8 35.0 12.7  7.1  2.8 19.7 20.5 12.7 25.4  9.3  9.3                           3.8  4.7  1.8  7.1  3.0  2.2  1.4  4.4  4.5  3.0  5.3  2.6  2.6                         168.7 47.6245.5106.4 73.2 25.4157.3163.0106.7191.1 96.8 96.5                          61.4294.2132.8 94.4 32.7193.4200.0133.2232.6110.0109.8                          99.4 35.8 21.9  7.7 56.4 58.9 36.0 71.7 28.9 28.8                         197.6131.2 53.0277.5285.8198.1326.0166.0165.7                          55.0 19.2123.5128.1 90.7151.4 72.8 72.6                          11.7 86.7 90.5 55.2 98.4 44.3 44.2                          30.1 31.4 19.2 38.2 15.5 15.4                         187.1123.8218.2102.1101.9                         128.5225.4106.0105.8                         151.8 73.0 72.8                         125.9125.6                          58.5                                                                                                    
0424461213 13.5  5.5 33.6 23.5  3.3  8.8 43.2 27.0 32.0 24.9 18.7  7.4  3.4                           3.1  1.8  6.6  4.8  1.4  2.4  8.3  5.4  6.3  5.1  4.0  2.1  1.4                          44.3200.6149.3 25.1 73.5243.6168.0193.1156.8124.0 60.8 25.4                          99.0 77.1 11.0 31.9124.0 88.9 94.8 81.7 62.0 26.4 11.1                         301.3 62.6153.7437.4330.9368.5313.3258.8130.8 63.4                          43.6112.6355.4258.2291.6242.9196.7 95.0 44.1                          18.1 80.8 50.2 59.7 46.2 35.1 15.0  6.4                         189.3127.4147.6118.4103.0 43.8 18.3                         386.9426.3368.2309.0162.2 81.9                         320.7269.2219.6107.9 50.9                         303.4249.9125.5 60.4                         205.8100.1 46.8                          85.2 35.5                          15.2                                                                                                    
0524460110  4.2  7.1  5.7 18.3 18.5 25.5  2.8  4.1 44.4 27.2                                          1.5  2.1  1.8  3.9  3.9  5.1  1.3  1.5  8.4  5.4                                         18.8 14.8 45.0 45.4 62.0  6.5 10.2 97.3 66.3                                         26.3 80.1 80.8 98.6 11.5 18.1160.1104.6                                         63.3 63.8 87.2  9.1 14.3131.2 93.1                                        161.1207.0 27.4 43.4310.7217.8                                        208.3 27.6 43.8312.4219.2                                         37.7 59.8379.9275.7                                          6.3 66.0 40.3                                        104.7 63.8                                        394.9                                                                                                                                                                                                                            
0524460210  8.4 27.7 15.1 44.6  2.2 31.8 14.1 18.2  3.6  4.6                                          2.0  4.6  2.9  7.1  1.2  5.2  2.7  3.3  1.3  1.4                                        123.8 78.3185.8 10.0139.9 73.0 94.7 19.0 24.9                                        188.7399.7 29.7324.2178.3218.8 57.1 75.1                                        272.1 16.4211.0107.0134.2 31.4 41.2                                         48.2432.3258.7309.9 92.8107.8                                         34.3 15.3 19.8  4.1  5.3                                        199.7243.5 65.9 86.6                                        126.3 29.2 38.4                                         37.9 49.8                                         10.1                                                                                                                                                                                                                            
0524460310  5.1  2.8 41.1 34.7 21.8 20.1  8.2 13.5 31.1  2.4                                          1.4  1.2  6.1  5.3  3.6  3.4  1.9  2.5  4.8  1.2                                          8.1110.1105.4 65.6 61.6 27.1 40.7 94.3  6.7                                         61.5 51.9 32.3 30.4 13.4 20.1 46.4  3.4                                        433.7328.0314.6170.5235.0408.1 50.2                                        292.9280.3148.1206.4369.8 42.3                                        197.0 98.1140.3271.0 26.4                                        103.0132.9259.0 24.8                                         68.1134.7 11.0                                        189.1 16.5                                         37.9                                                                                                                                                                                                                            
0524460416 24.5 12.9  2.4 64.8 27.1 26.7 50.5 44.7  5.1 19.1  5.8164.7164.7  6.7 10.9 76.0            5.0  3.0  1.3 11.7  5.4  5.3  9.5  8.5  1.7  4.1  1.8 28.7 28.7  2.0  2.6 13.6          149.5 31.2451.8267.0264.1400.6372.8 74.5207.3 85.5655.4655.4 99.0128.1488.8           16.5309.1162.7160.6265.1242.3 39.2121.9 45.0519.4519.4 52.1 78.2343.1           80.8 34.4 33.9 64.7 57.2  7.0 24.6  8.0168.7168.7  9.2 13.8 94.9          475.1471.6615.2589.3160.3396.9179.3797.9797.9201.6272.8688.4          283.6423.7395.5 82.4224.0 94.6674.2674.2 98.0139.6512.1          420.2392.1 81.2221.4 93.1671.4671.4 96.6137.8508.5          540.4132.8347.4149.3771.8771.8168.6232.0647.2          119.4321.1134.4755.5755.5152.3211.1622.7           58.7 18.9322.4322.4 21.9 32.7182.7           67.3607.8607.8 78.0103.9433.7          351.8351.8 25.1 37.5203.7          869.5384.5477.6814.2          384.5477.6814.2           43.5228.1          304.7                         
0524460518 18.7  8.9 51.4 43.2 17.9 21.8  4.6 40.6 47.5  7.4 53.1 51.9  5.8 47.1  4.5 31.3  7.8 25.8  4.7  2.8 11.6  9.9  4.5  5.3  1.8  9.3 10.8  2.5 12.0 11.7  2.1 10.7  1.8  7.3  2.5  6.2104.1346.2309.2159.4185.3 50.8296.4329.3 85.6353.3348.6 65.2327.2 49.8245.8 90.6211.9218.6190.8 99.7106.1 26.4181.4205.7 44.3224.1220.4 33.8204.2 25.9145.9 46.9123.2536.3336.8377.3121.3522.1557.8187.5582.1577.4150.2555.6119.2461.4196.2415.9300.3338.9104.0482.1518.5162.7543.6538.7129.5516.3102.2421.0170.5376.3178.9 48.7287.7320.2 81.9343.8339.2 62.5318.1 47.7238.0 86.7204.9 58.5325.5359.8 98.5384.5379.7 75.1357.6 57.3272.1104.3235.8 98.4113.2 21.7124.8122.4 16.6112.2 12.7 84.5 23.0 69.4504.2154.5529.5524.6122.6501.9 96.6406.7161.9362.4176.0564.9560.1140.5538.0111.3443.2184.3398.0192.5189.2 27.8174.6 21.3123.4 38.6103.8584.4154.3562.8122.6468.9201.3423.4151.5558.0120.3463.8197.8418.4139.4 16.3 97.1 29.5 89.1110.3440.9182.8395.7 82.8 22.5 68.0129.6306.0109.1
05244606 8 12.3 39.4  2.0  6.0 35.7  4.2  3.6 23.1                                                    2.3  5.9  1.2  1.6  5.4  1.3  1.3  3.8                                                  210.9 11.8 44.3194.7 29.7 25.2135.4                                                   37.9124.7430.2 96.5 81.9331.8                                                    6.3 34.2  4.3  3.7 22.1                                                  114.1 15.8 13.4 83.8                                                   87.2 73.9310.4                                                    9.0 56.1                                                   47.6                                                                                                                                                                                                                                                                                                                                     
0524460714 28.2  8.2 10.6 12.7  6.5  8.9 18.0 59.9  2.7 33.6 19.8  6.6 18.9 44.3                      6.1  2.5  2.7  3.2  2.1  2.6  4.2 11.9  1.4  7.1  4.5  2.1  4.4  9.2                    124.2141.4166.2 99.7133.0221.0466.7 40.2340.7237.6100.5229.9402.9                     53.0 64.3 35.5 49.3 92.1225.8 12.9144.4101.4 35.9 97.0181.9                     74.8 41.3 57.4 96.0252.7 15.0163.8104.7 41.7100.6205.0                     50.1 69.6114.0289.8 18.1191.6124.0 50.6119.3237.6                     38.5 71.8186.0 10.1116.5 79.1 28.0 75.6148.2                     99.7239.7 13.9154.3 98.2 38.8105.1193.8                    365.7 25.9251.9168.0 72.4162.0306.4                     83.6507.2387.2187.3377.3570.0                     47.9 28.5 10.2 27.2 63.3                    270.0117.4261.6443.3                     79.7175.3326.5                     76.3149.2                    317.2                                                                      
0524460812 17.8 11.3  8.5  9.5 11.8 26.5 17.3  2.3  6.5  8.7 18.4 28.7                                3.9  2.7  2.4  2.6  2.8  5.3  3.8  1.3  2.0  2.4  4.0  5.7                              100.9 94.5 94.9105.4208.9148.8 20.6 71.5 96.4156.9222.2                               58.6 65.5 73.7141.6 98.2 12.8 44.3 59.7103.9151.5                               54.7 61.5121.2 91.6 10.7 37.0 49.9 97.7129.9                               68.8133.5102.5 12.0 41.4 55.7 97.7142.9                              147.6102.6 13.5 46.5 62.7108.5157.8                              203.9 30.3105.4123.2214.3294.3                               20.0 69.3 93.4152.9217.0                                8.2 10.9 21.3 32.8                               37.7 73.8101.7                               99.6132.1                              227.8                                                                                                                                       
05244609 8 26.6  6.1 10.7  5.4  3.6  8.2  2.5  9.4                                                    4.9  1.8  2.4  1.6  1.4  2.1  1.3  2.4                                                   98.7135.9 85.3 54.6116.9 35.7133.1                                                   39.3 21.1 13.6 33.0  8.9 38.3                                                   34.0 21.8 53.2 14.3 61.8                                                   11.8 28.5  7.7 33.1                                                   18.3  5.0 21.2                                                   12.0 51.9                                                   13.9                                                                                                                                                                                                                                                                                                                                     
05244610 8  2.7  9.4 13.9  3.0 12.0  7.9 18.2  4.7                                                    1.2  2.3  2.8  1.3  2.5  2.0  3.4  1.5                                                   14.8 19.9  4.3 17.0 12.3 26.2  7.1                                                   81.3 16.8 69.2 49.9 95.8 28.5                                                   22.6 93.4 67.3124.8 38.4                                                   19.3 14.0 29.7  8.1                                                   57.3108.5 32.7                                                   88.5 23.6                                                   50.5                                                                                                                                                                                                                                                                                                                                     
0524461113 14.9 23.4  3.0 12.8 62.7  4.7 13.1 13.6  4.9 33.0 11.1 20.6 15.1                           3.5  5.1  1.4  3.1 12.2  1.7  3.2  3.3  1.7  6.9  2.8  4.6  3.6                         163.0 24.9 96.6333.7 41.7 98.4101.9 43.7215.1 93.0148.6112.7                          38.7142.4433.1 65.0144.9149.8 68.0297.0125.5212.8164.7                          21.2102.0  8.3 21.6 22.5  8.7 54.8 18.3 34.7 25.2                         300.0 35.5 93.6 97.4 37.2189.6 79.2129.5 97.7                         144.5304.2312.4150.3513.4270.9407.7336.4                          36.2 37.7 14.5 92.0 30.6 58.2 42.2                          99.5 37.9192.7 80.8131.8 99.5                          39.5198.9 84.1136.4103.1                          96.4 32.1 60.9 44.2                         168.3275.1217.2                         113.9 94.2                         150.2                                                                                                    
0524461214 44.8 12.2 10.9 39.4  2.6 19.3 18.0 37.8  5.9  5.6  8.3 20.8 20.6 28.2                      8.9  2.9  2.7  7.9  1.3  4.3  4.0  7.6  1.9  1.8  2.4  4.6  4.5  5.8                    231.3212.7483.8 61.1323.7309.2474.0137.6130.8184.2341.0338.1405.4                     73.7209.4 16.4116.1109.3202.6 43.2 40.7 61.4124.6123.2159.3                    192.1 14.7105.4 99.1185.7 38.7 36.5 55.0113.2111.9145.3                     53.6296.8282.9443.8123.0116.8165.7313.4310.6375.9                     26.4 24.6 51.4  8.7  8.2 12.3 28.6 28.2 38.2                    164.4288.2 69.6 65.6 99.0185.8183.8232.6                    274.6 65.0 61.2 92.4175.7173.8220.7                    118.5112.5160.0304.6301.9366.4                     21.4 32.3 75.5 74.5100.9                     30.4 71.2 70.2 95.1                     96.2 95.1124.3                    196.1247.0                    244.6                                                                      
08245601 8 27.1  1.9  8.2 14.8  4.9 27.3 11.3  3.6                                                    4.1  1.2  1.9  2.6  1.4  4.2  2.2  1.3                                                   24.3118.8182.3 78.6287.7144.8 56.0                                                    8.1 13.4  4.8 24.5 10.2  3.5                                                   74.7 26.0119.7 56.6 18.6                                                   43.2183.5 94.2 30.8                                                   79.3 32.7 10.8                                                  145.9 56.5                                                   23.3                                                                                                                                                                                                                                                                                                                                     
0824560210  8.7  4.2 26.2  2.9 17.2 12.7  3.6 10.9 17.9 17.1                                          2.4  1.5  5.2  1.3  3.7  2.9  1.4  2.6  3.8  3.6                                         23.4122.2 15.3 93.1 67.8 19.4 58.0 96.8 92.3                                         64.1  7.1 42.4 30.9  9.0 26.5 44.1 42.1                                         41.7201.0155.5 53.3136.2207.1199.7                                         27.6 20.2  5.9 17.3 28.7 27.4                                        109.0 35.3 94.8148.2142.4                                         25.7 76.9112.7108.2                                         22.0 36.7 35.0                                         98.1104.7                                        147.1                                                                                                                                                                                                                            
0824560316 17.9 29.8 24.5  7.5  2.4 83.1 29.7 51.5 35.7  5.2  5.6 12.0 52.9 28.5 72.8 20.5            3.8  5.8  4.9  2.1  1.3 14.7  5.8  9.6  6.9  1.7  1.8  2.8  9.8  5.6 12.9  4.3          229.3196.7 83.6 22.5439.5228.8337.7262.7 55.4 60.5107.4343.5222.0408.9172.9          285.0120.0 36.9553.8325.1450.2365.8 91.3 99.7164.6456.4316.7523.9254.3          100.6 30.3508.9284.4404.4322.7 74.8 81.7139.3410.5276.6478.2219.2           10.3268.7119.6190.9140.6 25.2 27.4 55.0195.0115.5244.0 96.1          101.2 36.8 64.3 44.4  6.9  7.5 14.8 66.1 35.4 88.6 25.8          553.2667.9594.0197.3211.3345.0672.9544.2722.7471.8          449.5365.1 91.1 99.4164.2455.7316.1523.2253.7          492.9135.9146.4253.6582.1440.3642.5368.2           98.2106.2191.2499.1356.3565.2289.8           18.2 36.5139.0 87.5177.4 63.7           39.8149.7 95.5190.3 69.5          258.6158.9316.6121.3          446.4647.7374.2          514.0246.4          441.0                         
0824560417 33.9  3.4 16.0  7.4 44.5 22.7  4.2110.4 30.2 38.9 17.9  8.3 27.6 65.1  8.3 65.7 10.8       7.2  1.5  3.8  2.3  9.2  5.0  1.7 21.3  6.4  8.1  4.2  2.5  6.0 12.8  2.5 12.9  2.8      64.7231.8132.6446.6295.7 82.5641.5357.4415.4252.9147.3337.7528.3146.8530.6168.1      30.6 15.4 85.2 42.9  8.3169.1 57.5 74.4 34.4 17.4 52.5107.4 17.4108.4 20.4      73.1282.9167.8 39.0478.1211.8257.0139.4 82.7197.4357.1 82.3359.3 97.0     167.2102.7 19.6322.8119.8149.4 82.3 41.5110.7221.5 41.3223.2 48.6     353.7 97.2692.5419.4479.0306.6184.8398.7589.1184.1591.2209.4      54.7555.4272.4324.6184.7103.3255.4433.9102.8436.2118.8     205.3 73.3 94.9 43.9 22.2 66.9132.8 22.1133.9 26.0     617.9668.2505.3349.2599.1748.5348.2749.9384.4     388.6231.8133.3312.8501.4132.8503.7152.5     279.5165.6368.3559.7164.9561.9188.3      93.1216.4383.3 92.6385.5 97.6     123.3243.0 46.7244.8 55.0     480.5122.8482.8141.3     242.2662.6272.6     244.0 54.7     274.5          
0824560511 13.5  3.7  5.1 32.0  3.4 19.4 38.3  4.4 16.7 11.0 28.0                                     3.2  1.5  1.7  6.6  1.4  4.3  7.7  1.6  3.8  2.7  5.8                                    28.4 41.0193.0 25.8128.0222.3 34.3112.4 82.5173.2                                    11.5 67.7  7.3 41.3 81.1  9.7 35.6 23.0 59.1                                    98.0 10.5 59.7104.3 13.9 51.4 33.2 85.6                                    61.4256.7398.4 81.8229.8162.6328.6                                    37.5 73.6  8.8 32.3 20.9 53.7                                   291.8 49.9155.1106.4232.4                                    98.2262.7188.4368.1                                    43.0 27.8 71.5                                   103.5207.3                                   145.3                                                                                                                                                                               
08245606 8 27.1 11.0  8.9 17.2  1.8  5.0 19.0  3.9                                                    4.1  2.1  2.0  2.9  1.2  1.4  3.1  1.3                                                  141.8129.3206.4 22.9 81.2223.1 60.5                                                   60.5 95.8  9.4 32.7104.8 24.4                                                   95.9  8.4 29.4 95.1 21.9                                                   14.7 51.8155.9 38.6                                                    4.6 16.2  3.5                                                   57.3 11.9                                                   42.7                                                                                                                                                                                                                                                                                                                                     
0824560716  4.6  6.7  6.6  9.3  5.3 18.6 37.4 14.5 55.1 13.4 29.4 11.8103.1 42.4 10.8 23.7            1.9  2.3  2.3  3.0  2.0  4.8  8.9  3.9 12.5  3.7  7.1  3.3 22.8 10.0  3.1  5.9           19.3 19.1 27.6 15.2 50.3101.0 38.9125.6 35.9 78.9 31.4210.7102.0 28.6 63.3           28.7 41.6 22.8 76.0130.9 58.7177.3 54.1105.6 47.3285.1145.8 43.0 95.6           41.0 22.5 74.9129.3 57.9175.4 53.4104.3 46.7282.4144.2 42.5 94.3           32.5 97.2176.4 83.9234.3 77.3143.9 67.6360.0195.3 61.5119.1           59.4105.6 45.9144.7 42.4 93.2 37.0239.1118.1 33.7 74.8          278.8131.6354.3122.7233.3109.1497.9304.2100.3196.9          231.2513.1217.3373.4195.7647.7458.6181.5325.5          299.8 97.8191.1 95.5438.3254.0 86.9159.8          283.6456.5257.8712.6541.9240.5405.8          179.1 88.1419.6239.2 80.1149.4          160.4597.9402.1148.2275.7          389.0216.1 70.0133.2          671.7367.8550.1          200.8352.9          122.8                         
0824560811  5.1 27.9 16.7 12.7  8.0  7.8  9.0 19.8  2.8 23.1  5.7                                     1.8  5.8  3.8  3.1  2.3  2.3  2.6  4.4  1.4  4.9  1.9                                    83.8 50.6 38.0 26.4 25.4 29.8 60.2  8.0 69.1 18.3                                   206.2163.8119.8116.1133.2235.3 41.2260.4 95.0                                   106.4 83.1 80.2 93.9158.0 25.0176.9 57.4                                    62.4 60.2 70.5123.8 18.8139.4 43.1                                    41.7 48.8 98.9 13.1101.1 29.9                                    47.1 95.3 12.6 97.9 28.8                                    99.7 14.7112.6 33.7                                    29.6203.1 68.3                                    34.0  9.1                                    78.4                                                                                                                                                                               
08245609 8 11.5  4.7 13.0 11.5  5.1  4.6  2.3 24.3                                                    2.6  1.5  2.8  2.6  1.6  1.5  1.2  4.6                                                   31.8 83.3 73.1 34.1 30.7 13.3133.4                                                   36.2 31.8 14.9 13.4  5.9 67.7                                                   83.2 38.9 34.9 15.1149.0                                                   34.1 30.7 13.3133.4                                                   14.4  6.3 72.7                                                    5.7 65.3                                                   28.1                                                                                                                                                                                                                                                                                                                                     
0824561017  3.5 14.5 34.5 23.8 64.4  8.9 45.6 32.1 29.0  3.8 17.6  7.1 25.7 46.7 43.1  6.2 75.0       1.5  3.5  7.2  5.2 12.5  2.6  9.3  6.7  6.2  1.6  4.1  2.2  5.5  9.5  8.8  2.0 14.5      29.0 69.1 47.2110.9 19.4 91.6 64.1 57.8  7.9 35.3 15.4 51.1 93.6 86.4 13.4126.8     218.1161.0333.2 79.8268.6205.7189.7 32.1125.9 63.2171.7272.8257.5 54.7366.6     309.5530.2157.9457.0375.3352.6 76.3252.7129.7325.9462.1443.4114.4564.4     442.7114.0370.1294.2273.9 52.1189.0103.1250.6375.0357.2 89.2478.1     252.7592.3513.1489.5121.0376.5212.2460.8597.0579.7189.5684.8     198.4148.3135.9 21.5 97.3 42.3122.1201.9189.4 36.6281.8     439.5415.9101.2307.8164.5387.7526.9508.5145.8624.1     336.3 70.7239.1121.5310.1444.6426.0107.0547.7      63.8221.3111.1289.3421.0402.5 97.7524.6      39.0 17.0 56.4103.4 95.4 14.8138.1      77.1201.1312.3295.8 66.7411.1      99.5167.5156.7 29.0238.3     392.7374.5 96.4496.2     513.5148.6628.6     138.7612.1     213.6          
0824561118 30.2 35.5 42.8  3.7 53.1 36.0 49.3 63.7  6.7 20.4 29.8 34.7  3.0 15.0 26.7  6.8 19.8 49.6  6.0  6.9  8.3  1.5 10.1  7.0  9.4 11.6  2.0  4.3  5.9  6.8  1.4  3.4  5.4  2.0  4.2  9.5367.6410.7 64.3460.8370.8443.5496.6108.7255.5329.4363.0 50.5201.8305.6110.3250.0444.9448.3 75.7498.5407.6481.2533.8125.4286.8364.8399.6 59.5228.8339.9127.2280.9482.6 91.7542.0451.6525.1576.2147.6326.0407.9443.5 72.0263.3382.0149.7319.7526.4101.5 76.8 94.9116.4 15.4 43.9 63.5 74.2  6.5 32.1 56.7 15.7 42.6 95.4501.8573.5622.0176.7373.2457.9493.7 89.5306.1431.5179.1366.6574.8484.6537.1127.0289.7368.0402.9 60.3231.3343.0128.8283.7485.9606.5166.2356.7440.6476.4 83.0291.0414.3168.5350.1558.4200.0408.3493.7529.1104.5338.7467.4202.6401.4607.8 84.0107.5123.2 12.2 61.4 97.1 29.9 81.5167.0253.2282.7 34.5147.7232.7 85.4186.3358.0360.2 49.9199.8303.0109.1247.7442.0 58.2225.2335.4124.9276.8477.8 25.3 44.5 12.4 33.5 83.5182.5 62.4144.0292.2 98.6227.5415.7 82.8169.3351.4
0824561213 17.4 17.8  7.2 33.9 13.2 17.3 16.4  3.8 18.3  6.8 27.4  2.9 46.1                           3.7  3.8  2.1  6.5  3.0  3.7  3.6  1.5  3.9  2.0  5.4  1.4  8.7                         148.7 76.9246.8114.0145.4138.9 37.9152.4 72.3209.9 27.3307.3                          78.7251.2116.4148.4141.7 38.8155.5 74.1213.8 28.0312.2                         128.7 57.8 76.6 72.6 16.9 81.0 32.2106.7 12.3167.3                         198.6246.3236.6 73.5256.5122.1336.2 53.0454.9                         113.7108.4 28.5119.4 54.4167.1 20.6251.7                         138.5 37.8152.0 72.1209.4 27.3306.7                          35.8145.2 68.3200.7 25.8295.7                          39.9 15.9 59.3  6.1100.5                          76.3218.6 28.8318.3                         101.0 11.5159.2                          42.8405.5                          72.4                                                                                                    
