0625190116 42.4 23.1  7.8150.6 15.6 27.2 23.0 18.3 43.5 11.8  2.3  5.1 11.7 32.0 72.6 15.5            7.9  4.6  2.2 25.6  3.4  5.3  4.6  3.8  8.1  2.7  1.3  1.7  2.7  6.1 12.7  3.4          346.9167.0734.7268.3384.2346.2300.7493.5216.6 50.7113.6214.7421.3601.9267.5           98.2625.4166.9256.1225.5190.6352.8130.9 27.4 69.8129.5287.4463.6166.3          401.8 74.8114.0 97.9 88.2170.7 56.0 10.2 25.8 55.4131.4249.4 74.5          543.2658.4624.8579.5738.7477.2148.2303.4474.4688.2800.5542.3          191.2166.4138.9273.5103.8 18.7 47.6102.6217.2375.8120.1          255.5217.4390.3151.0 32.4 82.7149.5321.9502.5190.6          190.1352.1130.5 27.3 69.6129.2286.8462.9165.9          306.2108.1 22.0 56.1106.9245.8413.0138.4          221.1 52.1116.3219.1427.5607.5272.7           14.1 35.7 76.8172.8313.3103.4            6.6 13.9 38.1 84.8 18.6           35.2 97.3175.7 47.4          171.1310.9102.1          539.6216.5          374.9                         
0625190216  6.7120.3 21.9 23.0 16.6 99.1 66.3 24.7  5.7  4.8  2.5 32.7 20.9 37.7 21.0 26.1            2.0 21.0  4.5  4.7  3.6 17.4 11.9  5.0  1.8  1.6  1.3  6.4  4.4  7.2  4.4  5.2          317.7 88.6 93.5 68.0278.4206.5100.5 24.8 20.3  9.6116.9 86.5132.3 86.7 95.2          566.3578.0506.7809.6762.9593.4282.7244.7133.2651.3560.8678.0561.5604.9          216.4168.0522.8429.8228.5 74.6 61.0 28.6281.3203.6310.1204.1238.1          175.6535.0442.3238.0 78.7 64.4 30.2292.0212.4321.3212.8247.8          461.8369.7186.0 57.2 46.8 22.0232.2164.6257.9165.0194.3          735.5551.0246.0211.3112.5612.5517.2641.3517.8563.1          458.8180.2152.7 85.5524.6424.2556.7424.8471.5           84.6 69.1 32.4306.5224.3336.5224.8261.0           17.1  8.1100.4 72.8113.9 73.0 89.3            6.7 92.0 59.5 95.3 59.7 73.0           43.1 27.9 49.7 28.0 34.2          276.5399.8277.0317.8          305.0200.2233.8          305.6348.3          234.3                         
0625190315 23.1  3.7 56.4125.3 19.0 81.4 23.7 36.5 31.0 28.1  8.1 31.9  6.6  2.1 42.1                 3.9  1.4  8.5 18.0  3.4 11.9  4.0  5.8  5.1  4.6  2.0  5.2  1.7  1.2  6.6                48.7404.9586.9196.2490.1230.7314.7281.1261.7101.7287.0 91.7 23.8345.5               104.1204.0 40.6143.4 50.1 77.7 65.8 59.4 18.7 67.8 15.1  4.1 89.8               746.0364.1675.7411.5512.5474.3450.9212.2481.2178.5 57.2545.3               547.2793.0593.0679.4648.4628.5369.4654.2321.9112.0704.6               448.2200.7278.1246.8228.9 95.3252.3 76.5 19.9307.1               496.7594.4558.3535.8278.7565.0237.9 82.7624.4               320.7286.7267.1104.3292.7 94.4 24.5351.7               379.9357.5152.4386.7126.4 37.9451.1               321.7132.3349.8109.3 32.1412.7               121.3328.1 99.9 29.0389.8               135.8 35.2  9.2171.7               112.3 33.1419.6                 7.5143.1                43.8                                             
0625190416  8.0 75.7164.4  3.2  3.9164.4 11.0129.7 59.7  5.7 24.1 27.0 69.5100.2  7.7  8.0            2.3 14.2 30.1  1.4  1.6 30.1  2.7 23.8 11.3  1.8  5.1  5.6 13.1 18.6  2.3  2.3          261.4427.3 15.6 19.3427.3 53.1373.4219.1 29.6104.1115.7245.6317.4 40.8 42.8          813.6116.2140.3813.6306.0788.5672.8199.2483.0510.5699.7756.0254.6263.5          220.7259.4869.3479.7856.0788.5346.3651.1673.5805.1838.0418.9429.9            7.2220.7 19.5183.2104.8 10.9 42.9 48.3107.8148.1 15.0 15.8          259.4 24.2217.4114.2 13.5 53.3 60.1130.4177.3 18.6 19.5          479.7856.0788.5346.3651.1673.5805.1838.0418.9429.9          424.8259.3 37.1127.0140.7288.7366.3 51.2 53.7          758.8296.4603.3627.9778.4817.8365.2375.9          164.5428.0455.6656.8720.9213.0221.0           81.8 92.2186.1246.8 28.5 29.9          262.8463.2547.2100.8105.2          490.9573.6112.1116.9          743.9239.1247.7          309.8319.8           41.3                         
0625190518  7.1 98.2 44.0  4.0 36.3 44.1 37.7146.7104.9166.6 40.6113.6 27.4  2.2 46.1 55.8  4.0 63.7  1.9 15.0  7.3  1.4  6.1  7.3  6.3 22.2 16.0 25.1  6.8 17.3  4.8  1.2  7.6  8.8  1.4 10.0288.3159.0 18.0134.9159.1139.2373.6301.7402.3148.5318.3105.2  8.5165.2188.9 17.7209.5669.4181.2632.1669.7639.3827.0794.1837.4654.2802.7572.3105.2677.9706.6179.5727.7103.3460.3505.5468.7736.6681.5754.8486.5695.6394.7 48.3515.8553.2102.1582.1 85.0103.5 88.2247.2191.1270.9 95.2203.6 63.9  4.7 96.9112.3  9.6125.9460.6423.8705.9645.2726.4441.5660.6351.4 39.8471.1509.2 84.0539.2469.0736.8681.7755.0486.8695.8395.0 48.4516.1553.5102.2582.3711.9652.2732.0449.9667.4359.4 41.2479.5517.5 87.1547.3832.6864.0724.2839.0654.9134.6743.4766.2245.0782.7842.5666.7809.5586.7100.3689.7717.5189.3737.8743.3848.2678.5149.9761.2782.1268.6797.2681.3376.4 44.5497.2534.9 94.1564.3603.7107.7703.5730.0201.7749.4 29.9405.3443.4 63.2473.8 50.6 59.7  4.6 68.1563.5 95.9592.0111.1626.4124.6
0625190616 30.5  8.6 73.8 13.4  4.6 17.1 29.5103.4  5.6  9.1  3.8 32.6 29.1 28.2 27.4  8.9            6.8  2.6 15.3  3.4  1.8  4.2  6.6 21.1  1.9  2.8  1.6  7.3  6.6  6.4  6.2  2.7          138.1532.5185.2 82.3224.6328.6606.1102.0145.5 65.3350.5325.6319.4313.0142.5          272.8 71.3 25.5 91.4134.2341.9 31.5 53.2 20.2146.3132.6129.2125.9 52.0          345.5161.7400.6524.8756.9192.4284.7133.1547.8521.6514.9507.9279.9           36.2114.2180.2421.2 44.9 75.8 28.8195.5178.1173.9169.6 74.0           46.4 79.5211.8 16.1 27.0 10.4 88.1 78.4 76.1 73.8 26.4          218.9478.3 57.4 97.1 36.8236.4216.5211.6206.7 94.8          599.0 98.6141.3 63.2343.2318.5312.3306.0138.5          249.0355.2176.5620.1596.0589.7583.2349.9           33.5 12.8 97.7 97.2 94.4 91.5 32.7           21.5154.0139.7136.2132.7 55.2           69.9 62.3 60.5 58.6 21.0          340.1333.8327.2150.9          309.4303.1136.8          297.1133.4          129.9                         
0625190711 22.5 16.0 11.5  9.0  8.1  5.2  6.7 10.9  8.7  3.0 18.9                                     5.0  3.8  2.9  2.6  2.4  1.9  2.1  2.8  2.6  1.5  4.4                                   167.1124.7109.9 99.9 69.6 90.9118.8106.8 36.8192.3                                   103.3 89.4 80.3 49.9 65.2 97.8 86.5 26.4146.5                                    63.2 56.7 35.3 46.1 69.1 61.2 18.7108.5                                    49.1 30.6 39.9 59.8 53.0 16.2 95.4                                    27.5 35.8 53.7 47.6 14.6 95.5                                    22.3 33.4 29.6  9.2 59.4                                    43.6 38.6 11.9 77.5                                    57.9 17.7103.4                                    15.7103.0                                    31.4                                                                                                                                                                               
0625190814  4.6 13.0 51.5 11.6 27.4 48.8 30.1 27.6  3.4 39.9 12.9 13.0  4.5  8.4                      1.7  3.2 10.7  3.0  6.0 10.2  6.5  6.0  1.5  8.4  3.2  3.2  1.7  2.5                     34.6120.7 30.7 73.2115.3 80.5 73.8  9.1 96.3 34.5 34.6 12.7 24.8                    269.2 83.8164.5259.2177.8165.6 24.4222.9 94.2 94.4 34.3 67.4                    246.9430.2564.3452.3432.1 97.5518.6268.7269.1119.7209.5                    148.9237.5161.2149.9 21.6203.3 83.5 83.7 30.4 59.8                    418.1310.1292.3 51.4372.0164.1164.4 72.5123.6                    440.1420.0 92.5506.5258.7259.1114.3201.1                    311.8 56.6393.4177.4177.7 79.7134.3                     51.9373.8165.2165.5 73.1124.5                     75.5 24.3 24.4  9.0 17.4                    222.4222.8 95.4170.8                     94.1 34.2 67.2                     34.3 67.4                     24.5                                                                      
0625190911  3.9  8.0  6.7 36.7  3.1 23.2 16.9 51.1  3.5 20.0 39.5                                     1.4  2.2  2.0  7.0  1.3  4.7  3.7  9.5  1.4  4.2  7.5                                    19.4 16.2 82.0  6.9 51.4 37.9102.0  7.8 45.0 88.3                                    35.5151.3 14.9100.9 83.6198.7 17.0 99.2161.0                                   129.5 12.4 94.3 69.6171.6 14.2 82.6138.1                                    62.8316.7256.7497.4 71.5289.8437.2                                    39.4 29.1 87.8  6.0 34.5 67.7                                   179.4389.9 44.8205.5332.6                                   323.4 33.1161.0270.9                                   100.1360.5514.6                                    39.3 77.1                                   304.9                                                                                                                                                                               
0625191015 35.8  5.2  2.6 74.1 16.8 13.9 23.5 23.8 15.9 46.5  4.2 12.3 41.4 21.6 36.0                 6.8  1.7  1.3 13.0  3.6  3.1  4.7  4.7  3.4  8.6  1.5  2.8  7.7  4.4  6.8                99.5 49.6570.1251.5216.2315.0317.9240.7469.9 87.4195.9442.8297.1410.5                 7.7181.6 52.5 42.9 72.6 73.6 49.5125.5 13.4 37.9113.3 66.5100.0               100.4 23.4 19.2 32.3 32.8 22.1 64.5  6.1 16.9 57.4 29.6 49.9               398.5353.5473.1476.2385.1625.7148.7326.3601.5452.9571.4               116.2180.9182.9131.4302.6 41.2103.9279.2168.5252.6               153.3155.0110.2263.0 33.7 95.6241.4142.4217.2               235.1172.4371.9 57.0137.8346.1217.8316.3               174.3374.9 57.7139.4349.1220.1319.1               290.6 38.8 98.5267.7160.4241.8               101.3239.8503.6352.6471.3                29.7101.2 52.2 87.9               219.5127.8196.9               327.4444.1               298.3                                             
0625191118 24.1  3.0 47.7 10.9116.2 25.3 39.4  3.7 18.5 15.7 20.7 39.5  7.9 35.3 38.4 22.2 37.3 20.8  4.9  1.4  9.0  2.6 20.3  5.1  7.5  1.5  3.9  3.4  4.3  7.5  2.2  6.8  7.3  4.5  7.1  4.4 39.0383.4126.2580.5250.3340.6 49.9199.3173.9217.8341.6103.8317.1335.4227.1328.9219.2 77.8 17.5154.4 40.8 64.1  6.1 30.3 25.6 33.9 64.4 14.0 57.4 62.5 35.9 60.7 34.2222.1712.8394.0497.8 99.7327.9292.7352.6498.8186.6472.2492.2364.7485.2354.4397.4131.4191.0 22.4101.0 95.6111.8191.7 52.3174.7187.3117.4182.8112.6590.6679.6189.1524.3485.2550.0680.4347.8659.2675.2562.2669.7551.9350.8 52.3206.8180.6225.8351.8108.2327.0345.5235.3339.0227.2 82.1288.1255.3311.3454.0159.3427.4447.3322.8440.3313.0 38.8 32.7 43.5 82.5 18.0 73.5 80.2 45.9 77.8 43.8140.8178.4289.0 90.7266.6283.2186.5277.3179.6155.1256.1 76.5235.3250.8162.3245.3156.1312.2101.7288.8306.3204.2300.1196.8159.9428.5448.4323.7441.4313.9145.3156.1 96.3152.3102.6421.8299.9414.9290.5317.7434.7307.9311.4205.5301.8
0625191214 64.5  4.4  8.0  4.1 29.7  2.2 70.4 17.7 89.4 29.0 16.1 27.6 59.5 46.0                     10.3  1.4  2.1  1.4  5.2  1.2 11.2  3.4 14.0  5.1  3.2  4.9  9.5  7.7                    137.7234.3130.6496.0 69.7673.8378.2715.2490.4356.3478.2642.0594.5                     22.4 11.0 75.9  5.1148.2 45.5180.8 74.1 41.2 70.3128.4104.8                     21.1127.1  9.8250.0 88.1296.3124.4 79.8118.8220.5183.8                     71.4  4.9140.8 42.8172.0 69.7 38.8 66.1121.8 99.3                     32.8516.1226.7570.0320.4210.2309.4477.4423.8                     76.1 19.7 96.8 32.0 17.8 30.4 64.3 51.0                    397.9729.0510.5375.7498.4658.8612.9                    453.2222.5138.3213.7360.3310.6                    564.6430.4552.9701.9660.4                    206.2304.3471.7418.1                    197.9338.7290.5                    459.5406.1                    577.2                                                                      
0725190111 26.2  4.0  5.4 21.6  7.3  7.7 30.7 29.4 21.8  2.3 38.0                                     4.7  1.4  1.6  4.0  1.9  2.0  5.4  5.2  4.1  1.2  6.6                                    60.2 84.2236.3103.0109.6305.2295.9238.2 30.4351.2                                    13.2 49.4 18.2 19.5 70.8 67.7 49.9  4.9 88.0                                    69.1 25.3 27.2 99.1 94.7 69.8  6.8108.7                                    95.1101.9266.1257.5204.8 25.0309.1                                    37.3118.9114.2 96.1  9.3143.3                                   126.3121.4103.0  9.9151.9                                   329.6268.1 35.7387.3                                   259.5 34.1377.0                                    25.2311.3                                    44.4                                                                                                                                                                               
0725190216 23.7 31.2  3.4 49.4  6.0 48.0 17.0 35.4  9.3 15.0 22.0 14.3  6.7  5.9 41.9 17.0            5.6  7.2  1.6 10.9  2.1 10.7  4.3  8.0  2.9  3.8  5.2  3.7  2.2  2.1  9.4  4.3          288.1 45.7387.0 85.4380.4183.1313.9118.9165.0222.0158.3 96.1 83.5350.2183.3           60.6451.8101.0445.1228.3375.1151.5207.0273.3199.0112.2 99.0413.7228.5           96.4 12.5 93.6 33.2 68.9 19.9 29.2 42.4 27.8 14.1 12.3 81.7 33.2          150.9551.1316.9481.3219.6290.8370.0280.9166.5148.1520.3317.2          147.2 61.9113.1 37.1 54.5 79.2 51.8 26.2 22.8131.1 62.0          310.9474.5214.8285.0363.5275.2162.5144.4513.7311.1          251.0 98.9125.8172.2120.4 69.7 60.5283.3140.5          168.3228.2298.4219.7125.4110.8443.0251.2           87.0111.2 82.7 41.7 36.2193.1 99.0          155.0107.6 61.3 53.3258.8125.9          148.6 89.1 77.4333.9172.4           58.3 50.7249.5120.5           25.6145.0 69.8          128.6 60.6          283.6                         
0725190311  3.0 14.0 28.5  6.1  5.6  8.8  4.9 25.2  9.1 38.4 11.0                                     1.4  3.4  6.1  2.0  1.9  2.6  1.7  5.4  2.6  7.9  2.8                                    23.0 46.6 10.7  9.9 15.8  8.4 41.0 16.4 62.9 17.7                                   182.2 51.7 47.4 76.3 40.2164.4 79.5230.4 85.9                                   105.1 96.5133.0 81.8282.8137.8373.0147.1                                    22.1 35.4 18.7 92.6 36.9123.2 39.9                                    32.5 17.2 85.0 33.9114.3 36.6                                    27.6119.2 54.5171.1 58.9                                    72.1 28.8 98.8 31.1                                   123.6345.2132.2                                   177.0 61.3                                   188.4                                                                                                                                                                               
07251904 8  3.7  8.0  2.4 25.2  5.1 22.3 11.2  5.5                                                    1.4  2.1  1.2  4.6  1.6  4.1  2.4  1.6                                                   18.6  4.8 53.6 11.5 47.4 23.7 12.5                                                   10.7108.8 26.1 97.4 54.4 28.4                                                   30.6  6.6 27.0 13.6  7.2                                                   75.5235.6134.8 82.3                                                   66.7 33.4 17.5                                                  121.1 72.6                                                   36.3                                                                                                                                                                                                                                                                                                                                     
0725190516 34.6 89.4 42.9 48.9  9.4 11.1  9.2 24.8  5.7 14.6 29.7  5.4 29.3 93.3 83.4  2.5            6.8 16.2  8.3  9.4  2.6  2.7  2.5  5.1  1.8  3.3  6.0  1.8  5.9 16.9 15.2  1.3          603.0442.8473.5165.8175.1163.9319.4104.9219.0358.5 99.3355.5611.8588.1 45.2          646.7671.8329.8344.1326.7529.1226.5407.3569.7216.2566.6768.8753.8101.8          523.2197.4208.0195.2366.1126.8257.3407.1120.3403.9654.9632.8 56.1          218.8230.2216.5395.9142.0282.7437.6134.9434.4679.5658.6 64.0           63.9 58.9124.7 35.0 84.8145.7 33.0144.0338.8314.9 13.5           63.0132.1 37.4 90.7154.1 35.2152.3353.3329.0 14.4          123.2 34.5 83.6143.9 32.5142.3335.7312.0 13.3           84.4167.6287.7 79.4285.0538.7513.1 32.3           49.7101.2 19.4 99.8233.8214.6  8.0          194.1 46.8192.0417.0391.3 19.1           95.3322.1578.9554.1 38.7           93.9223.3204.8  7.5          575.9551.1 38.2          759.6105.7           95.6                         
0725190616  7.1  2.7111.6 58.4 14.6 14.3 18.2  7.8 40.2 26.1 18.5 28.2  4.3 56.3 19.4 39.9            2.1  1.4 19.6 10.6  3.3  3.2  3.9  2.2  7.7  5.2  3.9  5.6  1.6 10.2  4.1  7.6           11.0315.6196.5 63.6 62.4 80.0 36.7147.9101.2 81.2108.5 19.3190.9 85.4146.9          133.2 81.1 20.8 20.4 26.1 12.1 57.2 37.0 26.5 40.0  6.4 78.2 27.9 56.8          734.0458.9454.4511.6334.8676.2589.6515.1606.1211.5728.5526.6674.9          313.6309.6362.7210.9542.6442.4366.0460.5123.7610.1377.3540.9          105.1130.6 69.7245.8175.2132.3186.6 36.5306.1138.1244.5          128.4 68.3242.3172.4130.1183.7 35.8302.2135.8241.0           87.6289.3210.0160.4223.0 45.8354.7167.2287.8          159.5109.7 88.9117.5 21.1205.1 93.5158.6          363.3292.3380.8100.8534.5302.5461.2          212.5287.8 65.1434.0220.9361.7          225.6 46.5358.0169.3290.8           70.4452.1234.3379.1          119.9 49.0100.1          369.2532.8          301.0                         
0725190716 45.8 79.9  5.7 17.8 86.5 16.8 49.0 23.2 30.1  2.5 60.8 30.1  6.3  3.7 35.1 65.5            8.0 13.2  1.7  3.6 14.2  3.4  8.6  4.4  5.5  1.3 10.2  5.5  1.8  1.4  6.3 10.9          637.3133.9310.8652.9299.0538.5365.5425.2 60.5580.4425.2148.7 98.5461.5596.5          207.2428.4742.8415.2650.7487.3547.4103.1685.8547.4227.7142.1581.9698.8           60.9220.4 57.5142.0 78.6102.4  8.1166.4102.4 23.2 13.0106.1176.9          446.8144.8325.1187.2229.8 23.6366.2229.9 68.9 38.3258.1383.0          433.6665.8505.7565.1 99.7699.6565.2241.8152.0599.0712.1          313.0178.8220.0 22.3353.6220.1 65.0 36.2247.5370.1          380.7441.0 64.8595.1441.0157.4105.5477.3610.9          276.7 30.4423.9276.8 88.9 49.5308.2441.3           39.6484.9330.6102.9 64.4364.7502.2           78.4 39.6  9.1  5.1 46.3 84.5          484.9183.9112.1521.0648.9          102.9 64.4364.7502.2           14.6118.2195.2           75.3119.7          538.0                         
0725190813 19.9  9.2 37.7 15.2  4.8 19.2  6.5  2.2 14.5 31.3 20.5 22.8 32.9                           3.9  2.3  6.7  3.1  1.6  3.8  1.9  1.2  3.0  5.7  4.0  4.3  5.9                         101.9294.7146.3 57.6178.6 80.0 22.0140.7257.7188.5202.0267.4                         174.8 86.6 28.8 98.6 39.9 11.1 82.7149.3104.7113.1155.9                         241.7 97.0287.2129.4 41.3233.5389.4300.8318.8401.0                          43.7141.8 60.6 16.7110.6209.2150.1161.4217.6                          55.5 20.2  5.7 41.7 89.6 59.4 64.8 94.3                          77.1 21.2136.3250.9183.0196.2260.4                           7.8 57.8109.6 82.4 90.0114.7                          16.0 34.1 22.7 24.8 35.9                         201.8144.3155.4210.0                         263.4280.2358.4                         206.8273.2                         290.4                                                                                                    
07251909 9 16.3 25.4 16.3  2.7  3.7  9.3 11.0 30.7  3.1                                               3.2  4.6  3.2  1.2  1.3  2.3  2.4  5.4  1.3                                             187.2130.3 24.1 34.0 94.0100.4217.9 27.7                                             187.1 37.2 52.6125.6132.9298.6 42.8                                              24.1 34.0 93.9100.3217.8 27.7                                               5.6 15.0 16.0 45.1  4.6                                              21.2 22.6 63.8  6.4                                              62.2148.2 17.3                                             156.6 18.4                                              52.0                                                                                                                                                                                                                                                                              
0725191014  6.0 16.5  8.9 46.6 15.9 44.5 15.2  8.6  5.7 32.7  3.2  8.6 12.6 65.3                      2.0  4.0  2.7 10.0  3.9  9.6  3.8  2.6  2.0  7.2  1.5  2.6  3.2 13.4                     60.5 35.4144.6 58.2139.0 55.5 34.1 22.0105.9 11.4 34.3 45.7186.8                     91.0298.9129.0289.5123.6 87.7 56.4231.1 29.1 88.1104.2365.0                    201.7 87.6194.4 83.4 51.3 33.0150.7 17.1 51.5 68.7255.0                    291.2521.2281.5195.9136.3449.3 82.3196.7244.9599.9                    281.9119.6 84.4 54.3224.6 28.0 84.8100.8356.6                    272.5188.8130.9438.5 78.6189.6236.6590.0                     80.4 51.7216.4 26.7 80.8 96.5345.9                     31.8146.1 16.5 49.7 66.2248.3                     99.6 10.7 32.0 42.6176.6                     57.5146.7185.8520.9                     16.6 22.0100.2                     66.5249.2                    304.9                                                                      
0725191116 12.1 50.1  3.6 29.3 33.6 16.1 80.1 40.5  2.9  6.0 51.6 65.2  6.9 14.9 73.9 28.5            2.8  9.3  1.5  5.7  6.4  3.5 14.0  7.6  1.4  1.8  9.5 11.5  2.0  3.3 13.0  5.5          250.6 24.9164.3183.9 98.1339.6213.5 19.0 43.8256.3296.6 50.5101.2322.5160.2          104.2440.0472.1307.7655.4515.7 79.1153.3570.4614.5172.3291.3639.8433.0           60.6 69.6 33.4138.3 84.2  5.9 13.4 96.3115.7 15.4 30.8129.1 58.8          349.0207.8542.0391.2 46.0 95.8447.1495.1108.6195.0523.9313.1          231.0572.8422.8 52.9108.4479.2526.8122.7217.3555.0342.5          404.8265.5 25.4 58.7314.1358.6 67.7118.4386.6203.0          613.1109.0219.0661.3698.5243.6386.5719.2535.3           63.9127.9522.8569.2144.3250.5596.3384.4           10.2 81.6100.5 11.8 23.4101.5 44.7          157.3186.4 27.1 54.2205.8103.7          620.9176.7297.5645.9440.2          208.3341.0684.5488.2           62.4229.4105.8          368.5190.4          517.0                         
0725191213 22.5  3.8 23.1  6.1 20.8  6.3 17.1  7.4 42.4 24.4 13.1  4.0 18.3                           5.1  1.6  5.2  2.0  4.8  2.1  4.1  2.3  9.0  5.5  3.3  1.7  4.3                          48.7221.4 82.5207.4 85.1176.7101.7341.4231.1140.5 52.1187.1                          50.0 14.3 45.9 14.7 37.6 17.6 92.8 52.9 28.5  9.1 40.3                          84.7211.5 87.3180.4104.3346.9235.5143.6 53.4191.0                          77.8 24.9 63.6 29.7134.4 89.6 48.2 15.3 68.2                          80.2168.4 95.8328.6220.9133.6 49.1178.4                          65.5 30.6138.0 92.4 49.7 15.8 70.4                          78.3287.2188.8112.1 40.1151.1                         160.3 98.6 59.4 18.8 84.1                         359.2235.5 99.2301.5                         150.6 56.5199.7                          30.5119.3                          43.1                                                                                                    
1025120113  3.3 12.2 20.6 20.8 15.1 28.3 28.5  3.5 33.5  5.7 25.5  7.3 15.7                           1.5  2.9  4.4  4.5  3.4  5.7  5.8  1.5  6.7  1.8  5.2  2.1  3.5                          22.7 39.1 39.4 28.4 52.9 53.3  6.6 62.9 11.4 47.7 14.9 29.6                         124.1124.6103.8160.2161.2 23.7184.5 41.3146.9 54.0 96.8                         196.0150.1245.7247.0 40.8278.3 71.2227.4 93.2155.4                         150.7246.7248.0 41.0279.3 71.6228.3 93.7156.1                         192.0193.1 29.6219.7 51.6176.6 67.5118.0                         305.4 55.1340.3 96.3283.1111.0198.4                          55.5341.9 97.0284.5111.7199.5                          65.5 11.9 49.7 15.5 30.8                         101.9318.2129.0226.8                          86.8 27.0 53.8                         101.2182.7                          70.4                                                                                                    
1025120217 99.7 63.1 11.9  2.9 27.3 70.9 16.2 29.2 12.3 37.2 15.6 35.3  2.8 49.8 17.5 47.6 14.6      15.6 10.1  2.5  1.4  4.9 11.3  3.2  5.1  2.6  6.4  3.1  6.1  1.3  8.3  3.4  8.0  2.9     728.8383.4134.1574.9746.3457.5589.4391.4640.1448.5629.5127.5694.4476.6686.6432.2     285.4 98.9470.7671.0353.0486.2292.5542.5344.5530.5 93.3606.3371.2596.9329.4      18.9151.9309.3 96.9160.7 81.1196.2104.1188.0 17.8245.5104.3237.5 97.0      43.6 99.4 26.1 46.7 19.6 59.7 25.1 56.6  4.4 80.1 28.3 76.6 23.4     498.0197.7303.5156.5355.8191.7344.2 41.2422.1210.9411.8181.2     379.2513.4316.7568.7370.5557.0105.0630.5397.8621.5354.9     208.3100.0250.9124.6241.3 24.6308.2138.3299.1117.2     165.4370.7202.1358.9 44.0437.5222.0427.2191.2     201.7 96.6193.4 18.5252.0107.7243.9100.5     243.8414.4 56.3494.5266.3484.3231.4     234.4 23.6300.2133.8291.2113.2      53.4482.2256.3471.9222.2      75.5 26.7 72.2 22.0     325.4551.1286.1     316.1125.9     277.3          
1025120314 24.6  7.0 17.2  3.4 21.0  4.2 20.4 32.1 25.6 14.9 25.1 12.6  5.4 30.0                      5.4  2.2  4.0  1.5  4.8  1.6  4.6  6.8  5.6  3.6  5.5  3.1  1.8  6.4                    104.2190.9 46.7223.6 59.1219.0301.0256.3168.8252.7146.6 79.8287.2                     73.8 14.5 90.5 18.3 88.0119.2 97.3 63.4 95.6 53.5 24.6112.2                     33.1170.3 41.9166.5235.4197.3126.2194.3108.8 56.5223.6                     40.6  8.3 39.5 61.3 48.7 28.5 47.8 24.0 11.1 57.3                     51.3196.2273.0230.9150.1227.5129.9 69.2259.9                     49.9 77.6 61.7 36.0 60.5 30.4 14.0 72.4                    267.7226.1146.7222.8126.9 67.4254.8                    309.6209.7305.6183.4104.7343.7                    174.7260.5151.8 83.2295.6                    172.0 95.0 48.5198.8                    149.4 81.6291.7                     41.0173.4                     97.8                                                                      
1025120412 25.5 19.4 16.0  2.3 16.1 34.6  8.3 37.0 22.8  3.9 15.2  6.2                                4.6  3.7  3.2  1.2  3.2  6.1  2.1  6.4  4.2  1.5  3.1  1.8                              216.8185.1 30.3186.4324.9114.6339.5242.1 57.3178.1 94.8                              149.4 23.3150.5272.0100.7285.5198.3 44.1143.4 73.0                               19.1126.8235.0 82.3247.3168.7 36.1120.7 59.7                               19.3 41.1 10.9 44.1 27.0  4.9 18.2  8.0                              236.5 83.1248.9169.9 36.4121.6 60.2                              149.3408.0301.0 77.9226.6113.2                              158.2103.6 20.5 78.5 33.8                              315.2 83.5238.6120.3                               51.1162.1 84.5                               34.4 14.9                               56.9                                                                                                                                       
1025120518 51.8 30.7 45.3  3.1  5.2 25.7 43.7  5.7114.2 19.1 40.5 52.8 25.1 11.8 12.8 17.3 12.5 18.9 10.8  6.6  9.5  1.5  1.8  5.7  9.2  1.9 22.3  4.5  8.6 11.0  5.5  3.0  3.2  4.1  3.1  4.4459.0549.2 87.9137.9417.5541.0149.2723.6353.4523.7583.2411.3251.2267.7331.0262.7351.0427.6 51.7 95.3301.5419.2104.6628.3246.6401.7463.4296.1166.2178.6228.2174.9244.6 76.7122.7386.5510.2133.0701.4324.1492.6553.4380.5227.0242.5302.6237.8321.8  9.4 43.2 74.0 10.3157.2 32.5 68.5 89.6 42.1 19.7 21.5 29.3 20.9 32.2 79.6118.9 18.8253.5 59.9111.2140.2 77.5 36.1 39.5 53.9 38.5 59.2378.4 87.4591.0215.4361.4421.8261.0143.1154.1198.6150.7213.6128.9695.2316.5484.2545.3372.3220.8236.0295.2231.4314.2271.0 65.7120.6151.6 85.1 39.7 43.3 59.2 42.2 65.0528.1681.8726.5585.2411.9432.1504.4426.1525.6300.8357.5210.9111.8120.8157.7118.1170.2528.0355.4208.2222.8280.0218.4298.5415.6254.6271.3335.0266.3355.1139.8150.6194.4147.3209.1 83.8102.0 81.6110.7110.3 89.1119.6107.7156.3116.9
1025120617 20.0  4.7 33.5  6.2 60.3 28.9 21.6 72.3 10.7 62.3  6.9 16.5 27.6 37.5 13.4 12.2  4.2       4.9  1.9  7.7  2.1 13.0  6.8  5.2 15.5  2.9 13.4  2.3  4.2  6.5  8.6  3.5  3.3  1.7      56.5271.7 75.3391.0243.7193.9432.8106.4398.5 85.1157.7235.0293.8130.9120.1 49.1      94.1 18.6140.4 80.9 60.0163.7 29.5144.4 20.9 46.6 77.0105.3 37.4 33.8 12.1     110.5508.3345.5283.6549.7164.7515.8123.0236.1334.9404.1199.4184.2 81.7     178.4 96.7 80.1206.3 39.3183.2 27.9 62.1102.8122.0 49.8 45.1 16.1     473.7404.9666.2255.5637.4196.7348.1462.3533.9301.6281.7124.4     254.9515.8145.3481.3107.8210.6303.4370.2176.8163.0 70.3     446.9112.3412.4 90.5165.9245.9306.2137.9126.6 52.1     290.7672.3226.5388.7504.5574.5340.0318.8145.5     261.6 44.4 99.1139.4180.5 79.5 71.9 25.6     201.8355.3469.9541.3308.4288.2128.0      70.2103.2135.5 56.3 51.0 18.2     202.7256.4110.6101.3 40.5     359.3169.9156.4 66.9     217.6201.4 91.4      91.2 32.5      29.4          
1025120714  8.8 38.5 21.6 19.9 24.2  4.0  5.4 39.2  8.3 17.4  3.0 25.6 31.1 26.2                      2.5  7.6  4.6  4.3  5.0  1.5  1.8  7.7  2.4  3.8  1.4  5.3  6.3  5.4                    171.7103.7 97.8114.8 21.9 31.4174.0 49.5 95.1 16.1120.9143.4123.2                    312.1298.6336.4 88.0111.0446.8164.1271.1 64.2349.2393.4353.9                    193.2222.5 48.8 69.9315.6 98.8172.8 35.7232.6269.0236.4                    211.5 45.7 65.5302.0103.5163.7 33.4221.3256.5225.0                     54.7 78.5340.0109.4189.6 40.0253.3291.5257.3                     13.2 89.5 20.8 39.8  6.8 58.1 70.9 59.4                    112.6 29.7 57.0  9.7 83.2101.6 85.1                    166.4274.4 65.3352.8397.2357.6                     90.1 15.2115.3136.9117.5                     29.1198.7231.6202.1                     42.4 51.7 43.4                    303.5268.5                    307.9                                                                      
1025120813 10.9 23.0 16.3 23.9 17.5 20.1 16.5  5.6  3.2 20.6 33.0  5.5  5.2                           2.9  5.2  4.0  5.4  4.2  4.7  4.0  1.9  1.5  4.8  7.2  1.9  1.8                         121.5 99.9125.5 96.3109.2100.9 36.3 19.5112.0165.6 35.3 33.4                         173.0231.7183.5205.1174.3 77.1 41.3209.9293.3 74.9 70.9                         178.3138.9156.4131.6 55.1 29.6160.3230.3 53.5 50.6                         189.0211.1179.7 80.0 42.9215.9300.8 77.7 73.5                         166.2140.1 59.3 31.8170.2243.2 57.6 54.5                         157.7 68.2 36.6190.6269.3 66.3 62.7                          55.6 29.9161.5232.0 54.1 51.1                          10.8 70.2 99.2 19.5 18.5                          37.7 59.5 10.5 10.0                         275.0 68.3 64.6                          96.7102.1                          17.9                                                                                                    
1025120918 37.6 26.7  3.9 16.8 43.2 29.6 19.6 40.2 17.9 67.4 80.2  8.6 29.9 20.5  2.4 15.5 51.0 29.8  6.6  4.9  1.5  3.4  7.5  5.3  3.8  7.0  3.6 11.1 13.0  2.2  5.4  4.0  1.3  3.2  8.7  5.4353.2 84.6260.2464.2376.0291.1447.1272.7559.9597.7164.4378.7299.9 46.4244.5502.8378.1 59.8200.2384.5301.5226.4368.0210.8481.0521.1122.4303.9234.0 32.8187.1422.6303.4 37.9 97.4 66.3 44.5 90.5 40.5127.9148.4 21.0 67.1 46.4  5.0 34.8102.4 66.9287.3216.9157.6272.9145.7376.5416.1 89.4218.9163.4 20.8128.1321.6218.5407.9319.9479.7300.6590.5626.8184.3410.6329.1 53.4270.7534.9410.0244.6391.1228.1504.8544.4133.8325.4252.5 36.3203.1446.4324.9304.6166.4412.6452.9104.9246.7186.0 24.4146.7355.8246.2285.8574.6611.7173.7393.8313.7 49.6256.8518.2393.2391.4431.3 95.5230.1172.5 22.2135.5335.5229.7704.5254.3507.5422.7 81.2357.6625.3506.9287.8547.1463.0 96.8396.7659.5546.5135.2 98.0 11.6 82.1210.3134.9254.7 36.8205.0449.1327.4 25.5152.2365.5254.2 19.2 63.1 36.7303.9204.5448.5
1025121016  3.7 44.9  6.9 57.7  7.6  2.6 23.3 44.1 28.5 74.4  6.5103.7 75.8 26.3 22.1 69.4            1.5  8.0  1.9  9.8  2.1  1.3  4.5  7.9  5.3 12.5  1.9 17.1 12.7  5.0  4.3 11.7           94.0 15.6104.5 17.4  5.3 48.5 92.5 59.3130.7 14.7172.9133.0 54.7 45.7123.2          157.8564.5172.3 62.2362.2510.2407.8618.9150.3682.8622.9389.2349.5604.7          189.6 34.9 10.4 97.9155.7106.2231.2 29.6293.7234.6 98.8 92.4219.4          206.2 78.0412.9560.9459.6663.0180.9720.7666.7440.8399.7650.0           11.6 97.5170.1116.7250.2 33.0315.6253.8108.6102.9237.9           32.1 61.2 39.3100.7  9.8122.1102.7 36.2 30.3 94.0          358.6266.9472.0 92.4548.1476.5251.7220.2456.1          404.1615.6148.3679.9619.6385.6346.0601.3          518.6100.8592.3523.0290.5256.1502.8          221.1758.3711.4499.9458.6696.6          282.1224.5104.3 87.2209.8          760.9574.7535.1748.8          504.4463.1700.0          241.2484.1          442.7                         
1025121112 11.7 24.9 31.8 26.3 27.7  3.4 25.7  8.7 18.2  5.7 14.2  2.7                                2.6  4.7  5.8  4.9  5.2  1.4  4.8  2.3  3.7  1.7  3.0  1.3                              138.2169.9144.8151.5 22.0141.9 62.5106.4 39.2 92.4 17.0                              302.1264.4274.6 47.2259.9117.5202.4 84.3163.9 36.3                              313.4324.6 60.4308.5145.3244.2 96.6200.0 46.5                              285.4 49.8270.3123.3211.2 89.0171.5 38.4                               52.6280.7129.2220.1 93.9179.1 40.5                               48.7 18.3 34.9 11.5 26.9  5.1                              120.8207.4 86.9168.2 37.5                               99.6 32.5 76.6 14.1                               62.4127.1 26.9                               48.0  8.9                               20.7                                                                                                                                       
1025121211  3.4  4.8  6.9  6.9 21.0 13.6  4.0 17.3 30.4 18.7 16.6                                     1.5  1.7  2.2  2.1  4.7  3.3  1.6  4.0  6.4  4.3  3.9                                     9.8 14.4 14.4 40.8 26.1  8.0 33.5 58.4 36.2 32.2                                    21.2 21.2 60.2 38.5 11.8 49.4 86.3 53.5 47.5                                    31.4 89.4 57.1 17.4 73.4112.6 79.5 70.5                                    89.2 57.0 17.3 73.2112.4 79.3 70.3                                   138.4 49.2170.6262.0181.9165.0                                    31.5116.7186.3125.0112.6                                    40.4 70.5 43.7 38.8                                   226.5154.7139.8                                   240.4219.6                                   149.5                                                                                                                                                                               
