0125240110  5.4 26.4  8.3 25.4 17.2 14.3  7.5  8.9  6.2  2.2                                          1.7  5.1  2.2  4.9  3.6  3.1  2.1  2.3  1.8  1.3                                         84.2 29.1 80.8 55.2 45.6 26.2 31.1 21.4  6.5                                        118.3268.3201.6173.1107.8125.2 99.5 29.4                                        114.2 88.9 73.4 42.2 50.0 34.4 10.3                                        195.3167.4104.0120.9 95.5 28.2                                        121.2 80.0 94.9 65.2 19.3                                         66.1 78.4 53.9 16.0                                         45.0 31.0  9.3                                         36.7 10.9                                          7.6                                                                                                                                                                                                                            
0125240214 30.0  8.6 21.0 42.9 17.7  5.2 36.3 36.1  5.2 11.0 42.0 30.2  5.0  3.4                      6.7  2.6  5.0  9.3  4.3  1.8  8.0  7.9  1.9  2.9  9.1  6.7  1.8  1.5                    135.4260.0409.3228.1 92.1371.2369.9 93.2154.0404.3330.2 89.5 57.0                    100.3183.1 94.2 28.8159.6158.8 29.1 57.5179.9136.2 28.0 17.9                    333.1174.3 65.4298.0296.9 66.1114.7328.5261.3 63.5 40.5                    296.3116.0454.2452.9117.2206.5488.2410.9113.1 82.0                     54.8263.4262.3 55.4 98.1292.0229.4 53.2 33.9                     99.9 99.4 17.0 33.5113.8 92.8 16.3 10.5                    414.0101.0180.7449.2372.8 97.4 69.3                    100.5179.9447.9371.5 96.9 68.9                     33.9115.0 93.9 16.5 10.6                    203.1154.9 32.5 20.8                    406.0111.0 80.3                     90.2 57.4                     10.2                                                                      
0125240312  4.2 12.6  2.7 28.2 14.8 22.6 11.3 11.3  7.5 11.5 15.5 29.1                                1.6  2.9  1.4  5.6  3.3  4.6  2.7  2.7  2.1  2.7  3.4  5.7                               30.8  6.4 69.0 36.2 55.1 27.3 27.4 20.0 28.1 38.1 71.2                               18.2164.9105.1136.6 79.2 79.4 57.8 81.3 98.7169.1                               40.5 21.3 32.4 16.1 16.1 11.8 16.5 22.4 41.8                              187.9259.0149.1149.3113.7152.4195.5309.3                              156.5 93.1 93.3 67.9 95.6113.9192.6                              123.0123.3103.5125.9163.1264.8                               70.3 51.2 72.0 97.9153.0                               51.3 72.2 98.1153.3                               52.6 71.4116.9                              100.5156.4                              200.4                                                                                                                                       
0125240416  2.8  6.2 19.3 34.6 75.4 43.0  6.4 23.7 24.6  8.4 12.6 13.3 23.0 21.8 14.2 30.4            1.4  2.1  4.5  7.4 15.0  9.1  2.1  5.3  5.5  2.5  3.2  3.3  5.1  4.9  3.5  6.6           10.3 29.7 52.8100.5 65.8 10.6 35.9 37.3 14.0 19.2 20.3 34.8 33.0 21.6 46.3           73.6114.8215.2138.9 26.0 89.1 92.6 34.6 47.4 50.3 86.4 81.9 53.6102.2          270.8434.4314.8 75.7203.1209.2100.9120.2126.6198.2190.0133.7246.2          566.0443.1117.8308.9316.8150.5194.5203.8302.5291.8214.0363.2          612.9220.0478.6487.4271.7335.7348.5471.4459.1362.4536.7          142.3355.8364.2180.4230.5241.0349.0337.5252.4412.8           91.7 95.3 35.7 48.8 51.8 88.9 84.3 55.1104.9          241.9108.0141.8149.1229.7220.6157.1282.4          111.6146.4153.9236.3227.1162.2289.9           65.0 68.9105.0100.2 73.4134.6           94.4138.0131.9100.6175.0          145.2138.8 95.7183.6          215.4153.1276.3          146.4266.1          193.1                         
01252405 8 11.2  2.6  3.6 14.2 21.0  6.0  4.3 11.5                                                    2.5  1.2  1.4  3.0  4.1  1.8  1.5  2.6                                                   15.4 22.5 89.4116.6 40.0 27.9 71.7                                                    5.1 19.6 29.2  8.9  6.2 15.8                                                   28.7 42.8 12.9  9.1 23.1                                                  144.1 51.1 35.6 91.7                                                   76.3 53.1119.3                                                   16.0 41.0                                                   28.6                                                                                                                                                                                                                                                                                                                                     
0125240614 42.4 18.9 60.3 11.9 21.8 24.0  3.9  2.5 13.4  8.0 20.6 19.1 14.8 25.3                      7.5  3.8 10.2  2.6  4.2  4.6  1.5  1.3  2.9  2.1  4.1  3.8  3.1  4.8                    307.8562.0217.5334.3356.1 95.2 55.0238.9172.1325.9310.1258.4367.9                    378.5111.8186.7202.2 42.6 24.7124.6 94.5180.9170.1136.6210.8                    276.8407.0430.1115.6 76.3301.5222.8398.0380.9323.7442.4                    124.8136.1 26.3 15.3 88.8 58.3120.6112.9 98.8142.4                    222.9 48.3 28.0138.8 96.1200.0188.4152.0232.1                     53.4 30.9151.1105.1216.2204.0165.2250.0                      5.3 29.8 19.6 46.5 43.1 33.2 56.4                     17.3 11.4 26.9 25.0 19.2 32.6                     66.0134.2125.8 99.8158.0                    103.0 95.5 73.5110.2                    182.5147.0225.2                    137.9212.6                    172.6                                                                      
0125240713 15.0  3.4 33.8 11.5  2.8 14.4  4.7 19.7 32.8 16.8 33.5 51.7 25.3                           3.2  1.4  6.2  2.6  1.3  3.1  1.6  4.0  6.1  3.5  6.2  9.2  4.9                          28.7219.5 96.3 23.0108.1 41.9142.7214.5124.0218.0299.5174.2                          64.6 21.7  5.3 27.6  9.6 38.0 62.7 32.2 64.1 99.4 48.2                         176.3 51.8213.2 94.7270.2375.3239.8380.1480.9318.4                          17.4 92.7 31.8112.2172.0 97.0175.0246.0138.2                          22.1  7.7 30.4 50.2 25.8 51.3 79.6 38.7                          40.4138.2208.3119.9211.8291.9168.9                          55.6 91.9 47.2 93.9125.9 70.7                         264.4157.5268.5359.3217.7                         234.5373.4473.9312.2                         238.3323.9191.5                         478.9316.6                         413.3                                                                                                    
0125240813  7.9 25.0 44.0  7.6 41.8 31.0 13.6  5.9 31.2 40.4  4.2  5.9  3.5                           2.4  5.5  9.2  2.3  8.8  6.7  3.3  2.0  6.7  8.5  1.7  2.0  1.5                         107.6175.1 40.0167.9130.2 66.1 30.7130.7163.0 21.1 30.4 17.1                         373.7102.9362.4298.2158.9 89.0299.1354.4 61.0 88.0 49.2                         168.1493.2423.3248.8134.8424.3484.9 96.9133.6 87.1                         161.1124.7 62.9 29.2125.2156.4 20.1 28.9 16.2                         411.5239.5129.0412.5473.0102.8127.8 82.8                         189.8 98.9344.9403.3 75.9 97.9 61.2                          48.3190.4233.2 33.2 47.8 26.8                          99.3125.0 15.5 22.3 12.5                         404.3 76.3 98.3 61.4                          99.2123.9 79.9                          15.3  8.7                          12.4                                                                                                    
0125240914  9.4 11.5 14.2  9.4 21.0  5.6  5.1  8.7 34.8 12.4  4.5 20.9 23.5 34.7                      3.0  3.2  3.8  3.0  5.3  2.1  1.9  2.8  8.2  3.4  1.8  5.3  5.8  8.2                     66.0 82.2 60.0109.1 34.7 30.8 55.3166.4 71.6 27.4108.3118.8166.2                     90.9 66.4119.2 38.3 34.1 61.2180.6 79.2 30.3118.4129.6180.4                     82.8144.0 47.7 42.5 76.2214.8 98.8 37.7143.0156.2214.6                    109.7 34.9 31.0 55.7167.3 72.1 27.6109.0119.5167.1                     71.8 63.8102.0289.4128.1 56.7199.7216.6289.1                     18.0 32.2104.4 41.6 16.0 71.2 79.1104.3                     28.6104.6 37.0 14.2 63.3 70.3104.5                    156.3 66.4 25.4101.3111.2156.1                    192.9 92.9287.8309.0395.1                     32.9127.2139.1192.7                     56.2 62.5 92.8                    215.3287.5                    308.7                                                                      
0125241016 34.1 17.3  4.8 63.8  8.4 10.9 25.5 36.8 56.4 34.9  5.3  3.7 13.2 59.3  6.6 57.4            7.6  4.3  1.8 13.4  2.6  2.9  5.9  8.2 11.9  7.8  1.9  1.6  3.4 12.5  2.2 12.1          247.5 97.7525.1148.7169.7322.1403.8496.7391.7 96.9 72.2200.0508.2119.1500.7           49.9371.0 90.3 95.0197.9261.9343.8252.0 55.2 36.9114.0354.6 69.7347.5          150.1 26.2 30.7 72.9 94.8135.1100.2 16.1 10.8 37.7141.0 20.3137.1          240.5269.9457.7542.8628.9530.8163.3115.8310.7638.8197.3632.3           55.6115.6158.7219.0151.9 29.0 19.4 68.3227.5 36.6221.9          132.7180.8246.7173.1 34.0 22.8 80.0255.9 42.9249.9          338.7429.0327.3 80.7 53.9157.7440.5101.9432.9          514.6409.5103.9 78.1212.5526.0127.5518.6          502.4147.3103.8285.6613.8178.6607.0           99.0 74.1203.9513.9121.7506.4           12.0 41.7153.6 22.4149.4           27.9108.5 15.1105.4          295.6 52.7289.0          186.0617.3          181.1                         
0125241113  3.0 27.0 10.7 21.0 13.5  8.7  6.4 27.1  8.7  4.6 29.5 14.9 30.7                           1.5  5.8  2.7  4.7  3.3  2.5  2.0  5.8  2.5  1.7  6.2  3.5  6.5                          45.2 17.8 35.7 22.6 16.1 11.6 45.4 16.0  8.2 49.4 25.1 51.6                         137.3240.7168.1125.9104.7286.2125.3 73.3303.2183.0312.1                         111.7 80.3 57.0 41.0137.7 56.7 28.7148.0 89.1153.4                         137.8102.2 82.5241.4101.7 57.8256.8150.5264.9                          72.6 52.2168.6 72.2 36.6180.6101.1187.0                          37.0126.3 51.2 26.0135.8 80.5140.9                         105.1 36.8 18.7101.8 57.9105.8                         125.7 73.6304.0183.5312.8                          25.9135.2 80.1140.3                          80.1 40.6 83.6                         196.3330.7                         203.1                                                                                                    
0125241212 32.6  3.8 24.3 12.7  8.6  7.1  6.9 16.4 32.5 27.7  4.6  4.9                                7.3  1.6  5.6  3.3  2.6  2.3  2.2  4.1  7.3  6.3  1.7  1.8                               70.1302.1186.4145.7122.6119.3230.1365.5330.2 87.7 95.6                               51.9 27.1 20.1 16.5 16.0 35.5 69.8 59.4 10.3 11.2                              145.5112.3104.5101.3181.9301.3269.1 64.8 70.7                               66.6 54.4 52.8104.5185.8162.8 33.8 36.9                               40.4 39.1 87.3145.2126.3 25.1 27.4                               32.0 71.3122.1105.9 20.5 22.4                               69.2118.9103.0 19.9 21.7                              229.3202.4 44.3 48.3                              329.2 87.3 95.2                               74.2 80.9                               14.0                                                                                                                                       
0425340114 70.7 12.2 35.3 15.5  7.2 17.4 17.6  5.8  9.3  9.4  2.2 48.8 52.9 35.2                     12.3  2.8  6.6  3.3  2.1  3.6  3.7  1.8  2.5  2.5  1.3  8.9  9.6  6.6                    314.3556.1368.6231.3394.9397.6192.0281.0281.8 76.3625.7642.1555.6                    192.0 95.4 53.6105.9107.0 42.2 70.1 70.4 13.4246.6261.8191.6                    233.3134.2254.4256.5108.9168.1168.6 38.9477.3496.2401.2                     68.9132.0133.4 54.2 90.2 90.6 17.2294.9311.7232.8                     77.5 78.4 27.4 45.5 45.6  8.8176.3188.4133.9                    147.3 61.0101.4101.8 19.3319.0336.5253.9                     61.7102.6103.0 19.5321.5339.0256.0                     35.8 35.9  6.9144.5154.8108.6                     59.7 11.4218.0232.0167.7                     11.4218.6232.7168.3                     53.9 58.6 38.8                    570.0476.6                    495.6                                                                      
0425340215 23.5 18.3  5.0 23.3 57.9 98.6  5.0  4.3 12.6 24.4 29.9 15.7  3.5 55.3 42.9                 5.2  4.3  1.8  5.2 11.6 19.3  1.8  1.6  3.2  5.4  6.5  3.8  1.5 11.1  9.0               193.5 69.0231.5416.0538.8 69.3 58.6141.0239.2278.4170.8 45.8405.2354.4                54.2192.0361.6483.6 54.4 46.0114.5198.9233.7139.7 36.0351.2303.2                68.4141.8218.5 15.5 13.1 36.9 71.5 88.2 46.5 10.3136.2111.9               413.8536.7 68.6 58.0139.9237.5276.5169.5 45.4403.0352.4               713.4142.1123.1281.0423.9472.5328.1 99.1604.8555.8               219.0192.1395.0546.6592.5447.9157.4705.7665.7                13.2 37.0 71.7 88.5 46.6 10.3136.5112.2                31.3 60.6 74.8 39.4  8.8118.1 96.6               145.2172.8 99.8 24.6271.8230.3               285.2175.7 47.5413.1362.0               207.7 58.5461.5409.3                30.9318.1272.5                95.0 84.4               545.3                                             
0425340318 25.7  2.8  3.8 11.4 23.0 22.2 19.3 33.1  5.7 35.1 28.4 65.0181.7 58.7 28.7 67.8 53.3 13.5  5.1  1.3  1.5  2.7  4.6  4.5  4.1  6.4  1.8  6.7  5.6 11.6 31.2 10.5  5.6 12.1  9.9  3.0 39.0 56.5139.1245.2238.5217.0317.3 87.9330.1285.9463.9682.5440.1287.8473.7423.9162.1  6.1 17.2 34.8 33.5 29.6 50.3  9.3 53.4 43.1 96.8209.9 87.3 43.5101.0 81.4 20.6 24.8 50.5 48.6 42.9 73.0 13.4 77.5 62.5122.0276.5111.5 63.2126.6104.8 29.8126.1122.1109.4172.0 38.5180.7151.5282.9511.1263.0152.7291.2250.0 86.1218.9198.7294.0 78.4306.3263.9437.6661.6414.0265.8447.4397.9147.4192.9286.5 75.5298.6256.9428.9654.5405.3258.7438.7389.4142.8262.3 66.7273.9234.3400.3630.1377.2236.0410.0361.5128.4101.1386.1338.8522.6725.1499.1340.8532.2482.9199.2106.7 97.3176.9368.9162.6 98.2183.0153.4 46.3351.9536.3734.4513.0354.0545.8496.9208.8487.3700.1463.6308.3497.0447.3176.1808.5640.8489.5668.5626.8320.0797.8701.7812.7790.0552.4465.8649.1605.7298.8499.3449.5177.5635.3328.9284.7
0425340418 55.2 29.5 76.8  2.7 68.8  6.8 64.9 93.8  6.7  8.3 20.5 14.8  8.3 72.4 15.4 67.1 14.2 19.3 11.1  6.4 15.1  1.4 13.6  2.1 12.9 18.3  2.1  2.5  4.7  3.6  2.5 14.3  3.7 13.3  3.5  4.5457.8660.9 77.3639.6180.0628.1697.1177.3214.4377.7304.6214.5649.6314.1634.7296.7363.6533.9 42.1508.7107.5495.5578.4105.7130.5252.6195.1130.5520.4202.3503.0189.1241.1 96.5700.4233.0690.5748.8229.7273.8453.4375.7273.9708.9386.1696.1367.1438.8 96.4 10.5 91.0115.3 10.4 13.1 29.7 21.2 13.1101.5 22.2 94.1 20.4 27.9214.2670.7732.6211.1252.9427.9351.3253.0690.2361.5676.7342.9413.3204.9269.9 29.5 37.5 85.7 61.0 37.6222.8 63.9210.2 58.7 80.4723.8201.9242.5414.7338.8242.5680.0348.9666.1330.5400.2266.3314.2499.9421.4314.3740.3432.1728.9412.5485.3 36.8 84.1 59.8 36.9219.6 62.7207.1 57.6 78.9 95.9 76.1 46.9262.5 79.7248.4 73.2100.4146.5 95.9439.7152.3422.2141.8184.0 76.1362.6113.7345.9105.5138.8262.6 79.8248.5 73.3100.4372.9685.8354.1425.1356.0109.9144.4337.6407.7134.3
0425340512  4.8 51.3  2.7 26.5 38.5  2.7 45.8 53.6 13.2 21.0 16.5 11.5                                1.5  8.0  1.2  4.5  6.2  1.2  7.2  8.3  2.6  3.7  3.1  2.3                              127.1  7.3 75.4 98.5  7.4115.2132.0 37.7 60.6 47.3 32.6                               73.6422.0509.4 74.5549.4583.9272.7372.5318.8245.7                               37.7 55.1  3.8 65.7 76.9 18.9 30.4 23.7 16.4                              356.7 38.2396.1432.2163.0237.3196.1144.4                               55.8483.3519.5220.3310.1261.1196.9                               66.6 77.9 19.1 30.7 24.0 16.6                              559.2251.4347.6295.5225.7                              281.3382.4328.1253.7                              135.7109.4 85.3                              164.5119.7                               96.1                                                                                                                                       
0425340615  3.5  3.7 44.3 27.5 34.5 31.5  8.4  9.2 17.8  3.7 41.5 25.1 51.0 35.6 52.5                 1.4  1.4  8.9  5.8  7.1  6.5  2.4  2.6  4.0  1.5  8.4  5.3 10.2  7.3 10.4                 7.5 88.7 54.7 68.8 62.9 18.3 20.2 35.7  7.6 83.0 49.8102.2 71.1105.3                92.5 57.1 71.8 65.6 19.1 21.0 37.3  7.9 86.6 52.0 95.6 74.2 98.2               396.9449.5428.6184.7199.6304.1 94.2492.8375.7540.2457.1546.8               340.8321.5123.4134.2214.6 58.2382.0274.4429.4347.9436.1               371.2150.1162.8254.8 73.1434.3320.8482.4399.0489.2               139.0151.0238.4 66.8413.5302.0461.5378.5468.3                52.2 92.8 19.4175.1113.6206.6154.2211.4               102.3 21.4189.4123.7222.7167.2227.8                38.0290.8199.4333.8260.9340.1                88.2 52.9 97.2 75.6 99.8               361.1525.3441.9532.0               407.8327.7414.5               490.0578.0               496.7                                             
0425340715 27.4 22.1 12.6 23.1 19.4 18.2 17.7  6.6 46.8  4.9 81.9  6.6  3.3  8.3 42.5                 6.1  5.0  3.2  5.2  4.6  4.3  4.2  2.1  9.9  1.8 16.5  2.1  1.5  2.5  9.1               248.5160.5257.4228.7217.7213.1 97.5408.5 78.4531.3 97.7 51.2121.7385.9               133.4218.5192.9183.1179.1 87.5359.0 62.9480.9 87.7 41.1100.2337.4               139.0121.1114.4111.7 50.1246.2 36.0353.8 50.2 23.6 64.3228.6               200.3190.3186.2 91.8369.7 66.0492.0 92.0 43.1104.6347.8               167.2163.5 78.2334.7 56.3455.1 78.4 36.8100.5313.8               154.9 73.3320.9 52.7440.0 73.4 34.4 94.2300.4                71.3315.2 51.3433.7 71.5 33.5 91.6294.9               156.4 20.3238.6 28.2 13.3 36.2143.9               118.0646.9156.7 88.3191.8511.2               184.9 20.3  9.6 26.0108.2               239.0129.6285.6627.3                13.3 36.2144.2                17.1 79.9               177.1                                             
04253408 9  4.9 16.2 13.9 41.9  2.1  3.8  5.0 23.6 41.2                                               1.5  3.0  2.7  6.7  1.2  1.4  1.5  4.1  6.6                                              47.2 40.3108.2  5.6 11.3 15.4 68.3106.5                                             112.2273.6 17.1 35.5 48.6175.4270.3                                             244.1 14.7 30.4 41.5153.9241.0                                              44.2 92.1110.8349.6478.5                                               4.2  5.7 24.7 43.4                                              11.7 51.3 90.5                                              70.1109.1                                             345.8                                                                                                                                                                                                                                                                              
0425340912  6.1  2.6  5.3 57.3  3.5 16.1 18.4 29.8 20.9 23.6 25.5 23.1                                1.8  1.3  1.6  9.7  1.4  3.3  3.7  5.5  4.1  4.5  4.8  4.4                                9.3 20.8170.4 13.2 59.9 68.7 99.0 78.5 87.1 94.5 85.2                                8.0 78.8  5.1 22.7 26.0 41.9 29.7 32.9 35.7 32.2                              149.1 11.3 51.0 58.5 94.3 66.8 74.1 80.5 72.5                              100.0330.6360.5469.4390.3413.9432.7408.9                               32.2 36.9 59.5 42.2 46.8 50.8 45.8                              143.0210.8159.9174.1186.0171.1                              234.1179.0194.5207.4191.2                              258.2278.0294.2273.8                              215.8229.7212.2                              248.1229.7                              244.1                                                                                                                                       
0425341011 15.4  3.4 17.0 29.5  2.0 41.5 20.2  5.9 46.1 16.9 14.6                                     2.7  1.3  2.9  4.5  1.2  6.1  3.4  1.5  6.7  2.9  2.6                                    29.4128.8202.2 15.2262.0149.7 54.7282.6128.0112.6                                    32.5 56.0  3.5 79.1 38.7 12.0 88.0 32.2 27.8                                   218.5 16.8281.4162.7 60.4302.7139.5122.9                                    28.9398.2249.4104.4422.6217.3193.8                                    40.8 20.0  6.3 45.3 16.7 14.4                                   317.1127.3502.3279.9252.1                                    72.1339.8161.7143.0                                   139.5 60.0 51.8                                   301.2272.1                                   122.1                                                                                                                                                                               
0425341117  6.3 21.0 44.6 31.6 61.7  5.2 30.8 84.6 16.7 27.3 12.4  4.0 97.0 15.2  3.6 25.5 72.4       2.0  4.8  9.3  6.8 12.3  1.8  6.6 16.6  3.9  5.9  3.1  1.6 19.0  3.7  1.5  5.6 14.3      81.0144.6106.8185.0 20.8104.4236.4 63.9104.0 47.0 15.8261.5 58.1 14.0 97.0210.0     341.3269.8407.8 65.1265.0480.9165.5242.1127.6 49.3512.5152.8 43.6229.9444.8     430.9578.3119.9425.1643.8292.1396.7234.2104.3669.9273.2 92.3381.0612.4     499.8 97.0346.4571.1226.9319.9178.3 73.4600.6210.8 65.0305.5536.5     154.7494.0698.4354.8465.3290.2122.0721.0334.1109.6449.3670.8      94.6200.0 51.4 83.6 37.8 12.7222.4 46.7 11.3 77.9176.6     565.6222.6314.7174.6 71.6595.2206.7 63.4300.4530.8     426.3538.0356.8159.8766.6404.3144.2522.2724.7     202.2103.8 38.9458.0125.0 34.5191.4390.7     157.7 63.3568.5187.5 56.0275.7502.5      28.7387.4 95.2 25.4148.8323.3     178.8 35.4  8.6 59.0140.2     435.8161.8553.2745.3      31.3177.3369.2      52.2126.2     486.5          
0425341212 31.2  2.8  8.7 19.6 20.9 36.7  4.2  4.4 60.9  7.9 12.5 26.2                                6.1  1.3  2.4  4.2  4.4  7.1  1.5  1.5 11.1  2.2  2.9  5.3                               46.2142.2254.5266.7382.5 75.8 80.6493.9130.5177.6308.8                               14.2 29.4 31.3 54.4  6.5  6.9 88.4 12.8 18.5 38.7                               95.6101.3163.1 23.1 24.6238.9 46.2 66.8122.1                              189.1286.0 48.1 51.2389.5 96.4121.2223.1                              299.0 51.4 54.6404.2102.9128.2234.3                               89.3 95.0531.5150.1202.4343.5                               11.2125.5 20.9 30.2 63.5                              132.3 22.3 32.1 67.5                              221.5289.4453.0                               60.4111.9                              153.5                                                                                                                                       
0725440113 25.1  2.8 48.6 13.2 44.6  3.4 11.4 28.8 16.9 12.7  5.8 20.9 18.2                           4.8  1.3  8.7  2.9  8.1  1.4  2.6  5.4  3.5  2.8  1.8  4.2  3.7                          38.6397.0155.2377.1 48.0136.5283.5190.8150.4 87.2227.0203.4                          75.4 20.3 69.0  5.4 17.5 44.4 26.2 19.6  9.6 32.7 28.4                         261.8530.9 93.9234.2429.1312.0254.8144.1359.9329.0                         245.6 25.3 84.1174.2111.1 94.3 45.8134.9119.3                          86.0219.1408.9294.1238.9133.7340.7310.5                          21.7 55.2 32.6 24.4 11.9 40.7 35.3                         153.7 97.0 81.0 39.4118.3104.3                         213.0169.0100.4252.0226.6                         107.5 59.1166.9148.2                          44.2130.6115.4                          73.9 64.0                         178.3                                                                                                    
0725440216 43.2 36.7  7.6  3.8 21.0 16.7  5.1 18.3 50.3 14.3 19.6 40.9  3.8 52.9 21.8 19.5            9.0  7.8  2.3  1.6  4.8  4.0  1.8  4.3 10.4  3.5  4.5  8.6  1.6 10.9  4.9  4.5          458.7167.3 95.3335.1286.3115.5304.6531.8254.8320.0483.7 93.6543.2338.8319.0          145.9 80.8300.6254.7 99.8271.8494.1225.5286.3445.5 79.4505.7304.2285.4           18.3100.0 78.9 25.2 86.4189.4 67.0 93.1159.7 18.0197.1101.8 92.7           46.7 36.9 11.9 40.4 99.2 31.3 43.5 90.0  8.5103.8 47.5 43.3          166.3 64.6179.1368.5145.1190.1323.0 45.9379.7203.9189.4           51.0147.4317.5118.4156.8275.1 36.2328.1168.8156.2           55.9132.0 43.3 60.2109.9 11.7137.8 65.8 59.9          336.8128.2169.1293.1 39.7347.6181.7168.4          284.2352.8518.9 97.7577.0372.4351.8          136.6244.4 30.8294.2147.3136.1          308.1 42.7363.9192.8178.9           88.4530.3326.7307.2          102.1 46.7 42.5          383.7362.9          192.1                         
0725440318  3.6 29.6 21.0 71.9  6.2 18.3 31.9 12.7 12.4 23.4 22.0 23.1 80.1167.2 17.3  3.6 55.8 19.6  1.5  6.2  4.7 13.8  2.0  4.2  6.6  3.1  3.0  5.0  4.8  5.0 15.3 31.2  4.0  1.5 10.8  4.4 61.3 44.0126.3 13.8 38.3 66.0 26.3 25.6 48.2 45.3 47.7138.5249.2 36.1  7.6100.9 40.9257.6519.9 99.1232.4339.4172.8169.2274.7262.9272.6544.2692.9222.4 60.6461.2244.1443.7 79.7179.6271.8131.0128.1215.3205.2213.5468.7631.0171.3 43.5385.4189.4206.1411.6536.9327.8322.4464.5450.2462.0714.9810.3398.2125.0650.5426.7 69.4106.0 47.5 46.3 87.3 82.0 86.3223.9370.7 65.4 13.7168.1 74.1245.8116.0113.5193.0183.7191.4436.4602.4152.6 37.9354.4169.2183.6179.9289.4277.2287.3560.9705.6235.3 65.3478.5257.9 88.6141.5134.2140.2351.0519.2110.2 26.0275.9122.9138.4131.3137.1345.4513.4107.8 25.3271.0120.2220.0228.6489.4648.7184.2 47.6405.8203.3218.1475.2636.6175.2 44.8391.7193.7486.9646.6182.6 47.1403.3201.6820.6422.9137.2670.8451.6590.0247.1782.5616.1 35.7341.6161.2 99.9 40.4368.9
0725440416 24.8  3.7  8.3 69.1 22.0  9.3 20.7 38.3 46.3 17.5 31.6 23.0 60.8  5.0  3.4 59.8            5.2  1.5  2.4 13.0  4.7  2.6  4.5  7.7  9.2  3.9  6.5  4.9 11.5  1.7  1.5 11.4           51.4112.0469.1230.6123.4222.8340.7383.0195.2299.7238.5439.5 73.6 47.2435.5           19.0122.3 45.5 21.2 43.5 79.9 96.8 36.7 65.7 47.6109.3 11.1  7.2107.7          254.0100.7 52.4 96.7163.3190.8 91.0138.6104.8231.1 27.2 17.5228.1          441.3274.9430.7569.3610.2391.7525.6451.7659.3165.9113.6656.0          111.0203.0315.2356.3177.2275.8217.8411.8 65.3 41.9407.9          106.6178.7208.1101.6152.2115.5250.7 30.3 19.5247.6          305.7346.3170.8267.0210.2401.4 62.4 40.0397.5          484.4271.8395.2324.6540.8101.9 73.4537.0          310.1439.2366.2583.1120.7 89.0579.4          235.8183.8363.1 52.6 33.8359.3          284.6496.3 94.2 60.4492.4          422.1 68.3 43.8418.2          149.2101.4631.0           10.2147.0           99.9                         
07254405 7 16.6  4.0 23.3  6.8 16.4  3.4  2.0                                                         5.7  1.7  7.8  2.8  5.7  1.5  1.2                                                        38.4177.5 68.9133.7 32.3 15.8                                                        53.4 16.9 38.0  8.0  4.0                                                        95.9176.1 44.9 21.9                                                        68.2 14.2  7.0                                                        32.0 15.7                                                         3.4                                                                                                                                                                                                                                                                                                                                                                                                 
0725440614  6.1 24.5 32.1 14.9  5.8 28.4 14.9  4.2 29.4 28.4  4.0  8.1 18.8 23.2                      2.1  5.6  7.2  3.7  2.0  6.4  3.7  1.7  6.6  6.4  1.7  2.5  4.5  5.4                     89.7104.8 54.8 22.7104.2 54.6 15.8 96.8104.4 15.3 32.3 69.8 85.0                    300.6168.8 84.9275.7168.3 58.9282.8276.0 57.0107.3204.8237.9                    210.3 99.8331.9209.7 77.6339.7332.2 75.0136.3252.1289.8                     51.9190.6110.7 36.0196.1190.8 34.9 74.2136.9161.5                     98.7 51.8 14.9102.4 98.9 14.5 30.6 66.1 80.5                    190.1 68.4313.2306.0 66.2122.4229.8265.4                     35.9195.6190.3 34.8 73.9136.5161.0                     71.0 68.5 10.1 21.3 45.9 55.8                    313.5 68.6126.3236.1272.4                     66.3122.5230.0265.7                     20.6 44.4 54.0                     94.4102.3                    196.3                                                                      
0725440713  8.7 10.9 30.1  5.4  7.0 38.7  2.2 19.3 19.0 39.1 33.8 28.2  8.3                           2.3  2.5  5.7  1.8  2.0  7.2  1.3  4.0  3.9  7.2  6.3  5.4  2.3                          57.9137.8 30.9 40.9170.6 10.8105.0102.8171.9152.2130.2 48.8                         153.5 35.1 46.4189.1 12.3105.6103.7190.5169.1145.2 55.5                          98.1113.7387.0 34.0245.3241.6389.0356.2316.9132.8                          24.8111.4  6.6 63.6 62.3112.3 98.5 91.7 29.6                         141.8  8.7 84.0 82.3142.9125.9107.2 39.1                          43.9294.1289.9447.6413.6372.1164.7                          22.1 21.6 44.3 38.2 31.8 10.4                         172.4295.9267.0233.5100.5                         291.7263.1229.9 98.4                         415.7374.1165.9                         341.7146.7                         125.4                                                                                                    
0725440816 14.2  2.4 19.5 21.5 56.9 45.2 11.4 79.9 50.9  4.8 39.8  6.6 16.1 42.7 24.2 13.6            3.1  1.3  4.0  4.3 10.1  8.3  2.6 13.9  9.3  1.7  7.4  1.9  3.4  7.9  4.8  3.0           17.7135.2144.7302.3262.2 90.5375.4285.1 39.8238.8 56.8114.0251.3160.0 97.5           24.5 26.5 69.2 56.4 14.1 97.3 63.5  6.3 49.6  8.9 20.2 53.2 29.9 16.9          189.8373.0328.5110.9450.7354.0 55.3301.8 79.0151.4316.1208.5130.2          390.9345.6118.9469.2371.6 59.9318.2 85.6161.8332.9221.7139.4          563.6257.6674.1589.3134.0535.0180.2330.1550.6418.1293.4          221.4635.2544.6112.2488.3152.4288.0504.3371.9254.0          325.6242.0 31.7200.5 45.2103.4211.6131.9 86.6          658.1178.1609.1234.9405.4623.4496.8365.6          124.5515.5168.1312.1531.3398.5276.5          100.2 19.9 45.5106.6 67.6 38.1          136.7263.1474.7343.7231.1           64.9145.0 96.4 54.4          276.5178.4109.7          358.9243.3          154.2                         
07254409 8 23.5  2.9  8.4  2.4  4.0 31.7 25.8  7.6                                                    3.9  1.2  2.0  1.2  1.3  5.1  4.3  1.9                                                   36.9108.1 29.4 53.8289.8250.1 97.7                                                   14.6  3.7  6.5 49.9 40.6 13.1                                                   11.7 21.2140.5117.5 43.0                                                    5.3 39.8 32.3 10.5                                                   72.8 59.1 19.0                                                  309.0127.5                                                  106.3                                                                                                                                                                                                                                                                                                                                     
0725441016 14.9  3.5 13.7 23.8 15.3 68.2  3.8  5.3  5.4 42.5 49.4 87.7 29.0 43.5 36.7 45.0            3.5  1.5  3.3  5.1  3.6 13.1  1.5  1.8  1.8  8.6  9.9 16.7  6.1  8.8  7.5  9.1           29.4102.3164.5113.6350.9 32.2 46.8 48.0259.5288.9407.4193.7264.1232.5270.5           27.0 46.8 30.4115.6  7.7 11.1 11.4 84.3 98.2143.7 57.3 86.4 72.6 89.3          153.0105.2332.1 29.5 42.9 44.0243.5271.8387.6180.7247.9217.6254.0          168.8456.5 51.2 74.6 76.4354.7388.5514.7274.7360.0322.5367.4          357.8 33.2 48.3 49.5265.5295.3414.6198.6270.1238.0276.6          125.0171.6175.0589.2621.0720.8503.2594.3556.6601.4           12.1 12.4 92.3 96.3155.0 62.7 94.5 79.4 97.7           18.0117.4133.9209.8 91.3119.9102.9123.4          119.8136.7213.7 93.5122.4105.0126.0          523.7641.1399.9494.4454.2502.1          670.0434.7529.1489.4536.7          560.2645.8610.8652.3          405.4366.2413.0          459.8507.6          467.5                         
0725441113  7.0  5.4 14.5  9.2 27.8 14.1  2.4  5.9 32.9 23.7 41.8 38.6 24.5                           2.1  1.8  3.3  2.5  5.6  3.2  1.3  1.9  6.5  4.8  8.0  7.5  5.0                          24.5 62.2 43.0105.6 60.5  9.7 27.1122.5101.3150.8140.8104.6                          46.9 32.4 89.8 45.6  7.3 20.5 95.4 76.3118.3110.2 78.8                          82.4183.5103.1 18.4 51.9209.7160.7251.7237.1165.0                         135.0 80.2 12.8 35.9155.7117.3189.8177.8120.6                         179.4 35.0 99.4332.9265.8386.2368.1271.9                          17.9 50.4205.1157.0246.6232.2161.2                           8.1 41.5 29.8 52.9 48.8 30.8                         104.4 84.4129.1120.4 87.2                         299.0424.8406.2305.5                         350.2332.7241.7                         462.1357.2                         339.6                                                                                                    
0725441214 42.7 13.5 31.6 36.4  6.3  5.2 22.6 56.8 25.9 42.6  2.0 50.0 20.7  6.5                      7.3  2.8  5.6  6.3  1.8  1.6  4.2  9.3  4.7  7.3  1.2  8.4  3.9  1.8                    242.4420.8453.5138.4116.6344.4549.9374.8490.2 42.3527.3328.4143.0                    192.0214.6 51.1 42.0145.2291.7162.9241.9 13.4272.0136.3 53.1                    384.0106.3 98.4281.5480.7309.3420.0 31.3457.5267.1109.9                    120.4101.1310.1513.4339.3452.8 36.0490.3295.0124.5                     20.9 85.3171.8 98.0138.0  6.8158.2 79.2 26.4                     70.0145.8 80.4116.3  5.6133.8 65.0 21.7                    402.1243.4343.7 22.3379.4207.1 88.7                    433.8549.2 54.9584.7385.3177.3                    374.1 25.6410.7230.2101.8                     42.2526.6327.7142.6                     49.6 20.7  7.0                    362.9163.3                     82.3                                                                      
