0625140116 40.1 46.6 12.3  6.7 25.4109.9 11.0  3.1  2.9 15.4 25.1 56.1 28.8 16.8 47.6157.9            7.0  8.1  2.7  1.9  4.7 17.7  2.4  1.4  1.3  3.2  4.6  9.3  5.2  3.4  8.2 25.1          497.0214.8139.5356.7673.2196.1 67.9 62.7255.9353.7533.3384.8272.8502.0733.7          240.7158.3390.2699.7220.4 78.9 72.9284.7387.1566.8419.0302.7536.2755.4           49.8147.7414.4 75.4 20.7 19.1 96.0146.0270.2164.1104.0244.6498.2          103.2298.5 44.3 12.2 11.3 62.9101.8180.3104.0 68.8161.2376.2          580.1133.8 42.7 39.5179.2259.0426.6286.0192.5395.2654.3          387.9152.1142.3468.4577.2725.6607.0489.1703.3842.0           18.4 17.0 95.3132.2248.4148.9104.3224.1471.2            4.8 26.1 42.1 92.5 48.4 28.5 80.6204.0           24.1 38.9 85.5 44.8 26.4 74.5191.8          177.2317.1198.2127.7289.0551.3          423.5283.3190.4392.0651.7          455.8336.1571.6776.2          212.5424.0677.8          307.1571.0          758.4                         
0625140216 12.5 28.7 52.8 49.1 20.8 11.1 77.4 48.4 13.5 78.0 40.8 26.5  2.1  7.4  4.2158.3            2.6  4.9  8.5  8.0  3.8  2.3 11.9  7.9  2.7 11.9  6.7  4.6  1.2  1.9  1.5 23.5          166.4267.6253.7128.1 77.7340.3251.1 94.7341.8220.9155.4 12.9 56.2 30.6503.1          447.7430.7250.1149.9529.8427.3176.6531.4388.2293.8 29.5113.5 70.4677.8          571.3376.9244.3659.4568.1281.6660.8529.8428.6 54.5190.6114.4772.4          360.5231.3645.2551.8267.4646.7513.1411.7 50.7179.7107.2762.9          114.9458.5357.4136.4460.2320.5235.3 21.7 94.9 51.6618.0          313.7228.8 83.5315.3200.5139.8 11.4 49.6 27.0474.2          642.4356.1722.5607.7510.9 77.9250.4155.3812.2          264.6643.9509.8408.4 49.9177.6105.8761.0          357.7233.4165.0 13.9 60.4 32.9519.8          609.3512.6 78.5251.8156.3813.0          369.6 42.1154.2100.6736.7           27.1105.5 64.8662.6            8.3  4.6136.2           19.6399.8          270.7                         
0625140316 68.5 99.0 67.8 38.4 36.6  3.3 15.7 12.6 39.8111.2  7.4 14.5  7.5 57.0  2.5 62.0           10.7 15.2 10.6  6.5  6.2  1.4  3.1  2.6  6.7 17.0  1.9  2.9  2.0  9.1  1.3  9.8          740.0677.7568.1557.1109.2364.9315.4575.7756.5229.1346.8233.0645.0 86.5661.1          738.5645.0635.2150.2449.1396.3651.8801.3298.7430.1303.3711.4110.4724.9          565.9554.9108.2362.7313.4573.6755.1227.3344.7231.2643.0 85.7659.3          430.3 71.1251.7211.8449.9667.1146.9236.9149.8527.0 49.7546.0           67.6242.7203.7438.3657.8140.9228.2143.6515.6 47.3534.8           29.2 23.2 73.6165.5 14.8 26.9 15.2102.9  4.4 99.9          100.1258.2476.0 71.5114.1 73.1325.0 20.4343.0          217.6422.9 56.8103.4 58.1278.3 16.3295.0          673.6151.3243.1154.2534.9 51.5553.8          322.7457.0327.5729.8122.2742.4           65.8 37.0198.7 10.4212.2           67.3307.8 18.8325.4          202.3 10.7216.0           72.0625.1           78.3                         
0625140416  2.6  6.4 79.6 29.8 28.1  6.2  5.4 20.8 20.3 97.5 49.0 25.7  6.5 24.6157.4 37.1            1.4  2.0 15.0  6.2  5.8  2.0  1.8  4.6  4.5 18.2  9.7  5.4  2.0  5.2 28.9  7.5            9.8 98.2 41.9 39.5  9.4  8.2 29.6 28.9117.5 69.3 36.0  9.9 34.5176.2 52.3          229.0102.9 97.6 25.6 22.2 81.9 79.7265.8159.0 99.6 27.0 95.2365.1125.1          544.7531.3222.0198.5465.3459.2759.3650.5510.6230.6500.2814.4593.2          314.0 99.3 96.2257.3252.4589.2439.1295.4103.8286.3683.6374.9          104.8 90.7246.4241.7576.4425.5283.6 98.5274.7672.9361.7           21.3 78.6 76.5258.1153.6 95.6 25.9 91.4356.1120.8           68.0 66.2232.1136.0 82.8 22.4 79.1325.0106.4          193.9512.1360.5230.3 82.6222.5617.0300.7          506.0354.7225.7 80.5218.1611.6295.3          687.9556.4267.6546.3832.4635.0          404.6160.2394.3762.0490.5          100.6257.4655.9341.9           96.1367.2126.1          647.2332.1          720.9                         
0625140518 77.0 37.3 75.8 21.6 21.9 29.3152.0154.8 79.3 18.7  3.8  4.1  5.5  8.0 62.0  5.2 19.8 45.2 15.4  8.0 15.2  4.9  5.0  6.4 29.8 30.3 15.9  4.4  1.6  1.6  1.9  2.4 12.5  1.8  4.6  9.6586.9716.9461.2464.8533.1807.6809.4724.2432.2139.3148.6196.3265.1682.6185.8445.6627.5583.5304.9308.1372.1716.0718.9593.3279.8 81.1 87.5108.7153.2538.9102.2291.2472.5457.6461.1529.5806.0807.8721.7428.6137.4146.7193.9262.1679.8183.5441.9624.3205.6257.2613.2616.9468.2183.9 46.5 50.2 70.5105.1410.9 65.8192.6346.1260.1616.3620.0471.7186.2 47.2 50.9 71.6 95.7414.4 66.8194.9349.4674.2677.4539.9234.5 63.5 68.6 96.5124.5483.2 90.0244.8416.2861.8810.6586.8240.3254.3321.8409.8783.7307.4599.1745.7812.3590.6243.5257.6325.5413.9785.8311.1602.8748.3439.2142.9152.4201.0270.8687.9190.3452.5633.5 41.0 44.3 62.2 92.7382.5 58.1174.1319.3  9.1 12.7 18.9115.3 11.9 43.4 98.6 13.7 20.4123.3 12.8 46.9 95.4 28.6164.6 18.0 65.9128.9225.7 26.7 98.2179.9155.5395.5581.9 61.5121.4331.5
0625140616  7.2  6.7 90.8 30.2  5.7 24.6  5.6 45.0 32.2  7.3 40.5  4.2 18.6 16.0 48.3 21.8            2.4  2.3 20.0  7.3  2.1  6.0  2.1 10.5  7.7  2.5  9.5  1.8  4.8  4.2 11.2  5.4           31.5275.7116.1 26.4 96.6 26.2163.7122.8 34.7150.0 19.1 82.4 70.8173.6 95.1          260.3108.2 24.4 99.5 24.2153.2114.5 32.1140.1 17.6 76.0 65.3162.5 87.7          576.4228.2530.4227.0658.7590.2279.0638.4176.6468.5433.5672.0501.6          102.4289.1101.7421.9345.7117.9397.7 73.8238.3212.4438.3264.6           83.3 20.3131.6 97.7 26.8120.2 14.8 63.6 54.6139.9 73.4           82.7374.8302.1 98.1351.5 60.0203.5180.4390.9227.2          130.9 97.1 26.7119.4 14.7 63.1 54.3139.1 72.9          436.7166.1490.8 98.8316.5285.7531.2347.1          124.6412.4 78.7249.9223.2453.2277.0          152.1 19.4 83.8 72.0176.0 96.7           99.5294.9265.2507.2324.5           45.9 39.4105.3 52.9          144.4331.6184.1          300.0162.7          362.7                         
0625140718 18.8 32.8 41.0  2.7123.8  7.5 93.7 31.4 52.0125.8 13.7 27.1  3.0 52.6 31.6 15.2 14.1 55.4  3.6  5.7  6.9  1.3 19.1  2.0 14.6  5.5  8.6 19.4  2.8  4.8  1.3  8.7  5.5  3.0  2.9  8.9255.2299.3 27.7542.0 86.9478.2247.3350.0545.6126.3221.1 31.1352.3248.4139.0129.9357.7419.5 48.0657.0129.7601.0358.6475.1660.0199.1326.4 53.8477.5360.0217.2204.3483.2 60.2698.0157.2646.9409.6527.2700.6236.9375.8 67.5529.5411.1257.2242.8535.1149.4 12.0117.6 46.0 76.6151.4 20.0 39.6  4.4 77.4 46.3 22.4 20.7 79.3349.1806.8648.7736.4833.6466.9619.0164.2738.0650.0492.8474.6741.6290.6124.9191.1352.5 62.6109.6 13.4192.7125.6 70.0 64.7196.5591.8691.2808.4402.6559.4129.7693.1593.2428.2410.1697.3465.1651.8192.4317.3 51.5467.5350.5210.1197.5473.2738.8281.8430.6 85.8582.8466.5304.3288.4588.1470.6622.2166.3740.3653.0496.4478.2743.9170.6 22.4283.9193.4104.5 97.4288.8 44.4433.0318.6186.8175.3438.6 86.7 51.8 25.0 23.2 88.9468.9306.4290.4590.3211.1198.5474.6107.6311.5295.4
0625140816 32.3  2.5 20.5 31.3  4.3 33.6 16.8 29.4  9.2 25.9 24.3116.1 20.5  7.7 15.8 31.6            6.1  1.3  4.2  5.9  1.6  6.3  3.5  5.6  2.4  5.0  4.7 19.6  4.2  2.1  3.3  5.9           41.7269.1354.8 80.6370.5231.8340.4154.1313.4299.8641.5269.6132.0220.6356.4           26.8 40.5  5.9 43.5 21.9 37.9 13.1 33.4 31.2127.1 26.8 11.0 20.5 40.8          263.7 51.7277.2163.2251.3105.0228.7217.3547.7192.9 98.6154.6265.1           78.3364.1226.8334.2150.4307.5293.9635.8264.1128.7215.8350.1           84.1 42.2 73.3 25.3 64.5 60.4218.1 51.8 21.1 39.5 78.9          239.2349.5159.6322.2308.3649.7277.7136.8227.8365.7          215.6 96.6195.3185.2501.4163.5 80.4130.0228.1          142.2294.0280.7622.5251.7121.5205.0335.7          127.6120.4383.3105.2 48.1 90.4151.3          256.5596.1229.0108.7185.4309.0          581.8217.7102.5175.7295.4          548.2343.0486.3637.3           98.9154.9265.5           75.3129.6          217.0                         
0625140914 37.8 34.0 12.1 22.6 19.6  9.0 25.6 44.0  3.8  3.1 70.8  4.4 17.2 17.7                      7.5  6.8  2.9  4.7  4.3  2.5  5.3  8.6  1.5  1.4 13.0  1.6  3.8  3.9                    409.3201.9317.9292.2173.2345.5469.9 82.1 65.2572.1 97.0266.0270.9                    185.1295.4270.7158.3322.1444.6 73.6 58.5547.9 87.0245.7250.4                    131.0117.5 67.2146.3227.1 26.0 20.7312.9 30.7104.4106.8                    198.3110.9241.0350.7 48.6 38.6452.8 57.4178.2181.9                     99.2219.2323.7 42.9 34.1423.8 50.6160.8164.2                    124.1195.8 21.5 17.1274.5 25.3 97.1 99.6                    379.2 55.3 43.9482.7 65.3197.5201.6                     95.7 76.0604.8100.8296.0301.2                      6.7129.4  9.9 37.5 38.5                    105.8  7.9 29.8 30.6                    149.1393.2399.0                     44.3 45.4                    146.8                                                                      
0625141016 35.2  7.4 26.2 19.9  8.4 19.3 25.8 19.7 17.5 31.9  3.2100.8 43.1  6.6  4.1 82.7            7.2  2.2  5.5  4.4  2.4  4.3  5.5  4.4  4.0  6.6  1.5 18.9  8.7  2.1  1.6 15.7          135.7334.6280.9153.2274.7330.8278.6254.9378.4 63.0631.0448.1122.4 82.9589.9          104.6 90.7 41.4 87.9102.9 89.7 79.2124.6 14.3301.6161.4 31.8 18.8262.6          225.9118.6220.5270.1224.0203.4313.7 46.7568.2379.7104.5 61.5523.7          104.7179.5222.9182.5164.9261.8 36.0509.5322.8 80.4 47.4463.6          101.4116.8103.5 91.3140.9 16.5331.4181.4 36.7 21.7290.3          217.5177.9160.6255.9 34.9502.2316.1 77.9 45.9456.2          220.9200.6310.0 45.9564.3375.8102.7 60.4519.7          163.4259.7 35.6506.9320.4 79.5 46.8461.0          237.0 31.4478.1294.7 70.2 41.3432.1           57.0610.9425.2112.2 75.1568.4          148.6 77.4 12.7  7.6125.4          670.6277.7186.3768.8          146.0101.9632.4           16.7240.5          158.4                         
0625141116 13.4 37.4  8.1 36.7 90.0  9.3  3.8  4.5 15.3 17.8 23.2  8.7  7.6 25.7 42.2 34.9            3.4  8.2  2.5  8.1 18.4  2.8  1.7  1.8  3.8  4.3  5.4  2.7  2.4  5.9  9.2  7.7          216.8 66.8214.0388.1 77.3 28.8 35.3102.6118.1146.7 71.4 62.0160.0238.0205.5          156.4424.8620.3176.5 81.0 99.5240.9270.4321.1165.4147.1343.4457.3412.8          154.2300.2 51.4 19.2 23.6 76.8 90.0103.0 47.5 41.3112.9173.2147.6          616.8174.0 79.6 97.8237.9267.1317.5163.0145.0339.7453.3408.9          330.7158.4187.2419.9456.5514.7314.0285.5538.4644.9606.0           22.2 27.2 88.9104.2117.2 55.0 47.8128.3194.8166.7           10.2 33.1 38.8 49.9 20.5 17.9 55.4 91.6 75.5           40.6 47.6 61.2 25.2 21.9 68.0100.3 92.8          133.3164.8 82.1 71.3179.4263.6228.7          187.4 96.3 83.6203.5294.6257.2          109.3 96.5246.5347.5306.7           44.2119.8182.8156.1          105.9163.1138.7          370.5328.5          441.2                         
0625141216 17.9 65.6  6.4 31.9  6.6 18.5 34.2  7.3  2.6 24.3 46.4 11.0 51.4 36.0 45.4  8.6            4.1 12.8  2.0  6.7  2.1  4.2  7.2  2.2  1.4  5.3  9.5  2.8 10.4  7.5  9.3  2.5          384.8 69.8241.4 72.9157.8254.4 81.0 25.0195.0315.2 98.9336.9264.2310.3 96.3          196.5516.0203.3392.0532.3220.5 88.9451.9599.9277.2621.2544.1595.0250.8          109.0 27.7 72.1116.1 30.7  9.6 93.6151.3 42.0164.8121.6148.4 36.5          113.3247.1371.9124.2 44.1297.2442.2161.8465.9383.5436.7144.0           75.3120.7 32.1 10.0 97.7157.0 43.9170.9126.3153.9 38.2          260.3 83.6 25.8200.0321.8101.7343.8270.2316.9 99.4          132.1 47.4311.9458.7171.7482.5399.7453.3152.9           11.1 97.1171.1 48.7185.9138.1167.9 42.3           33.4 64.5 15.1 71.5 49.9 63.0 13.1          378.6127.9401.8322.8373.4113.3          219.1552.7470.8524.4196.6          236.8179.1215.2 57.9          494.5547.5213.0          465.4159.7          193.0                         
0725140116 26.5 14.9126.3  6.1 47.0 72.4 22.7 44.5  4.9 33.6 21.0 19.1 14.6 39.0 66.5  1.9            4.6  2.9 18.9  1.7  7.6 11.1  4.0  7.2  1.5  5.6  3.8  3.5  2.9  6.4 10.2  1.2          180.1618.6 97.4401.8496.0248.5389.3 76.7326.9237.0220.6177.7359.7476.3 24.8          492.0 54.8279.0364.5158.3268.3 43.2217.4150.1138.4109.1243.7345.8 14.0          306.2723.6780.3585.5714.9259.4665.4571.7550.6488.2692.6769.6102.9          146.4204.1 83.2139.7 18.9109.1 78.0 70.9 53.9124.6190.8  6.2          622.9366.4522.3119.3456.9352.4331.8275.8491.9605.3 44.1          459.7611.6168.6550.3444.9422.9360.9583.6684.5 66.3          354.3 65.5294.4210.3195.2156.2325.7439.9 21.2          113.7444.1340.4320.1265.2479.2593.7 41.7           97.5 61.5 55.9 42.5101.1157.2  5.0          281.7263.3214.7413.5531.2 31.4          185.5148.0312.3425.2 19.9          136.5292.8403.3 18.1          240.7342.2 13.8          565.0 36.5           60.9                         
0725140216 25.8 49.2 33.3  6.3 64.6 27.2 51.0  8.7 19.4 13.8  8.7 24.0  4.1 46.4 22.0  3.0            5.4  9.7  6.8  2.0 12.2  5.6 10.0  2.5  4.3  3.2  2.5  5.1  1.6  9.2  4.7  1.4          406.6319.4 97.6463.3277.8414.9120.2218.5164.8121.3253.7 61.9393.3237.6 43.2          465.7156.0609.0418.3564.1206.4344.9272.3208.1389.3105.5543.0369.4 82.9          111.0522.3330.2474.1149.7264.2202.6151.0303.6 80.0452.2285.8 55.8          190.6102.7160.7 35.8 74.0 51.9 36.2 90.4 16.2148.5 82.7 11.3          475.1616.5248.6399.7321.9250.5445.7130.8596.8425.2 95.2          426.6125.6227.1171.9126.8263.2 65.2404.9246.8 45.4          212.2352.8279.3214.0397.5108.9551.1377.5 86.0          104.7 73.5 51.2112.4 22.8197.1103.9 15.9          130.6 95.0206.0 47.0332.4192.1 32.8           74.3154.8 33.0261.1143.6 23.1          113.5 23.0198.8104.9 16.1           57.4376.2224.4 40.0          100.1 52.5  7.3          356.5 78.2           36.6                         
0725140316 13.1 42.0 17.1  8.5 11.5  2.8  5.5 36.7 10.7 57.1  4.9 42.4 61.9 67.5 57.1 50.3            3.1  8.4  3.9  2.4  2.8  1.4  1.8  7.4  2.7 10.9  1.7  8.5 11.8 12.7 10.9  9.9          233.0111.6 68.4 83.6 19.3 42.6210.1 77.3285.7 38.1234.6302.0319.8285.7266.3          285.2179.2209.9 62.4120.1451.8197.5547.6109.0485.3565.5584.3547.6525.0           90.6 98.8 25.5 56.3259.1102.3343.8 50.4287.0361.5380.8343.8322.5           59.7 13.8 30.4160.4 55.2223.7 27.3180.5237.7253.4223.7207.1           16.9 37.1188.7 67.4259.4 33.3211.4274.8291.8259.4241.1            8.7 54.5 15.6 82.7  7.8 62.9 89.7 97.9 82.7 74.9          106.6 34.4152.9 17.0121.1163.6175.6152.9140.6          177.2516.9 96.6453.9535.3554.7516.9494.0          245.0 30.8199.0260.0276.5245.0227.4          139.3549.6625.3642.5608.7587.5          109.9149.2160.4139.3127.9          567.6586.3549.6527.1          658.1625.3604.7          642.5622.6          587.5                         
0725140412 24.2 31.3 34.2 30.0 11.6  8.1  4.3 23.1 19.9  9.2 49.8  1.8                                3.9  4.9  5.3  4.7  2.3  1.9  1.4  3.8  3.4  2.1  7.4  1.2                              293.2311.8284.7134.5106.2 60.1234.9212.1119.5394.6 20.8                              367.8338.5167.3133.2 78.0283.4257.7149.4454.3 27.0                              358.3180.1144.0 85.5301.7275.0161.1475.4 29.6                              161.5128.4 74.7275.1249.8144.1444.4 25.9                               57.1 28.7128.9114.7 65.3241.7 10.0                               21.9101.6 99.8 49.8196.5  7.7                               57.2 50.0 25.1110.1  4.0                              204.1114.5383.5 19.9                              101.6353.6 17.4                              218.2  8.8                               43.2                                                                                                                                       
0725140516 12.4 24.7  8.4 26.3 13.3  2.4129.9  7.8 10.9  7.6 60.6 88.2 12.5 22.8 31.6 66.8            3.0  5.2  2.4  5.5  3.2  1.3 24.1  2.3  2.7  2.3 11.6 16.6  3.0  4.9  6.5 12.7          144.9 63.6152.9 92.2 15.1454.3 59.4 75.1 57.3286.7366.1 86.5135.0178.1306.4          112.0262.7153.9 30.0609.4105.3129.4102.0438.0524.7145.9235.8298.9460.5          118.4 68.4 11.2385.9 44.1 55.7 42.5231.1302.4 64.2104.0138.9248.4          162.3 32.0622.5111.4136.7108.0452.8539.2153.9247.3312.1475.4           16.2470.9 63.8 80.7 61.6301.1382.1 92.9143.5188.6321.3          133.0 10.5 13.2 10.1 72.3105.4 15.2 27.6 38.4 79.7          370.4423.7362.5761.1805.5456.2591.8658.9773.7           52.0 39.7219.2288.4 59.9 97.8131.0236.0           50.2261.1337.1 75.8120.4159.7279.8          213.3281.4 57.8105.5127.0229.8          702.6288.3418.8495.6652.4          367.9505.7580.1718.6          135.9179.3308.1          282.3441.3          518.0                         
0725140618 18.9 50.4 65.6 50.2 45.9 30.4  3.9  3.6  8.6  4.8 38.5 15.7 68.7 11.4 24.8 25.8 24.8 88.4  4.4 10.3 12.9 10.3  9.5  6.5  1.6  1.5  2.5  1.7  8.0  3.7 13.5  2.9  5.4  5.6  5.4 17.2344.7397.8343.8324.7242.6 43.1 38.9101.1 54.0288.0143.5408.3107.5207.6214.0207.6466.5617.2565.5545.7449.7102.0103.4208.4124.3505.1303.7626.5239.9402.5411.4402.5675.0616.4597.8504.8125.8115.0249.5152.4559.0354.4672.6284.8457.5466.5457.5716.0544.8448.7101.6103.0207.7123.9504.1302.9625.7239.2401.6410.5401.6674.3428.1104.4 94.2193.7114.6483.6285.0607.4223.7381.4390.2381.5657.7 68.7 61.9137.1 86.0387.2209.3515.3160.2291.9299.8291.9571.8  8.3 21.2 11.4 87.3 35.5130.9 25.5 55.9 58.2 55.9162.0 19.2 10.3 78.7 32.1119.7 23.0 50.4 52.4 50.4148.6 26.5167.6 83.2258.0 59.6114.8118.8114.8307.6 97.8 44.5158.3 31.9 70.0 72.8 70.0194.3250.8569.1194.6341.9350.4341.9622.5364.5100.1177.9183.6178.0421.6293.9468.1477.2468.2723.3134.8139.4134.8346.8259.7252.5526.1259.8535.0526.2
0725140716 18.0 33.7 66.0 53.6 12.8  3.6  8.9 16.4  3.4 34.3 13.9  4.5 28.5 76.0 78.0 42.2            4.0  6.8 12.4 10.5  3.0  1.5  2.5  3.7  1.4  6.9  3.3  1.6  5.9 14.2 14.5  8.4          252.9387.8347.4114.9 37.5100.3143.4 34.5255.9124.0 48.4222.6420.2426.0296.7          530.2488.5193.1 69.6155.3235.4 64.0384.7206.9 89.9343.2561.9567.5432.6          630.9311.0116.7258.3366.1108.4534.0329.3145.5491.1691.6696.0580.4          274.5 99.3225.7326.6102.3492.3291.7124.4448.9658.5663.3540.2           26.3 70.4105.5 24.2195.7100.4 34.0168.2341.0346.6230.1           20.2 34.0  7.1 70.8 28.7  9.8 58.7132.0134.9 87.3           91.0 18.6157.5 76.8 26.0134.4285.6290.6186.9           31.3238.3113.9 43.9206.6398.0403.8277.4           65.1 26.4  9.1 53.9122.8125.5 80.3          209.5 91.5346.8565.6571.2436.4           37.1180.6360.1365.7245.6           75.8163.7167.2100.6          523.6529.4393.5          719.5610.5          615.8                         
0725140816 75.3 40.1 11.1  5.9 55.7 34.5  4.6 13.9 14.6 17.3 47.8  4.5  3.7 68.4 38.5 29.4           15.4  8.7  2.9  2.0 11.6  7.6  1.7  3.5  3.7  4.2 10.3  1.7  1.6 14.1  8.4  6.6          598.1306.8204.4659.0565.0164.7357.5368.4408.7634.3161.9134.1696.3589.3528.8          196.7123.7531.5426.3 97.5236.2245.0278.5502.5 95.8 85.4577.3452.2389.3           38.7247.9173.9 29.6 85.9 90.3 96.7225.4 29.0 23.2287.2190.3152.1          160.0108.1 17.0 49.2 51.6 61.7143.8 16.7 13.4189.3119.3104.1          496.5127.4293.5303.5341.1570.8125.2102.8640.3522.1459.0           93.5210.1218.3249.5467.0 91.6 73.2543.5416.8355.1           37.6 39.5 47.2114.1 12.8 10.3151.9104.6 79.5          101.9119.3268.6 36.8 29.5336.5228.9184.9          124.6278.1 38.7 30.9347.1237.6192.3          314.1 46.2 37.0386.7270.5221.0          112.0101.8614.7493.0429.6           10.1149.3102.5 77.9          123.3 81.9 62.2          568.3506.7          380.0                         
0725140916  7.4 27.0  2.0 37.4 52.3 15.9  4.6 60.4 68.0 39.0 18.5 17.9 68.3 30.0 11.4 32.3            1.9  4.7  1.2  6.2  8.4  3.1  1.5  9.4 10.5  6.4  3.4  3.4 10.5  5.1  2.4  5.4          108.2  7.9144.1190.5 72.8 21.6208.9228.8149.5 84.7 82.0229.7118.8 51.2127.1           26.1353.8430.5193.2 72.2457.7485.1363.5217.4212.1486.3306.2144.8322.3           36.4 51.0 15.6  4.8 57.4 64.6 38.0 18.1 17.6 65.0 29.1 11.0 31.4          507.0248.8100.6533.7560.3438.7277.3271.2561.4377.5190.1394.9          315.3122.7607.8632.0517.0347.5340.6633.0455.2246.6473.1           43.0340.3366.2256.9142.8139.0367.4210.1102.0223.0          135.8150.1105.2 50.0 48.4150.8 80.4 30.3 86.9          655.0543.7373.4366.4655.9482.4268.5500.2          570.0400.2393.0678.0509.8291.8527.4          286.0279.7571.1387.4196.8404.9          157.8401.4235.7105.2249.6          394.1230.2102.3243.8          510.9292.8528.5          158.4345.1          168.8                         
0725141016 35.1 23.3 41.2  6.9  2.7 27.8 78.6  8.2 11.2 26.5 35.3 26.3 14.0 31.9 83.7  3.9            6.7  4.7  7.7  2.0  1.3  5.4 13.7  2.3  2.6  5.2  6.7  5.2  3.1  6.1 14.6  1.5          308.9436.6126.8 50.9346.7578.1149.7177.6336.2400.4334.5214.8377.6591.6 79.6          343.4 97.1 33.7262.4484.9104.6125.5253.4310.1251.8154.0289.6499.3 52.6          145.8 59.9382.8612.7171.4202.3372.0437.9370.2243.0414.7625.5 93.8           10.8103.1239.4 37.5 46.1 98.8127.4 98.1 58.6116.7250.7 16.8           40.2 99.7 13.1 16.1 38.3 51.2 38.0 20.4 46.3105.4  6.0          525.7122.4146.1287.5347.9285.9178.4326.3539.9 62.9          275.6317.3514.7579.3512.8369.4557.2735.6147.1           56.0117.3150.4116.5 71.2138.1287.9 20.4          140.3178.4139.3 87.6164.3330.5 25.0          337.5276.4171.5316.1529.0 59.9          335.7215.7378.9592.8 80.1          170.3314.4527.1 59.4          199.5383.4 31.8          571.0 72.4          155.0                         
0725141118  8.5  2.4 42.8 22.5 32.3 12.3 88.9 36.5127.4 76.5 57.0 53.5 18.6  7.0 28.5  5.5 10.8 39.3  2.4  1.3  8.2  4.6  6.4  2.9 15.9  7.1 22.5 13.8 10.4 10.1  4.0  2.1  5.7  1.8  2.6  7.6 11.7182.5104.8144.2 64.2308.3160.0386.4278.0223.9217.9 99.4 40.1129.4 30.9 56.5170.1 53.4 27.8 40.2 15.2 97.1 45.5133.3 93.3 69.4 66.9 23.4  9.6 35.4  7.4 13.4 49.0343.4426.1224.6645.2454.7710.0614.9551.2543.3306.9154.0397.0123.5203.5471.9284.3132.1504.6309.4585.1469.8401.5393.4189.7 96.0259.9 74.1118.2324.9179.6586.7389.3659.7553.8486.4478.1251.3120.7334.0 96.0161.8406.2365.1198.3447.2332.3272.0265.2113.7 52.2161.9 40.3 73.7210.1612.8804.3740.6693.2687.0464.6267.2559.1220.7337.1628.0682.4580.9514.8506.7274.7134.4361.0107.2179.0434.6787.8749.8744.8547.1340.7635.1287.0417.6695.4666.1659.4429.7239.4525.2196.3305.4596.8600.1362.6190.6457.0154.3248.0531.7354.8185.2448.8149.7241.5523.6 80.8228.8 62.3101.5289.3108.0 25.2 45.9143.2 94.4145.5377.5 35.5114.5190.0
0725141218 51.4 80.6 13.4 60.6  3.6  5.2 31.8 10.7 18.5 20.1 17.7 15.4  4.1 51.4 28.4 37.3 26.0 36.9 10.7 16.0  3.3 12.2  1.5  1.8  6.9  2.8  4.3  4.7  4.2  3.7  1.6 10.7  6.2  8.0  5.7  7.9661.6274.9604.6 95.8135.5465.3231.4343.8362.2333.8303.6109.5575.2438.2502.2417.7499.9363.7687.0139.1192.6562.2312.8439.7459.1429.0396.0157.8661.8536.1596.7515.9594.6302.7 27.6 40.9191.2 79.4122.2131.4117.4103.3 32.1275.2174.0216.6161.7214.9108.5152.5497.5256.4374.5393.4364.2332.8123.7605.0470.5534.0449.9531.7 11.3 65.9 21.8 38.5 41.9 36.8 31.9  8.9 95.9 58.6 77.3 53.6 76.5 97.8 32.3 57.2 62.2 54.6 47.3 13.1135.7 87.0102.1 79.6101.2157.6247.0262.6238.7214.0 76.5465.7330.0390.9311.3388.6 99.1106.8 95.1 91.7 25.3231.6142.9179.7132.5178.2173.9156.2138.3 44.8344.1226.4277.1211.5275.1167.5148.5 48.7362.5241.1293.7225.5291.7132.9 42.7334.2218.5268.2204.0266.2 37.0303.9195.3241.5181.9239.6109.6 68.1 89.8 62.3 88.9438.6502.5418.1500.2364.7287.6362.5345.2425.1343.0
