0525130116 22.5 16.4 37.4 69.5 44.4 11.0 30.4 29.5  2.9 26.6 44.9  3.0 81.9  4.7 37.1 28.2            4.3  3.4  6.7 11.5  7.8  2.5  5.6  5.4  1.3  4.9  7.9  1.3 13.5  1.5  6.6  5.2          170.3314.2447.2351.3119.7272.4266.5 36.0247.1353.9 37.5485.3 62.4312.9258.0          254.3377.6287.6101.3217.5212.5 26.6195.8289.9 27.7414.9 46.0253.1205.1          565.2468.9184.8381.2374.4 60.4351.3471.7 62.9600.6104.8427.3364.3          602.5289.0518.4511.4 98.2487.4605.0101.7712.8158.1563.8501.0          211.9420.7413.7 71.8389.9511.7 74.8636.2109.9467.5403.3          155.8151.9 17.6139.0213.9 18.3322.7 30.4183.9146.2          328.8 49.0307.0423.5 51.0555.5 85.0379.8319.3           47.5300.7416.4 49.5548.6 82.5373.0312.9           42.8 72.7  4.9113.6  8.1 60.0 45.4          392.6 44.6525.1 74.3349.9291.6           75.7638.5111.1470.2406.0          117.6  8.4 62.5 47.3          180.9599.3538.5          104.2 78.8          362.9                         
0525130216 19.3 16.7  4.4  2.9 91.1  6.7 95.3  6.4105.9 16.7  7.6 71.5 26.3 77.3 18.3 35.5            4.3  3.8  1.7  1.4 16.9  2.1 17.6  2.0 19.5  3.8  2.2 13.4  5.5 14.4  4.1  7.2          154.5 50.7 30.8478.9 79.5489.4 75.4513.6155.0 91.6422.8221.3440.9167.5276.8           43.5 26.4443.5 68.2454.0 64.7478.3136.2 78.6387.9196.5405.7147.4247.9            7.4185.8 18.7192.7 17.8209.2 43.6 21.6152.3 68.1162.5 47.9 92.4          122.2 11.4127.1 10.9139.1 26.5 13.1 98.6 41.3105.8 29.1 56.0          261.8773.9251.9786.6444.4289.3734.2546.5745.7466.1612.3          270.4 27.8291.0 68.5 33.8218.6 95.8232.0 75.2125.5          260.4791.9454.9298.5741.0556.6752.2476.6621.7          280.5 64.9 32.0209.9101.4222.9 71.3119.8          479.3320.2755.9579.7766.4500.9642.7           78.9388.8197.1406.6147.9248.7          243.3108.8257.6 86.7141.7          491.2708.3410.1560.3          509.2212.1337.5          428.1577.5          266.1                         
0525130316  4.6 43.1 22.5 88.1 44.0 28.7 22.6 39.2 16.2 32.6 24.7120.6  1.8 23.4 35.0  6.4            1.5  6.6  3.8 12.5  6.7  4.6  3.8  6.1  2.9  5.2  4.1 16.9  1.2  3.9  5.5  1.7          104.4 60.7187.7106.4 78.1 61.2 95.9 44.2 88.7 66.9239.4  4.3 63.2 95.3 18.8          344.6644.7500.0400.6346.4473.1279.1429.7365.9702.1 37.2353.3446.5142.9          502.1349.2261.3218.1324.2168.4285.8233.3572.9 19.3223.4300.4 87.1          648.8559.0504.0625.8428.8586.7524.3797.6 74.4511.2602.0247.6          405.4351.0478.0283.2434.6370.6705.6 38.0357.9451.3145.4          262.8379.1205.9337.8279.9625.9 24.8268.8353.5 99.9          326.0169.6287.4234.7574.7 19.4224.8302.0 87.8          260.8407.8345.0685.6 33.9332.6424.5131.7          227.1182.2501.6 14.1174.0239.7 63.4          305.4650.9 28.1293.7381.7111.9          593.8 21.2240.3320.4 96.0          102.0581.5664.7308.8           20.1 30.2  6.1          308.5 90.6          119.2                         
0525130416 25.8 28.5  5.4 22.7 26.7  4.8 17.0 59.3 42.4  3.7  4.4  6.4 61.4 72.8 61.7101.0            5.8  6.3  1.9  5.2  6.0  1.7  4.1 12.2  9.1  1.6  1.7  2.1 12.6 14.8 12.6 20.3          286.6 83.4242.6273.5 72.7195.9442.5371.6 53.7 65.6 99.7450.7490.2451.6564.6           92.4261.5293.7 80.5212.3466.3394.7 59.6 72.7 98.7474.5513.9475.5587.0           73.2 86.4 16.3 55.3156.7120.2 12.1 14.7 22.3161.4185.6162.0239.2          249.1 63.8176.6412.6343.1 47.2 57.6 87.5420.8460.2421.7535.7           75.3201.5450.7379.6 55.7 68.0103.3459.0498.5459.9572.4           48.3139.7106.6 10.6 12.9 19.5144.0166.0144.4215.7          349.9285.1 35.7 43.6 66.1357.7395.9358.6471.6          557.8107.4127.9181.4631.2664.3632.0721.0           89.0 97.2140.2565.7602.4566.6667.6            9.6 14.4110.9128.7111.3169.7           17.6131.9152.4132.3199.1          186.7213.5187.3272.3          670.9639.1726.6          671.6751.8          727.3                         
0525130516 11.6 12.3  6.4 27.1  2.4 30.0 85.1  7.5 27.5 71.0  4.9 35.1 36.4100.2 21.0 41.4            2.7  2.8  1.9  5.3  1.3  5.8 14.9  2.1  5.4 12.5  1.7  6.7  6.9 17.4  4.3  7.8           79.8 44.8148.3 14.6161.9343.7 53.4150.0305.2 33.1184.1189.4379.7120.4210.1           47.6156.0 15.5170.1356.8 56.7157.8317.7 35.1193.2198.7393.3126.9220.0          105.3  8.8103.8241.0 31.9 95.7209.9 19.8119.3123.1271.3 82.5137.8           34.1307.9537.9110.4289.4496.3 77.5341.2348.9574.1240.8378.0           37.8105.2 10.4 34.6 87.7  6.5 44.3 45.9109.3 26.8 52.4          561.3121.1310.7520.3 86.1364.1372.0596.6260.0401.7          273.5541.0722.5190.5595.4603.0771.6482.3630.0          111.8239.6 23.5138.7143.0306.0 98.3159.6          499.5 78.6344.1351.9577.1243.3381.1          164.4555.8563.7747.1440.1592.2          100.9104.5216.5 60.8105.6          407.6629.2290.5437.9          636.3297.7446.1          519.8661.7          324.9                         
0525130618 12.5 18.4 31.1 22.6  4.6 60.9101.5 78.3 64.7  2.6 38.4 84.9 67.9 10.9  4.9 14.2 39.8 40.7  2.9  4.0  6.2  4.6  1.6 11.1 18.1 14.1 11.8  1.3  7.4 15.2 12.3  2.6  1.6  3.2  7.7  7.8114.8177.5135.2 33.7289.6400.0342.2301.7 17.4210.2359.8311.8 75.8 35.8100.2216.0219.9242.4188.6 50.3374.9492.6432.5388.5 25.9282.7451.1399.6101.0 53.5128.9289.5294.3277.8 84.2493.2606.9550.7507.1 43.3392.7568.5518.3157.7 89.5197.5400.6406.0 60.7417.8535.8476.2431.7 31.3321.1494.8442.9119.4 64.6151.4328.5333.5137.6209.1170.0144.8  6.8104.3181.4150.9 29.2 13.8 38.5 96.7 98.8726.0682.7646.8 83.0541.9696.7656.1261.6144.9316.9549.7555.0762.5735.3120.6649.8772.9742.5367.6219.2430.7656.5661.0693.3 95.8597.2737.2701.6311.7178.6371.6604.5609.5 88.2555.4706.9667.5273.2152.4329.6563.1568.3 53.6103.0 92.6 15.1  7.2 19.9 55.5 56.8614.0566.2187.7 99.0232.8449.7455.2714.9328.6190.5389.6621.1625.9282.7158.8340.1573.8578.9 31.0 86.7193.0196.6 40.9102.2104.4239.0243.2463.2
0525130714  7.3 66.9 12.7 14.1 27.7  4.0 41.3  4.8  7.4 39.4 52.9  9.2  4.4 33.2                      2.3 14.0  3.3  3.6  6.3  1.6  9.1  1.8  2.4  8.7 11.5  2.8  1.7  7.4                    222.2 56.2 62.5108.8 18.2153.9 22.3 35.8147.8189.0 45.0 20.2127.7                    311.9334.3488.0129.9578.8154.7226.2568.3631.2267.5142.2530.0                    100.5163.3 29.1224.8 35.7 57.5216.7270.4 72.3 32.4189.5                    178.1 32.4243.5 39.7 64.0234.9291.2 80.4 36.0206.1                     63.7382.6 78.3111.0371.8439.9135.4 70.9334.3                     95.4 11.6 18.6 90.9108.3 23.3 10.5 76.6                    104.1156.9464.0532.7189.1 95.2424.4                     22.8 99.7129.7 28.6 12.9 94.1                    150.7192.5 46.0 20.7130.3                    521.8181.9101.1413.3                    229.8118.9482.5                     25.9158.1                     85.2                                                                      
0525130815 22.4 47.7 96.7  2.7 23.5 17.4 12.3 51.3  3.1 16.3  6.1 88.2 24.1 19.5 26.6                 4.1  8.0 15.2  1.3  4.3  3.4  2.6  8.6  1.3  3.2  1.7 13.9  4.4  3.7  4.8               366.8522.9 31.6224.0178.5132.4382.9 38.7169.4 82.0501.9228.4195.9246.2               681.6 68.1377.6314.9245.1558.4 83.4301.7148.5664.8383.4339.6406.2               117.6533.9467.4385.3694.2140.0452.6254.1771.7539.6494.4562.1                33.2 24.9 17.4 73.2  4.5 23.3  9.4108.5 34.1 27.9 37.7               185.6138.0393.8 40.6176.2 86.1513.0236.8203.5255.1               107.3330.0 30.4138.5 64.4446.2189.4161.2205.1               258.3 21.3101.3 45.0364.7141.0118.8153.5                89.6316.5157.7678.0399.6355.2422.7                28.5 11.4129.4 41.7 34.2 46.1                60.4431.4179.9152.8195.0               237.5 88.3 72.4 97.7               518.8473.2541.6               207.6259.8               224.3                                             
0525130916 81.3 22.0 30.8 42.5  9.3  3.2  5.0 20.2  5.0  4.2 95.8 59.9103.5 46.3 59.7 15.5           15.4  4.8  6.4  8.6  2.6  1.4  1.7  4.5  1.7  1.6 18.1 11.6 19.5  9.3 11.5  3.6          478.6556.6625.8309.1122.5189.5463.4190.2159.3759.8686.5769.9643.1685.8400.7          270.4336.7111.5 38.7 65.1199.1 65.4 52.6516.5407.8534.0355.6406.9159.8          413.2149.9 54.4 91.8258.0 92.2 74.2592.5487.0608.7433.1486.1210.4          195.5 75.4111.8322.8112.3102.8658.1560.8672.5508.3560.0268.1           18.2 30.6105.2 30.7 24.7344.0249.4360.8209.2248.7 90.4            9.4 36.2  9.5  7.7141.2103.9150.6 82.2103.5 27.6           61.0 15.9 12.8215.6147.3228.6120.7146.9 46.5           61.3 49.3501.5392.9519.1341.3392.0151.3           12.9216.4147.9229.4121.1147.4 46.7          182.3122.8193.9100.0122.4 37.6          714.4789.9674.3713.7438.6          726.6579.8627.7332.9          688.0726.0456.4          578.9284.9          332.1                         
0525131013 19.0 12.0 25.6 53.2 27.1 35.8  7.6 12.3 33.1  2.1 12.4  4.6 19.3                           3.6  2.5  4.6  8.8  4.8  6.1  2.0  2.6  5.7  1.2  2.6  1.6  3.7                         113.1213.1357.2222.9274.4 89.0115.6259.4 19.7116.8 51.7171.8                         144.8259.7152.2191.8 55.3 82.0180.1 12.3 82.9 32.1114.7                         422.0275.1333.0105.2148.0316.3 26.1149.4 68.8215.8                         435.5501.1196.5264.5482.9 54.8266.7125.1360.8                         345.6110.8155.5328.7 27.7157.0 73.0225.7                         141.6195.7391.0 36.8197.5 97.0277.6                          56.7132.4  8.5 57.4 22.3 90.5                         183.8 12.6 85.1 32.9117.3                          34.0185.5 89.6262.4                          12.7  5.1 20.0                          33.3118.5                          52.5                                                                                                    
0525131114  5.0  4.7 19.5 36.1 53.5  4.7 37.1 44.6 31.3 13.6 15.3  8.0  6.8  6.5                      1.9  1.8  4.9  8.5 12.2  1.8  8.7 10.3  7.4  3.6  4.0  2.6  2.3  2.3                     14.8 58.8 97.1137.5 14.7 99.6117.1 93.6 40.5 45.9 26.1 21.9 21.1                     54.5100.4128.7 13.6103.3109.5 86.7 37.5 42.6 24.2 20.3 19.5                    281.3364.6 54.1286.8324.5253.4129.6144.3 97.0 81.0 78.0                    504.6 99.8419.5461.9379.7213.8235.3149.9128.7124.6                    128.0511.1552.6470.8286.0311.6206.8179.4174.0                    102.7108.9 86.2 37.3 42.3 24.1 20.1 19.4                    468.4386.1218.5240.3153.5131.9127.7                    428.0250.7274.5178.6154.1149.3                    190.6210.4132.4113.3109.6                    104.4 66.7 55.8 53.7                     75.7 63.3 61.0                     36.0 34.6                     29.0                                                                      
0525131216  9.3 44.0 63.7  7.1 77.1 16.0 24.7  6.8  4.9 12.0 37.4  8.5 34.4  3.9 12.5100.7            2.8  9.8 13.5  2.3 16.3  4.1  5.8  2.3  1.9  3.2  8.4  2.7  7.8  1.7  3.3 21.0          200.0259.3 44.0296.7 92.7123.1 42.2 29.6 68.2175.2 53.7163.6 22.6 71.3353.2          582.0158.8622.2281.2370.9153.3112.8225.1466.8186.6447.5 98.1232.7674.1          209.4687.7352.9449.5202.6151.7288.9545.5243.3526.7120.4297.8731.7          242.2 69.7 95.7 31.8 22.3 51.3138.2 40.4128.6 17.0 53.6293.3          395.7493.8234.6177.7328.4587.6279.3569.5142.0337.8759.2          180.9 66.7 46.7 96.7249.8 84.9234.8 35.7100.6457.3          102.2 71.5140.4334.7114.0317.1 54.6145.8554.7           21.3 49.2133.2 38.7123.9 16.3 51.4284.8           34.4 97.4 27.1100.1 11.5 36.0219.5          198.0 62.5185.3 26.3 83.1387.3          163.1409.3 83.1205.0642.7          152.1 20.7 65.4334.3           76.4192.0626.1           27.5177.4          397.3                         
1025150116  9.3 31.8 37.2 32.4  5.4 13.8 57.9 26.9  4.3  5.9 17.2 25.3 24.6 20.1 14.7  5.4            2.9  7.6  8.8  7.7  2.0  3.7 13.0  6.5  1.8  2.1  4.5  6.2  6.0  5.1  3.9  2.0          152.9174.4155.5 33.1 79.0241.6132.4 25.7 36.1 99.7125.6122.5103.6 84.5 32.6          390.4359.4103.6195.7486.7318.4 80.4100.8234.0305.7299.8262.6206.3102.3          395.1107.5221.5523.3352.6 94.3116.0263.0339.3333.1293.7233.1106.2           94.9198.9491.4322.7 82.0102.6237.6309.9304.0266.5209.6104.4           44.8154.1 87.4 14.6 20.5 56.4 82.2 79.9 66.0 47.9 18.5          299.6170.7 34.7 48.8117.8162.3158.5135.0101.9 44.2          447.4124.2165.6348.4433.2426.5383.2313.3152.4           67.8 95.4205.4271.9266.4231.8180.3 86.3           15.9 43.8 63.8 62.0 51.2 37.1 14.4           61.5 89.7 87.1 72.0 52.2 20.2          195.8191.4164.1124.9 55.7          254.9221.2171.5 81.1          216.4167.5 78.8          142.9 65.2           47.2                         
1025150216 22.1 48.8  3.7  3.7 11.0 23.7 20.6 25.5 32.9 16.1 10.6 36.4 36.0 13.0 53.1  6.1            4.9  9.9  1.6  1.6  2.8  5.2  4.7  5.5  6.9  3.8  2.7  7.6  7.5  3.2 10.7  2.0          368.5 45.6 46.8118.2223.3202.9235.6284.5164.9114.0304.9302.5136.9387.4 80.7          102.0104.8228.6385.1357.5401.2461.5302.7221.6484.9482.1259.2571.1151.2            8.0 22.7 49.1 43.4 52.7 68.5 33.5 21.8 75.8 74.9 26.9 99.1 13.6           23.3 50.4 44.6 54.2 70.4 34.5 22.4 77.9 76.9 27.6101.5 14.0          126.1113.1134.0167.0 99.5 64.5181.3179.6 79.7243.5 40.1          214.9248.9299.4175.3121.6320.3317.8145.8404.2 86.9          226.9274.8158.3109.1294.8292.4131.2376.2 76.7          314.0185.6129.4335.4332.8154.8420.5 93.3          227.6161.4393.2390.5191.6481.0107.2           95.5245.5243.3104.7320.2 59.3          175.4173.7 76.5236.2 38.5          413.6207.5504.3117.2          205.5501.6116.0          275.3 47.5          162.2                         
1025150314 24.8 39.5 15.1 21.8 30.9 40.9  3.2  3.1 29.4 14.1 13.3 11.6  5.8 42.8                      4.8  7.3  3.2  4.3  5.8  7.5  1.4  1.4  5.6  3.1  2.9  2.6  1.8  7.8                    347.2172.3228.6295.1354.8 43.7 41.6285.2162.5154.4137.4 86.1365.1                    248.9319.6397.4462.6 70.1 66.8386.2236.1225.4202.6120.4473.3                    154.9206.2255.3 26.8 25.6198.4106.8101.1 98.8 52.8264.0                    269.7327.0 38.4 36.6260.3145.9138.4122.9 75.7336.9                    405.4 54.7 52.1331.6195.0185.7165.9 96.7416.0                     72.6 69.2394.1242.3231.4208.2124.1481.4                      5.4 52.1 25.0 23.5 20.5 11.0 76.1                     49.6 23.8 22.4 19.5 10.5 72.5                    187.5178.4159.3102.7404.6                     94.9 92.0 49.2250.7                     86.5 46.2239.6                     40.3215.8                    129.2                                                                      
1025150410  2.7 26.6 19.7  4.1  8.3  3.7 27.2 13.2 26.7  8.1                                          1.3  5.1  4.0  1.4  2.2  1.4  5.2  2.9  5.1  2.2                                         38.6 28.9  6.2 13.3  5.6 39.4 19.1 38.6 12.9                                        226.7 62.8119.4 55.9284.2163.1280.2116.2                                         47.0102.5 41.8230.4127.6226.9 99.4                                         21.6  8.9 64.2 31.1 62.9 20.9                                         19.2121.7 67.6119.5 45.4                                         57.1 27.7 56.0 18.6                                        166.0284.5118.4                                        163.2 65.6                                        116.3                                                                                                                                                                                                                            
10251505 9  2.5  8.8 28.7  3.3 22.3  8.4  5.7  6.9 25.0                                               1.2  2.2  5.0  1.3  4.1  2.1  1.6  1.9  4.5                                              12.8 37.8  4.4 29.2 12.2  8.1  9.9 32.7                                             134.4 17.7107.3 50.3 32.9 40.8118.7                                              52.4259.9128.7 97.8107.1282.0                                              40.4 16.8 11.1 13.7 45.4                                             102.6 75.5 93.5233.9                                              31.3 38.8113.6                                              25.4 84.7                                             104.9                                                                                                                                                                                                                                                                              
1025150618 11.5 33.8103.0 42.5  6.0  2.9 34.4 41.3 33.5  7.0 41.9 50.1 58.6 11.6  7.9 18.5 44.0  9.1  3.0  7.3 20.4  9.0  2.0  1.5  7.4  8.8  7.2  2.2  8.9 10.5 11.9  3.0  2.4  4.4  9.3  2.7176.5382.7211.9 41.5 17.9178.9207.2175.0 48.7209.7240.6264.3 73.5 54.9106.3217.7 64.1627.2435.2109.2 53.3386.3428.6380.1125.6432.1474.0503.7177.6139.3258.7443.3158.8671.7264.6135.8630.6666.4625.0295.9669.2701.2722.3384.3320.6497.0678.0354.0133.5 67.1439.1481.9432.7152.9485.4527.0555.9213.1168.9303.9496.6191.5 10.3110.8130.2108.2 27.7131.9153.9171.2 41.8 31.2 68.2137.6 36.5 54.1 65.2 52.7 12.0 66.2 79.3 90.2 18.1 13.5 29.4 69.5 15.8432.4383.9127.5435.9477.9507.6180.0141.3261.9447.2161.0426.0149.2478.7520.4549.5208.4164.9298.1490.0187.1124.4429.5471.5501.2176.0138.0256.7440.8157.3151.2175.6194.7 49.0 36.6 80.1157.4 42.8523.8552.9210.9167.0301.1493.5189.4592.4241.9193.3339.1534.9218.3265.7213.8367.3563.6240.6 55.3107.0218.9 64.6 90.3173.8 48.2311.1105.5196.9
1025150713 20.8 19.7 28.0  8.5 37.3  2.7 10.9  8.0 15.4 12.3 24.8  5.1 11.5                           4.5  4.3  5.8  2.4  7.5  1.4  2.7  2.3  3.5  2.9  5.2  1.8  2.8                         188.6245.5 98.5301.3 30.0113.1103.1153.2125.7223.9 64.1118.2                         235.1104.0289.6 28.3107.4 97.2145.9119.5214.2 60.5112.3                         126.6361.9 39.8144.6119.4193.2160.0275.8 85.2150.9                         161.8 13.3 56.6 45.3 80.6 63.9113.7 28.2 59.5                          53.2183.6153.0241.3202.1335.1101.4191.2                          15.5 12.4 22.0 17.4 35.2  7.8 16.3                          52.9 94.1 74.6130.2 32.9 69.5                          75.3 59.7107.1 26.4 55.7                          95.3175.0 46.9 99.1                         144.3 37.2 78.5                          75.4136.0                          34.7                                                                                                    
1025150815 44.5 77.8 35.3 38.1  3.2  8.1 31.1 11.3 14.0 44.0  9.3  3.4 11.3 10.9 69.0                 8.4 13.8  6.8  7.3  1.4  2.3  6.1  2.7  3.1  8.3  2.5  1.5  2.7  2.6 12.3               626.4456.1473.8 78.9180.6426.4216.6256.8507.2201.6 84.6216.3210.3601.4               577.6594.0117.8271.4549.3317.7367.0624.1298.6125.2317.4309.8703.3               420.0 62.5149.1373.6180.3215.9453.4167.2 67.0180.1174.8550.9                67.5158.9390.7191.7228.8471.1178.0 72.4191.5185.9567.8                15.7 55.0 19.8 24.8 78.0 18.0  6.1 19.7 19.0105.8               133.7 55.9 70.3179.0 51.0 16.9 55.8 53.8248.6               162.4195.3423.8150.3 59.0162.2157.3521.9                88.5214.7 64.2 21.2 70.3 67.8292.8               254.7 80.7 26.6 88.4 85.2340.4               199.8 83.7214.5208.5599.0                19.3 64.1 61.8274.6                21.2 20.4112.6                67.7292.5               285.2                                             
1025150914 25.1 28.7 21.6  5.8  4.3 33.3 14.6 25.2 33.4 33.5  6.4 20.0 12.5  3.0                      5.2  5.9  4.6  1.9  1.6  6.8  3.4  5.3  6.8  6.8  2.0  4.4  3.0  1.4                    282.7228.6 87.5 62.4313.0169.0257.3313.6314.2 97.7218.9147.7 40.4                    253.5100.7 71.7342.6189.3284.2343.2343.9100.3243.2165.9 46.4                     75.1 53.5282.1148.9229.9282.6283.2 83.9194.3129.6 34.7                     15.6103.9 51.2 88.2104.1104.4 24.3 71.0 43.5 10.1                     83.3 36.5 62.8 83.6 83.8 17.4 50.6 31.1  7.3                    212.9314.5376.2376.8114.5271.0187.3 53.9                    170.1213.3213.8 57.2141.9102.7 23.7                    315.1315.7 98.5220.2148.6 40.7                    377.5114.8271.6187.8 54.1                    115.0272.1188.2 54.2                     79.2 48.6 11.3                    123.4 32.7                     20.1                                                                      
1025151016 23.0 30.6 23.7 53.3 18.8 29.9  6.2 34.8 39.3  5.7 15.6 28.2 18.7 34.1  3.2  4.2            5.0  6.4  5.1 10.7  4.3  6.3  2.0  7.2  8.1  1.9  3.7  6.0  4.3  7.1  1.5  1.6          278.0230.2397.8194.5273.7 85.1303.8329.5 78.1166.6261.8193.9299.8 40.8 56.1          284.3464.9243.1333.1101.4366.1393.7104.6210.3319.9242.4361.7 54.6 75.1          405.1199.5279.9 87.9310.4336.4 80.7171.1267.9198.8306.3 42.1 57.9          356.2459.7164.5494.7522.9153.2315.2445.3355.3490.2 95.8115.4          239.1 70.6267.1291.1 64.8142.7228.3166.9263.3 33.9 46.6           99.4361.1388.6102.3206.7315.3238.4356.8 53.4 73.4          113.7126.6 22.5 58.3104.7 70.3111.8 11.8 16.2          423.2105.5232.1347.5266.3390.6 62.1 85.5          117.6254.2374.7290.3418.7 70.3 96.7           53.5 96.1 64.6103.6 10.9 14.9          196.9142.2228.7 28.0 38.5          227.6343.3 50.2 69.0          262.6 33.8 46.4           60.9 83.8            7.9                         
1025151115 41.2  3.9 21.5  6.8  7.1 13.2  6.2 21.5  9.0  4.8 69.7 28.6 49.4 46.0 17.9                 9.2  1.7  5.1  2.3  2.3  3.4  2.1  5.1  2.8  1.9 14.8  6.6 10.9 10.2  4.4                92.7325.1145.4149.7231.2132.5325.5185.3104.7587.0389.3516.4499.9290.0                47.9 16.6 17.2 29.5 14.9 48.0 22.2 11.4131.6 64.2 99.6103.8 40.4                89.0 92.2135.7 79.8202.4105.9 60.9437.3252.2365.2349.3176.3                31.8 54.8 27.6 89.2 41.2 21.1218.2105.7169.6159.8 75.0                56.7 28.5 92.4 42.7 21.8224.1109.0174.5164.5 77.7                49.1135.9 73.6 37.5328.9173.3264.9251.4117.0                80.0 37.0 18.9200.5 95.9155.0145.8 67.3               106.1 61.1437.8252.6365.7349.8176.6                28.3271.2136.6214.4202.7100.7               161.3 81.7123.2115.6 51.4               504.9625.6610.8398.1               431.6414.9222.0               542.0328.1               312.9                                             
1025151218 92.5  3.6  5.6  3.7 12.4 17.8 39.1 18.0 55.6 21.8 30.2 16.4 66.7 23.5 26.7 24.6 18.4 33.5 17.7  1.5  1.9  1.5  3.0  4.1  8.1  4.1 10.9  4.8  6.4  3.8 12.9  5.1  5.7  5.3  4.2  7.0155.9228.4159.9376.2462.5635.1465.3695.7506.5580.7443.0725.7523.5553.0534.2470.6602.9 12.3  7.9 25.4 37.0 81.0 37.4100.1 44.7 62.3 34.0117.7 48.2 54.9 50.5 38.3 69.2 12.6 41.0 59.7114.7 60.4151.8 72.3100.7 54.9176.5 77.9 88.8 81.6 61.8 99.8 26.2 38.1 83.5 38.6102.9 46.1 64.2 35.0120.9 49.7 56.6 52.1 39.5 71.3109.9211.3111.1269.2129.8171.5102.0305.6138.4154.6144.0113.4186.6279.0153.6346.5177.9230.6141.6387.1188.9209.4196.1156.6249.2281.3525.2317.5389.9262.8566.2333.3361.8343.4285.9413.7349.1179.6232.7143.1389.8190.7211.4198.0158.1251.4388.8464.9328.4634.7405.7435.8416.5354.1489.1265.2166.1430.6219.3242.0227.3183.0285.5216.3507.2279.6305.9288.9236.7354.9368.2176.6196.1183.4145.9234.2447.9478.2458.8395.0531.0255.6240.4194.3300.5264.4215.2327.7201.6310.1255.7
