0625470116 10.8 25.4 55.8 73.1  3.0 13.6 37.2 32.6 91.0 69.5  2.2 84.0 76.3 11.6 10.6 60.0            2.1  4.1  7.9 10.2  1.3  2.5  5.7  5.0 12.5  9.7  1.2 11.6 10.6  2.2  2.1  8.5          131.2243.1295.2 17.6 81.8181.0162.4341.1285.0 12.2323.9303.8 68.9 63.1256.7          425.2488.3 41.6161.2339.7311.7538.4476.5 28.7520.2498.0139.5129.4442.4          653.5 89.7289.5514.2483.8693.6643.7 61.8679.4661.6256.3240.3614.1          104.5346.4575.2546.0737.4694.0 81.2725.2709.7309.9291.9667.6           22.4 61.2 53.6126.7 99.9  3.5118.2108.5 18.9 17.3 96.6          219.3197.8395.2335.4 15.5377.1355.7 88.0 80.5304.6          395.9621.5564.1 42.2604.9584.4191.7178.6531.2          594.0534.5 37.0576.6555.4172.3160.3500.9          729.8101.1757.2743.7356.8337.6706.2           77.1717.1701.2299.5281.9658.1           93.3 84.7 13.0 12.0 66.6          731.7339.2320.5692.5          318.7300.5675.4           67.8270.4          253.8                         
0625470216100.2 96.5 22.8  6.3152.8 30.0  9.0  4.3 66.9 51.9 24.9  8.5  5.0 31.6  3.5 19.5           19.6 18.9  5.1  2.0 29.6  6.5  2.7  1.6 13.3 10.7  5.5  2.5  1.8  6.8  1.5  4.5          787.0535.5267.3832.2596.4346.6194.1738.4702.4555.2332.6224.0607.7159.5502.4          526.9260.2829.1588.4338.5188.4732.8696.0546.8324.6217.6599.8154.6493.8           86.5626.2272.8112.1 56.6442.2390.0237.6105.8 68.0283.3 44.4198.8          354.1101.8 37.8 16.9197.0163.9 94.5 35.4 20.2106.7 13.3 74.8          679.4441.8266.8793.1765.5643.7426.8303.2688.9223.2596.2          142.6 74.7506.4453.8290.1134.9 89.9340.8 58.7245.7           24.7263.8222.9121.1 52.1 29.7149.2 19.5 98.6          139.0114.1 61.8 23.2 13.3 78.9  8.7 49.0          627.1462.5251.7162.3518.7112.7408.8          410.0212.1133.9466.2102.1357.6          114.4 74.3300.9 48.5212.9           27.9141.2 18.2103.3           94.9 10.5 58.9           61.9255.6           38.4                         
0625470310 23.5 16.6  1.8 25.1  8.6  2.9 51.7 15.0 25.1 18.3                                          3.1  2.4  1.2  3.3  1.7  1.2  6.1  2.3  3.3  2.6                                        178.8 19.5244.5109.7 37.0396.2164.6244.8193.8                                         13.9188.2 88.5 26.4321.5123.4188.4146.7                                         20.7  7.9  2.5 43.1 12.6 20.8 15.4                                        116.0 39.4410.7173.4256.4203.7                                         14.9213.0 80.0116.2 97.9                                         82.1 23.8 39.5 29.1                                        300.5411.0342.9                                        173.6134.5                                        204.0                                                                                                                                                                                                                            
0625470416 37.6  5.8  3.1  6.5 26.4 50.2 25.0 17.7 45.0159.4 63.1  4.0  8.8107.9 51.6 11.6            7.5  1.9  1.4  2.0  5.5  9.8  5.2  3.9  8.8 28.8 11.8  1.6  2.5 19.7 10.0  2.8          114.6 63.6128.1350.3498.7338.2269.8473.4724.9545.0 86.9167.8657.2505.1194.5           10.4 24.2 91.2147.2 86.3 61.7134.1342.8174.3 14.2 33.3263.4150.7 39.9           11.9 44.4 85.1 42.0 30.0 76.2205.7104.3  7.0 16.3149.8 87.5 19.5          103.8163.9 98.1 70.1149.6371.0193.2 16.1 37.8288.3167.7 45.4          415.7265.2206.4390.7663.1462.7 60.6123.8584.2422.1144.9          402.9328.8540.1766.5608.1103.3211.7709.0570.6243.2          197.5378.1652.5449.8 57.3117.9572.1409.2138.2          305.9584.0373.2 41.0 96.6496.5334.7103.1          751.7584.9104.2194.2690.3546.3224.0          791.3260.0443.8841.3770.1486.3          123.6246.8740.7613.9281.5           22.1193.4105.9 26.6          355.4216.2 62.5          713.5396.4          248.2                         
0625470510 13.3  5.2 26.1  7.1 31.9 11.5  2.4 23.2  3.3 46.9                                          2.7  1.5  4.5  1.9  5.4  2.4  1.2  4.1  1.3  7.6                                         40.9160.8 57.4190.0 84.9 16.3145.8 24.1255.9                                         80.4 23.8 98.8 35.2  6.9 71.5 10.1126.2                                        100.7312.1141.6 32.0249.0 47.3397.4                                        120.7 49.3  9.6100.4 14.1168.1                                        168.1 39.3288.2 58.1444.6                                         14.1128.0 20.7228.7                                         28.4  4.1 58.0                                         42.1371.0                                         85.9                                                                                                                                                                                                                            
0625470616 20.9133.6 89.5  4.7 26.1 11.7 11.6 65.7 35.4  8.8 11.4 90.1 13.2  2.2 30.1 48.0            4.1 21.5 14.6  1.6  4.8  2.6  2.5 10.9  6.3  2.3  2.5 14.7  2.8  1.3  5.5  8.3          582.7492.9 58.3233.2120.5119.3420.9291.5102.6117.9494.4134.4 23.4259.7356.0          809.8260.9626.6446.8444.1775.1685.5405.0441.0810.5476.1125.6655.3735.6          192.6540.7355.9353.4718.2608.2317.0350.5764.5384.1 97.3573.1668.6           71.9 32.0 31.7149.3 98.1 26.7 31.2193.6 36.3  5.6 83.2116.6          144.2142.9469.4335.0123.5141.2542.2160.4 28.9300.7403.1           75.1290.5186.3 63.3 74.1357.4 86.2 12.9163.0236.3          288.2184.6 62.6 73.2354.9 85.2 12.8161.5234.3          540.5255.5285.5719.2316.4 71.3503.2607.2          160.7182.7609.5206.0 39.3367.0474.7           61.8318.4 71.9 10.8140.0205.7          352.0 84.1 12.6159.7231.9          385.6 98.0574.6669.8           14.7180.8259.3           33.4 53.4          436.7                         
0625470716  8.3 11.3 73.4 97.7 10.8 34.7 13.0 14.2 72.7  4.2  7.9 38.8 72.3 82.9 56.7  2.5            2.3  2.6 12.8 16.8  2.5  6.5  2.9  3.1 12.6  1.6  2.2  7.2 12.6 14.3 10.0  1.3           57.3264.2321.6 54.4149.4 66.3 72.5262.3 22.3 43.9164.3261.4287.9218.0 12.2          306.1367.4 67.2178.0 82.0 89.7304.0 27.5 54.2195.0303.0331.6255.3 15.1          748.3295.6560.6336.9356.3702.2148.8254.0585.4701.4723.7657.5 96.4          356.1621.6400.4420.8746.8188.2310.2644.3746.1764.9708.4112.8          170.7 77.9 85.1293.6 26.2 51.5187.1292.6320.7245.9 14.3          200.1214.5558.4 85.5142.7420.0557.3587.2502.1 46.5          103.9334.7 31.9 62.8218.5333.7363.5283.4 17.4          354.1 34.9 68.7233.8353.0383.4301.3 19.0          147.6252.2583.3699.7722.1655.6 95.4           21.1 95.8146.9164.7119.1  6.0          157.0251.3277.1209.0 11.6          582.2611.2528.1 52.1          721.3654.7 94.9          680.1 97.4           74.3                         
0625470816 20.2 32.3 18.4 11.2 20.2 41.5 30.7 43.4 26.7  3.9 25.1  3.1  6.6148.6  5.8 76.7            4.4  6.6  4.1  2.7  4.4  8.2  6.3  8.6  5.5  1.6  5.3  1.4  2.0 27.1  1.9 14.3          267.0174.4112.3188.6317.7257.6327.5232.1 46.4221.2 35.5 81.8598.8 71.3449.7          248.6165.9266.7418.9350.7429.6320.4 73.3307.2 56.1113.5687.8100.5554.4          102.9174.2297.4239.6306.9215.3 42.0205.0 32.2 74.1577.7 64.6426.9          112.1203.3159.2210.8141.3 25.1133.9 19.2 44.1460.1 38.5312.3          317.4257.3327.2231.8 46.3220.9 35.5 81.7598.5 71.2449.4          407.4488.2375.4 94.5361.3 72.3141.3729.5125.6609.0          418.0309.9 69.7297.0 53.4108.6678.8 96.1543.2          385.8 99.0371.6 75.8147.0736.5130.8618.6           60.5269.1 46.3 95.7652.5 93.1511.2           56.8  7.1 16.1244.3 14.1144.3           43.5100.2640.2 87.4496.6           12.4199.3 10.8114.6          358.8 24.7227.5          329.1804.9          204.8                         
06254709 9 12.7 14.7  2.0 31.8 16.7  8.0 36.1  6.6  3.3                                               2.3  2.6  1.2  4.7  2.8  1.8  5.2  1.6  1.3                                             105.0 12.0182.6105.8 62.1202.0 50.7 23.2                                              14.0206.7121.5 72.7227.9 59.4 27.2                                              30.1 15.9  8.4 34.2  6.9  3.3                                             228.2134.5383.5112.8 58.6                                              82.7250.8 67.5 30.9                                             149.8 35.2 16.1                                             126.1 66.6                                              13.2                                                                                                                                                                                                                                                                              
0625471016  8.3 18.1 80.6 52.0 17.6 34.9 25.0  6.2 60.7 82.9 37.9  4.2 26.5 28.9  2.6  9.1            2.3  3.8 14.1  9.5  3.7  6.6  4.9  1.9 10.8 14.4  7.1  1.6  5.2  5.6  1.3  2.4           92.9281.4207.5 90.4149.7111.8 33.6228.9287.1160.3 21.8117.9127.3 12.6 50.7          434.4341.6152.8260.0201.4 67.9369.8441.0275.7 43.9211.2225.9 25.3102.6          663.9428.1582.4506.7223.9687.2738.0600.0158.2520.6540.5 98.0301.2          335.8489.8411.5161.3607.6669.2508.7111.1425.5445.8 72.5223.9          255.0197.2 66.1363.8434.8270.5 42.7206.8221.3 24.6 99.9          322.5114.3519.3588.6415.7 84.3335.4354.5 48.5162.6           92.9441.0513.3340.0 60.0266.6283.7 34.6121.9          179.2228.8122.9 16.0 98.7 96.6  9.3 37.1          692.2537.9124.3455.2475.5 82.5246.5          606.0162.0527.2547.0100.6307.1           91.5353.2372.7 52.6173.9           63.8 69.7  6.1 24.0          295.8 36.7128.5           40.1138.6           13.9                         
0625471111 11.6 16.2  8.9  4.0  4.5 25.5  7.1 33.2  3.0 14.7 60.4                                     2.8  3.6  2.5  1.5  1.6  5.2  2.1  6.6  1.4  3.3 11.3                                   105.3 62.8 26.1 30.2139.7 49.3174.7 19.0 94.9271.5                                    89.3 37.1 42.8186.8 70.1230.2 27.0117.8343.7                                    22.2 25.6121.2 41.9152.5 16.2 80.5241.0                                    10.7 57.9 17.5 75.7  6.8 33.5117.9                                    66.9 20.2 87.5  7.9 38.6133.6                                    98.0315.6 42.1171.8444.2                                   124.2 12.8 63.2200.5                                    55.1212.7506.2                                    24.4 98.2                                   321.6                                                                                                                                                                               
0625471216 26.1  8.0 83.1 39.2 12.0 49.7  3.6 28.3 27.2 48.8 28.0  3.5 31.0 86.6  7.3  5.4            5.5  2.4 15.7  8.0  2.9  9.9  1.5  5.9  5.7  9.8  5.9  1.5  6.4 16.3  2.2  1.8          113.1524.2357.3147.3411.5 53.9288.1280.4407.2285.8 52.1306.6533.4103.9 83.3          281.2160.6 58.5195.2 18.1121.4117.3192.4120.1 17.5131.3289.2 39.1 27.9          613.7344.8661.2142.8542.4533.6657.7539.8138.8562.8748.7262.8203.7          205.6506.1 81.3375.3366.6501.9372.6 78.6395.8622.0148.3110.6          246.8 24.6157.6152.6243.5156.1 23.8170.0353.6 53.2 37.9          103.5430.0421.1556.4427.4100.1451.2668.8180.8136.4           58.5 56.2101.6 57.8  7.5 64.0147.8 16.5 11.8          296.5425.8302.1 56.5323.5551.5111.6 90.3          416.8294.2 54.4315.3542.8107.8 86.9          423.1 98.2446.9665.4178.1134.3           55.9321.0548.9110.4 89.3           62.0143.7 15.9 11.4          571.7120.9 99.0          270.5210.2           25.4                         
09254701 8 11.0 18.4  5.5  2.1 20.6  4.8  8.6  5.5                                                    2.4  3.5  1.6  1.2  3.9  1.5  2.2  1.6                                                  101.1 35.4 11.1112.3 30.9 57.4 35.8                                                   60.6 18.8177.2 52.8 98.4 61.3                                                    6.0 68.2 16.6 30.7 19.2                                                   21.2  5.3  9.6  6.1                                                   59.5 99.0 69.1                                                   26.8 16.8                                                   31.1                                                                                                                                                                                                                                                                                                                                     
0925470213 37.0 24.7 40.8  3.8 58.0 16.4 11.6 18.7  7.3 38.1 41.2  2.5  5.1                           6.7  4.7  7.3  1.4  9.9  3.4  2.6  3.8  2.0  6.9  7.4  1.3  1.6                         332.4447.1 80.0522.4252.8192.1278.5140.3430.8449.2 49.8 99.9                         353.7 53.0427.4184.3136.7205.2 97.9338.4355.7 33.0 74.1                          88.3544.7271.3207.6298.1152.5453.6472.1 55.0109.1                         108.1 35.6 24.9 40.7 17.0 82.3 89.1  5.3 11.6                         338.0265.0367.7198.9528.8546.7 76.3144.7                          96.4148.4 73.4258.0273.1 22.2 49.7                         108.7 51.2196.5209.1 15.5 34.7                          84.1284.0300.0 25.4 57.0                         143.7153.7 10.7 23.8                         455.7 51.3102.5                          55.5109.9                           7.3                                                                                                    
0925470311  6.7 19.6 26.8  2.8 15.9 22.1 13.7  9.1 18.2 55.6  2.6                                     1.7  3.5  4.5  1.3  3.0  3.8  2.6  2.1  3.3  8.3  1.2                                    80.1 97.1 10.7 64.7 89.1 55.6 40.6 74.1178.4  9.9                                   226.6 29.4149.8194.6131.8 99.9167.8368.0 27.0                                    39.7192.0245.3169.9130.3213.6436.9 36.5                                    23.7 32.6 20.4 14.9 27.2 80.8  3.8                                   163.7109.4 90.4140.4321.8 21.8                                   144.3109.8183.0391.9 30.0                                    77.7123.3290.7 18.8                                   103.6231.6 13.7                                   351.0 25.0                                    74.2                                                                                                                                                                               
0925470413 34.0 25.5 30.5 38.9 11.4 36.6 11.8  3.6 43.9  2.6  4.3 14.8 28.2                           6.2  4.8  5.6  7.0  2.6  6.6  2.6  1.4  7.8  1.3  1.5  3.1  5.3                         321.2360.5415.8176.0401.7181.5 70.0444.2 47.4 85.7218.0342.8                         299.0350.7138.3337.4142.8 52.4378.0 35.5 64.2173.4282.8                         391.3161.2377.4166.3 62.8419.4 42.6 77.0200.6319.9                         196.5433.2202.5 80.3476.0 54.4 98.4241.9373.1                         187.1 74.7 23.2216.3 15.8 28.4 94.3150.7                         192.9 75.5461.7 51.2 92.5231.0359.4                          24.1222.7 16.4 29.5 97.9155.5                          90.8  5.2  9.3 30.4 57.9                          61.5 99.4264.6400.8                           6.4 20.7 39.3                          37.3 71.0                         188.1                                                                                                    
09254705 9 22.7  4.8 11.7  6.9 24.1  2.9  4.5  4.6 16.2                                               4.8  1.7  2.8  2.1  5.1  1.4  1.6  1.6  3.7                                              64.7128.3 95.7231.0 35.4 59.1 61.8170.1                                              33.3 21.5 68.7  8.1 13.3 13.9 46.6                                              49.2135.1 18.3 30.5 31.8 96.0                                             101.6 11.8 19.6 20.5 68.8                                              37.5 62.8 65.6178.6                                               7.4  7.7 25.5                                              12.8 42.5                                              44.5                                                                                                                                                                                                                                                                              
09254706 9  2.4 11.7 15.7 34.8  5.4  4.5 26.0  6.3  6.1                                               1.3  2.6  3.3  6.4  1.7  1.6  5.0  1.9  1.8                                              14.2 19.3 42.5  7.1  5.9 31.6  8.4  8.1                                             103.1183.3 37.3 30.6143.3 44.3 42.7                                             233.4 50.8 41.8185.3 60.5 58.3                                             100.4 92.4330.3117.0113.3                                              15.2 83.6 21.9 21.1                                              68.6 18.0 17.4                                              99.4 95.8                                              25.1                                                                                                                                                                                                                                                                              
0925470713  9.4  3.9  5.0 34.2  5.1 28.7 29.5 16.3 16.9 19.0 37.8 18.2  4.0                           2.8  1.6  1.8  7.4  1.8  6.3  6.5  3.9  4.1  4.5  8.1  4.3  1.6                          23.1 30.8164.3 31.5141.7145.3 95.2 98.9 99.6178.6 95.9 23.6                          11.9 76.5 12.2 64.1 66.0 36.5 37.9 42.8 84.7 41.0  9.2                         102.4 16.2 85.7 88.3 48.8 50.7 57.2101.0 54.8 12.2                         104.7347.9354.3236.2243.0265.2410.4257.2 78.3                          87.7 90.3 49.9 51.9 58.5103.0 56.1 12.5                         316.4206.3212.6233.0370.4225.6 65.6                         211.1217.5238.2376.9230.7 67.5                         134.2148.6254.6143.4 37.4                         153.5261.8148.1 38.8                         285.0163.8 43.8                         276.7 86.7                          42.0                                                                                                    
0925470813  2.1 34.0 55.8 27.0  3.2  8.1 13.9  8.3 19.6 44.6 44.6 22.6 43.0                           1.2  5.2  7.9  4.3  1.3  1.9  2.5  1.9  3.3  6.6  6.6  3.7  6.4                          35.6 57.0 28.2  3.5  9.3 14.6  9.6 20.8 46.8 46.8 23.6 45.1                         493.3333.6 60.7143.2207.5146.9270.8447.5447.5295.7439.2                         439.8 97.5210.4293.5215.4369.6555.8555.8398.0547.8                          48.1117.3172.6120.5228.6394.4394.4251.1386.2                          15.8 24.8 16.2 35.4 79.9 79.9 40.1 77.1                          68.9 45.0 98.6179.9179.9 99.9174.7                          71.1133.3255.3255.3148.4248.7                         101.7184.3184.3102.6179.0                         326.5326.5198.7318.9                         511.1353.8502.8                         353.8502.8                         345.9                                                                                                    
0925470910 30.1 15.8 13.7 28.9 20.4  5.9 37.9  2.7  7.2  2.5                                          4.8  2.9  2.6  4.6  3.5  1.6  5.9  1.2  1.8  1.2                                        209.4186.3321.8255.0 95.2381.6 43.9116.6 39.1                                        108.6203.1154.6 56.0250.0 23.2 70.4 20.7                                        180.5136.4 48.3223.8 20.0 60.7 17.9                                        247.9102.1372.9 42.2112.7 37.6                                         72.8300.7 30.2 91.6 26.9                                        117.3  9.2 27.7  8.3                                         55.5142.8 49.4                                         11.6  3.5                                         10.3                                                                                                                                                                                                                            
09254710 9  8.6  4.4 19.8 25.9  2.3  7.8 15.1 12.7  4.4                                               2.2  1.5  3.9  4.9  1.2  2.1  3.1  2.8  1.5                                              23.9 95.3119.6 11.2 44.8 80.3 67.0 24.5                                              50.8 65.6  5.5 21.5 38.4 32.1 11.8                                             222.4 23.7 95.4144.4123.8 52.0                                              30.6108.8178.5154.0 67.1                                              10.1 18.0 15.0  5.6                                              72.1 60.2 22.0                                              96.7 39.3                                              32.8                                                                                                                                                                                                                                                                              
0925471110  7.8  4.0 16.4 12.1  2.9 21.0 19.7 19.5 16.7  3.6                                          2.2  1.4  3.5  2.8  1.3  4.3  4.1  4.0  3.5  1.4                                         19.9 79.1 57.6 13.3102.0 95.9 94.8 80.6 17.4                                         38.4 28.0  6.5 49.5 46.5 46.0 39.1  8.5                                         99.7 25.6163.1154.8153.4133.8 33.6                                         18.7124.7118.1116.9101.4 24.5                                         32.9 30.9 30.6 26.0  5.8                                        190.5188.8165.6 43.3                                        179.5157.3 40.7                                        155.8 40.2                                         34.2                                                                                                                                                                                                                            
0925471216 39.7 52.6  8.9 19.2  6.5  5.1 68.5  7.4 56.8 85.7 18.6  6.5  4.7 35.2  5.9 47.7            9.4 12.3  2.9  5.0  2.3  2.0 15.4  2.5 12.9 19.1  4.8  2.3  1.9  8.4  2.1 11.2          522.4178.3297.4134.3106.4575.5151.8533.8622.9290.8134.5 99.6428.9122.3499.7          223.0357.6170.4136.3634.9191.5596.2677.5350.4170.6127.9494.6155.8563.9           96.1 38.5 29.5265.8 44.5231.6310.5103.8 38.6 27.4161.5 34.6206.6           76.3 58.4411.1 88.1368.6463.0168.4 76.4 54.2273.4 68.4336.0           21.0206.2 31.7177.5244.5 73.8 27.5 19.6120.9 24.6157.0          166.4 24.3142.2199.4 56.5 21.1 15.0 95.5 18.9125.1          230.3644.7718.1403.6206.4156.6548.8189.3614.8          199.2271.4 85.3 31.7 22.6136.9 28.4176.8          686.5361.4177.7133.6506.1162.5574.9          455.3244.7188.1597.7225.4659.2           73.9 52.5267.1 66.2329.0           19.6121.1 24.7157.2           98.9 17.6117.4          110.0471.7          143.4                         
