0623210107    16000      000      007    11013    11001    20000      000      047    20000      000      00713     2200000       00000       00713     1400107     4400113     6400000       00000       00000       00000       00713     2900000       00000       00000       00000       00000       0010713    1020000000       0000000       0071301    2050 000000       0 000000       0 000000       0 000000       0 000000       0            
0623210206    63000      000      006    17008    14013    24000      000      034    53000      000      00608     6900000       00000       00608     3200613     7700813     6500000       00000       00000       00000       00608    18300000       00000       00000       00000       00000       0060813    2530000000       0000000       0060813   16220 000000       0 000000       0 000000       0 000000       0 000000       0            
0623210316    36000      000      016    33015    37009   114000      000      088   103000      000      01516    12700000       00000       01516     5500916    16400915    17700000       00000       00000       00000       01615    21100000       00000       00000       00000       00000       0091516    9020000000       0000000       0161509   27130 000000       0 000000       0 000000       0 000000       0 000000       0            
0623210407   135000      000      007    53001    19009    45000      000      014   162000      000      00107    39400000       00000       00107    13400709    23600109     8700000       00000       00000       00000       00701    83200000       00000       00000       00000       00000       0010709   13990000000       0000000       0070109   78530 000000       0 000000       0 000000       0 000000       0 000000       0            
0623210508   289000      000      008    84005    70001    24000      000      034  1390000      000      00508   336100000       00000       00508    83000108    24400105    18700000       00000       00000       00000       00805   654200000       00000       00000       00000       00000       0010508   55080000000       0000000       0080501  426480 000000       0 000000       0 000000       0 000000       0 000000       0            
0623210617   146000      000      017    50014    38009    25000      000      078   251000      000      01417   130000000       00000       01417    38600917    20400914    13200000       00000       00000       00000       01714   223700000       00000       00000       00000       00000       0091417   28890000000       0000000       0171409  165130 000000       0 000000       0 000000       0 000000       0 000000       0            
0623210707    66000      000      007    24010    23009   103000      000      067   162000      000      00710    34400000       00000       00710    10900709   105700910    48600000       00000       00000       00000       00710    56900000       00000       00000       00000       00000       0070910   75300000000       0000000       0071009  342740 000000       0 000000       0 000000       0 000000       0 000000       0            
0623210804    37000      000      004    19010    62001    27000      000      025    84000      000      00410    48300000       00000       00410    20500104     9100110    29900000       00000       00000       00000       00410    77900000       00000       00000       00000       00000       0010410   13560000000       0000000       0041001   60300 000000       0 000000       0 000000       0 000000       0 000000       0            
0623210907    20000      000      007    11006    14005    11000      000      000      000      000      00607     5900000       00000       00607     2200507     1500506     2800000       00000       00000       00000       00706     8900000       00000       00000       00000       00000       0050607     440000000       0000000       0070605    1880 000000       0 000000       0 000000       0 000000       0 000000       0            
0623211005    50000      000      005    18001    11008    33000      000      015    44000      000      00105     4400000       00000       00105     2300508     8700108     3600000       00000       00000       00000       00501    10900000       00000       00000       00000       00000       0010508    1680000000       0000000       0050108    8110 000000       0 000000       0 000000       0 000000       0 000000       0            
0623211104    20000      000      004    12009    44007    23000      000      025   100000      000      00409    25200000       00000       00409     8800407     4600709    24200000       00000       00000       00000       00409    34300000       00000       00000       00000       00000       0040709    6480000000       0000000       0040907   26020 000000       0 000000       0 000000       0 000000       0 000000       0            
0623211206    26000      000      006    11008    13005    12000      000      045    27000      000      00608     4300000       00000       00608     1900506     1800508     2200000       00000       00000       00000       00608     7000000       00000       00000       00000       00000       0050608     370000000       0000000       0060805    1580 000000       0 000000       0 000000       0 000000       0 000000       0            
0923150108    19000      000      008    11005    23002    35000      000      046    35000      000      00508     6700000       00000       00508     3200208     5100205    11600000       00000       00000       00000       00805    11600000       00000       00000       00000       00000       0020508    2540000000       0000000       0080502    8550 000000       0 000000       0 000000       0 000000       0 000000       0            
0923150204    43000      000      004    16010    19005    77000      000      036    36000      000      00410    11400000       00000       00410     4400405    26500510    39400000       00000       00000       00000       00410    20900000       00000       00000       00000       00000       0040510   11270000000       0000000       0041005   51040 000000       0 000000       0 000000       0 000000       0 000000       0            
0923150311    34000      000      011    17005    18010   115000      000      036    35000      000      00511     7200000       00000       00511     4001011    49800510    56100000       00000       00000       00000       01105    14500000       00000       00000       00000       00000       0051011   17870000000       0000000       0110510   60720 000000       0 000000       0 000000       0 000000       0 000000       0            
0923150415    25000      000      015    12012    15002    17000      000      068    77000      000      01215     7700000       00000       01215     2800215     3000212     5300000       00000       00000       00000       01512    13500000       00000       00000       00000       00000       0021215    1630000000       0000000       0151202    6250 000000       0 000000       0 000000       0 000000       0 000000       0            
0923150502    67000      000      002    21005    38003    40000      000      013    88000      000      00205    39400000       00000       00205    13500203    16800305    22600000       00000       00000       00000       00205    70900000       00000       00000       00000       00000       0020305   18840000000       0000000       0020503   93330 000000       0 000000       0 000000       0 000000       0 000000       0            
0923150608    24000      000      008    13006    17009    14000      000      067    96000      000      00608    11100000       00000       00608     4100809     2600609     5400000       00000       00000       00000       00806    18300000       00000       00000       00000       00000       0060809    1490000000       0000000       0080609    8310 000000       0 000000       0 000000       0 000000       0 000000       0            
0923150701    37000      000      001    15004    15007    13000      000      000      000      000      00104    10400000       00000       00104     3500107     2900407     2200000       00000       00000       00000       00104    17100000       00000       00000       00000       00000       0010407     930000000       0000000       0010407    4630 000000       0 000000       0 000000       0 000000       0 000000       0            
0923150814    50000      000      014    17011    14012    17000      000      067    52000      000      01114     9300000       00000       01114     3801214     4001112     4200000       00000       00000       00000       01411    20600000       00000       00000       00000       00000       0111214    1670000000       0000000       0141112    7830 000000       0 000000       0 000000       0 000000       0 000000       0            
0923150903    18000      000      003    11001    13000      000      000      000      000      000      00103     2300000       00000       00103     1200203     1500102     1500000       00000       00000       00000       00301     3400000       00000       00000       00000       00000       0010203     210000000       0000000       0030102     630 000000       0 000000       0 000000       0 000000       0 000000       0            
0923151004    47000      000      004    18007    14002    59000      000      024    57000      000      00407     6000000       00000       00407     3000204    17700207    10500000       00000       00000       00000       00407    14500000       00000       00000       00000       00000       0020407    5310000000       0000000       0040702   23870 000000       0 000000       0 000000       0 000000       0 000000       0            
0923151102    52000      000      002    20006    16014    77000      000      013    75000      000      00206     8200000       00000       00206     4100214    30300614    20100000       00000       00000       00000       00206    17800000       00000       00000       00000       00000       0020614    8750000000       0000000       0020614   39820 000000       0 000000       0 000000       0 000000       0 000000       0            
0923151202    24000      000      002    15005    28003    23000      000      023    85000      000      00205    10600000       00000       00205     4200203     4000305    15800000       00000       00000       00000       00205    16300000       00000       00000       00000       00000       0020305    3800000000       0000000       0020503   14050 000000       0 000000       0 000000       0 000000       0 000000       0            
1023250107  2150000      000      007   262011    17013    11000      000      046  1817000      000      00711   439700000       00000       00711    69500713    48401113     2400000       00000       00000       00000       00711  1336100000       00000       00000       00000       00000       0071113   25250000000       0000000       0071113  330270 000000       0 000000       0 000000       0 000000       0 000000       0            
1023250214    38000      000      014    18010   256005    40000      000      057   591000      000      01014   238900000       00000       01014    69900514    14100510   159100000       00000       00000       00000       01410   373500000       00000       00000       00000       00000       0051014   97070000000       0000000       0141005  473700 000000       0 000000       0 000000       0 000000       0 000000       0            
1023250309    19000      000      009    11003    27006    31000      000      036    57000      000      00309    11600000       00000       00309     4500609     7400306    31600000       00000       00000       00000       00903    15600000       00000       00000       00000       00000       0030609    6070000000       0000000       0090306   21030 000000       0 000000       0 000000       0 000000       0 000000       0            
1023250406   134000      000      006    44012    15003    27000      000      058    55000      000      00612    37900000       00000       00612    14800306    18800312     8000000       00000       00000       00000       00612    86600000       00000       00000       00000       00000       0030612   10510000000       0000000       0061203   66260 000000       0 000000       0 000000       0 000000       0 000000       0            
1023250501   430000      000      001    83007    21013    17000      000      014   496000      000      00107    88700000       00000       00107    19900113    20200713     6000000       00000       00000       00000       00107   224300000       00000       00000       00000       00000       0010713   11290000000       0000000       0010713  126880 000000       0 000000       0 000000       0 000000       0 000000       0            
1023250609    40000      000      009    14013    15010    15000      000      068    43000      000      00913     7000000       00000       00913     3200910     3001013     3700000       00000       00000       00000       00913    13200000       00000       00000       00000       00000       0091013    1300000000       0000000       0091310    5710 000000       0 000000       0 000000       0 000000       0 000000       0            
1023250706    20000      000      006    12005    56004    24000      000      055   252000      000      00506    23600000       00000       00506     9300406     3400405    24600000       00000       00000       00000       00605    37900000       00000       00000       00000       00000       0040506    4050000000       0000000       0060504   17070 000000       0 000000       0 000000       0 000000       0 000000       0            
1023250807    45000      000      007    16001    30009    33000      000      015   187000      000      00107    15700000       00000       00107     6900709     7600109    21400000       00000       00000       00000       00701    28600000       00000       00000       00000       00000       0010709    5480000000       0000000       0070109   20450 000000       0 000000       0 000000       0 000000       0 000000       0            
1023250910    54000      000      010    18012    21015    28000      000      067   128000      000      01012    14700000       00000       01012     5601015     8901215     7000000       00000       00000       00000       01012    27900000       00000       00000       00000       00000       0101215    3660000000       0000000       0101215   21200 000000       0 000000       0 000000       0 000000       0 000000       0            
1023251012   140000      000      012    32007    17003   122000      000      068    44000      000      00712    28400000       00000       00712    10000312    71200307    42500000       00000       00000       00000       01207    64800000       00000       00000       00000       00000       0030712   40020000000       0000000       0120703  270250 000000       0 000000       0 000000       0 000000       0 000000       0            
1023251106   130000      000      006    48004    97007    84000      000      023   325000      000      00406    94100000       00000       00406    27800607    61100407   132400000       00000       00000       00000       00604   195400000       00000       00000       00000       00000       0040607  179760000000       0000000       0060407  953920 000000       0 000000       0 000000       0 000000       0 000000       0            
1023251211    57000      000      011    20006    37016    24000      000      036   427000      000      00611    47200000       00000       00611    16201116     6700616    14800000       00000       00000       00000       01106    79900000       00000       00000       00000       00000       0061116    6810000000       0000000       0110616   42870 000000       0 000000       0 000000       0 000000       0 000000       0            
