0425140111    48000      000      011    17001    15002    26000      000      016   143000      000      00111    16600000       00000       00111     7100211    13600102     6700000       00000       00000       00000       01101    31800000       00000       00000       00000       00000       0010211    5200000000       0000000       0110102    26870000000        0000000        0000000        0000000        0000000        0           
0425140205    93000      000      005    21012    15010    20000      000      037   106000      000      00512    13900000       00000       00512     5500510     7601012     5100000       00000       00000       00000       00512    37100000       00000       00000       00000       00000       0051012    3430000000       0000000       0051210    20570000000        0000000        0000000        0000000        0000000        0           
0425140304    28000      000      004    14006    15003    55000      000      034    41000      000      00406     4900000       00000       00406     2300304    13600306    18700000       00000       00000       00000       00406     7500000       00000       00000       00000       00000       0030406    4180000000       0000000       0040603    13790000000        0000000        0000000        0000000        0000000        0           
0425140401    45000      000      001    21006   120004    36000      000      014   635000      000      00106    90600000       00000       00106    26700104    11500406    58300000       00000       00000       00000       00106   156700000       00000       00000       00000       00000       0010406   33270000000       0000000       0010604   150200000000        0000000        0000000        0000000        0000000        0           
0425140509  1027000      000      009   140005    17002    56000      000      035    95000      000      00509   206600000       00000       00509    62400209   181600205    15500000       00000       00000       00000       00905   575900000       00000       00000       00000       00000       0020509  100380000000       0000000       0090502   677040000000        0000000        0000000        0000000        0000000        0           
0425140616    19000      000      016    11010    30006    13000      000      058   146000      000      01016    20800000       00000       01016     7600616     2400610    14800000       00000       00000       00000       01610    29200000       00000       00000       00000       00000       0061016    2820000000       0000000       0161006    13250000000        0000000        0000000        0000000        0000000        0           
0425140714    56000      000      014    24002   296011    68000      000      028   848000      000      00214   496700000       00000       00214   121901114    23100211   249600000       00000       00000       00000       01402   849000000       00000       00000       00000       00000       0021114  289360000000       0000000       0140211  1252190000000        0000000        0000000        0000000        0000000        0           
0425140801    39000      000      001    14005    16012    17000      000      014    60000      000      00105    10300000       00000       00105     4000112     4700512     4200000       00000       00000       00000       00105    21400000       00000       00000       00000       00000       0010512    1970000000       0000000       0010512    10480000000        0000000        0000000        0000000        0000000        0           
0425140909    73000      000      009    24008    37011    22000      000      056   203000      000      00809    36600000       00000       00809    11000911     9200811    15600000       00000       00000       00000       00908    64400000       00000       00000       00000       00000       0080911    8120000000       0000000       0090811    54620000000        0000000        0000000        0000000        0000000        0           
0425141015   224000      000      015    53014    29010   105000      000      088   447000      000      01415    65200000       00000       01415    18001015    61401014    64000000       00000       00000       00000       01514   154000000       00000       00000       00000       00000       0101415   72410000000       0000000       0151410   500290000000        0000000        0000000        0000000        0000000        0           
0425141104    90000      000      004    34001    58009    84000      000      013   518000      000      00104    62800000       00000       00104    20100409    39300109    67800000       00000       00000       00000       00401   126400000       00000       00000       00000       00000       0010409   58940000000       0000000       0040109   254490000000        0000000        0000000        0000000        0000000        0           
0425141209    31000      000      009    16010    26014    62000      000      055   115000      000      00910    10900000       00000       00910     5100914    14501014    35300000       00000       00000       00000       00910    18700000       00000       00000       00000       00000       0091014    9610000000       0000000       0091014    32710000000        0000000        0000000        0000000        0000000        0           
0525260105    19000      000      005    11002    18011    15000      000      024    73000      000      00205     7700000       00000       00205     3500511     2400211     5700000       00000       00000       00000       00502    11700000       00000       00000       00000       00000       0020511     980000000       0000000       0050211     4420000000        0000000        0000000        0000000        0000000        0           
0525260211    27000      000      011    12012    12003    18000      000      066    34000      000      01112     3600000       00000       01112     1700311     3600312     3800000       00000       00000       00000       01112     7400000       00000       00000       00000       00000       0031112     880000000       0000000       0111203     2950000000        0000000        0000000        0000000        0000000        0           
0525260303    33000      000      003    23009    49007    25000      000      037   105000      000      00309    25500000       00000       00309     6900307     3900709    10900000       00000       00000       00000       00309    40300000       00000       00000       00000       00000       0030709    4530000000       0000000       0030907    19160000000        0000000        0000000        0000000        0000000        0           
0525260414   502000      000      014    90005    14007    77000      000      037   115000      000      00514    59300000       00000       00514    19400714   143300507    18200000       00000       00000       00000       01405   160800000       00000       00000       00000       00000       0050714   51210000000       0000000       0140507   311240000000        0000000        0000000        0000000        0000000        0           
0525260502    78000      000      002    29006    32005    20000      000      013    70000      000      00206    57300000       00000       00206    19800205     8200506    10100000       00000       00000       00000       00206    94600000       00000       00000       00000       00000       0020506   10200000000       0000000       0020605    74060000000        0000000        0000000        0000000        0000000        0           
0525260610   111000      000      010    16012    11009    11000      000      078    20000      000      01012    17900000       00000       01012     3600910     2900912     1300000       00000       00000       00000       01012    40500000       00000       00000       00000       00000       0091012     540000000       0000000       0101209     8360000000        0000000        0000000        0000000        0000000        0           
0525260701    12000      000      001    11005    26000      000      000      000      000      000      00105     5600000       00000       00105     2200104     1800405     3200000       00000       00000       00000       00105     8500000       00000       00000       00000       00000       0010405     310000000       0000000       0010504     1610000000        0000000        0000000        0000000        0000000        0           
0525260809    74000      000      009    23011    11012    15000      000      078    45000      000      00911     9000000       00000       00911     3800912     7301112     2100000       00000       00000       00000       00911    16600000       00000       00000       00000       00000       0091112    1490000000       0000000       0091112     6820000000        0000000        0000000        0000000        0000000        0           
0525260901    48000      000      001    16012    15002   140000      000      016    43000      000      00112     8100000       00000       00112     3500102    65600212    52100000       00000       00000       00000       00112    17500000       00000       00000       00000       00000       0010212   26880000000       0000000       0011202   117170000000        0000000        0000000        0000000        0000000        0           
0525261005    45000      000      005    18006    27010    36000      000      056   232000      000      00506    21400000       00000       00506     6400510     9300610    18500000       00000       00000       00000       00506    38700000       00000       00000       00000       00000       0050610    8500000000       0000000       0050610    35040000000        0000000        0000000        0000000        0000000        0           
0525261111   261000      000      011    85010    39003   156000      000      056   292000      000      01011   207400000       00000       01011    46900311   239100310    80700000       00000       00000       00000       01110   397300000       00000       00000       00000       00000       0031011  275990000000       0000000       0111003  1505950000000        0000000        0000000        0000000        0000000        0           
0525261214    58000      000      014    20009    21010    17000      000      057    90000      000      00914    24000000       00000       00914     8601014     6100910     6500000       00000       00000       00000       01409    43500000       00000       00000       00000       00000       0091014    3700000000       0000000       0140910    23500000000        0000000        0000000        0000000        0000000        0           
0825260106    41000      000      006    17011    17007    31000      000      036    49000      000      00611    11500000       00000       00611     5700607     8200711    10000000       00000       00000       00000       00611    19100000       00000       00000       00000       00000       0060711    4100000000       0000000       0061107    15390000000        0000000        0000000        0000000        0000000        0           
0825260209    16000      000      009    11003    17014   207000      000      025    43000      000      00309     4100000       00000       00309     2100914    47200314   139400000       00000       00000       00000       00903     5900000       00000       00000       00000       00000       0030914   21380000000       0000000       0090314    43290000000        0000000        0000000        0000000        0000000        0           
0825260318   239000      000      018    69007    31008    62000      000      048   189000      000      00718   104200000       00000       00718    33600818    68900708    27600000       00000       00000       00000       01807   201900000       00000       00000       00000       00000       0070818   60160000000       0000000       0180708   264720000000        0000000        0000000        0000000        0000000        0           
0825260413    36000      000      013    16015    13009    22000      000      078    47000      000      01315     6200000       00000       01315     2800913     7100915     6600000       00000       00000       00000       01315    12500000       00000       00000       00000       00000       0091315    2630000000       0000000       0131509     9150000000        0000000        0000000        0000000        0000000        0           
0825260503   329000      000      003    84001    17006    33000      000      013   493000      000      00103    51300000       00000       00103    16100306    49700106     7300000       00000       00000       00000       00301   131300000       00000       00000       00000       00000       0010306   15970000000       0000000       0030106   150300000000        0000000        0000000        0000000        0000000        0           
0825260611    60000      000      011    29010    61003    38000      000      088   564000      000      01011    73800000       00000       01011    19400311     7700310    19200000       00000       00000       00000       01110   126100000       00000       00000       00000       00000       0031011   14670000000       0000000       0111003    86430000000        0000000        0000000        0000000        0000000        0           
0825260702    37000      000      002    14003    13007    18000      000      000      000      000      00203     4800000       00000       00203     2500207     4700307     3400000       00000       00000       00000       00203    10100000       00000       00000       00000       00000       0020307     770000000       0000000       0020307     4140000000        0000000        0000000        0000000        0000000        0           
0825260814   332000      000      014    47009    15013    58000      000      068   215000      000      00914    65700000       00000       00914    16701314    81300913    17100000       00000       00000       00000       01409   145000000       00000       00000       00000       00000       0091314   43390000000       0000000       0140913   362120000000        0000000        0000000        0000000        0000000        0           
0825260905    41000      000      005    13008    12007    14000      000      045    34000      000      00508     5000000       00000       00508     2400507     3400708     3000000       00000       00000       00000       00508    12900000       00000       00000       00000       00000       0050708     980000000       0000000       0050807     4100000000        0000000        0000000        0000000        0000000        0           
0825261003   144000      000      003    36006    99007    22000      000      036   344000      000      00306   309200000       00000       00306    69700307    11600607    19000000       00000       00000       00000       00306   529900000       00000       00000       00000       00000       0030607   34020000000       0000000       0030607   356210000000        0000000        0000000        0000000        0000000        0           
0825261114   131000      000      014    39004    30007    17000      000      027   282000      000      00414    73000000       00000       00414    22900714    10200407     7700000       00000       00000       00000       01404   151600000       00000       00000       00000       00000       0040714    8280000000       0000000       0140407    74640000000        0000000        0000000        0000000        0000000        0           
0825261204    68000      000      004    30016    26010   141000      000      028   124000      000      00416    26400000       00000       00416    10200410    63401016    64000000       00000       00000       00000       00416    49500000       00000       00000       00000       00000       0041016   58510000000       0000000       0041610   212200000000        0000000        0000000        0000000        0000000        0           
