0623580104    47000      000      004    13010    11007    18000      000      025    48000      000      00410     4700000       00000       00410     2100407     6600710     3900000       00000       00000       00000       00410    11200000       00000       00000       00000       00000       0040710    1360000000       0000000       0041007    5850 000000       0 000000       0 000000       0 000000       0 000000       0            
0623580204    17000      000      004    11002    15012    12000      000      012    54000      000      00204     6100000       00000       00204     2700412     2100212     3600000       00000       00000       00000       00402     8100000       00000       00000       00000       00000       0020412     680000000       0000000       0040212    2360 000000       0 000000       0 000000       0 000000       0 000000       0            
0623580309    22000      000      009    11003    11016    28000      000      025    19000      000      00309     2400000       00000       00309     1600916     6700316     6100000       00000       00000       00000       00903     4700000       00000       00000       00000       00000       0030916    1350000000       0000000       0090316    3740 000000       0 000000       0 000000       0 000000       0 000000       0            
0623580408    53000      000      008    40006    43012    59000      000      034   117000      000      00608    11000000       00000       00608     4100812     6100612     5700000       00000       00000       00000       00806    24000000       00000       00000       00000       00000       0060812    2420000000       0000000       0080612   11900 000000       0 000000       0 000000       0 000000       0 000000       0            
0623580503    49000      000      003    20004    33009    73000      000      022   303000      000      00304    31600000       00000       00304    12200309    28900409    46900000       00000       00000       00000       00304    51600000       00000       00000       00000       00000       0030409   30930000000       0000000       0030409  120900 000000       0 000000       0 000000       0 000000       0 000000       0            
0623580612    15000      000      012    11009    15003    65000      000      057    44000      000      00912     4600000       00000       00912     2700312    15000309    19300000       00000       00000       00000       01209     5900000       00000       00000       00000       00000       0030912    4820000000       0000000       0120903   11210 000000       0 000000       0 000000       0 000000       0 000000       0            
0623580706    42000      000      006    16016    16008    29000      000      038    69000      000      00616     7700000       00000       00616     3900608     8300816     8700000       00000       00000       00000       00616    18900000       00000       00000       00000       00000       0060816    3400000000       0000000       0061608   15210 000000       0 000000       0 000000       0 000000       0 000000       0            
0623580809    27000      000      009    21008   111011    30000      000      056   104000      000      00809    30600000       00000       00809     9700911     3000811    13400000       00000       00000       00000       00908    46400000       00000       00000       00000       00000       0080911    3310000000       0000000       0090811   16140 000000       0 000000       0 000000       0 000000       0 000000       0            
0623580908   131000      000      008    34006    23004    45000      000      045   153000      000      00608    38000000       00000       00608    12700408    24700406    16100000       00000       00000       00000       00806    83400000       00000       00000       00000       00000       0040608   14740000000       0000000       0080604  106400 000000       0 000000       0 000000       0 000000       0 000000       0            
0623581010    30000      000      010    13016    22001    18000      000      058    63000      000      01016    13000000       00000       01016     5600110     4400116     7400000       00000       00000       00000       01016    20500000       00000       00000       00000       00000       0011016    2140000000       0000000       0101601   10100 000000       0 000000       0 000000       0 000000       0 000000       0            
0623581105    52000      000      005    23016    24004    33000      000      038    98000      000      00516    27300000       00000       00516     9300405    12100416    17200000       00000       00000       00000       00516    43800000       00000       00000       00000       00000       0040516    8050000000       0000000       0051604   42110 000000       0 000000       0 000000       0 000000       0 000000       0            
0623581216    70000      000      016    25011    78003    17000      000      068   136000      000      01116    99900000       00000       01116    27600316     5600311    19800000       00000       00000       00000       01611   174300000       00000       00000       00000       00000       0031116    9200000000       0000000       0161103   80860 000000       0 000000       0 000000       0 000000       0 000000       0            
0923580107    80000      000      007    25006    57013    14000      000      034   820000      000      00607   227600000       00000       00607    48800713     5300613    14500000       00000       00000       00000       00706   345100000       00000       00000       00000       00000       0060713   14650000000       0000000       0070613  170470 000000       0 000000       0 000000       0 000000       0 000000       0            
0923580216    68000      000      016    18012    11004    22000      000      068    33000      000      01216     7400000       00000       01216     3100416     8400412     3100000       00000       00000       00000       01612    17900000       00000       00000       00000       00000       0041216    1670000000       0000000       0161204   11170 000000       0 000000       0 000000       0 000000       0 000000       0            
0923580307    33000      000      007    14003    15006    24000      000      035    50000      000      00307     8500000       00000       00307     3800607     6200306     8000000       00000       00000       00000       00703    16900000       00000       00000       00000       00000       0030607    2500000000       0000000       0070306   10190 000000       0 000000       0 000000       0 000000       0 000000       0            
0923580407    75000      000      007    22015    14009   269000      000      048    63000      000      00715     9200000       00000       00715     4400709   131500915    71100000       00000       00000       00000       00715    23000000       00000       00000       00000       00000       0070915   41270000000       0000000       0071509  207100 000000       0 000000       0 000000       0 000000       0 000000       0            
0923580511    24000      000      011    11004    17002    14000      000      037    93000      000      00411     9000000       00000       00411     3500211     1900204     3700000       00000       00000       00000       01104    13600000       00000       00000       00000       00000       0020411     660000000       0000000       0110402    4220 000000       0 000000       0 000000       0 000000       0 000000       0            
0923580608    99000      000      008    24006    17002    25000      000      034   176000      000      00608    20300000       00000       00608     7200208    11500206     7600000       00000       00000       00000       00806    50500000       00000       00000       00000       00000       0020608    4580000000       0000000       0080602   30690 000000       0 000000       0 000000       0 000000       0 000000       0            
0923580711    22000      000      011    11002    11009    14000      000      028    39000      000      00211     4200000       00000       00211     1900911     2700209     3800000       00000       00000       00000       01102     6900000       00000       00000       00000       00000       0020911     620000000       0000000       0110209    2040 000000       0 000000       0 000000       0 000000       0 000000       0            
0923580806    17000      000      006    11003    13010    23000      000      035    28000      000      00306     2700000       00000       00306     1600610     4700310     7100000       00000       00000       00000       00603     3700000       00000       00000       00000       00000       0030610    1150000000       0000000       0060310    2360 000000       0 000000       0 000000       0 000000       0 000000       0            
0923580915    39000      000      015    20013   144014    43000      000      078   314000      000      01315   106800000       00000       01315    33601415    10901314    95500000       00000       00000       00000       01513   151100000       00000       00000       00000       00000       0131415   39390000000       0000000       0151314  166430 000000       0 000000       0 000000       0 000000       0 000000       0            
0923581008    96000      000      008    33013    43003    65000      000      068   376000      000      00813    65200000       00000       00813    21400308    32300313    38500000       00000       00000       00000       00813   121700000       00000       00000       00000       00000       0030813   39260000000       0000000       0081303  220770 000000       0 000000       0 000000       0 000000       0 000000       0            
0923581112   119000      000      012    38015    14006    26000      000      068   143000      000      01215    16100000       00000       01215     7100612    21300615     6600000       00000       00000       00000       01215    42600000       00000       00000       00000       00000       0061215    5750000000       0000000       0121506   33030 000000       0 000000       0 000000       0 000000       0 000000       0            
0923581210   111000      000      010    33004    16002   228000      000      036   115000      000      00410    21200000       00000       00410     8200210   191600204    60000000       00000       00000       00000       01004    40600000       00000       00000       00000       00000       0020410   63330000000       0000000       0100402  265360 000000       0 000000       0 000000       0 000000       0 000000       0            
