0121150101    34000      000      001    11006    11002    15000      000      014    21000      000      00106     1900000       00000       00106     1200102     3500206     2300000       00000       00000       00000       00106     5500000       00000       00000       00000       00000       0010206     500000000       0000000       0010602    2370 000000       0 000000       0 000000       0 000000       0 000000       0            
0121150210    27000      000      010    13004    28006    17000      000      047   185000      000      00410    17800000       00000       00410     6000610     3800406    13600000       00000       00000       00000       01004    26900000       00000       00000       00000       00000       0040610    4290000000       0000000       0100406   19720 000000       0 000000       0 000000       0 000000       0 000000       0            
0121150310    43000      000      010    14006    11008    18000      000      068    36000      000      00610     4200000       00000       00610     2300810     4400608     2900000       00000       00000       00000       01006    10700000       00000       00000       00000       00000       0060810     910000000       0000000       0100608    3680 000000       0 000000       0 000000       0 000000       0 000000       0            
0121150412   121000      000      012    35007    37006    20000      000      057  1011000      000      00712   148400000       00000       00712    34400612    11100607    13000000       00000       00000       00000       01207   225600000       00000       00000       00000       00000       0060712   18570000000       0000000       0120706  170560 000000       0 000000       0 000000       0 000000       0 000000       0            
0121150506    44000      000      006    16001    51002    23000      000      000      000      000      00106    56900000       00000       00106    14800206     4700102    14500000       00000       00000       00000       00601    83200000       00000       00000       00000       00000       0010206    7110000000       0000000       0060102   44900 000000       0 000000       0 000000       0 000000       0 000000       0            
0121150607    29000      000      007    13005    13004    13000      000      045    30000      000      00507     5100000       00000       00507     2200407     2300405     2600000       00000       00000       00000       00705    11100000       00000       00000       00000       00000       0040507     600000000       0000000       0070504    2900 000000       0 000000       0 000000       0 000000       0 000000       0            
0121150708   132000      000      008    36006    15004    18000      000      056   107000      000      00608    20500000       00000       00608     8600408    12700406     4100000       00000       00000       00000       00806    49200000       00000       00000       00000       00000       0040608    3080000000       0000000       0080604   26340 000000       0 000000       0 000000       0 000000       0 000000       0            
0121150807    78000      000      007    27002    16003    22000      000      025   211000      000      00207    26300000       00000       00207     8500307    14600203     6900000       00000       00000       00000       00702    59700000       00000       00000       00000       00000       0020307    7070000000       0000000       0070203   46840 000000       0 000000       0 000000       0 000000       0 000000       0            
0121150911   282000      000      011    46004    11015   132000      000      036   185000      000      00411    21700000       00000       00411     9401115   142900415    33200000       00000       00000       00000       01104    72000000       00000       00000       00000       00000       0041115   38640000000       0000000       0110415  326160 000000       0 000000       0 000000       0 000000       0 000000       0            
0121151003    42000      000      003    21013    25010    24000      000      038   205000      000      00313    22700000       00000       00313     8900310     5801013    12600000       00000       00000       00000       00313    41700000       00000       00000       00000       00000       0031013    4140000000       0000000       0031310   23230 000000       0 000000       0 000000       0 000000       0 000000       0            
0121151113   204000      000      013    71007    35001    39000      000      058   372000      000      00713   127000000       00000       00713    39000113    42200107    21200000       00000       00000       00000       01307   273600000       00000       00000       00000       00000       0010713   48440000000       0000000       0130701  323580 000000       0 000000       0 000000       0 000000       0 000000       0            
0121151211    39000      000      011    17008    19001    19000      000      068    62000      000      00811    15500000       00000       00811     5300111     5900108     9000000       00000       00000       00000       01108    26800000       00000       00000       00000       00000       0010811    3350000000       0000000       0110801   14340 000000       0 000000       0 000000       0 000000       0 000000       0            
0521370107   138000      000      007    11005    10006    10000      000      000      000      000      00507     3500000       00000       00507     1300607     2500506     1100000       00000       00000       00000       00705    19600000       00000       00000       00000       00000       0050607     240000000       0000000       0070506    4000 000000       0 000000       0 000000       0 000000       0 000000       0            
0521370203    62000      000      003    20001    13012    15000      000      012   110000      000      00103    13100000       00000       00103     4100312     5300112     2800000       00000       00000       00000       00301    25000000       00000       00000       00000       00000       0010312    1720000000       0000000       0030112   13570 000000       0 000000       0 000000       0 000000       0 000000       0            
0521370315   157000      000      015    31007    16002    22000      000      048   223000      000      00715    29000000       00000       00715     8600215    11800207     4600000       00000       00000       00000       01507    66700000       00000       00000       00000       00000       0020715    5340000000       0000000       0150702   36910 000000       0 000000       0 000000       0 000000       0 000000       0            
0521370405    19000      000      005    11002    16013    98000      000      013    39000      000      00205     4700000       00000       00205     2600513    23500213    44700000       00000       00000       00000       00502     6700000       00000       00000       00000       00000       0020513    9380000000       0000000       0050213   21860 000000       0 000000       0 000000       0 000000       0 000000       0            
0521370502    45000      000      002    16005    25010    11000      000      025   316000      000      00205    32800000       00000       00205     7500210     2200510     3800000       00000       00000       00000       00205    57400000       00000       00000       00000       00000       0020510    1690000000       0000000       0020510   14330 000000       0 000000       0 000000       0 000000       0 000000       0            
0521370602    34000      000      002    13016    11001    14000      000      018    25000      000      00216     3500000       00000       00216     1700102     3300116     3000000       00000       00000       00000       00216     8400000       00000       00000       00000       00000       0010216     680000000       0000000       0021601    3020 000000       0 000000       0 000000       0 000000       0 000000       0            
0521370701    70000      000      001    26009    16008    55000      000      016    52000      000      00109     7800000       00000       00109     3700108    24100809    10400000       00000       00000       00000       00109    21000000       00000       00000       00000       00000       0010809    6490000000       0000000       0010908   31420 000000       0 000000       0 000000       0 000000       0 000000       0            
0521370809    35000      000      009    15010    35001    43000      000      066   252000      000      00910    28900000       00000       00910    10200109    10000110    21500000       00000       00000       00000       00910    43600000       00000       00000       00000       00000       0010910    7630000000       0000000       0091001   40200 000000       0 000000       0 000000       0 000000       0 000000       0            
0521370910    75000      000      010    22008    19009    56000      000      045   142000      000      00810    20600000       00000       00810     6300910    15000809    12900000       00000       00000       00000       01008    43600000       00000       00000       00000       00000       0080910    9200000000       0000000       0100809   48340 000000       0 000000       0 000000       0 000000       0 000000       0            
0521371016    19000      000      016    13013    84015    65000      000      078   142000      000      01316    49400000       00000       01316    14601516     9901315   128300000       00000       00000       00000       01613    51800000       00000       00000       00000       00000       0131516   27030000000       0000000       0161315   89430 000000       0 000000       0 000000       0 000000       0 000000       0            
0521371108    85000      000      008    50003    45007    68000      000      000      000      000      00308    39800000       00000       00308     8600708    15600307    11200000       00000       00000       00000       00803    83500000       00000       00000       00000       00000       0030708   13090000000       0000000       0080307   82900 000000       0 000000       0 000000       0 000000       0 000000       0            
0521371208    26000      000      008    13003    24004    26000      000      035    72000      000      00308    11300000       00000       00308     4400408     5600304    14000000       00000       00000       00000       00803    16900000       00000       00000       00000       00000       0030408    3960000000       0000000       0080304   14430 000000       0 000000       0 000000       0 000000       0 000000       0            
0921330109    20000      000      009    11003    55007    12000      000      038   421000      000      00309    70000000       00000       00309    17500709     1800307    23800000       00000       00000       00000       00903    79100000       00000       00000       00000       00000       0030709    5430000000       0000000       0090307   37280 000000       0 000000       0 000000       0 000000       0 000000       0            
0921330212    51000      000      012    17009    14010    55000      000      056    72000      000      00912     8000000       00000       00912     3201012    13000910    14000000       00000       00000       00000       01209    16500000       00000       00000       00000       00000       0091012    5560000000       0000000       0120910   21910 000000       0 000000       0 000000       0 000000       0 000000       0            
0921330309    64000      000      009    24006    16002    32000      000      035    77000      000      00609    19600000       00000       00609     7200209    13700206     6800000       00000       00000       00000       00906    45200000       00000       00000       00000       00000       0020609    5890000000       0000000       0090602   34320 000000       0 000000       0 000000       0 000000       0 000000       0            
0921330410    26000      000      010    11012    12011    12000      000      067    24000      000      01012     4400000       00000       01012     1801011     1801112     2400000       00000       00000       00000       01012     9000000       00000       00000       00000       00000       0101112     380000000       0000000       0101211    2250 000000       0 000000       0 000000       0 000000       0 000000       0            
0921330510   435000      000      010    63001    36009    11000      000      015   130000      000      00110   313500000       00000       00110    63100910    13000109     6600000       00000       00000       00000       01001   816300000       00000       00000       00000       00000       0010910   11540000000       0000000       0100109  180340 000000       0 000000       0 000000       0 000000       0 000000       0            
0921330603    19000      000      003    11011    28004    31000      000      026   187000      000      00311    22300000       00000       00311     7800304     4800411    31400000       00000       00000       00000       00311    33400000       00000       00000       00000       00000       0030411    6000000000       0000000       0031104   22270 000000       0 000000       0 000000       0 000000       0 000000       0            
0921330710    23000      000      010    14007    21009    22000      000      078    38000      000      00710     6500000       00000       00710     3800910     4900709     8800000       00000       00000       00000       01007     9300000       00000       00000       00000       00000       0070910    1710000000       0000000       0100709    5260 000000       0 000000       0 000000       0 000000       0 000000       0            
0921330809    19000      000      009    11006    18007    12000      000      057    55000      000      00609     8800000       00000       00609     3300709     1800607     3600000       00000       00000       00000       00906    11900000       00000       00000       00000       00000       0060709     760000000       0000000       0090607    3790 000000       0 000000       0 000000       0 000000       0 000000       0            
0921330902   176000      000      002    95005    23000      000      000      000      000      000      00205    34300000       00000       00205     9400207     8600507     2500000       00000       00000       00000       00205    73800000       00000       00000       00000       00000       0020507    2640000000       0000000       0020507   26930 000000       0 000000       0 000000       0 000000       0 000000       0            
0921331006    61000      000      006    23005    32010    71000      000      056   385000      000      00506    36700000       00000       00506    10700610    21200510    32600000       00000       00000       00000       00605    65200000       00000       00000       00000       00000       0050610   25120000000       0000000       0060510  103370 000000       0 000000       0 000000       0 000000       0 000000       0            
0921331116    44000      000      016    19011    29015    19000      000      068    96000      000      01116    31000000       00000       01116    10901516     5901115    12100000       00000       00000       00000       01611    47400000       00000       00000       00000       00000       0111516    5720000000       0000000       0161115   26500 000000       0 000000       0 000000       0 000000       0 000000       0            
0921331207    28000      000      007    17011    48003    32000      000      046    78000      000      00711    22300000       00000       00711     7700307     8400311    28900000       00000       00000       00000       00711    31600000       00000       00000       00000       00000       0030711    9000000000       0000000       0071103   35000 000000       0 000000       0 000000       0 000000       0 000000       0            
