0323130106    95000      000      006    29012    16001    41000      000      036   223000      000      00612    17100000       00000       00612     7500106    17900112    16100000       00000       00000       00000       00612    49500000       00000       00000       00000       00000       0010612    9400000000       0000000       0061201   49750 000000       0 000000       0 000000       0 000000       0 000000       0            
0323130204    37000      000      004    12012    13001    12000      000      026    42000      000      00412     3600000       00000       00412     1900104     2600112     2900000       00000       00000       00000       00412     8800000       00000       00000       00000       00000       0010412     500000000       0000000       0041201    2560 000000       0 000000       0 000000       0 000000       0 000000       0            
0323130304    27000      000      004    13001    13013    15000      000      013    56000      000      00104     5900000       00000       00104     2400413     2400113     3300000       00000       00000       00000       00401    11100000       00000       00000       00000       00000       0010413     890000000       0000000       0040113    4100 000000       0 000000       0 000000       0 000000       0 000000       0            
0323130409    24000      000      009    13013    50014    17000      000      057    51000      000      00913    36400000       00000       00913    11700914     2001314    17500000       00000       00000       00000       00913    47600000       00000       00000       00000       00000       0091314    3530000000       0000000       0091314   20230 000000       0 000000       0 000000       0 000000       0 000000       0            
0323130503    29000      000      003    12004    16008    18000      000      022    64000      000      00304     6700000       00000       00304     3000308     2900408     7000000       00000       00000       00000       00304    12000000       00000       00000       00000       00000       0030408    1700000000       0000000       0030408    6820 000000       0 000000       0 000000       0 000000       0 000000       0            
0323130612    20000      000      012    12003    16007    14000      000      026    82000      000      00312     8000000       00000       00312     3100712     2600307     5200000       00000       00000       00000       01203    11400000       00000       00000       00000       00000       0030712    1090000000       0000000       0120307    4410 000000       0 000000       0 000000       0 000000       0 000000       0            
0323130701    31000      000      001    18002    70006   129000      000      011   406000      000      00102    46900000       00000       00102    15400106    40500206    68600000       00000       00000       00000       00102    63400000       00000       00000       00000       00000       0010206   41340000000       0000000       0010206  174980 000000       0 000000       0 000000       0 000000       0 000000       0            
0323130816    61000      000      016    25015    20013    90000      000      088   163000      000      01516    16500000       00000       01516     6201316    28201315    33000000       00000       00000       00000       01615    28700000       00000       00000       00000       00000       0131516   14710000000       0000000       0161513   53620 000000       0 000000       0 000000       0 000000       0 000000       0            
0323130901    58000      000      001    22008    20003    74000      000      014    68000      000      00108    18900000       00000       00108     7000103    29800308    24900000       00000       00000       00000       00108    32600000       00000       00000       00000       00000       0010308   17680000000       0000000       0010803   61670 000000       0 000000       0 000000       0 000000       0 000000       0            
0323131015    61000      000      015    21014    21003    19000      000      088   167000      000      01415    14600000       00000       01415     5500315     7600314     9500000       00000       00000       00000       01514    32100000       00000       00000       00000       00000       0031415    3750000000       0000000       0151403   25320 000000       0 000000       0 000000       0 000000       0 000000       0            
0323131110    31000      000      010    17016    27001    53000      000      058    39000      000      01016    12200000       00000       01016     4600110    11200116    28500000       00000       00000       00000       01016    20300000       00000       00000       00000       00000       0011016    7700000000       0000000       0101601   25460 000000       0 000000       0 000000       0 000000       0 000000       0            
0323131203   109000      000      003    35009    16010    82000      000      036    67000      000      00309    20000000       00000       00309     7900310    79500910    23300000       00000       00000       00000       00309    46200000       00000       00000       00000       00000       0030910   24750000000       0000000       0030910  131270 000000       0 000000       0 000000       0 000000       0 000000       0            
0623370101    24000      000      001    13002    11015   291000      000      012    18000      000      00102     2400000       00000       00102     1500115    69500215    54600000       00000       00000       00000       00102     4500000       00000       00000       00000       00000       0010215   10320000000       0000000       0010215   34850 000000       0 000000       0 000000       0 000000       0 000000       0            
0623370210   117000      000      010    23009    37001    16000      000      066   525000      000      00910    53900000       00000       00910    14900110     5600109     8500000       00000       00000       00000       01009   116900000       00000       00000       00000       00000       0010910    4880000000       0000000       0100901   53270 000000       0 000000       0 000000       0 000000       0 000000       0            
0623370310    14000      000      010    11013    16005    41000      000      057    44000      000      01013     5100000       00000       01013     2500510     6500513    22000000       00000       00000       00000       01013     5500000       00000       00000       00000       00000       0051013    2860000000       0000000       0101305    6510 000000       0 000000       0 000000       0 000000       0 000000       0            
0623370413    17000      000      013    11008    22006    19000      000      068    52000      000      00813     8400000       00000       00813     3700613     3700608    12300000       00000       00000       00000       01308    11000000       00000       00000       00000       00000       0060813    2300000000       0000000       0130806    6030 000000       0 000000       0 000000       0 000000       0 000000       0            
0623370507    22000      000      007    12002    12016    28000      000      014    30000      000      00207     3300000       00000       00207     1700716     4800216     5100000       00000       00000       00000       00702     5700000       00000       00000       00000       00000       0020716    1000000000       0000000       0070216    3650 000000       0 000000       0 000000       0 000000       0 000000       0            
0623370605    66000      000      005    22009    60001    21000      000      046   399000      000      00509    83300000       00000       00509    23900105     7800109    19100000       00000       00000       00000       00509   122200000       00000       00000       00000       00000       0010509   14610000000       0000000       0050901  102380 000000       0 000000       0 000000       0 000000       0 000000       0            
0623370706    44000      000      006    17004    24010    15000      000      046   324000      000      00406    27500000       00000       00406     9400610     3900410     6700000       00000       00000       00000       00604    48500000       00000       00000       00000       00000       0040610    2880000000       0000000       0060410   20810 000000       0 000000       0 000000       0 000000       0 000000       0            
0623370801    26000      000      001    17002    36003    99000      000      011   171000      000      00102    17700000       00000       00102     8500103    27500203    47700000       00000       00000       00000       00102    21700000       00000       00000       00000       00000       0010203   17460000000       0000000       0010203   41270 000000       0 000000       0 000000       0 000000       0 000000       0            
0623370901   249000      000      001    61007    38012    23000      000      016   303000      000      00107   100400000       00000       00107    30000112    25600712    13900000       00000       00000       00000       00107   267200000       00000       00000       00000       00000       0010712   21190000000       0000000       0010712  169330 000000       0 000000       0 000000       0 000000       0 000000       0            
0623371006    45000      000      006    23005    62009    94000      000      034   499000      000      00506    69800000       00000       00506    16700609    30600509    94100000       00000       00000       00000       00605   117500000       00000       00000       00000       00000       0050609   52950000000       0000000       0060509  274760 000000       0 000000       0 000000       0 000000       0 000000       0            
0623371102   171000      000      002    32010    18007    26000      000      028   387000      000      00210    35200000       00000       00210    10300207    12900710     6400000       00000       00000       00000       00210    99500000       00000       00000       00000       00000       0020710    7760000000       0000000       0021007   78090 000000       0 000000       0 000000       0 000000       0 000000       0            
0623371212    96000      000      012    26003    17001    15000      000      038   213000      000      00312    32500000       00000       00312     8900112     6200103     3200000       00000       00000       00000       01203    54400000       00000       00000       00000       00000       0010312    2660000000       0000000       0120301   21850 000000       0 000000       0 000000       0 000000       0 000000       0            
0923270109   434000      000      009    86012    20001    20000      000      056   306000      000      00912    91500000       00000       00912    32700109    41900112     7600000       00000       00000       00000       00912   247500000       00000       00000       00000       00000       0010912   15540000000       0000000       0091201  107530 000000       0 000000       0 000000       0 000000       0 000000       0            
0923270210    22000      000      010    11001   413004    70000      000      015   187000      000      00110   274800000       00000       00110    69300410     9300104   355100000       00000       00000       00000       01001   275900000       00000       00000       00000       00000       0010410  118350000000       0000000       0100104  395580 000000       0 000000       0 000000       0 000000       0 000000       0            
0923270306    18000      000      006    11001    17008    14000      000      013    30000      000      00106     6300000       00000       00106     2700608     2000108     8900000       00000       00000       00000       00601     7100000       00000       00000       00000       00000       0010608    1560000000       0000000       0060108    3730 000000       0 000000       0 000000       0 000000       0 000000       0            
0923270414    15000      000      014    11007    17013    86000      000      058    43000      000      00714     4100000       00000       00714     2001314    10500713    38900000       00000       00000       00000       01407     5200000       00000       00000       00000       00000       0071314    5340000000       0000000       0140713   11690 000000       0 000000       0 000000       0 000000       0 000000       0            
0923270510    78000      000      010    23008    14014    17000      000      045   130000      000      00810    18100000       00000       00810     6701014     8000814     4200000       00000       00000       00000       01008    46600000       00000       00000       00000       00000       0081014    3030000000       0000000       0100814   23710 000000       0 000000       0 000000       0 000000       0 000000       0            
0923270605   148000      000      005    32010    19015    59000      000      035    89000      000      00510    34400000       00000       00510    10600515    36501015    19100000       00000       00000       00000       00510    75800000       00000       00000       00000       00000       0051015   19360000000       0000000       0051015  117660 000000       0 000000       0 000000       0 000000       0 000000       0            
0923270703   180000      000      003    40006    11000      000      000      000      000      000      00306     9600000       00000       00306     1600304     1800406     1100000       00000       00000       00000       00306    37300000       00000       00000       00000       00000       0030406     260000000       0000000       0030604    4810 000000       0 000000       0 000000       0 000000       0 000000       0            
0923270804    37000      000      004    29002    72000      000      000      000      000      000      00204    15600000       00000       00204     5100104     6800102    13700000       00000       00000       00000       00402    27000000       00000       00000       00000       00000       0010204    4910000000       0000000       0040201   20130 000000       0 000000       0 000000       0 000000       0 000000       0            
0923270902   102000      000      002    22012    16003    16000      000      028    84000      000      00212    20400000       00000       00212     5700203     6000312     5000000       00000       00000       00000       00212    51200000       00000       00000       00000       00000       0020312    3150000000       0000000       0021203   25520 000000       0 000000       0 000000       0 000000       0 000000       0            
0923271008    64000      000      008    22006    64004    33000      000      034   490000      000      00608    56500000       00000       00608    20200408    13200406    43200000       00000       00000       00000       00806   125600000       00000       00000       00000       00000       0040608   27270000000       0000000       0080604  141000 000000       0 000000       0 000000       0 000000       0 000000       0            
0923271106    70000      000      006    28004    24001    18000      000      023   159000      000      00406    43200000       00000       00406    16400106    10600104     7100000       00000       00000       00000       00604    86700000       00000       00000       00000       00000       0010406    6660000000       0000000       0060401   42710 000000       0 000000       0 000000       0 000000       0 000000       0            
0923271211    15000      000      011    11008    14003    28000      000      078    22000      000      00811     3400000       00000       00811     1800311     4400308    10000000       00000       00000       00000       01108     3800000       00000       00000       00000       00000       0030811    1600000000       0000000       0110803    3530 000000       0 000000       0 000000       0 000000       0 000000       0            
