0324320115    61000      000      015    19007    12004    21000      000      048    69000      000      00715     8100000       00000       00715     4000415    11600407     5700000       00000       00000       00000       01507    18100000       00000       00000       00000       00000       0040715    3290000000       0000000       0150704    16940000000        0000000        0000000        0000000        0000000        0           
0324320214    53000      000      014    16006    12005    15000      000      048   103000      000      00614     9400000       00000       00614     3900514     5000506     3100000       00000       00000       00000       01406    19800000       00000       00000       00000       00000       0050614    1270000000       0000000       0140605     7350000000        0000000        0000000        0000000        0000000        0           
0324320310   501000      000      010    74008    19015    60000      000      056   174000      000      00810    72400000       00000       00810    19101015    81200815    11200000       00000       00000       00000       01008   183300000       00000       00000       00000       00000       0081015   26640000000       0000000       0100815   433170000000        0000000        0000000        0000000        0000000        0           
0324320401    13000      000      001    10006    13005    17000      000      000      000      000      00106     3900000       00000       00106     1500105     2800506     6800000       00000       00000       00000       00106     5000000       00000       00000       00000       00000       0010506     690000000       0000000       0010605     2470000000        0000000        0000000        0000000        0000000        0           
0324320507   208000      000      007    45002    17000      000      000      000      000      000      00207    32100000       00000       00207     8500507    10900205     2500000       00000       00000       00000       00702   101200000       00000       00000       00000       00000       0020507    3640000000       0000000       0070205    38900000000        0000000        0000000        0000000        0000000        0           
0324320606   135000      000      006    39002    98005   111000      000      024   134000      000      00206   289900000       00000       00206    57300506    41400205    95000000       00000       00000       00000       00602   515500000       00000       00000       00000       00000       0020506  148780000000       0000000       0060205   752000000000        0000000        0000000        0000000        0000000        0           
0324320708   239000      000      008    85007    30002    34000      000      055  1025000      000      00708    97000000       00000       00708    22000208    27600207     9100000       00000       00000       00000       00807   133300000       00000       00000       00000       00000       0020708   23220000000       0000000       0080702   143220000000        0000000        0000000        0000000        0000000        0           
0324320804   585000      000      004    96013    48010    26000      000      027   592000      000      00413   313300000       00000       00413    64500410    27901013    18900000       00000       00000       00000       00413   559500000       00000       00000       00000       00000       0041013   48970000000       0000000       0041310   538770000000        0000000        0000000        0000000        0000000        0           
0324320901    55000      000      001    25003    18002    17000      000      012    87000      000      00103    20900000       00000       00103     9400102     9200203     5700000       00000       00000       00000       00103    39700000       00000       00000       00000       00000       0010203    3150000000       0000000       0010302    13280000000        0000000        0000000        0000000        0000000        0           
0324321004    52000      000      004    20007    49009    73000      000      034   126000      000      00407    48000000       00000       00407    13000409    26100709    52800000       00000       00000       00000       00407    75400000       00000       00000       00000       00000       0040709   42210000000       0000000       0040709   142620000000        0000000        0000000        0000000        0000000        0           
0324321106    38000      000      006    16014    24015    35000      000      037    42000      000      00614    14200000       00000       00614     6400615    10101415    14700000       00000       00000       00000       00614    24900000       00000       00000       00000       00000       0061415    5010000000       0000000       0061415    17880000000        0000000        0000000        0000000        0000000        0           
0324321201    15000      000      001    11003    34002    25000      000      013   120000      000      00103    13000000       00000       00103     5100102     3800203    12600000       00000       00000       00000       00103    13800000       00000       00000       00000       00000       0010203    2510000000       0000000       0010302     6480000000        0000000        0000000        0000000        0000000        0           
0524520101    27000      000      001    13002    29015    12000      000      012   188000      000      00102    16400000       00000       00102     6800115     2300215     7100000       00000       00000       00000       00102    24100000       00000       00000       00000       00000       0010215    1580000000       0000000       0010215     9140000000        0000000        0000000        0000000        0000000        0           
0524520210   195000      000      010    71004    36007    33000      000      025   915000      000      00410   118800000       00000       00410    32700710    32200407    19800000       00000       00000       00000       01004   242400000       00000       00000       00000       00000       0040710   38490000000       0000000       0100407   321400000000        0000000        0000000        0000000        0000000        0           
0524520302    36000      000      002    15009    31001    11000      000      028   142000      000      00209    23000000       00000       00209     5800102     1700109     4000000       00000       00000       00000       00209    34800000       00000       00000       00000       00000       0010209    1390000000       0000000       0020901    13110000000        0000000        0000000        0000000        0000000        0           
0524520416    35000      000      016    16015    16011    56000      000      088    87000      000      01516     8100000       00000       01516     3901116    14901115    19300000       00000       00000       00000       01615    15100000       00000       00000       00000       00000       0111516    6140000000       0000000       0161511    21320000000        0000000        0000000        0000000        0000000        0           
0524520511    17000      000      011    11006    16004    21000      000      058    62000      000      00611     5700000       00000       00611     2800411     4500406     8900000       00000       00000       00000       01106     8700000       00000       00000       00000       00000       0040611    2030000000       0000000       0110604     5200000000        0000000        0000000        0000000        0000000        0           
0524520614    80000      000      014    23013    22009   102000      000      078    57000      000      01314    17900000       00000       01314     6200914    40400913    29500000       00000       00000       00000       01413    37800000       00000       00000       00000       00000       0091314   19960000000       0000000       0141309    90430000000        0000000        0000000        0000000        0000000        0           
0524520710    40000      000      010    16007    34016    26000      000      045   143000      000      00710    24900000       00000       00710     9001016     6300716    15800000       00000       00000       00000       01007    42300000       00000       00000       00000       00000       0071016    5330000000       0000000       0100716    23390000000        0000000        0000000        0000000        0000000        0           
0524520805    31000      000      005    11012    28009    13000      000      058   105000      000      00512    26400000       00000       00512     8000509     1800912     8300000       00000       00000       00000       00512    37200000       00000       00000       00000       00000       0050912    1650000000       0000000       0051209    11830000000        0000000        0000000        0000000        0000000        0           
0524520903    68000      000      003    15006    12008    11000      000      000      000      000      00306    10800000       00000       00306     2900308     3400608     1900000       00000       00000       00000       00306    24600000       00000       00000       00000       00000       0030608     630000000       0000000       0030608     6640000000        0000000        0000000        0000000        0000000        0           
0524521003    31000      000      003    16007    24010    19000      000      036   214000      000      00307    21100000       00000       00307     7000310     4800710     7800000       00000       00000       00000       00307    27800000       00000       00000       00000       00000       0030710    3480000000       0000000       0030710    13300000000        0000000        0000000        0000000        0000000        0           
0524521103   353000      000      003    63004    16009    37000      000      022   524000      000      00304    66600000       00000       00304    21500309    59100409     9100000       00000       00000       00000       00304   190000000       00000       00000       00000       00000       0030409   25070000000       0000000       0030409   231270000000        0000000        0000000        0000000        0000000        0           
0524521202   137000      000      002    29007    17001    14000      000      025   242000      000      00207    28400000       00000       00207     8300102     5000107     3000000       00000       00000       00000       00207    67100000       00000       00000       00000       00000       0010207    1860000000       0000000       0020701    22260000000        0000000        0000000        0000000        0000000        0           
0824620111    23000      000      011    12012    16009    18000      000      078    67000      000      01112     9000000       00000       01112     3700911     2800912     8400000       00000       00000       00000       01112    15600000       00000       00000       00000       00000       0091112    1580000000       0000000       0111209     5720000000        0000000        0000000        0000000        0000000        0           
0824620214    32000      000      014    15012    19007    24000      000      078    29000      000      01214    12200000       00000       01214     4000714     6700712    10600000       00000       00000       00000       01412    21700000       00000       00000       00000       00000       0071214    3790000000       0000000       0141207    16470000000        0000000        0000000        0000000        0000000        0           
0824620302   227000      000      002    42001    25006    24000      000      000      000      000      00102    64800000       00000       00102    16100206    16600106     4300000       00000       00000       00000       00201   129900000       00000       00000       00000       00000       0010206   10600000000       0000000       0020106    80030000000        0000000        0000000        0000000        0000000        0           
0824620414    28000      000      014    15004    34013    50000      000      038    60000      000      00414    21500000       00000       00414     8001314     9400413    33200000       00000       00000       00000       01404    31700000       00000       00000       00000       00000       0041314   10110000000       0000000       0140413    35530000000        0000000        0000000        0000000        0000000        0           
0824620508   118000      000      008    29009    16006    53000      000      078    48000      000      00809    15800000       00000       00809     5200608    18800609     9700000       00000       00000       00000       00809    39100000       00000       00000       00000       00000       0060809    8340000000       0000000       0080906    39910000000        0000000        0000000        0000000        0000000        0           
0824620606    13000      000      006    10001    12004    15000      000      016    33000      000      00106     3800000       00000       00106     1600406     2000104     5300000       00000       00000       00000       00601     4800000       00000       00000       00000       00000       0010406     740000000       0000000       0060104     1560000000        0000000        0000000        0000000        0000000        0           
0824620701    72000      000      001    57003    65006   328000      000      013   489000      000      00103    45500000       00000       00103    11400106    41700306    34100000       00000       00000       00000       00103    92100000       00000       00000       00000       00000       0010306   36680000000       0000000       0010306   214510000000        0000000        0000000        0000000        0000000        0           
0824620801    62000      000      001    18004    19003    18000      000      014   158000      000      00104    14200000       00000       00104     5200103     6900304     7900000       00000       00000       00000       00104    30900000       00000       00000       00000       00000       0010304    3950000000       0000000       0010403    19090000000        0000000        0000000        0000000        0000000        0           
0824620903    20000      000      003    12002    48004    16000      000      023   245000      000      00203    36900000       00000       00203    10100304     2600204    11800000       00000       00000       00000       00302    47100000       00000       00000       00000       00000       0020304    2740000000       0000000       0030204    15180000000        0000000        0000000        0000000        0000000        0           
0824621008    32000      000      008    15005    19006    50000      000      057    62000      000      00508     9500000       00000       00508     4500608    13600506    18700000       00000       00000       00000       00805    15700000       00000       00000       00000       00000       0050608    6690000000       0000000       0080506    22700000000        0000000        0000000        0000000        0000000        0           
0824621115    66000      000      015    31013    93007    45000      000      078   235000      000      01315   113100000       00000       01315    36800715    21200713    47100000       00000       00000       00000       01513   164700000       00000       00000       00000       00000       0071315   50350000000       0000000       0151307   233450000000        0000000        0000000        0000000        0000000        0           
0824621214  1379000      000      014   302004    37009    77000      000      027   526000      000      00414   730500000       00000       00414   136600914   268900409    53900000       00000       00000       00000       01404  1514400000       00000       00000       00000       00000       0040914  393620000000       0000000       0140409  2788960000000        0000000        0000000        0000000        0000000        0           
