0624230114    12000      000      014    11003    51001    35000      000      027   172000      000      00314    18500000       00000       00314     6700114     5300103    35200000       00000       00000       00000       01403    19700000       00000       00000       00000       00000       0010314    5930000000       0000000       0140301   15400 000000       0 000000       0 000000       0 000000       0 000000       0            
0624230214    80000      000      014    17015    12005    11000      000      078   127000      000      01415    12300000       00000       01415     4400514     2700515     1600000       00000       00000       00000       01415    26400000       00000       00000       00000       00000       0051415     660000000       0000000       0141505    7140 000000       0 000000       0 000000       0 000000       0 000000       0            
0624230312    17000      000      012    11009    17003    12000      000      056    61000      000      00912     8000000       00000       00912     2400312     1800309     4300000       00000       00000       00000       01209    10400000       00000       00000       00000       00000       0030912     790000000       0000000       0120903    3130 000000       0 000000       0 000000       0 000000       0 000000       0            
0624230413    51000      000      013    16001    12007    18000      000      017    27000      000      00113     5300000       00000       00113     2700713     6700107     3100000       00000       00000       00000       01301    13200000       00000       00000       00000       00000       0010713    1260000000       0000000       0130107    8080 000000       0 000000       0 000000       0 000000       0 000000       0            
0624230505    24000      000      005    14018    17015    20000      000      038    64000      000      00518     9300000       00000       00518     3800515     4301518     5300000       00000       00000       00000       00518    14500000       00000       00000       00000       00000       0051518    2390000000       0000000       0051815    6940 000000       0 000000       0 000000       0 000000       0 000000       0            
0624230605    32000      000      005    13007    31004    16000      000      056   187000      000      00507    33900000       00000       00507     6900405     3000407    16200000       00000       00000       00000       00507    55200000       00000       00000       00000       00000       0040507    4470000000       0000000       0050704   25440 000000       0 000000       0 000000       0 000000       0 000000       0            
0624230714    16000      000      014    11009    20015    43000      000      057    47000      000      00914     5200000       00000       00914     3001415     7200915    19200000       00000       00000       00000       01409     6700000       00000       00000       00000       00000       0091415    2900000000       0000000       0140915    7800 000000       0 000000       0 000000       0 000000       0 000000       0            
0624230808    18000      000      008    11007    15016    39000      000      044    39000      000      00708     3600000       00000       00708     2000816     7100716    13600000       00000       00000       00000       00807     5000000       00000       00000       00000       00000       0070816    2290000000       0000000       0080716    5030 000000       0 000000       0 000000       0 000000       0 000000       0            
0624230908    77000      000      008    24011    23006    20000      000      078   191000      000      00811    28400000       00000       00811     8900608     5200611     6100000       00000       00000       00000       00811    48500000       00000       00000       00000       00000       0060811    3960000000       0000000       0081106   32400 000000       0 000000       0 000000       0 000000       0 000000       0            
0624231013    17000      000      013    11007    16001    37000      000      058    38000      000      00713     6200000       00000       00713     3000113     6700107    17100000       00000       00000       00000       01307     7900000       00000       00000       00000       00000       0010713    3310000000       0000000       0130701    7570 000000       0 000000       0 000000       0 000000       0 000000       0            
0624231115    33000      000      015    15010    16001    23000      000      058    50000      000      01015     7700000       00000       01015     3800115     7800110     8400000       00000       00000       00000       01510    14900000       00000       00000       00000       00000       0011015    2760000000       0000000       0151001    7720 000000       0 000000       0 000000       0 000000       0 000000       0            
0624231211    17000      000      011    11004    18009    34000      000      047    28000      000      00411     5300000       00000       00411     2800911     6100409    14900000       00000       00000       00000       01104     6900000       00000       00000       00000       00000       0040911    2850000000       0000000       0110409    9010 000000       0 000000       0 000000       0 000000       0 000000       0            
0924130112    50000      000      012    17009    21008    54000      000      078    92000      000      00912    15100000       00000       00912     5500812    14000809    18700000       00000       00000       00000       01209    26000000       00000       00000       00000       00000       0080912    9000000000       0000000       0120908   35840 000000       0 000000       0 000000       0 000000       0 000000       0            
0924130206    68000      000      006    21011    36013    15000      000      046   582000      000      00611    57800000       00000       00611    17500613     4501113     8500000       00000       00000       00000       00611   106400000       00000       00000       00000       00000       0061113    6040000000       0000000       0061113   47650 000000       0 000000       0 000000       0 000000       0 000000       0            
0924130307    24000      000      007    14003   144010   108000      000      035   359000      000      00307   114000000       00000       00307    36100710    20000310   286300000       00000       00000       00000       00703   154800000       00000       00000       00000       00000       0030710   79390000000       0000000       0070310  275760 000000       0 000000       0 000000       0 000000       0 000000       0            
0924130405   476000      000      005    74008    11015    16000      000      034   392000      000      00508    47600000       00000       00508    12500515    23700815     2300000       00000       00000       00000       00508   138200000       00000       00000       00000       00000       0050815    6980000000       0000000       0050815   81480 000000       0 000000       0 000000       0 000000       0 000000       0            
0924130510    18000      000      010    11009    11006    35000      000      077    19000      000      00910     1900000       00000       00910     1400610     7700609     7500000       00000       00000       00000       01009     3300000       00000       00000       00000       00000       0060910    1620000000       0000000       0100906    3760 000000       0 000000       0 000000       0 000000       0 000000       0            
0924130605    18000      000      005    12006    79000      000      000      000      000      000      00506    18400000       00000       00506     6200305     3800306    16400000       00000       00000       00000       00506    24300000       00000       00000       00000       00000       0030506    4690000000       0000000       0050603   13940 000000       0 000000       0 000000       0 000000       0 000000       0            
0924130702    61000      000      002    34004    34007    65000      000      000      000      000      00204    18600000       00000       00204     6600207     9600407     9000000       00000       00000       00000       00204    37800000       00000       00000       00000       00000       0020407    6000000000       0000000       0020407   35050 000000       0 000000       0 000000       0 000000       0 000000       0            
0924130810    38000      000      010    17014    30008    48000      000      068   115000      000      01014    26500000       00000       01014     9200810    12500814    29500000       00000       00000       00000       01014    46700000       00000       00000       00000       00000       0081014   11370000000       0000000       0101408   51250 000000       0 000000       0 000000       0 000000       0 000000       0            
0924130908    55000      000      008    16006    14004    12000      000      000      000      000      00608    10900000       00000       00608     4000408     2900406     2200000       00000       00000       00000       00806    20000000       00000       00000       00000       00000       0040608     810000000       0000000       0080604    6260 000000       0 000000       0 000000       0 000000       0 000000       0            
0924131003    69000      000      003    19008    12012    47000      000      024    55000      000      00308     6200000       00000       00308     3400312    25500812    12300000       00000       00000       00000       00308    18900000       00000       00000       00000       00000       0030812    6490000000       0000000       0030812   41840 000000       0 000000       0 000000       0 000000       0 000000       0            
0924131106    97000      000      006    35008    94011   307000      000      034   403000      000      00608   177300000       00000       00608    43200611   135900811   257600000       00000       00000       00000       00608   290600000       00000       00000       00000       00000       0060811  381980000000       0000000       0060811 1693290 000000       0 000000       0 000000       0 000000       0 000000       0            
0924131211    18000      000      011    11013    12010    22000      000      078    21000      000      01113     2400000       00000       01113     1501011     3801013     6000000       00000       00000       00000       01113     3500000       00000       00000       00000       00000       0101113     850000000       0000000       0111310    2000 000000       0 000000       0 000000       0 000000       0 000000       0            
1024270104    46000      000      004    16002    15001    46000      000      012    71000      000      00204     8500000       00000       00204     4300104    15500102    10200000       00000       00000       00000       00402    18200000       00000       00000       00000       00000       0010204    5280000000       0000000       0040201   22080 000000       0 000000       0 000000       0 000000       0 000000       0            
1024270216    39000      000      016    16007    17017   284000      000      048    55000      000      00716     6700000       00000       00716     3701617    56600717    60300000       00000       00000       00000       01607    16500000       00000       00000       00000       00000       0071617   23930000000       0000000       0160717   93830 000000       0 000000       0 000000       0 000000       0 000000       0            
1024270301    43000      000      001    15005    12006    51000      000      014    37000      000      00105     3600000       00000       00105     2200106    19500506    10800000       00000       00000       00000       00105     9900000       00000       00000       00000       00000       0010506    3590000000       0000000       0010506   15430 000000       0 000000       0 000000       0 000000       0 000000       0            
1024270402    18000      000      002    11012    32001    16000      000      028   177000      000      00212    21000000       00000       00212     6500102     2000112    16700000       00000       00000       00000       00212    34300000       00000       00000       00000       00000       0010212    2980000000       0000000       0021201   14250 000000       0 000000       0 000000       0 000000       0 000000       0            
1024270501    35000      000      001    13010    21004    11000      000      018   238000      000      00110    19100000       00000       00110     4900104     2100410     4200000       00000       00000       00000       00110    27500000       00000       00000       00000       00000       0010410    1460000000       0000000       0011004    9740 000000       0 000000       0 000000       0 000000       0 000000       0            
1024270608    61000      000      008    20010    29004    23000      000      056   169000      000      00810    25300000       00000       00810     8100408     6500410     9100000       00000       00000       00000       00810    43100000       00000       00000       00000       00000       0040810    4890000000       0000000       0081004   26510 000000       0 000000       0 000000       0 000000       0 000000       0            
1024270710    48000      000      010    15001    14013    14000      000      015    92000      000      00110     9500000       00000       00110     3801013     4900113     3000000       00000       00000       00000       01001    19900000       00000       00000       00000       00000       0011013    1580000000       0000000       0100113    8810 000000       0 000000       0 000000       0 000000       0 000000       0            
1024270806    19000      000      006    11013    21009    14000      000      058    93000      000      00613    17300000       00000       00613     4900609     2300913     7000000       00000       00000       00000       00613    22600000       00000       00000       00000       00000       0060913    2150000000       0000000       0061309    8780 000000       0 000000       0 000000       0 000000       0 000000       0            
1024270906    30000      000      006    15003    52009    17000      000      035   329000      000      00306    32700000       00000       00306     9500609     3600309    21700000       00000       00000       00000       00603    48900000       00000       00000       00000       00000       0030609    4940000000       0000000       0060309   27150 000000       0 000000       0 000000       0 000000       0 000000       0            
1024271012    26000      000      012    15011    51008    26000      000      078   217000      000      01112    34000000       00000       01112    10900812     4900811    27600000       00000       00000       00000       01211    51500000       00000       00000       00000       00000       0081112    7180000000       0000000       0121108   35220 000000       0 000000       0 000000       0 000000       0 000000       0            
1024271115    50000      000      015    19010    23016    33000      000      058   106000      000      01015    14800000       00000       01015     5901516     9601016    13700000       00000       00000       00000       01510    27900000       00000       00000       00000       00000       0101516    4180000000       0000000       0151016   22000 000000       0 000000       0 000000       0 000000       0 000000       0            
1024271206   210000      000      006    36015    14014    15000      000      037   167000      000      00615    35700000       00000       00615    10200614    11301415     2400000       00000       00000       00000       00615    76500000       00000       00000       00000       00000       0061415    3330000000       0000000       0061514   34150 000000       0 000000       0 000000       0 000000       0 000000       0            
