0525420107    36000      000      007    21010    18008    50000      000      045    84000      000      00710    10800000       00000       00710     5200708    12800810    13500000       00000       00000       00000       00710    16200000       00000       00000       00000       00000       0070810    6000000000       0000000       0071008    18920000000        0000000        0000000        0000000        0000000        0           
0525420209    16000      000      009    11001    19006    23000      000      017    84000      000      00109     8300000       00000       00109     3300609     3400106    13000000       00000       00000       00000       00901    10800000       00000       00000       00000       00000       0010609    2590000000       0000000       0090106     6610000000        0000000        0000000        0000000        0000000        0           
0525420304  2574000      000      004   466001    23009    19000      000      012  1534000      000      00104  1000200000       00000       00104   243400409   252800109     6800000       00000       00000       00000       00401  2532200000       00000       00000       00000       00000       0010409  165200000000       0000000       0040109   865790000000        0000000        0000000        0000000        0000000        0           
0525420403    20000      000      003    11008    20014    12000      000      035   104000      000      00308    10800000       00000       00308     3000314     1900814     5600000       00000       00000       00000       00308    13900000       00000       00000       00000       00000       0030814    1160000000       0000000       0030814     5180000000        0000000        0000000        0000000        0000000        0           
0525420506    40000      000      006    15015    21013    14000      000      048   155000      000      00615    15400000       00000       00615     5800613     3201315     4800000       00000       00000       00000       00615    24400000       00000       00000       00000       00000       0061315    1600000000       0000000       0061513     7140000000        0000000        0000000        0000000        0000000        0           
0525420603   635000      000      003    71013    14008    12000      000      027   620000      000      00313   125000000       00000       00313    28600308    19200813     2600000       00000       00000       00000       00313   389900000       00000       00000       00000       00000       0030813    6970000000       0000000       0031308   122080000000        0000000        0000000        0000000        0000000        0           
0525420701    36000      000      001    15006    20008    36000      000      013    95000      000      00106     8500000       00000       00106     3900108     9100608    14400000       00000       00000       00000       00106    17700000       00000       00000       00000       00000       0010608    4960000000       0000000       0010608    16890000000        0000000        0000000        0000000        0000000        0           
0525420809    20000      000      009    11004    16008    18000      000      036    54000      000      00409     5700000       00000       00409     2700809     3600408     7300000       00000       00000       00000       00904     7100000       00000       00000       00000       00000       0040809    1400000000       0000000       0090408     3730000000        0000000        0000000        0000000        0000000        0           
0525420916  2443000      000      016   571006    68010    61000      000      038   187000      000      00616  2548000000       00000       00616   569001016   566500610    62000000       00000       00000       00000       01606  6022700000       00000       00000       00000       00000       0061016 1462800000000       0000000       0160610 11483780000000        0000000        0000000        0000000        0000000        0           
0525421013   158000      000      013    51005    25007    25000      000      037   415000      000      00513    63500000       00000       00513    20900713    18600507     7700000       00000       00000       00000       01305   115800000       00000       00000       00000       00000       0050713   12530000000       0000000       0130507    75450000000        0000000        0000000        0000000        0000000        0           
0525421109    77000      000      009    19008    14010    12000      000      077   189000      000      00809    18500000       00000       00809     5600910     4500810     2400000       00000       00000       00000       00908    42900000       00000       00000       00000       00000       0080910    1360000000       0000000       0090810    13250000000        0000000        0000000        0000000        0000000        0           
0525421214    18000      000      014    11009    16002    26000      000      057    48000      000      00914     5200000       00000       00914     2900214     5700209    11800000       00000       00000       00000       01409     7800000       00000       00000       00000       00000       0020914    2050000000       0000000       0140902     5000000000        0000000        0000000        0000000        0000000        0           
0825320107    54000      000      007    16009    11001    17000      000      045    45000      000      00709     6500000       00000       00709     2700107     6400109     2800000       00000       00000       00000       00709    15700000       00000       00000       00000       00000       0010709    1140000000       0000000       0070901     6210000000        0000000        0000000        0000000        0000000        0           
0825320202    51000      000      002    23001    14000      000      000      000      000      000      00102     6200000       00000       00102     2400203     3700103     2500000       00000       00000       00000       00201    15800000       00000       00000       00000       00000       0010203     990000000       0000000       0020103     5690000000        0000000        0000000        0000000        0000000        0           
0825320310    34000      000      010    14008    14004    31000      000      045    49000      000      00810     6100000       00000       00810     2800410     7800408     8400000       00000       00000       00000       01008    11700000       00000       00000       00000       00000       0040810    2780000000       0000000       0100804    10790000000        0000000        0000000        0000000        0000000        0           
0825320406    32000      000      006    16012    29002    87000      000      058    91000      000      00612    18400000       00000       00612     6200206    45000212   108900000       00000       00000       00000       00612    30100000       00000       00000       00000       00000       0020612   41910000000       0000000       0061202   114740000000        0000000        0000000        0000000        0000000        0           
0825320507    40000      000      007    13013    12012    31000      000      058    47000      000      00713     5900000       00000       00713     2900712    10901213     7300000       00000       00000       00000       00713    12800000       00000       00000       00000       00000       0071213    2470000000       0000000       0071312     9790000000        0000000        0000000        0000000        0000000        0           
0825320606   405000      000      006    87014    20007    29000      000      048   223000      000      00614   103400000       00000       00614    28500607    35100714     8500000       00000       00000       00000       00614   303600000       00000       00000       00000       00000       0060714   23500000000       0000000       0061407   212990000000        0000000        0000000        0000000        0000000        0           
0825320704   354000      000      004    34006    11009    16000      000      045   231000      000      00406    21900000       00000       00406     7600409    16400609     2400000       00000       00000       00000       00406    71400000       00000       00000       00000       00000       0040609    2930000000       0000000       0040609    40240000000        0000000        0000000        0000000        0000000        0           
0825320814   146000      000      014    32005    15013    35000      000      037   112000      000      00514    20300000       00000       00514     8401314    23100513    10300000       00000       00000       00000       01405    60200000       00000       00000       00000       00000       0051314    9200000000       0000000       0140513    53670000000        0000000        0000000        0000000        0000000        0           
0825320901    29000      000      001    17003    27009    31000      000      013   110000      000      00103    17400000       00000       00103     5000109     5900309    11100000       00000       00000       00000       00103    22800000       00000       00000       00000       00000       0010309    4720000000       0000000       0010309    16860000000        0000000        0000000        0000000        0000000        0           
0825321012   106000      000      012    21009    11004    17000      000      056   113000      000      00912    15900000       00000       00912     6400412     7200409     3300000       00000       00000       00000       01209    44100000       00000       00000       00000       00000       0040912    2570000000       0000000       0120904    22500000000        0000000        0000000        0000000        0000000        0           
0825321103   113000      000      003    33005    25008   166000      000      023    68000      000      00305    36900000       00000       00305    12800308   106100508    98500000       00000       00000       00000       00305    87700000       00000       00000       00000       00000       0030508   99940000000       0000000       0030508   470550000000        0000000        0000000        0000000        0000000        0           
0825321202    63000      000      002    22013    15009    17000      000      017    60000      000      00213    13100000       00000       00213     5000209     6600913     4100000       00000       00000       00000       00213    27500000       00000       00000       00000       00000       0020913    2240000000       0000000       0021309    11780000000        0000000        0000000        0000000        0000000        0           
