0525180111    47000      000      011    20010    39003    31000      000      056   126000      000      01011    29900000       00000       01011    10500311     7700310    25200000       00000       00000       00000       01110    51700000       00000       00000       00000       00000       0031011    8760000000       0000000       0111003    36450000000        0000000        0000000        0000000        0000000        0           
0525180208    25000      000      008    13009    44007    17000      000      045   194000      000      00809    31800000       00000       00809    10500708     2800709    15500000       00000       00000       00000       00809    49100000       00000       00000       00000       00000       0070809    3410000000       0000000       0080907    18160000000        0000000        0000000        0000000        0000000        0           
0525180316    40000      000      016    17008    23004    35000      000      048   236000      000      00816    25500000       00000       00816     9500416     9400408    15700000       00000       00000       00000       01608    38700000       00000       00000       00000       00000       0040816    8570000000       0000000       0160804    32060000000        0000000        0000000        0000000        0000000        0           
0525180405    49000      000      005    16004    59006    12000      000      023   161000      000      00405    88900000       00000       00405    21900506     2400406    13100000       00000       00000       00000       00504   145200000       00000       00000       00000       00000       0040506    4760000000       0000000       0050406    43200000000        0000000        0000000        0000000        0000000        0           
0525180504    50000      000      004    13001    11013    11000      000      014    97000      000      00104    11000000       00000       00104     2700413     2000113     1500000       00000       00000       00000       00401    22200000       00000       00000       00000       00000       0010413     360000000       0000000       0040113     4390000000        0000000        0000000        0000000        0000000        0           
0525180609    35000      000      009    14011    17002    15000      000      056    64000      000      00911     9500000       00000       00911     3400209     3500211     4700000       00000       00000       00000       00911    17100000       00000       00000       00000       00000       0020911    1350000000       0000000       0091102     6220000000        0000000        0000000        0000000        0000000        0           
0525180701    22000      000      001    12005    42007    25000      000      014    59000      000      00105    22500000       00000       00105     8300107     4300507    18500000       00000       00000       00000       00105    32300000       00000       00000       00000       00000       0010507    5780000000       0000000       0010507    23960000000        0000000        0000000        0000000        0000000        0           
0525180808   392000      000      008    70010    15009    26000      000      067   125000      000      00810    27100000       00000       00810     9400809    47600910     7200000       00000       00000       00000       00810    86900000       00000       00000       00000       00000       0080910   10660000000       0000000       0081009   107250000000        0000000        0000000        0000000        0000000        0           
0525180909    18000      000      009    11003    19007    44000      000      038    51000      000      00309     6600000       00000       00309     3000709     9000307    27300000       00000       00000       00000       00903     8400000       00000       00000       00000       00000       0030709    5060000000       0000000       0090307    13920000000        0000000        0000000        0000000        0000000        0           
0525181012    37000      000      012    15001    40011    17000      000      018   239000      000      00112    46000000       00000       00112    14701112     4500111    20100000       00000       00000       00000       01201    64100000       00000       00000       00000       00000       0011112    7130000000       0000000       0120111    41350000000        0000000        0000000        0000000        0000000        0           
0525181109    43000      000      009    17012    21014    15000      000      056    82000      000      00912    18300000       00000       00912     7200914     4201214     4400000       00000       00000       00000       00912    29700000       00000       00000       00000       00000       0091214    2140000000       0000000       0091214    13510000000        0000000        0000000        0000000        0000000        0           
0525181209    33000      000      009    17012    82010    84000      000      067   160000      000      00912    57200000       00000       00912    17700910    19101012   123600000       00000       00000       00000       00912    76200000       00000       00000       00000       00000       0091012   52380000000       0000000       0091210   176540000000        0000000        0000000        0000000        0000000        0           
0825180109    28000      000      009    11012    44014    12000      000      067   211000      000      00912    35500000       00000       00912    10700914     2001214    12300000       00000       00000       00000       00912    59800000       00000       00000       00000       00000       0091214    2850000000       0000000       0091214    16760000000        0000000        0000000        0000000        0000000        0           
0825180211   119000      000      011    21008    15016    11000      000      046   176000      000      00811    27100000       00000       00811     7301116     4000816     2600000       00000       00000       00000       01108    73700000       00000       00000       00000       00000       0081116    1370000000       0000000       0110816    18630000000        0000000        0000000        0000000        0000000        0           
0825180304   107000      000      004    26013    14009    15000      000      027   128000      000      00413    14400000       00000       00413     5600409     6100913     3900000       00000       00000       00000       00413    45000000       00000       00000       00000       00000       0040913    2330000000       0000000       0041309    17850000000        0000000        0000000        0000000        0000000        0           
0825180405    36000      000      005    14006    27008    20000      000      056   221000      000      00506    18900000       00000       00506     6200508     5100608     9800000       00000       00000       00000       00506    35400000       00000       00000       00000       00000       0050608    4150000000       0000000       0050608    18030000000        0000000        0000000        0000000        0000000        0           
0825180507    35000      000      007    14006    13002    15000      000      034    51000      000      00607     7300000       00000       00607     3100207     3800206     2800000       00000       00000       00000       00706    15300000       00000       00000       00000       00000       0020607    1190000000       0000000       0070602     5670000000        0000000        0000000        0000000        0000000        0           
0825180608    31000      000      008    16006    15001    61000      000      067    36000      000      00608     7000000       00000       00608     3200108    14800106    24900000       00000       00000       00000       00806    12700000       00000       00000       00000       00000       0010608    7940000000       0000000       0080601    19780000000        0000000        0000000        0000000        0000000        0           
0825180706   144000      000      006    27002    14007    18000      000      026   108000      000      00206    11800000       00000       00206     3800607    10700207     3800000       00000       00000       00000       00602    29100000       00000       00000       00000       00000       0020607    2620000000       0000000       0060207    22980000000        0000000        0000000        0000000        0000000        0           
0825180812    49000      000      012    18009    26001    19000      000      078    64000      000      00912    21700000       00000       00912     7900112     7900109    11200000       00000       00000       00000       01209    40500000       00000       00000       00000       00000       0010912    5200000000       0000000       0120901    21520000000        0000000        0000000        0000000        0000000        0           
0825180908   158000      000      008    42004    24006    27000      000      048   127000      000      00408    67000000       00000       00408    21000608    16000406    13400000       00000       00000       00000       00804   135900000       00000       00000       00000       00000       0040608   14990000000       0000000       0080406   123460000000        0000000        0000000        0000000        0000000        0           
0825181003    95000      000      003    23002    37007    60000      000      000      000      000      00203    53200000       00000       00203    14000307    21100207    33600000       00000       00000       00000       00302    99700000       00000       00000       00000       00000       0020307   25280000000       0000000       0030207   160310000000        0000000        0000000        0000000        0000000        0           
0825181113    37000      000      013    19005    35009    25000      000      037   214000      000      00513    28800000       00000       00513    10500913     7600509    17000000       00000       00000       00000       01305    51100000       00000       00000       00000       00000       0050913    7560000000       0000000       0130509    36270000000        0000000        0000000        0000000        0000000        0           
0825181205    34000      000      005    15011    15009    18000      000      058    28000      000      00511     7700000       00000       00511     3500509     4200911     4900000       00000       00000       00000       00511    12600000       00000       00000       00000       00000       0050911    1310000000       0000000       0051109     5060000000        0000000        0000000        0000000        0000000        0           
10251a0104    43000      000      004    15010    17005    12000      000      048   147000      000      00410    13600000       00000       00410     4400405     2800510     3000000       00000       00000       00000       00410    26200000       00000       00000       00000       00000       0040510    1110000000       0000000       0041005     8390000000        0000000        0000000        0000000        0000000        0           
10251a0205    27000      000      005    15016   133014    35000      000      038   464000      000      00516   109800000       00000       00516    33600514     7401416    88200000       00000       00000       00000       00516   155500000       00000       00000       00000       00000       0051416   35350000000       0000000       0051614   214220000000        0000000        0000000        0000000        0000000        0           
10251a0307    24000      000      007    12004    20005    49006    43000      035   116000      000      00407     7400000       00000       00407     2500507     8700607     7200405    25500406    17300000       00000       00704    13900000       00000       00000       00000       00000       0040507    3540040607    2670000000       0070405    10410070406     9750000000        0000000        0000000        0000000        0           
10251a0401    52000      000      001    22008    17006    25000      000      016   184000      000      00108    16500000       00000       00108     5400106     8100608     6500000       00000       00000       00000       00108    31100000       00000       00000       00000       00000       0010608    4320000000       0000000       0010806    19510000000        0000000        0000000        0000000        0000000        0           
10251a0506    36000      000      006    18012    30013    88000      000      058   250000      000      00612    26200000       00000       00612     9300613    24401213    34800000       00000       00000       00000       00612    49800000       00000       00000       00000       00000       0061213   20110000000       0000000       0061213    99810000000        0000000        0000000        0000000        0000000        0           
10251a0601    19000      000      001    11004    21009    15000      000      014   105000      000      00104     9900000       00000       00104     3800109     2500409     7100000       00000       00000       00000       00104    14800000       00000       00000       00000       00000       0010409    1490000000       0000000       0010409     5530000000        0000000        0000000        0000000        0000000        0           
10251a0708    27000      000      008    13004    14011    15000      000      046    72000      000      00408     6700000       00000       00408     3000811     3900411     3400000       00000       00000       00000       00804    13000000       00000       00000       00000       00000       0040811    1100000000       0000000       0080411     4280000000        0000000        0000000        0000000        0000000        0           
10251a0803    23000      000      003    12009    17004    15000      000      036    23000      000      00309     7200000       00000       00309     2800304     3100409     5900000       00000       00000       00000       00309    12200000       00000       00000       00000       00000       0030409    1320000000       0000000       0030904     4740000000        0000000        0000000        0000000        0000000        0           
10251a0906    65000      000      006    17014    19012    12000      000      048    58000      000      00614    26200000       00000       00614     8200612     3401214     4800000       00000       00000       00000       00614    55100000       00000       00000       00000       00000       0061214    2400000000       0000000       0061412    17170000000        0000000        0000000        0000000        0000000        0           
10251a1001   100000      000      001    28008    19009    32000      000      015   142000      000      00108    20000000       00000       00108     7100109    16900809     9200000       00000       00000       00000       00108    48300000       00000       00000       00000       00000       0010809    6950000000       0000000       0010809    40790000000        0000000        0000000        0000000        0000000        0           
10251a1102    66000      000      002    22010    38008    67000      000      026   176000      000      00210    39900000       00000       00210    12200208    26300810    45100000       00000       00000       00000       00210    79200000       00000       00000       00000       00000       0020810   31050000000       0000000       0021008   160400000000        0000000        0000000        0000000        0000000        0           
10251a1210    32000      000      010    15016    27017    18000      000      058    44000      000      01016    21000000       00000       01016     8101017     3801617     8000000       00000       00000       00000       01016    33200000       00000       00000       00000       00000       0101617    2960000000       0000000       0101617    15560000000        0000000        0000000        0000000        0000000        0           
