05202c0113    21000      000      013    13009    35008   151000      000      057   152000      000      00913    20000000       00000       00913     8200813    37800809   175600000       00000       00000       00000       01309    30900000       00000       00000       00000       00000       0080913   55650000000       0000000       0130908  129520 000000       0 000000       0 000000       0 000000       0 000000       0            
05202c0208    14000      000      008    11004    51016    19000      000      024   106000      000      00408    28100000       00000       00408     9400816     2700416    33700000       00000       00000       00000       00804    32200000       00000       00000       00000       00000       0040816    4380000000       0000000       0080416   15970 000000       0 000000       0 000000       0 000000       0 000000       0            
05202c0313    45000      000      013    15008    16001    12000      000      047    78000      000      00813    13900000       00000       00813     5100113     3100108     3700000       00000       00000       00000       01308    24100000       00000       00000       00000       00000       0010813    1230000000       0000000       0130801    7560 000000       0 000000       0 000000       0 000000       0 000000       0            
05202c0405    33000      000      005    13011    13010    14000      000      036    39000      000      00511     4400000       00000       00511     2300510     3401011     3400000       00000       00000       00000       00511     9000000       00000       00000       00000       00000       0051011     830000000       0000000       0051110    3210 000000       0 000000       0 000000       0 000000       0 000000       0            
05202c0506   355000      000      006    68016    37009    19000      000      038   901000      000      00616   134300000       00000       00616    27700609    17100916     7100000       00000       00000       00000       00616   281600000       00000       00000       00000       00000       0060916   12990000000       0000000       0061609  145780 000000       0 000000       0 000000       0 000000       0 000000       0            
05202c0605    18000      000      005    11011    62014    34000      000      036    57000      000      00511    31000000       00000       00511     9900514     6601114    60100000       00000       00000       00000       00511    39400000       00000       00000       00000       00000       0051114   12770000000       0000000       0051114   43020 000000       0 000000       0 000000       0 000000       0 000000       0            
05202c0710   138000      000      010    45011    20009    21000      000      067    62000      000      01011    45100000       00000       01011    13400910    14900911     5800000       00000       00000       00000       01011    86800000       00000       00000       00000       00000       0091011    6670000000       0000000       0101109   47310 000000       0 000000       0 000000       0 000000       0 000000       0            
05202c0805    19000      000      005    11004    66009    14000      000      045   379000      000      00405    45900000       00000       00405    11400509     2500409    16400000       00000       00000       00000       00504    58300000       00000       00000       00000       00000       0040509    4390000000       0000000       0050409   22980 000000       0 000000       0 000000       0 000000       0 000000       0            
05202c0907    19000      000      007    11005    17006    15000      000      056    56000      000      00507     7400000       00000       00507     2900607     2300506     6400000       00000       00000       00000       00705    10500000       00000       00000       00000       00000       0050607    1030000000       0000000       0070506    3700 000000       0 000000       0 000000       0 000000       0 000000       0            
05202c1014   155000      000      014    47005    67003    56000      000      048   118000      000      00514   191000000       00000       00514    42600314    42000305    38200000       00000       00000       00000       01405   321200000       00000       00000       00000       00000       0030514   99950000000       0000000       0140503  461690 000000       0 000000       0 000000       0 000000       0 000000       0            
05202c1105    14000      000      005    11012    14006    52000      000      036    24000      000      00512     2700000       00000       00512     1700506     7900612    18300000       00000       00000       00000       00512     3500000       00000       00000       00000       00000       0050612    2480000000       0000000       0051206    5140 000000       0 000000       0 000000       0 000000       0 000000       0            
05202c1205    41000      000      005    20004    42011    40000      000      023   384000      000      00405    46300000       00000       00405    17800511    13400411    27300000       00000       00000       00000       00504    63000000       00000       00000       00000       00000       0040511   19270000000       0000000       0050411   86550 000000       0 000000       0 000000       0 000000       0 000000       0            
08203c0115    41000      000      015    13011    11006    13000      000      068    42000      000      01115     5000000       00000       01115     1900615     3600611     2300000       00000       00000       00000       01511    11100000       00000       00000       00000       00000       0061115     660000000       0000000       0151106    4020 000000       0 000000       0 000000       0 000000       0 000000       0            
08203c0205   315000      000      005    38007    11002   193000      000      034   171000      000      00507    19900000       00000       00507     6200205   140800207    40100000       00000       00000       00000       00507    72400000       00000       00000       00000       00000       0020507   39870000000       0000000       0050702  369190 000000       0 000000       0 000000       0 000000       0 000000       0            
08203c0308   158000      000      008    34011    75003    21000      000      046   285000      000      00811   217300000       00000       00811    39100308    12700311    26400000       00000       00000       00000       00811   362300000       00000       00000       00000       00000       0030811   28150000000       0000000       0081103  288630 000000       0 000000       0 000000       0 000000       0 000000       0            
08203c0411    64000      000      011    19010    14008    13000      000      077   143000      000      01011    17100000       00000       01011     6000811     5000810     3000000       00000       00000       00000       01110    33600000       00000       00000       00000       00000       0081011    1740000000       0000000       0111008   11620 000000       0 000000       0 000000       0 000000       0 000000       0            
08203c0514   142000      000      014    46012    64015    20000      000      067   554000      000      01214   210900000       00000       01214    60301415    18201215    39300000       00000       00000       00000       01412   363800000       00000       00000       00000       00000       0121415   48170000000       0000000       0141215  360910 000000       0 000000       0 000000       0 000000       0 000000       0            
08203c0609    64000      000      009    26004    43014    48000      000      025   172000      000      00409    53200000       00000       00409    16600914    16200414    30300000       00000       00000       00000       00904    83400000       00000       00000       00000       00000       0040914   19100000000       0000000       0090414   93420 000000       0 000000       0 000000       0 000000       0 000000       0            
08203c0706    42000      000      006    13001    11005    14000      000      016    32000      000      00106     5900000       00000       00106     2400506     3700105     2400000       00000       00000       00000       00601    12800000       00000       00000       00000       00000       0010506     770000000       0000000       0060105    4090 000000       0 000000       0 000000       0 000000       0 000000       0            
08203c0807   142000      000      007    38005    28001    35000      000      034   366000      000      00507    53500000       00000       00507    13600107    25800105    13000000       00000       00000       00000       00705   117700000       00000       00000       00000       00000       0010507   16770000000       0000000       0070501  121380 000000       0 000000       0 000000       0 000000       0 000000       0            
08203c0904    37000      000      004    13007    25008    11000      000      034   138000      000      00407    30200000       00000       00407     7300408     1900708     6400000       00000       00000       00000       00407    46000000       00000       00000       00000       00000       0040708    1900000000       0000000       0040708   14570 000000       0 000000       0 000000       0 000000       0 000000       0            
08203c1004   180000      000      004    52003   136006    26000      000      022  4024000      000      00304   392300000       00000       00304   107200406    22300306    44600000       00000       00000       00000       00403   723000000       00000       00000       00000       00000       0030406   67240000000       0000000       0040306  553270 000000       0 000000       0 000000       0 000000       0 000000       0            
08203c1103    38000      000      003    16007    16008    16000      000      000      000      000      00307    13000000       00000       00307     3900308     4600708     5200000       00000       00000       00000       00307    22200000       00000       00000       00000       00000       0030708    2230000000       0000000       0030708   12230 000000       0 000000       0 000000       0 000000       0 000000       0            
08203c1202    31000      000      002    18007    48009   174000      000      014   123000      000      00207    49100000       00000       00207    17900209    33300709   131500000       00000       00000       00000       00207    75500000       00000       00000       00000       00000       0020709   73330000000       0000000       0020709  320920 000000       0 000000       0 000000       0 000000       0 000000       0            
