0425410112    50000      000      012    17008    14005    20000      000      068    29000      000      00812     8400000       00000       00812     3800512     7400508     4800000       00000       00000       00000       01208    17600000       00000       00000       00000       00000       0050812    2160000000       0000000       0120805    10010000000        0000000        0000000        0000000        0000000        0           
0425410201    19000      000      001    11009    14008    66000      000      016    38000      000      00109     4000000       00000       00109     1400108    20600809    23600000       00000       00000       00000       00109     4600000       00000       00000       00000       00000       0010809    5700000000       0000000       0010908    12730000000        0000000        0000000        0000000        0000000        0           
0425410314    51000      000      014    21012    15003    21000      000      067   130000      000      01214    13400000       00000       01214     4600314    11000312     8900000       00000       00000       00000       01412    24700000       00000       00000       00000       00000       0031214    4120000000       0000000       0141203    19960000000        0000000        0000000        0000000        0000000        0           
0425410407   275000      000      007    36008    64011    19000      000      055  2307000      000      00708   198700000       00000       00708    43500711    12400811    10200000       00000       00000       00000       00708   528300000       00000       00000       00000       00000       0070811   14150000000       0000000       0070811   194630000000        0000000        0000000        0000000        0000000        0           
0425410506    80000      000      006    22012    25004    16000      000      047   114000      000      00612    33800000       00000       00612    11200406     6600412     8000000       00000       00000       00000       00612    66400000       00000       00000       00000       00000       0040612    6340000000       0000000       0061204    49950000000        0000000        0000000        0000000        0000000        0           
0425410606    13000      000      006    11007    74008    26000      000      044   350000      000      00607    35800000       00000       00607    10200608     3800708    45500000       00000       00000       00000       00607    41100000       00000       00000       00000       00000       0060708    6540000000       0000000       0060708    23570000000        0000000        0000000        0000000        0000000        0           
0425410714    80000      000      014    25002    14015    21000      000      017    43000      000      00214    11600000       00000       00214     4401415     7600215     4100000       00000       00000       00000       01402    28200000       00000       00000       00000       00000       0021415    2950000000       0000000       0140215    20110000000        0000000        0000000        0000000        0000000        0           
0425410801    36000      000      001    15002    17015    19000      000      012    85000      000      00102    10200000       00000       00102     3700115     7300215     6600000       00000       00000       00000       00102    20800000       00000       00000       00000       00000       0010215    3580000000       0000000       0010215    13250000000        0000000        0000000        0000000        0000000        0           
0425410902    91000      000      002    33005    23012    53000      000      023   190000      000      00205    39500000       00000       00205    14900212    33700512    22300000       00000       00000       00000       00205    65700000       00000       00000       00000       00000       0020512   28980000000       0000000       0020512   121160000000        0000000        0000000        0000000        0000000        0           
0425411010    35000      000      010    18005    37012    52000      000      036   210000      000      00510    38500000       00000       00510    12401012    14600512    30200000       00000       00000       00000       01005    52500000       00000       00000       00000       00000       0051012   17440000000       0000000       0100512    69760000000        0000000        0000000        0000000        0000000        0           
0425411112    16000      000      012    11018    23013    29000      000      068    50000      000      01218    10400000       00000       01218     4601213     5601318    15900000       00000       00000       00000       01218    10800000       00000       00000       00000       00000       0121318    3570000000       0000000       0121813     8280000000        0000000        0000000        0000000        0000000        0           
0425411214    48000      000      014    16015    23007    19000      000      077   127000      000      01415    14100000       00000       01415     5200714     5100715     8100000       00000       00000       00000       01415    26400000       00000       00000       00000       00000       0071415    3420000000       0000000       0141507    14980000000        0000000        0000000        0000000        0000000        0           
0525460108    57000      000      008    13001    11007    14000      000      017    29000      000      00108     5100000       00000       00108     2400708     4300107     2200000       00000       00000       00000       00801    15900000       00000       00000       00000       00000       0010708     880000000       0000000       0080107     6600000000        0000000        0000000        0000000        0000000        0           
0525460205    22000      000      005    11003    14002    32000      000      035    52000      000      00305     5600000       00000       00305     2500205     7100203    10400000       00000       00000       00000       00503     9800000       00000       00000       00000       00000       0020305    2610000000       0000000       0050302     7010000000        0000000        0000000        0000000        0000000        0           
0525460305    16000      000      005    11001    20008    31000      000      000      000      000      00105     7800000       00000       00105     2900508     3900108    11800000       00000       00000       00000       00501     9800000       00000       00000       00000       00000       0010508    2590000000       0000000       0050108     5430000000        0000000        0000000        0000000        0000000        0           
0525460408    27000      000      008    15011    34012    24000      000      046    70000      000      00811    15000000       00000       00811     6500812     5601112    13800000       00000       00000       00000       00811    23300000       00000       00000       00000       00000       0081112    3890000000       0000000       0081112    14630000000        0000000        0000000        0000000        0000000        0           
0525460507    34000      000      007    16012    19009    32000      000      046   125000      000      00712    14400000       00000       00712     5800709     9900912    19600000       00000       00000       00000       00712    25200000       00000       00000       00000       00000       0070912    7110000000       0000000       0071209    29210000000        0000000        0000000        0000000        0000000        0           
0525460602    15000      000      002    11005    15007    19000      000      023    28000      000      00205     3600000       00000       00205     1900207     2700507     5600000       00000       00000       00000       00205     4500000       00000       00000       00000       00000       0020507     770000000       0000000       0020507     2220000000        0000000        0000000        0000000        0000000        0           
0525460712   142000      000      012    43011    24013    49000      000      066   398000      000      01112    48300000       00000       01112    15501213    23501113    18200000       00000       00000       00000       01211   104500000       00000       00000       00000       00000       0111213   13990000000       0000000       0121113   100650000000        0000000        0000000        0000000        0000000        0           
0525460803    82000      000      003    12001    10002    10000      000      000      000      000      00103    13600000       00000       00103     2700203     1500102     1400000       00000       00000       00000       00301    31900000       00000       00000       00000       00000       0010203     300000000       0000000       0030102     4620000000        0000000        0000000        0000000        0000000        0           
0525460905    23000      000      005    13002    15000      000      000      000      000      000      00205     3200000       00000       00205     1400305     1600203     2000000       00000       00000       00000       00502     5600000       00000       00000       00000       00000       0020305     340000000       0000000       0050203     1600000000        0000000        0000000        0000000        0000000        0           
0525461014    23000      000      014    13006    47009    20000      000      037    71000      000      00614    30300000       00000       00614    10800914     4100609    15800000       00000       00000       00000       01406    38600000       00000       00000       00000       00000       0060914    6080000000       0000000       0140609    24810000000        0000000        0000000        0000000        0000000        0           
0525461111    71000      000      011    16014    11006    16000      000      078    48000      000      01114     6200000       00000       01114     2700611     5800614     2500000       00000       00000       00000       01114    18000000       00000       00000       00000       00000       0061114    1020000000       0000000       0111406     7130000000        0000000        0000000        0000000        0000000        0           
0525461203    66000      000      003    25007    22009    45000      000      035   171000      000      00307    17100000       00000       00307     5900309    17700709    13300000       00000       00000       00000       00307    28900000       00000       00000       00000       00000       0030709    7960000000       0000000       0030709    31970000000        0000000        0000000        0000000        0000000        0           
0825360109    37000      000      009    31006    79007    95000      000      068   384000      000      00609    55800000       00000       00609    15800709    12300607    42300000       00000       00000       00000       00906    67100000       00000       00000       00000       00000       0060709   19830000000       0000000       0090607   122170000000        0000000        0000000        0000000        0000000        0           
0825360202    26000      000      002    14003    12005    17000      000      023    52000      000      00203     5400000       00000       00203     2300205     3400305     3100000       00000       00000       00000       00203     9300000       00000       00000       00000       00000       0020305     800000000       0000000       0020305     3280000000        0000000        0000000        0000000        0000000        0           
0825360304    24000      000      004    16003    29000      000      000      000      000      000      00304     7800000       00000       00304     3000204     3000203     5300000       00000       00000       00000       00403    11500000       00000       00000       00000       00000       0020304     890000000       0000000       0040302     4250000000        0000000        0000000        0000000        0000000        0           
0825360405   160000      000      005    29009    23011    14000      000      057   295000      000      00509    37700000       00000       00509    11000511     5400911     3600000       00000       00000       00000       00509    84100000       00000       00000       00000       00000       0050911    2460000000       0000000       0050911    23470000000        0000000        0000000        0000000        0000000        0           
0825360505   179000      000      005    27006    12004    13000      000      045    33000      000      00506    24000000       00000       00506     8300405     7800406     2400000       00000       00000       00000       00506    73200000       00000       00000       00000       00000       0040506    1860000000       0000000       0050604    22760000000        0000000        0000000        0000000        0000000        0           
0825360610    20000      000      010    13001    17005    28000      000      015    65000      000      00110     6700000       00000       00110     3500510     5500105    13400000       00000       00000       00000       01001     9700000       00000       00000       00000       00000       0010510    2480000000       0000000       0100105     6680000000        0000000        0000000        0000000        0000000        0           
0825360708    33000      000      008    12005    14007    11000      000      000      000      000      00508     7700000       00000       00508     2300708     1800507     2100000       00000       00000       00000       00805    14000000       00000       00000       00000       00000       0050708     460000000       0000000       0080507     2910000000        0000000        0000000        0000000        0000000        0           
0825360803    52000      000      003    25006    19000      000      000      000      000      000      00306    10000000       00000       00306     3600307     2500607     2200000       00000       00000       00000       00306    22200000       00000       00000       00000       00000       0030607     720000000       0000000       0030607     4880000000        0000000        0000000        0000000        0000000        0           
0825360910    26000      000      010    12013    19005    13000      000      078    58000      000      01013    15100000       00000       01013     3800510     1800513     4400000       00000       00000       00000       01013    21700000       00000       00000       00000       00000       0051013    1040000000       0000000       0101305     6030000000        0000000        0000000        0000000        0000000        0           
0825361002    20000      000      002    11004    12006    12000      000      024    40000      000      00204     4000000       00000       00204     2000206     1600406     2100000       00000       00000       00000       00204     7400000       00000       00000       00000       00000       0020406     350000000       0000000       0020406     1700000000        0000000        0000000        0000000        0000000        0           
0825361105    32000      000      005    15006    18009    27000      000      033    80000      000      00506     8900000       00000       00506     4100509     8100609    13400000       00000       00000       00000       00506    13600000       00000       00000       00000       00000       0050609    5420000000       0000000       0050609    19060000000        0000000        0000000        0000000        0000000        0           
0825361206   159000      000      006    42015    31004    91000      000      048   455000      000      00615    89700000       00000       00615    24900406    97500415    65600000       00000       00000       00000       00615   207500000       00000       00000       00000       00000       0040615  107570000000       0000000       0061504   724470000000        0000000        0000000        0000000        0000000        0           
