0622250107    16000      000      007    11008    11002    69000      000      044    23000      000      00708     2400000       00000       00708     1500207    18200208    26500000       00000       00000       00000       00708     3100000       00000       00000       00000       00000       0020708    5270000000       0000000       0070802   11090 000000       0 000000       0 000000       0 000000       0 000000       0            
0622250209    16000      000      009    11011    35014    31000      000      056   194000      000      00911    20200000       00000       00911     8000914     6001114    35800000       00000       00000       00000       00911    25600000       00000       00000       00000       00000       0091114    7470000000       0000000       0091114   25460 000000       0 000000       0 000000       0 000000       0 000000       0            
0622250311    13000      000      011    11014    23008    26000      000      068    61000      000      01114     7500000       00000       01114     3400811     3900814    17000000       00000       00000       00000       01114    10000000       00000       00000       00000       00000       0081114    2400000000       0000000       0111408    6490 000000       0 000000       0 000000       0 000000       0 000000       0            
0622250415    50000      000      015    18014    51008    25000      000      078   327000      000      01415    52500000       00000       01415    19400815     6700814    21300000       00000       00000       00000       01514    94300000       00000       00000       00000       00000       0081415   11920000000       0000000       0151408   58140 000000       0 000000       0 000000       0 000000       0 000000       0            
0622250505   110000      000      005    17007    17003    10000      000      034   384000      000      00507    52500000       00000       00507     6200305     2000307     2200000       00000       00000       00000       00507   113600000       00000       00000       00000       00000       0030507     810000000       0000000       0050703   18440 000000       0 000000       0 000000       0 000000       0 000000       0            
0622250611    71000      000      011    24004    41005    38000      000      037   420000      000      00411    90000000       00000       00411    20500511     7600405    25200000       00000       00000       00000       01104   183100000       00000       00000       00000       00000       0040511   27000000000       0000000       0110405  154870 000000       0 000000       0 000000       0 000000       0 000000       0            
0622250701    95000      000      001    25010    22012    27000      000      017   257000      000      00110    36600000       00000       00110    12300112    12301012    10100000       00000       00000       00000       00110    74500000       00000       00000       00000       00000       0011012    7110000000       0000000       0011012   44730 000000       0 000000       0 000000       0 000000       0 000000       0            
0622250810  2522000      000      010   488013    18002    26000      000      057   508000      000      01013   505300000       00000       01013   184000210   256400213     5900000       00000       00000       00000       01013  1322000000       00000       00000       00000       00000       0021013  129820000000       0000000       0101302 1447500 000000       0 000000       0 000000       0 000000       0 000000       0            
0622250909   237000      000      009    44016    22010    22000      000      058   142000      000      00916    63500000       00000       00916    17000910    10801016     5500000       00000       00000       00000       00916   207600000       00000       00000       00000       00000       0091016    7810000000       0000000       0091610   63970 000000       0 000000       0 000000       0 000000       0 000000       0            
0622251013    75000      000      013    21003    19010    12000      000      027   296000      000      00313    34600000       00000       00313     8801013     4600310     3600000       00000       00000       00000       01303    69600000       00000       00000       00000       00000       0031013    2460000000       0000000       0130310   20460 000000       0 000000       0 000000       0 000000       0 000000       0            
0622251116   974000      000      016   201014    71003    18000      000      078   550000      000      01416  1068500000       00000       01416   199700316    65800314    19000000       00000       00000       00000       01614  2540500000       00000       00000       00000       00000       0031416  145880000000       0000000       0161403 1737720 000000       0 000000       0 000000       0 000000       0 000000       0            
0622251203   135000      000      003    34016    38010    26000      000      028   284000      000      00316   155700000       00000       00316    35400310    19701016    12200000       00000       00000       00000       00316   279800000       00000       00000       00000       00000       0031016   29810000000       0000000       0031610  263850 000000       0 000000       0 000000       0 000000       0 000000       0            
0722210108   193000      000      008    33005    11016    19000      000      034    72000      000      00508    17500000       00000       00508     5600816    16200516     4300000       00000       00000       00000       00805    54600000       00000       00000       00000       00000       0050816    3700000000       0000000       0080516   36510 000000       0 000000       0 000000       0 000000       0 000000       0            
0722210207    25000      000      007    13008    34009    27000      000      056    71000      000      00708    16100000       00000       00708     6300709     6100809    18000000       00000       00000       00000       00708    26200000       00000       00000       00000       00000       0070809    5460000000       0000000       0070809   21590 000000       0 000000       0 000000       0 000000       0 000000       0            
0722210306    33000      000      006    13011    15017    13000      000      036    77000      000      00611     8300000       00000       00611     3100617     3101117     2500000       00000       00000       00000       00611    14800000       00000       00000       00000       00000       0061117     630000000       0000000       0061117    4240 000000       0 000000       0 000000       0 000000       0 000000       0            
0722210410    54000      000      010    22008    25001    30000      000      056   130000      000      00810    25000000       00000       00810    10900110    13400108    14500000       00000       00000       00000       01008    50300000       00000       00000       00000       00000       0010810    9060000000       0000000       0100801   50530 000000       0 000000       0 000000       0 000000       0 000000       0            
0722210509    39000      000      009    19002    32004   136000      000      026   267000      000      00209    25300000       00000       00209     7500409    35100204    75600000       00000       00000       00000       00902    34500000       00000       00000       00000       00000       0020409   36840000000       0000000       0090204  106590 000000       0 000000       0 000000       0 000000       0 000000       0            
0722210606   120000      000      006    21009    11005    29000      000      035    43000      000      00609     7300000       00000       00609     3000506    20900509     5500000       00000       00000       00000       00609    26500000       00000       00000       00000       00000       0050609    4040000000       0000000       0060905   30970 000000       0 000000       0 000000       0 000000       0 000000       0            
0722210703    68000      000      003    22007    48005    23000      000      024   221000      000      00307    45400000       00000       00307    13900305     7000507    17000000       00000       00000       00000       00307    98700000       00000       00000       00000       00000       0030507    9430000000       0000000       0030705   59490 000000       0 000000       0 000000       0 000000       0 000000       0            
0722210809  1033000      000      009   193004    46012   103000      000      035   931000      000      00409   398800000       00000       00409    87100912   192800412    39300000       00000       00000       00000       00904   980000000       00000       00000       00000       00000       0040912  211350000000       0000000       0090412 2266320 000000       0 000000       0 000000       0 000000       0 000000       0            
0722210911    18000      000      011    14004    25009    48000      000      026    92000      000      00411     7100000       00000       00411     3800911     7600409    22400000       00000       00000       00000       01104    10300000       00000       00000       00000       00000       0040911    4690000000       0000000       0110409   12840 000000       0 000000       0 000000       0 000000       0 000000       0            
0722211008    67000      000      008    18003    11012    16000      000      024    48000      000      00308     9900000       00000       00308     3600812     5000312     2700000       00000       00000       00000       00803    19400000       00000       00000       00000       00000       0030812    1000000000       0000000       0080312    7740 000000       0 000000       0 000000       0 000000       0 000000       0            
0722211103    81000      000      003    27015    20012   106000      000      028   203000      000      00315    25100000       00000       00315    10400312    37301215    58300000       00000       00000       00000       00315    50600000       00000       00000       00000       00000       0031215   55320000000       0000000       0031512  241850 000000       0 000000       0 000000       0 000000       0 000000       0            
0722211210   126000      000      010    44018    22004   143000      000      058    85000      000      01018    40900000       00000       01018    15800410   114700418    69400000       00000       00000       00000       01018    80600000       00000       00000       00000       00000       0041018   79230000000       0000000       0101804  373810 000000       0 000000       0 000000       0 000000       0 000000       0            
0922190106    60000      000      006    11005    10007    11000      000      056    22000      000      00506     2500000       00000       00506     1200607     2100507     1300000       00000       00000       00000       00605    10900000       00000       00000       00000       00000       0050607     230000000       0000000       0060507    1770 000000       0 000000       0 000000       0 000000       0 000000       0            
0922190202   145000      000      002    49012    41005    38000      000      016   509000      000      00212   167000000       00000       00212    42700205    35900512    23900000       00000       00000       00000       00212   255200000       00000       00000       00000       00000       0020512   53120000000       0000000       0021205  257350 000000       0 000000       0 000000       0 000000       0 000000       0            
0922190307    25000      000      007    10003    10002    11000      000      000      000      000      00307     1200000       00000       00307     1100207     2100203     1800000       00000       00000       00000       00703     3200000       00000       00000       00000       00000       0020307     200000000       0000000       0070302     810 000000       0 000000       0 000000       0 000000       0 000000       0            
0922190401    13000      000      001    10002    20007    10000      000      012    96000      000      00102     9600000       00000       00102     3200107     1200207     4600000       00000       00000       00000       00102    13500000       00000       00000       00000       00000       0010207     740000000       0000000       0010207    3040 000000       0 000000       0 000000       0 000000       0 000000       0            
0922190515    25000      000      015    14003    38008    18000      000      028   133000      000      00315    41000000       00000       00315    11800815     3700308    13700000       00000       00000       00000       01503    50900000       00000       00000       00000       00000       0030815    4540000000       0000000       0150308   24460 000000       0 000000       0 000000       0 000000       0 000000       0            
0922190604    29000      000      004    11009    32008    10000      000      048    16000      000      00409    45900000       00000       00409    10400408     1400809     5800000       00000       00000       00000       00409    76400000       00000       00000       00000       00000       0040809    1510000000       0000000       0040908   15810 000000       0 000000       0 000000       0 000000       0 000000       0            
0922190701    15000      000      001    11013    21005    20000      000      017    46000      000      00113     7400000       00000       00113     3600105     3400513    11300000       00000       00000       00000       00113     8700000       00000       00000       00000       00000       0010513    2250000000       0000000       0011305    5110 000000       0 000000       0 000000       0 000000       0 000000       0            
0922190807   167000      000      007    31008    15005    11000      000      067   147000      000      00708    44700000       00000       00708     8700507     6400508     2400000       00000       00000       00000       00708   119900000       00000       00000       00000       00000       0050708    2280000000       0000000       0070805   31410 000000       0 000000       0 000000       0 000000       0 000000       0            
0922190905    36000      000      005    12004    13002    11000      000      000      000      000      00405    10900000       00000       00405     3000205     1900204     1800000       00000       00000       00000       00504    19600000       00000       00000       00000       00000       0020405     510000000       0000000       0050402    4310 000000       0 000000       0 000000       0 000000       0 000000       0            
0922191002    31000      000      002    16005    54007    15000      000      013   160000      000      00205    53200000       00000       00205    13900207     3200507    14600000       00000       00000       00000       00205    70000000       00000       00000       00000       00000       0020507    4720000000       0000000       0020507   27370 000000       0 000000       0 000000       0 000000       0 000000       0            
0922191116   138000      000      016    36003    25002    72000      000      028   147000      000      00316    45500000       00000       00316    14100216    48900203    24300000       00000       00000       00000       01603   108500000       00000       00000       00000       00000       0020316   38410000000       0000000       0160302  276180 000000       0 000000       0 000000       0 000000       0 000000       0            
0922191212   184000      000      012    38010   115003    26000      000      078   462000      000      01012   517700000       00000       01012    96100312    13900310    43500000       00000       00000       00000       01210  1193600000       00000       00000       00000       00000       0031012   81200000000       0000000       0121003  782910 000000       0 000000       0 000000       0 000000       0 000000       0            
