0423160112    52000      000      012    17008    13015    18000      000      046    82000      000      00812     9600000       00000       00812     3801215     5500815     4900000       00000       00000       00000       01208    21500000       00000       00000       00000       00000       0081215    1820000000       0000000       0120815    9830 000000       0 000000       0 000000       0 000000       0 000000       0            
0423160206    64000      000      006    26008    13003    29000      000      045    86000      000      00608     9100000       00000       00608     4200306    13300308     5400000       00000       00000       00000       00608    19300000       00000       00000       00000       00000       0030608    3370000000       0000000       0060803   17970 000000       0 000000       0 000000       0 000000       0 000000       0            
0423160314    99000      000      014    24008    30013    12000      000      058   231000      000      00814    62300000       00000       00814    16401314     3900813     5600000       00000       00000       00000       01408   123800000       00000       00000       00000       00000       0081314    3440000000       0000000       0140813   34920 000000       0 000000       0 000000       0 000000       0 000000       0            
0423160401    49000      000      001    15006    12012    15000      000      015    43000      000      00106     5600000       00000       00106     2000112     3500612     2400000       00000       00000       00000       00106    12700000       00000       00000       00000       00000       0010612     860000000       0000000       0010612    4220 000000       0 000000       0 000000       0 000000       0 000000       0            
0423160504   566000      000      004    95005    11003    56000      000      045   347000      000      00405    32300000       00000       00405    12800304    74700305     9700000       00000       00000       00000       00405   140500000       00000       00000       00000       00000       0030405   17670000000       0000000       0040503  204230 000000       0 000000       0 000000       0 000000       0 000000       0            
0423160610    32000      000      010    15006    29009    33000      000      068   223000      000      00610    25400000       00000       00610     7600910     7600609    19800000       00000       00000       00000       01006    34700000       00000       00000       00000       00000       0060910   10130000000       0000000       0100609   35240 000000       0 000000       0 000000       0 000000       0 000000       0            
0423160711    70000      000      011    17013    11004    22000      000      067    64000      000      01113     7300000       00000       01113     3000411    10800413     4400000       00000       00000       00000       01113    20600000       00000       00000       00000       00000       0041113    2630000000       0000000       0111304   19070 000000       0 000000       0 000000       0 000000       0 000000       0            
0423160815    88000      000      015    28014    20013    17000      000      088   302000      000      01415    23600000       00000       01415     8301315     6501314     5700000       00000       00000       00000       01514    51900000       00000       00000       00000       00000       0131415    3390000000       0000000       0151413   31320 000000       0 000000       0 000000       0 000000       0 000000       0            
0423160911    36000      000      011    19002    32001    54000      000      028   243000      000      00211    21600000       00000       00211     9200111    18100102    36900000       00000       00000       00000       01102    32900000       00000       00000       00000       00000       0010211   18060000000       0000000       0110201   61530 000000       0 000000       0 000000       0 000000       0 000000       0            
0423161013    18000      000      013    13015    95009    32000      000      078   195000      000      01315    41400000       00000       01315    16200913     8900915   105800000       00000       00000       00000       01315    49600000       00000       00000       00000       00000       0091315   22400000000       0000000       0131509   90660 000000       0 000000       0 000000       0 000000       0 000000       0            
0423161109   111000      000      009    31001    37011    28000      000      016   426000      000      00109    82300000       00000       00109    19600911    16000111    16000000       00000       00000       00000       00901   158800000       00000       00000       00000       00000       0010911   20470000000       0000000       0090111  151350 000000       0 000000       0 000000       0 000000       0 000000       0            
0423161211    47000      000      011    17012    32013    16000      000      067    82000      000      01112    26700000       00000       01112     8701113     4101213     7600000       00000       00000       00000       01112    48100000       00000       00000       00000       00000       0111213    3310000000       0000000       0111213   19680 000000       0 000000       0 000000       0 000000       0 000000       0            
0523280108   141000      000      008    39015    33016   115000      000      048    59000      000      00815    66000000       00000       00815    13600816    52201516    26000000       00000       00000       00000       00815   119800000       00000       00000       00000       00000       0081516   42120000000       0000000       0081516  272180 000000       0 000000       0 000000       0 000000       0 000000       0            
0523280213    64000      000      013    20011    17014    56000      000      067    94000      000      01113    11400000       00000       01113     4501314    22801114    14200000       00000       00000       00000       01311    24300000       00000       00000       00000       00000       0111314    7190000000       0000000       0131114   29400 000000       0 000000       0 000000       0 000000       0 000000       0            
0523280302    87000      000      002    16006    11010    12000      000      026   127000      000      00206    10600000       00000       00206     2600210     2900610     1600000       00000       00000       00000       00206    25600000       00000       00000       00000       00000       0020610     480000000       0000000       0020610    5850 000000       0 000000       0 000000       0 000000       0 000000       0            
0523280412    47000      000      012    19015    12008    21000      000      067    57000      000      01215     5500000       00000       01215     2800812    11100815     4200000       00000       00000       00000       01215    12100000       00000       00000       00000       00000       0081215    1850000000       0000000       0121508    8790 000000       0 000000       0 000000       0 000000       0 000000       0            
0523280503    16000      000      003    11002    40013    12000      000      023   286000      000      00203    29200000       00000       00203     8300313     1600213    12500000       00000       00000       00000       00302    38600000       00000       00000       00000       00000       0020313    3150000000       0000000       0030213   15530 000000       0 000000       0 000000       0 000000       0 000000       0            
0523280601    24000      000      001    13007    15010    18000      000      015    41000      000      00107     7500000       00000       00107     2900110     4000710     5300000       00000       00000       00000       00107    10300000       00000       00000       00000       00000       0010710    1540000000       0000000       0010710    5080 000000       0 000000       0 000000       0 000000       0 000000       0            
0523280707    68000      000      007    28013    16011    20000      000      047   155000      000      00713    21100000       00000       00713     7800711    11201113     4100000       00000       00000       00000       00713    39900000       00000       00000       00000       00000       0071113    3990000000       0000000       0071311   22670 000000       0 000000       0 000000       0 000000       0 000000       0            
0523280808    19000      000      008    11005    11010    18000      000      057    21000      000      00508     2100000       00000       00508     1400810     4100510     3500000       00000       00000       00000       00805     3700000       00000       00000       00000       00000       0050810     840000000       0000000       0080510    2100 000000       0 000000       0 000000       0 000000       0 000000       0            
0523280905    19000      000      005    11008    13003    26000      000      000      000      000      00508     3400000       00000       00508     1800305     4900308     7400000       00000       00000       00000       00508     4900000       00000       00000       00000       00000       0030508    1500000000       0000000       0050803    3690 000000       0 000000       0 000000       0 000000       0 000000       0            
0523281006    19000      000      006    11008    26002    11000      000      068    99000      000      00608    16900000       00000       00608     4400206     1500208     5100000       00000       00000       00000       00608    23600000       00000       00000       00000       00000       0020608     760000000       0000000       0060802    6510 000000       0 000000       0 000000       0 000000       0 000000       0            
0523281106    76000      000      006    20016    17002    12000      000      038   132000      000      00616    19600000       00000       00616     6400206     3900216     3400000       00000       00000       00000       00616    41700000       00000       00000       00000       00000       0020616    1720000000       0000000       0061602   12830 000000       0 000000       0 000000       0 000000       0 000000       0            
0523281207   259000      000      007    52004   122006    26000      000      024  1102000      000      00407   481800000       00000       00407   108100607    19400406    58100000       00000       00000       00000       00704  1028900000       00000       00000       00000       00000       0040607  111670000000       0000000       0070406 1021960 000000       0 000000       0 000000       0 000000       0 000000       0            
0823180116   122000      000      016    39015    88012    38000      000      088  1142000      000      01516   108700000       00000       01516    21701216    39101215    75700000       00000       00000       00000       01615   279300000       00000       00000       00000       00000       0121516   76520000000       0000000       0161512  425460 000000       0 000000       0 000000       0 000000       0 000000       0            
0823180212   416000      000      012    48004    14002    12000      000      048   596000      000      00412    62400000       00000       00412    15600212    15500204     1800000       00000       00000       00000       01204   148100000       00000       00000       00000       00000       0020412    4390000000       0000000       0120402   44560 000000       0 000000       0 000000       0 000000       0 000000       0            
0823180314    24000      000      014    15009    37006    18000      000      057   132000      000      00914    28000000       00000       00914     9700614     3200609    16000000       00000       00000       00000       01409    41200000       00000       00000       00000       00000       0060914    4580000000       0000000       0140906   22930 000000       0 000000       0 000000       0 000000       0 000000       0            
0823180404    50000      000      004    18007   127003    16000      000      047   468000      000      00407   143000000       00000       00407    37800304     3400307    28200000       00000       00000       00000       00407   228500000       00000       00000       00000       00000       0030407   10150000000       0000000       0040703   97960 000000       0 000000       0 000000       0 000000       0 000000       0            
0823180514    70000      000      014    23004    18012    21000      000      038   160000      000      00414    24000000       00000       00414     8501214     9600412     7200000       00000       00000       00000       01404    42400000       00000       00000       00000       00000       0041214    4930000000       0000000       0140412   27650 000000       0 000000       0 000000       0 000000       0 000000       0            
0823180605    14000      000      005    11004    12007    17000      000      000      000      000      00405     2500000       00000       00405     1400507     2900407     5300000       00000       00000       00000       00504     3300000       00000       00000       00000       00000       0040507     840000000       0000000       0050407    1740 000000       0 000000       0 000000       0 000000       0 000000       0            
0823180711    49000      000      011    21003    52006    53000      000      038   168000      000      00311    47100000       00000       00311    13600611    16200306    40500000       00000       00000       00000       01103    69300000       00000       00000       00000       00000       0030611   22750000000       0000000       0110306  100120 000000       0 000000       0 000000       0 000000       0 000000       0            
0823180802    31000      000      002    15006    18001    65000      000      025    49000      000      00206     6300000       00000       00206     3300102    11200106    18000000       00000       00000       00000       00206    11700000       00000       00000       00000       00000       0010206    4610000000       0000000       0020601   15240 000000       0 000000       0 000000       0 000000       0 000000       0            
0823180908    42000      000      008    13006    13002    12000      000      000      000      000      00608    10900000       00000       00608     3000208     2300206     2400000       00000       00000       00000       00806    18700000       00000       00000       00000       00000       0020608     720000000       0000000       0080602    5000 000000       0 000000       0 000000       0 000000       0 000000       0            
0823181011    33000      000      011    18010    18004    37000      000      077   129000      000      01011    11800000       00000       01011     5200411    13800410    16700000       00000       00000       00000       01110    21400000       00000       00000       00000       00000       0041011    7080000000       0000000       0111004   24280 000000       0 000000       0 000000       0 000000       0 000000       0            
0823181110   102000      000      010    39004    24014    64000      000      025    44000      000      00410    33900000       00000       00410    13701014    46500414    25000000       00000       00000       00000       01004    70200000       00000       00000       00000       00000       0041014   34790000000       0000000       0100414  199520 000000       0 000000       0 000000       0 000000       0 000000       0            
0823181214    18000      000      014    11009    17013    20000      000      068    43000      000      00914     4000000       00000       00914     2401314     3200913     7100000       00000       00000       00000       01409     6700000       00000       00000       00000       00000       0091314    1050000000       0000000       0140913    2950 000000       0 000000       0 000000       0 000000       0 000000       0            
