0626310109    41000      000      009    12007    11006    23000      000      045    20000      000      00709     2300000       00000       00709     1400609     6900607     3500000       00000       00000       00000       00907     7700000       00000       00000       00000       00000       0060709     870000000       0000000       0090706     5280000000        0000000        0000000        0000000        0000000        0           
0626310213    24000      000      013    13011    20015    14000      000      067    99000      000      01113    15600000       00000       01113     4101315     2201115     4800000       00000       00000       00000       01311    20000000       00000       00000       00000       00000       0111315     630000000       0000000       0131115     4170000000        0000000        0000000        0000000        0000000        0           
0626310302    78000      000      002    16008    11005    12000      000      014    73000      000      00208     6900000       00000       00208     2300205     4900508     1500000       00000       00000       00000       00208    18900000       00000       00000       00000       00000       0020508     610000000       0000000       0020805     6240000000        0000000        0000000        0000000        0000000        0           
0626310404   363000      000      004    27009    17012    11000      000      025   748000      000      00409    72700000       00000       00409    12600412     4400912     2200000       00000       00000       00000       00409   256600000       00000       00000       00000       00000       0040912    1720000000       0000000       0040912    55030000000        0000000        0000000        0000000        0000000        0           
0626310510    30000      000      010    11009    19005    12000      000      055   133000      000      00910    12300000       00000       00910     4100510     2000509     5000000       00000       00000       00000       01009    23500000       00000       00000       00000       00000       0050910    1060000000       0000000       0100905     6060000000        0000000        0000000        0000000        0000000        0           
0626310607    49000      000      007    11009    11010    11000      000      067    39000      000      00709     5300000       00000       00709     1800710     2200910     1400000       00000       00000       00000       00709    12100000       00000       00000       00000       00000       0070910     380000000       0000000       0070910     2750000000        0000000        0000000        0000000        0000000        0           
0626310710    26000      000      010    11009    12001    12000      000      067    33000      000      00910     3900000       00000       00910     1700110     2200109     2100000       00000       00000       00000       01009     6000000       00000       00000       00000       00000       0010910     400000000       0000000       0100901     1520000000        0000000        0000000        0000000        0000000        0           
0626310805    77000      000      005    22003    30012    14000      000      035   137000      000      00305    48300000       00000       00305    13300512     5100312     7800000       00000       00000       00000       00503   100900000       00000       00000       00000       00000       0030512    4430000000       0000000       0050312    43740000000        0000000        0000000        0000000        0000000        0           
0626310902    79000      000      002    22007    14001    28000      000      014    58000      000      00207    13100000       00000       00207     6000102    16400107    10700000       00000       00000       00000       00207    31600000       00000       00000       00000       00000       0010207    5060000000       0000000       0020701    29340000000        0000000        0000000        0000000        0000000        0           
0626311005    21000      000      005    11001    18008    11000      000      015   138000      000      00105    15600000       00000       00105     4500508     1600108     3500000       00000       00000       00000       00501    16700000       00000       00000       00000       00000       0010508    1000000000       0000000       0050108     5590000000        0000000        0000000        0000000        0000000        0           
0626311115    70000      000      015    24001    17014    21000      000      018    70000      000      00115    13300000       00000       00115     5801415    10000114     7900000       00000       00000       00000       01501    31400000       00000       00000       00000       00000       0011415    3560000000       0000000       0150114    18520000000        0000000        0000000        0000000        0000000        0           
0626311204    29000      000      004    16009    34016    21000      000      025   187000      000      00409    20200000       00000       00409     8400416     4000916    11500000       00000       00000       00000       00409    31200000       00000       00000       00000       00000       0040916    3920000000       0000000       0040916    14430000000        0000000        0000000        0000000        0000000        0           
0726150106   453000      000      006    37002    11015    52000      000      013   184000      000      00206    23200000       00000       00206     9200615    82700215     7800000       00000       00000       00000       00602    94700000       00000       00000       00000       00000       0020615   13680000000       0000000       0060215   140600000000        0000000        0000000        0000000        0000000        0           
0726150213  1073000      000      013   219011    52003    23000      000      078   357000      000      01113   793300000       00000       01113   191600313    80400311    20300000       00000       00000       00000       01311  2517900000       00000       00000       00000       00000       0031113  184670000000       0000000       0131103  1717900000000        0000000        0000000        0000000        0000000        0           
0726150302    38000      000      002    16001    84005    15000      000      011   658000      000      00102    93700000       00000       00102    20900205     3800105    24600000       00000       00000       00000       00201   151700000       00000       00000       00000       00000       0010205    7700000000       0000000       0020105    57450000000        0000000        0000000        0000000        0000000        0           
0726150409    59000      000      009    16005    11006    14000      000      046    41000      000      00509     4400000       00000       00509     2200609     5500506     2400000       00000       00000       00000       00905    11700000       00000       00000       00000       00000       0050609     810000000       0000000       0090506     4710000000        0000000        0000000        0000000        0000000        0           
0726150512   107000      000      012    25008    15007    74000      000      057   138000      000      00812    17000000       00000       00812     5900712    27400708    19400000       00000       00000       00000       01208    41500000       00000       00000       00000       00000       0070812   11070000000       0000000       0120807    69990000000        0000000        0000000        0000000        0000000        0           
0726150601    44000      000      001    17013    43005    15000      000      017   409000      000      00113    68800000       00000       00113    15200105     3700513    13300000       00000       00000       00000       00113    92400000       00000       00000       00000       00000       0010513    5490000000       0000000       0011305    43640000000        0000000        0000000        0000000        0000000        0           
0726150701    72000      000      001    29004    59016    29000      000      012   363000      000      00104    77400000       00000       00104    22200116    17900416    24800000       00000       00000       00000       00104   139500000       00000       00000       00000       00000       0010416   35020000000       0000000       0010416   183350000000        0000000        0000000        0000000        0000000        0           
0726150809   245000      000      009    60005    18008    20000      000      035    57000      000      00509    59600000       00000       00509    16800809    14200508     5400000       00000       00000       00000       00905   144000000       00000       00000       00000       00000       0050809    9600000000       0000000       0090508    72200000000        0000000        0000000        0000000        0000000        0           
0726150903   202000      000      003    38006    16007    17000      000      036   327000      000      00306    34500000       00000       00306    10100307    13800607     3800000       00000       00000       00000       00306    85100000       00000       00000       00000       00000       0030607    4690000000       0000000       0030607    41910000000        0000000        0000000        0000000        0000000        0           
0726151008   158000      000      008    35011    12007    17000      000      068    49000      000      00811    20700000       00000       00811     8700708    10300711     2900000       00000       00000       00000       00811    55600000       00000       00000       00000       00000       0070811    2520000000       0000000       0081107    22280000000        0000000        0000000        0000000        0000000        0           
0726151102    29000      000      002    18012    31014    92000      000      016   117000      000      00212    13300000       00000       00212     5800214    25101214    47300000       00000       00000       00000       00212    22900000       00000       00000       00000       00000       0021214   18110000000       0000000       0021214    74420000000        0000000        0000000        0000000        0000000        0           
0726151211    37000      000      011    17007    25012    55000      000      046    91000      000      00711    16500000       00000       00711     6101112    14900712    25900000       00000       00000       00000       01107    30000000       00000       00000       00000       00000       0071112   10290000000       0000000       0110712    37690000000        0000000        0000000        0000000        0000000        0           
0926210102   121000      000      002    36003    12001    32000      000      012    71000      000      00203    12600000       00000       00203     5700102    19800103     5700000       00000       00000       00000       00203    33200000       00000       00000       00000       00000       0010203    3590000000       0000000       0020301    19790000000        0000000        0000000        0000000        0000000        0           
0926210209    15000      000      009    11004    11010    17000      000      047    23000      000      00409     2500000       00000       00409     1500910     2500410     3200000       00000       00000       00000       00904     3700000       00000       00000       00000       00000       0040910     560000000       0000000       0090410     1350000000        0000000        0000000        0000000        0000000        0           
0926210302    47000      000      002    12004    12012    11000      000      012    86000      000      00204     9800000       00000       00204     3100212     1700412     1800000       00000       00000       00000       00204    23100000       00000       00000       00000       00000       0020412     440000000       0000000       0020412     3980000000        0000000        0000000        0000000        0000000        0           
0926210401    31000      000      001    11009    11005    23000      000      016    23000      000      00109     2800000       00000       00109     1600105     4800509     4100000       00000       00000       00000       00109     6700000       00000       00000       00000       00000       0010509     750000000       0000000       0010905     2970000000        0000000        0000000        0000000        0000000        0           
0926210510   219000      000      010    46006    36002    16000      000      035  1554000      000      00610   160600000       00000       00610    67800210     8300206     6800000       00000       00000       00000       01006   573500000       00000       00000       00000       00000       0020610   14880000000       0000000       0100602   217830000000        0000000        0000000        0000000        0000000        0           
0926210604    59000      000      004    17003    15002    11000      000      034   182000      000      00304    17100000       00000       00304     6000204     2500203     2500000       00000       00000       00000       00403    35400000       00000       00000       00000       00000       0020304     970000000       0000000       0040302     8170000000        0000000        0000000        0000000        0000000        0           
0926210711  1301000      000      011   338004    54001    62000      000      048  1472000      000      00411   575100000       00000       00411    87600111   102400104    18300000       00000       00000       00000       01104  1428500000       00000       00000       00000       00000       0010411  124960000000       0000000       0110401  1834800000000        0000000        0000000        0000000        0000000        0           
0926210804    19000      000      004    11003    12006    12000      000      034    41000      000      00304     3700000       00000       00304     1700406     2200306     2800000       00000       00000       00000       00403     5700000       00000       00000       00000       00000       0030406     540000000       0000000       0040306     1590000000        0000000        0000000        0000000        0000000        0           
0926210902    29000      000      002    16001    13000      000      000      000      000      000      00102     2400000       00000       00102     1300203     1600103     1300000       00000       00000       00000       00201     5100000       00000       00000       00000       00000       0010203     230000000       0000000       0020103     1270000000        0000000        0000000        0000000        0000000        0           
0926211011    34000      000      011    13010    19007    13000      000      088   117000      000      01011    17200000       00000       01011     5000711     2100710     4400000       00000       00000       00000       01110    29100000       00000       00000       00000       00000       0071011    1280000000       0000000       0111007     8660000000        0000000        0000000        0000000        0000000        0           
0926211104    24000      000      004    14003    22000      000      000      000      000      000      00304     6500000       00000       00304     2200204     1500203     2700000       00000       00000       00000       00403    11200000       00000       00000       00000       00000       0020304     420000000       0000000       0040302     2440000000        0000000        0000000        0000000        0000000        0           
0926211212    21000      000      012    12004    24001    18000      000      037    70000      000      00412    10900000       00000       00412     4300112     2900104     7600000       00000       00000       00000       01204    16000000       00000       00000       00000       00000       0010412    1780000000       0000000       0120401     6490000000        0000000        0000000        0000000        0000000        0           
