0523170109    39000      000      009    15013    13016    20000      000      057    61000      000      00913     7800000       00000       00913     3100916     7501316     5400000       00000       00000       00000       00913    14500000       00000       00000       00000       00000       0091316    2230000000       0000000       0091316    8960 000000       0 000000       0 000000       0 000000       0 000000       0            
0523170216    17000      000      016    11009    21015    16000      000      058    69000      000      00916     9300000       00000       00916     3801516     3100915     8100000       00000       00000       00000       01609    12800000       00000       00000       00000       00000       0091516    1490000000       0000000       0160915    6260 000000       0 000000       0 000000       0 000000       0 000000       0            
0523170304    18000      000      004    11015    15012    17000      000      028    58000      000      00415     6100000       00000       00415     2300412     2801215     5100000       00000       00000       00000       00415     7500000       00000       00000       00000       00000       0041215    1160000000       0000000       0041512    3510 000000       0 000000       0 000000       0 000000       0 000000       0            
0523170403   286000      000      003    62005    50002    33000      000      023  1166000      000      00305   150300000       00000       00305    41400203    22600205    19000000       00000       00000       00000       00305   340100000       00000       00000       00000       00000       0020305   25460000000       0000000       0030502  232620 000000       0 000000       0 000000       0 000000       0 000000       0            
0523170518   161000      000      018    36006   105004    16000      000      038   620000      000      00618   355000000       00000       00618    77100418     8400406    26900000       00000       00000       00000       01806   864200000       00000       00000       00000       00000       0040618   31660000000       0000000       0180604  317350 000000       0 000000       0 000000       0 000000       0 000000       0            
0523170607    15000      000      007    11004    17002    63000      000      024    34000      000      00407     5400000       00000       00407     2700207    13500204    49900000       00000       00000       00000       00704     7400000       00000       00000       00000       00000       0020407    9490000000       0000000       0070402   22960 000000       0 000000       0 000000       0 000000       0 000000       0            
0523170702    36000      000      002    15011    17014    33000      000      016    82000      000      00211     7900000       00000       00211     3500214     9301114    11800000       00000       00000       00000       00211    15100000       00000       00000       00000       00000       0021114    4200000000       0000000       0021114   16620 000000       0 000000       0 000000       0 000000       0 000000       0            
0523170816   268000      000      016   110011    29004    36000      000      068   445000      000      01116    47000000       00000       01116    11700416    18400411     4600000       00000       00000       00000       01611   130200000       00000       00000       00000       00000       0041116    7780000000       0000000       0161104   79440 000000       0 000000       0 000000       0 000000       0 000000       0            
0523170906   265000      000      006    51004    18007    23000      000      046   739000      000      00406    60300000       00000       00406    18000607    31800407     7400000       00000       00000       00000       00604   167300000       00000       00000       00000       00000       0040607   13450000000       0000000       0060407  124580 000000       0 000000       0 000000       0 000000       0 000000       0            
0523171001    44000      000      001    15010    32005    13000      000      015   137000      000      00110    34800000       00000       00110    11400105     2700510     8200000       00000       00000       00000       00110    50300000       00000       00000       00000       00000       0010510    2640000000       0000000       0011005   19420 000000       0 000000       0 000000       0 000000       0 000000       0            
0523171104    37000      000      004    16005   114002    15000      000      023   464000      000      00405   189500000       00000       00405    47000204     2900205    43900000       00000       00000       00000       00405   260400000       00000       00000       00000       00000       0020405   17300000000       0000000       0040502  121000 000000       0 000000       0 000000       0 000000       0 000000       0            
0523171208    58000      000      008    22006    21005    24000      000      056   103000      000      00608    19100000       00000       00608     7600508    10000506    10200000       00000       00000       00000       00806    36400000       00000       00000       00000       00000       0050608    5440000000       0000000       0080605   26080 000000       0 000000       0 000000       0 000000       0 000000       0            
0923130106   265000      000      006    34003    11009    12000      000      035   231000      000      00306    22300000       00000       00306     6000609     8200309     1600000       00000       00000       00000       00603    63300000       00000       00000       00000       00000       0030609    1370000000       0000000       0060309   19570 000000       0 000000       0 000000       0 000000       0 000000       0            
0923130214    39000      000      014    13008    11015    21000      000      047    22000      000      00814     3000000       00000       00814     1901415     6600815     3300000       00000       00000       00000       01408     8400000       00000       00000       00000       00000       0081415     880000000       0000000       0140815    4010 000000       0 000000       0 000000       0 000000       0 000000       0            
0923130301    53000      000      001    16005    27002    14000      000      015   282000      000      00105    24400000       00000       00105     6900102     3200205     5800000       00000       00000       00000       00105    40900000       00000       00000       00000       00000       0010205    1640000000       0000000       0010502   12170 000000       0 000000       0 000000       0 000000       0 000000       0            
0923130406   132000      000      006    53007    72003    68000      000      034   576000      000      00607   116600000       00000       00607    22700306    30200307    28500000       00000       00000       00000       00607   201000000       00000       00000       00000       00000       0030607   51380000000       0000000       0060703  451810 000000       0 000000       0 000000       0 000000       0 000000       0            
0923130501   183000      000      001    55008    23010    38000      000      014   426000      000      00108    54400000       00000       00108    22600110    31700810    13700000       00000       00000       00000       00108   140400000       00000       00000       00000       00000       0010810   18330000000       0000000       0010810  129840 000000       0 000000       0 000000       0 000000       0 000000       0            
0923130614    15000      000      014    11013    31015    28000      000      078    74000      000      01314    11500000       00000       01314     4801415     3901315    17200000       00000       00000       00000       01413    15300000       00000       00000       00000       00000       0131415    2790000000       0000000       0141315    8360 000000       0 000000       0 000000       0 000000       0 000000       0            
0923130707   109000      000      007    26004    29002    28000      000      000      000      000      00407    36200000       00000       00407    10700207    10200204     7300000       00000       00000       00000       00704    82600000       00000       00000       00000       00000       0020407    6250000000       0000000       0070402   64200 000000       0 000000       0 000000       0 000000       0 000000       0            
0923130802   157000      000      002    41014    50011   278000      000      017   293000      000      00214   106600000       00000       00214    32600211   321601114   223200000       00000       00000       00000       00214   225000000       00000       00000       00000       00000       0021114  348170000000       0000000       0021411 2610620 000000       0 000000       0 000000       0 000000       0 000000       0            
0923130911    15000      000      011    11003    93008    15000      000      038   552000      000      00311    88800000       00000       00311    23400811     1900308    38500000       00000       00000       00000       01103   103000000       00000       00000       00000       00000       0030811    8390000000       0000000       0110308   46790 000000       0 000000       0 000000       0 000000       0 000000       0            
0923131015   644000      000      015    96013    18008    11000      000      078   324000      000      01315   251100000       00000       01315    53300815    20800813     2900000       00000       00000       00000       01513   809600000       00000       00000       00000       00000       0081315   10320000000       0000000       0151308  214550 000000       0 000000       0 000000       0 000000       0 000000       0            
0923131105    51000      000      005    16013    15018    21000      000      037    54000      000      00513     9400000       00000       00513     4000518     6901318     6700000       00000       00000       00000       00513    19400000       00000       00000       00000       00000       0051318    2520000000       0000000       0051318    9780 000000       0 000000       0 000000       0 000000       0 000000       0            
0923131210    68000      000      010    18006    19012    15000      000      046   125000      000      00610    19600000       00000       00610     6901012     3600612     4100000       00000       00000       00000       01006    36800000       00000       00000       00000       00000       0061012    1790000000       0000000       0100612   14360 000000       0 000000       0 000000       0 000000       0 000000       0            
1023230110    29000      000      010    11014    13015    11000      000      057    47000      000      01014     6100000       00000       01014     2201015     1501415     2400000       00000       00000       00000       01014    10800000       00000       00000       00000       00000       0101415     430000000       0000000       0101415    3090 000000       0 000000       0 000000       0 000000       0 000000       0            
1023230209    28000      000      009    15002    18013    26000      000      015    71000      000      00209     9300000       00000       00209     3200913     5000213     8900000       00000       00000       00000       00902    14000000       00000       00000       00000       00000       0020913    2510000000       0000000       0090213    9180 000000       0 000000       0 000000       0 000000       0 000000       0            
1023230303    39000      000      003    16011    13009    37000      000      037    50000      000      00311     6000000       00000       00311     2600309     9000911     8800000       00000       00000       00000       00311    13400000       00000       00000       00000       00000       0030911    3020000000       0000000       0031109   11050 000000       0 000000       0 000000       0 000000       0 000000       0            
1023230403    18000      000      003    11007    26004    19000      000      036   131000      000      00307    12600000       00000       00307     4100304     3000407    11300000       00000       00000       00000       00307    16100000       00000       00000       00000       00000       0030407    2300000000       0000000       0030704    7070 000000       0 000000       0 000000       0 000000       0 000000       0            
1023230509   145000      000      009    32011    21004    64000      000      078   113000      000      00911    34300000       00000       00911    12100409    41200411    27800000       00000       00000       00000       00911    74700000       00000       00000       00000       00000       0040911   19210000000       0000000       0091104  100830 000000       0 000000       0 000000       0 000000       0 000000       0            
1023230615    67000      000      015    28010    41011    18000      000      057    98000      000      01015    65700000       00000       01015    20601115     9001011    14500000       00000       00000       00000       01510   122100000       00000       00000       00000       00000       0101115   10760000000       0000000       0151011   58710 000000       0 000000       0 000000       0 000000       0 000000       0            
1023230708    58000      000      008    22001    18002    53000      000      016    99000      000      00108    13500000       00000       00108     6300208    12700102    15100000       00000       00000       00000       00801    29300000       00000       00000       00000       00000       0010208    5800000000       0000000       0080102   22900 000000       0 000000       0 000000       0 000000       0 000000       0            
1023230810    33000      000      010    16012    41011    42000      000      056   141000      000      01012    24500000       00000       01012     8801011    14901112    31100000       00000       00000       00000       01012    36800000       00000       00000       00000       00000       0101112   13190000000       0000000       0101211   57930 000000       0 000000       0 000000       0 000000       0 000000       0            
1023230912    20000      000      012    12007    38003    30000      000      068   133000      000      00712    15800000       00000       00712     6800312     4400307    27300000       00000       00000       00000       01207    25900000       00000       00000       00000       00000       0030712    5070000000       0000000       0120703   18000 000000       0 000000       0 000000       0 000000       0 000000       0            
1023231011   129000      000      011    35009    16004    19000      000      078   107000      000      00911    27900000       00000       00911    10100411    10000409     5100000       00000       00000       00000       01109    70900000       00000       00000       00000       00000       0040911    4670000000       0000000       0110904   40790 000000       0 000000       0 000000       0 000000       0 000000       0            
1023231110   229000      000      010    69013    38011    32000      000      057   517000      000      01013   162100000       00000       01013    44701011    20401113    14500000       00000       00000       00000       01013   348000000       00000       00000       00000       00000       0101113   36430000000       0000000       0101311  287170 000000       0 000000       0 000000       0 000000       0 000000       0            
1023231212   147000      000      012    51016    30009    83000      000      068   121000      000      01216    93400000       00000       01216    34500912    80700916    60700000       00000       00000       00000       01216   188200000       00000       00000       00000       00000       0091216   96980000000       0000000       0121609  481100 000000       0 000000       0 000000       0 000000       0 000000       0            
