0521310114    92000      000      014    26003    43004    15000      000      038   124000      000      00314    86800000       00000       00314    25800414     6800304     9900000       00000       00000       00000       01403   155300000       00000       00000       00000       00000       0030414    8870000000       0000000       0140304   67380 000000       0 000000       0 000000       0 000000       0 000000       0            
0521310206    98000      000      006    24002    13015    37000      000      024   122000      000      00206    11500000       00000       00206     4900615    13300215     7700000       00000       00000       00000       00602    26600000       00000       00000       00000       00000       0020615    4310000000       0000000       0060215   23420 000000       0 000000       0 000000       0 000000       0 000000       0            
0521310310    35000      000      010    13005    15004    15000      000      035    54000      000      00510     7300000       00000       00510     2900410     3000405     3300000       00000       00000       00000       01005    13300000       00000       00000       00000       00000       0040510    1040000000       0000000       0100504    4610 000000       0 000000       0 000000       0 000000       0 000000       0            
0521310403    79000      000      003    18012    11015    13000      000      026    93000      000      00312     9300000       00000       00312     3500315     4301215     1800000       00000       00000       00000       00312    24800000       00000       00000       00000       00000       0031215     860000000       0000000       0031215    7550 000000       0 000000       0 000000       0 000000       0 000000       0            
0521310507    11000      000      007    11003    20001    80000      000      036    51000      000      00307     5300000       00000       00307     3000107    11600103    54100000       00000       00000       00000       00703     5600000       00000       00000       00000       00000       0010307    6100000000       0000000       0070301   11780 000000       0 000000       0 000000       0 000000       0 000000       0            
0521310607   141000      000      007    35010    20011    22000      000      056   123000      000      00710    53800000       00000       00710    16900711    10001011     5600000       00000       00000       00000       00710   115000000       00000       00000       00000       00000       0071011    8130000000       0000000       0071011   68780 000000       0 000000       0 000000       0 000000       0 000000       0            
0521310708   317000      000      008    95016    41015    24000      000      048   307000      000      00816   201100000       00000       00816    54200815    46001516    17500000       00000       00000       00000       00816   470900000       00000       00000       00000       00000       0081516   62860000000       0000000       0081615  489380 000000       0 000000       0 000000       0 000000       0 000000       0            
0521310805    35000      000      005    10006    10001    11000      000      056    19000      000      00506     1800000       00000       00506     1100105     2000106     1500000       00000       00000       00000       00506     4600000       00000       00000       00000       00000       0010506     220000000       0000000       0050601    1250 000000       0 000000       0 000000       0 000000       0 000000       0            
0521310907    38000      000      007    15009    21008    17000      000      078    93000      000      00709    14300000       00000       00709     4900708     4300809     8500000       00000       00000       00000       00709    28200000       00000       00000       00000       00000       0070809    2870000000       0000000       0070908   15960 000000       0 000000       0 000000       0 000000       0 000000       0            
0521311014    66000      000      014    24013    32006    42000      000      088   239000      000      01314    21900000       00000       01314     7800614    13900613    15000000       00000       00000       00000       01413    44500000       00000       00000       00000       00000       0061314    9050000000       0000000       0141306   46110 000000       0 000000       0 000000       0 000000       0 000000       0            
0521311110    60000      000      010    23009    21008    46000      000      055   209000      000      00910    20100000       00000       00910     7000810    18500809    17000000       00000       00000       00000       01009    35000000       00000       00000       00000       00000       0080910   10580000000       0000000       0100908   47550 000000       0 000000       0 000000       0 000000       0 000000       0            
0521311215    45000      000      015    20013    31014    20000      000      078   105000      000      01315    36500000       00000       01315    12201415     4901314    11300000       00000       00000       00000       01513    67200000       00000       00000       00000       00000       0131415    5500000000       0000000       0151314   30800 000000       0 000000       0 000000       0 000000       0 000000       0            
0721410107    86000      000      007    31005    15006   341000      000      034   169000      000      00507    20700000       00000       00507     8100607   195000506    68800000       00000       00000       00000       00705    40000000       00000       00000       00000       00000       0050607   65110000000       0000000       0070506  313090 000000       0 000000       0 000000       0 000000       0 000000       0            
0721410216    25000      000      016    11001    11002    17000      000      018    24000      000      00116     3200000       00000       00116     1600216     2800102     3200000       00000       00000       00000       01601     6600000       00000       00000       00000       00000       0010216     590000000       0000000       0160102    2320 000000       0 000000       0 000000       0 000000       0 000000       0            
0721410313    29000      000      013    14004   360007    17000      000      027  1286000      000      00413   400200000       00000       00413    86700713     2900407   150800000       00000       00000       00000       01304   510600000       00000       00000       00000       00000       0040713   34370000000       0000000       0130407  272460 000000       0 000000       0 000000       0 000000       0 000000       0            
0721410410    33000      000      010    13011    13014    15000      000      056    60000      000      01011     6700000       00000       01011     2601014     3301114     3500000       00000       00000       00000       01011    13100000       00000       00000       00000       00000       0101114     990000000       0000000       0101114    4260 000000       0 000000       0 000000       0 000000       0 000000       0            
0721410502   302000      000      002    45011    11010    37000      000      028   283000      000      00211    25700000       00000       00211     9000210    26601011     6500000       00000       00000       00000       00211    91600000       00000       00000       00000       00000       0021011    7880000000       0000000       0021110   84130 000000       0 000000       0 000000       0 000000       0 000000       0            
0721410605    31000      000      005    13012    13011    17000      000      048    49000      000      00512     5400000       00000       00512     2300511     3501112     3600000       00000       00000       00000       00512    10600000       00000       00000       00000       00000       0051112    1090000000       0000000       0051211    4180 000000       0 000000       0 000000       0 000000       0 000000       0            
0721410706    42000      000      006    15007    20004    49000      000      056    48000      000      00607    11200000       00000       00607     4700406     7900407    23300000       00000       00000       00000       00607    20600000       00000       00000       00000       00000       0040607    6650000000       0000000       0060704   24880 000000       0 000000       0 000000       0 000000       0 000000       0            
0721410808    13000      000      008    11001    12013    18000      000      014    23000      000      00108     2400000       00000       00108     1500813     3200113     6100000       00000       00000       00000       00801     2900000       00000       00000       00000       00000       0010813     850000000       0000000       0080113    1630 000000       0 000000       0 000000       0 000000       0 000000       0            
0721410904   241000      000      004    63007    11003    88000      000      047   263000      000      00407    21200000       00000       00407     7200304    69300307    11900000       00000       00000       00000       00407    69300000       00000       00000       00000       00000       0030407   17900000000       0000000       0040703  132670 000000       0 000000       0 000000       0 000000       0 000000       0            
0721411005    75000      000      005    32007    32008    52000      000      034   119000      000      00507    37500000       00000       00507    12600508    28700708    33900000       00000       00000       00000       00507    73400000       00000       00000       00000       00000       0050708   29670000000       0000000       0050708  134080 000000       0 000000       0 000000       0 000000       0 000000       0            
0721411103   206000      000      003    68008    61001    43000      000      036   542000      000      00308   184200000       00000       00308    36600103    39100108    44100000       00000       00000       00000       00308   364300000       00000       00000       00000       00000       0010308   89010000000       0000000       0030801  635640 000000       0 000000       0 000000       0 000000       0 000000       0            
0721411208    91000      000      008    32004    38003    23000      000      024   235000      000      00408    93300000       00000       00408    34900308    12500304    11500000       00000       00000       00000       00804   167500000       00000       00000       00000       00000       0030408   17870000000       0000000       0080403  105440 000000       0 000000       0 000000       0 000000       0 000000       0            
