0421580111   102000      000      011    21007    13004    11000      000      046   152000      000      00711    25200000       00000       00711     7600411     4700407     2200000       00000       00000       00000       01107    48700000       00000       00000       00000       00000       0040711    1430000000       0000000       0110704   12840 000000       0 000000       0 000000       0 000000       0 000000       0            
0421580203    57000      000      003    19009    15001    18000      000      037    91000      000      00309    11700000       00000       00309     4100103     4900109     3800000       00000       00000       00000       00309    22400000       00000       00000       00000       00000       0010309    1690000000       0000000       0030901   10130 000000       0 000000       0 000000       0 000000       0 000000       0            
0421580305   496000      000      005   160006    19004    44000      000      034   345000      000      00506   204600000       00000       00506    62300405   100800406    14500000       00000       00000       00000       00506   421600000       00000       00000       00000       00000       0040506   60300000000       0000000       0050604  401900 000000       0 000000       0 000000       0 000000       0 000000       0            
0421580414   341000      000      014    69013    20004    26000      000      088   547000      000      01314    67400000       00000       01314    19600414    32100413     9700000       00000       00000       00000       01413   183800000       00000       00000       00000       00000       0041314   18320000000       0000000       0141304  173700 000000       0 000000       0 000000       0 000000       0 000000       0            
0421580515   127000      000      015    36018    18009   146000      000      078   123000      000      01518    28900000       00000       01518    10800915    70800918    46800000       00000       00000       00000       01518    69200000       00000       00000       00000       00000       0091518   46360000000       0000000       0151809  251840 000000       0 000000       0 000000       0 000000       0 000000       0            
0421580615    35000      000      015    17003    37012    88000      000      028    72000      000      00315    30600000       00000       00315    12201215    46500312    70200000       00000       00000       00000       01503    47500000       00000       00000       00000       00000       0031215   58490000000       0000000       0150312  220220 000000       0 000000       0 000000       0 000000       0 000000       0            
0421580709    61000      000      009    19014    23012    21000      000      057    98000      000      00914    22500000       00000       00914     7800912     8401214     8400000       00000       00000       00000       00914    45700000       00000       00000       00000       00000       0091214    5880000000       0000000       0091412   30540 000000       0 000000       0 000000       0 000000       0 000000       0            
0421580807   115000      000      007    25004    40012    14000      000      035   370000      000      00407   105200000       00000       00407    25300712     8400412    14200000       00000       00000       00000       00704   205100000       00000       00000       00000       00000       0040712   12710000000       0000000       0070412  101110 000000       0 000000       0 000000       0 000000       0 000000       0            
0421580914    32000      000      014    13007    15009    14000      000      058    86000      000      00714     8300000       00000       00714     3300914     3700709     4400000       00000       00000       00000       01407    14900000       00000       00000       00000       00000       0070914    1380000000       0000000       0140709    7740 000000       0 000000       0 000000       0 000000       0 000000       0            
0421581016   189000      000      016    45002    32017    40000      000      018   135000      000      00216   105700000       00000       00216    32601617    26300217    19300000       00000       00000       00000       01602   213400000       00000       00000       00000       00000       0021617   31950000000       0000000       0160217  224880 000000       0 000000       0 000000       0 000000       0 000000       0            
0421581116   112000      000      016    28018    19014    15000      000      088    97000      000      01618    28000000       00000       01618     9101416     6501418     4200000       00000       00000       00000       01618    62900000       00000       00000       00000       00000       0141618    2790000000       0000000       0161814   24240 000000       0 000000       0 000000       0 000000       0 000000       0            
0421581208    32000      000      008    13002    13011    13000      000      025    64000      000      00208     7000000       00000       00208     2800811     2700211     2800000       00000       00000       00000       00802    12000000       00000       00000       00000       00000       0020811     830000000       0000000       0080211    3470 000000       0 000000       0 000000       0 000000       0 000000       0            
0521480105   120000      000      005    33004    15015    77000      000      033   243000      000      00405    23000000       00000       00405     6600515    60600415    17300000       00000       00000       00000       00504    55000000       00000       00000       00000       00000       0040515   25120000000       0000000       0050415  128560 000000       0 000000       0 000000       0 000000       0 000000       0            
0521480202    17004    43000      002    16004    21011    19000      000      024   168000      000      00204    16800000       00000       00204     6200211     6700411     8000000       00000       00000       00000       00204    12300402    20500000       00000       00000       00000       0020411    3660000000       0000000       0020411    6670 040211   11890 000000       0 000000       0 000000       0 000000       0            
0521480303    66000      000      003    16005    14001    12000      000      035   106000      000      00305    12600000       00000       00305     4400103     2700105     2500000       00000       00000       00000       00305    29800000       00000       00000       00000       00000       0010305     870000000       0000000       0030501    7450 000000       0 000000       0 000000       0 000000       0 000000       0            
0521480410   130000      000      010    21005    14016    11000      000      035   256000      000      00510    22600000       00000       00510     6401016     4500516     2200000       00000       00000       00000       01005    55500000       00000       00000       00000       00000       0051016    1320000000       0000000       0100516   14020 000000       0 000000       0 000000       0 000000       0 000000       0            
0521480503    52000      000      003    18005    26006    18000      000      035   209000      000      00305    20700000       00000       00305     6900306     5400506    11700000       00000       00000       00000       00305    42300000       00000       00000       00000       00000       0030506    5290000000       0000000       0030506   24630 000000       0 000000       0 000000       0 000000       0 000000       0            
0521480617    65000      000      017    22012    44002    18000      000      068   170000      000      01217    53300000       00000       01217    17200217     5900212    14700000       00000       00000       00000       01712    91800000       00000       00000       00000       00000       0021217    7610000000       0000000       0171202   52650 000000       0 000000       0 000000       0 000000       0 000000       0            
0521480708    36000      000      008    16004    21001    17000      000      046    61000      000      00408    18700000       00000       00408     6800108     5000104     6000000       00000       00000       00000       00804    31600000       00000       00000       00000       00000       0010408    2670000000       0000000       0080401   15270 000000       0 000000       0 000000       0 000000       0 000000       0            
0521480804    23000      000      004    11005    11007    12000      000      000      000      000      00405     2400000       00000       00405     1500407     3200507     2400000       00000       00000       00000       00405     4900000       00000       00000       00000       00000       0040507     620000000       0000000       0040507    2450 000000       0 000000       0 000000       0 000000       0 000000       0            
0521480908    15000      000      008    11006    12001    19000      000      000      000      000      00608     2600000       00000       00608     1700108     3100106     4400000       00000       00000       00000       00806     3600000       00000       00000       00000       00000       0010608     800000000       0000000       0080601    1700 000000       0 000000       0 000000       0 000000       0 000000       0            
0521481007   102000      000      007    39014    26016   132000      000      047   103000      000      00714    74100000       00000       00714    23200716    95701416    66900000       00000       00000       00000       00714   139900000       00000       00000       00000       00000       0071416  117820000000       0000000       0071416  552930 000000       0 000000       0 000000       0 000000       0 000000       0            
0521481105    34000      000      005    12001    11009    11000      000      013    40000      000      00105     3900000       00000       00105     1700509     2000109     1700000       00000       00000       00000       00501     8500000       00000       00000       00000       00000       0010509     350000000       0000000       0050109    2040 000000       0 000000       0 000000       0 000000       0 000000       0            
0521481215    28000      000      015    13010    19007    27000      000      058    41000      000      01015     8000000       00000       01015     3500715     5300710    11000000       00000       00000       00000       01510    12700000       00000       00000       00000       00000       0071015    2600000000       0000000       0151007    7470 000000       0 000000       0 000000       0 000000       0 000000       0            
0921480103    14000      000      003    10005    11006    11000      000      035    16000      000      00305     3700000       00000       00305     1500306     1500506     2900000       00000       00000       00000       00305     4300000       00000       00000       00000       00000       0030506     370000000       0000000       0030506    1100 000000       0 000000       0 000000       0 000000       0 000000       0            
0921480206    15000      000      006    11010    14004    15000      000      068    47000      000      00610     4900000       00000       00610     2000406     2100410     3600000       00000       00000       00000       00610     6200000       00000       00000       00000       00000       0040610     570000000       0000000       0061004    2130 000000       0 000000       0 000000       0 000000       0 000000       0            
0921480304   244000      000      004    29008    11011    13000      000      046   237000      000      00408    24600000       00000       00408     6500411     7900811     1800000       00000       00000       00000       00408    68300000       00000       00000       00000       00000       0040811    1710000000       0000000       0040811   24480 000000       0 000000       0 000000       0 000000       0 000000       0            
0921480411    26000      000      011    13014    21004    14000      000      067   159000      000      01114    16600000       00000       01114     5800411     2200414     8100000       00000       00000       00000       01114    23700000       00000       00000       00000       00000       0041114    1830000000       0000000       0111404    8810 000000       0 000000       0 000000       0 000000       0 000000       0            
0921480504  1134000      000      004   177006    17001    21000      000      034   416000      000      00406   200000000       00000       00406    54000104    71200106     4500000       00000       00000       00000       00406   513500000       00000       00000       00000       00000       0010406   30000000000       0000000       0040601  257570 000000       0 000000       0 000000       0 000000       0 000000       0            
0921480613   434000      000      013   122005   234011    37000      000      037  1985000      000      00513  1417100000       00000       00513   442701113    51700511   125900000       00000       00000       00000       01305  2682700000       00000       00000       00000       00000       0051113  447500000000       0000000       0130511 4327010 000000       0 000000       0 000000       0 000000       0 000000       0            
0921480701    26000      000      001    13011    50008    32000      000      018   157000      000      00111    37300000       00000       00111    12000108     7100811    36900000       00000       00000       00000       00111    48300000       00000       00000       00000       00000       0010811   10070000000       0000000       0011108   38370 000000       0 000000       0 000000       0 000000       0 000000       0            
0921480807    55000      000      007    16001    60004    11000      000      016   825000      000      00107    87000000       00000       00107    15500407     2200104     7100000       00000       00000       00000       00701   141200000       00000       00000       00000       00000       0010407    2790000000       0000000       0070104   32310 000000       0 000000       0 000000       0 000000       0 000000       0            
0921480903    53000      000      003    20004    16002    33000      000      034   117000      000      00304    12300000       00000       00304     6100203    10000204     7500000       00000       00000       00000       00304    24300000       00000       00000       00000       00000       0020304    3350000000       0000000       0030402   17000 000000       0 000000       0 000000       0 000000       0 000000       0            
0921481014   181000      000      014    37012    16013    24000      000      067   101000      000      01214    38200000       00000       01214    10801314    18201213     6500000       00000       00000       00000       01412    91600000       00000       00000       00000       00000       0121314    6950000000       0000000       0141213   57470 000000       0 000000       0 000000       0 000000       0 000000       0            
0921481101    42000      000      001    18002    73011    17000      000      012   152000      000      00102    82000000       00000       00102    23200111     4100211    16300000       00000       00000       00000       00102   123500000       00000       00000       00000       00000       0010211    7830000000       0000000       0010211   54590 000000       0 000000       0 000000       0 000000       0 000000       0            
0921481212    35000      000      012    17009    19011    31000      000      068    47000      000      00912    10000000       00000       00912     4201112    11400911    10900000       00000       00000       00000       01209    17200000       00000       00000       00000       00000       0091112    6310000000       0000000       0120911   29360 000000       0 000000       0 000000       0 000000       0 000000       0            
