0120160104    64000      000      004    15002    10001    35000      000      000      000      000      00204     3100000       00000       00204     1800104    12100102     6000000       00000       00000       00000       00402    11500000       00000       00000       00000       00000       0010204    1830000000       0000000       0040201   11120 000000       0 000000       0 000000       0 000000       0 000000       0            
0120160204   129000      000      004    26011    14009    11000      000      048   206000      000      00411    33700000       00000       00411     8900409     4600911     2000000       00000       00000       00000       00411    70300000       00000       00000       00000       00000       0040911    1660000000       0000000       0041109   17770 000000       0 000000       0 000000       0 000000       0 000000       0            
0120160310    23000      000      010    13004    13014    29000      000      036    29000      000      00410     4200000       00000       00410     1901014     5300414     6000000       00000       00000       00000       01004     6900000       00000       00000       00000       00000       0041014    1400000000       0000000       0100414    5480 000000       0 000000       0 000000       0 000000       0 000000       0            
0120160403   150000      000      003    37005    56001    19000      000      023   272000      000      00305   101800000       00000       00305    25800103     9900105    13900000       00000       00000       00000       00305   214400000       00000       00000       00000       00000       0010305   13170000000       0000000       0030501  115820 000000       0 000000       0 000000       0 000000       0 000000       0            
0120160501    21000      000      001    11007    12003    16000      000      000      000      000      00107     4400000       00000       00107     1900103     3300307     3900000       00000       00000       00000       00107     7300000       00000       00000       00000       00000       0010307    1020000000       0000000       0010703    3110 000000       0 000000       0 000000       0 000000       0 000000       0            
0120160606    47000      000      006    16010    12004    16000      000      046    54000      000      00610     5900000       00000       00610     2300406     4600410     3000000       00000       00000       00000       00610    12900000       00000       00000       00000       00000       0040610    1050000000       0000000       0061004    5010 000000       0 000000       0 000000       0 000000       0 000000       0            
0120160705    28000      000      005    12007    17010    12000      000      045   129000      000      00507    14800000       00000       00507     4200510     2300710     3600000       00000       00000       00000       00507    23600000       00000       00000       00000       00000       0050710    1380000000       0000000       0050710    8080 000000       0 000000       0 000000       0 000000       0 000000       0            
0120160808    62000      000      008    31005    18004    19000      000      058    67000      000      00508    24300000       00000       00508     7100408    10400405     4500000       00000       00000       00000       00805    57900000       00000       00000       00000       00000       0040508    4230000000       0000000       0080504   28530 000000       0 000000       0 000000       0 000000       0 000000       0            
0120160908    43000      000      008    13004    12007    30000      000      046    43000      000      00408     4700000       00000       00408     2100708     9800407     7700000       00000       00000       00000       00804    11200000       00000       00000       00000       00000       0040708    2460000000       0000000       0080407   11080 000000       0 000000       0 000000       0 000000       0 000000       0            
0120161001    44000      000      001    15002    16004    28000      000      012   134000      000      00102     9600000       00000       00102     3900104     6900204     7400000       00000       00000       00000       00102    20300000       00000       00000       00000       00000       0010204    3070000000       0000000       0010204   13290 000000       0 000000       0 000000       0 000000       0 000000       0            
0120161113    30000      000      013    14008    15010    26000      000      058    80000      000      00813     9000000       00000       00813     3801013     7300810     6300000       00000       00000       00000       01308    15600000       00000       00000       00000       00000       0081013    2680000000       0000000       0130810    9480 000000       0 000000       0 000000       0 000000       0 000000       0            
0120161209    24000      000      009    11008    23001    33007    54000      045   116000      000      00809    16400000       00000       00809     3400109     5300709    10000108    17300708    24500000       00000       00908    25600000       00000       00000       00000       00000       0010809    4320070809    7510000000       0090801   15000 090807   26510 000000       0 000000       0 000000       0 000000       0            
0420260105   131000      000      005    34014    91004    25000      000      037    70000      000      00514   166300000       00000       00514    39200405    11100414    29400000       00000       00000       00000       00514   326500000       00000       00000       00000       00000       0040514   28140000000       0000000       0051404  232490 000000       0 000000       0 000000       0 000000       0 000000       0            
0420260211   343000      000      011    75009    72013    21000      000      056   562000      000      00911   493400000       00000       00911    88801113    24300913    23100000       00000       00000       00000       01109  1028500000       00000       00000       00000       00000       0091113   79230000000       0000000       0110913  807370 000000       0 000000       0 000000       0 000000       0 000000       0            
0420260304    45000      000      004    23003   114008   306000      000      022  1117000      000      00304   102700000       00000       00304    32200408   128200308   335000000       00000       00000       00000       00403   164400000       00000       00000       00000       00000       0030408  401260000000       0000000       0040308 1859290 000000       0 000000       0 000000       0 000000       0 000000       0            
0420260404   360000      000      004    74010    18007    25000      000      036   325000      000      00410    77500000       00000       00410    18300407    27500710     6100000       00000       00000       00000       00410   225800000       00000       00000       00000       00000       0040710   16420000000       0000000       0041007  184320 000000       0 000000       0 000000       0 000000       0 000000       0            
0420260514    74000      000      014    28002    25008    20000      000      028    45000      000      00214    37000000       00000       00214    15400814     7300208     8400000       00000       00000       00000       01402    59400000       00000       00000       00000       00000       0020814    4800000000       0000000       0140208   35370 000000       0 000000       0 000000       0 000000       0 000000       0            
0420260609    38000      000      009    17008    19014    86000      000      045    80000      000      00809     8800000       00000       00809     4300914    25000814    33400000       00000       00000       00000       00908    15900000       00000       00000       00000       00000       0080914   13320000000       0000000       0090814   47770 000000       0 000000       0 000000       0 000000       0 000000       0            
0420260715    81000      000      015    27011    38006    55000      000      068   408000      000      01115    63600000       00000       01115    19800615    24000611    34200000       00000       00000       00000       01511   128800000       00000       00000       00000       00000       0061115   29630000000       0000000       0151106  185220 000000       0 000000       0 000000       0 000000       0 000000       0            
0420260802    78000      000      002    29004    36003    20000      000      024   340000      000      00204    69700000       00000       00204    20000203     7700304    12900000       00000       00000       00000       00204   115300000       00000       00000       00000       00000       0020304    8620000000       0000000       0020403   63390 000000       0 000000       0 000000       0 000000       0 000000       0            
0420260918    25000      000      018    14016    31015    68000      000      088    79000      000      01618    13900000       00000       01618     6801518    14501516    27100000       00000       00000       00000       01816    17900000       00000       00000       00000       00000       0151618    9540000000       0000000       0181615   29500 000000       0 000000       0 000000       0 000000       0 000000       0            
0420261009    68000      000      009    23003    33010    11000      000      036    52000      000      00309    66200000       00000       00309    17200910     4200310     6600000       00000       00000       00000       00903   124600000       00000       00000       00000       00000       0030910    3580000000       0000000       0090310   40370 000000       0 000000       0 000000       0 000000       0 000000       0            
0420261101   223000      000      001    55007    20002    32000      000      014   318000      000      00107    50600000       00000       00107    16500102    26200207    10300000       00000       00000       00000       00107   128000000       00000       00000       00000       00000       0010207   14320000000       0000000       0010702  122050 000000       0 000000       0 000000       0 000000       0 000000       0            
0420261208   101000      000      008    32012    16002    82000      000      046   182000      000      00812    18200000       00000       00812     7700208    51700212    22500000       00000       00000       00000       00812    44800000       00000       00000       00000       00000       0020812   21590000000       0000000       0081202  112490 000000       0 000000       0 000000       0 000000       0 000000       0            
