0120280116    39000      000      016    20010    63001    81000      000      058   288000      000      01016    59900000       00000       01016    24300116    38400110   129800000       00000       00000       00000       01610    95000000       00000       00000       00000       00000       0011016   87790000000       0000000       0161001  321030 000000       0 000000       0 000000       0 000000       0 000000       0            
0120280212    47000      000      012    18013    21003    47000      000      067    83000      000      01213    12600000       00000       01213     5100312    13000313    19400000       00000       00000       00000       01213    23200000       00000       00000       00000       00000       0031213    7100000000       0000000       0121303   27590 000000       0 000000       0 000000       0 000000       0 000000       0            
0120280305    35000      000      005    18011    33004    79000      000      058    38000      000      00511    17800000       00000       00511     7600405    19500411    33500000       00000       00000       00000       00511    31000000       00000       00000       00000       00000       0040511   19120000000       0000000       0051104   66540 000000       0 000000       0 000000       0 000000       0 000000       0            
0120280411    85000      000      011    19008    32009    16000      000      057    82000      000      00811    43600000       00000       00811    13400911     4700809     7600000       00000       00000       00000       01108    79000000       00000       00000       00000       00000       0080911    4420000000       0000000       0110809   35680 000000       0 000000       0 000000       0 000000       0 000000       0            
0120280503   169000      000      003    38009    19006   119000      000      025    85000      000      00309    36500000       00000       00309     9900306    87000609    36000000       00000       00000       00000       00309    78300000       00000       00000       00000       00000       0030609   34310000000       0000000       0030906  165480 000000       0 000000       0 000000       0 000000       0 000000       0            
0120280612    45000      000      012    22010   100001    39000      000      056   471000      000      01012    86300000       00000       01012    28500112     9700110    24600000       00000       00000       00000       01210   126800000       00000       00000       00000       00000       0011012   18680000000       0000000       0121001   98440 000000       0 000000       0 000000       0 000000       0 000000       0            
0120280705    23000      000      005    13008    21007    25000      000      045    48000      000      00508     9600000       00000       00508     4200507     5300708    10200000       00000       00000       00000       00508    12700000       00000       00000       00000       00000       0050708    2950000000       0000000       0050807   10610 000000       0 000000       0 000000       0 000000       0 000000       0            
0120280808   136000      000      008    48006    29005    72000      000      045   357000      000      00608    48700000       00000       00608    24700508    79600506    43100000       00000       00000       00000       00806   106000000       00000       00000       00000       00000       0050608   71900000000       0000000       0080605  288240 000000       0 000000       0 000000       0 000000       0 000000       0            
0120280909   898000      000      009   142008    21013    19000      000      056   694000      000      00809   228900000       00000       00809    50500913    57300813     5400000       00000       00000       00000       00908   658600000       00000       00000       00000       00000       0080913   28760000000       0000000       0090813  400210 000000       0 000000       0 000000       0 000000       0 000000       0            
0120281002   319000      000      002    62016    51010    24000      000      018  1040000      000      00216   242600000       00000       00216    57800210    30401016    23800000       00000       00000       00000       00216   546900000       00000       00000       00000       00000       0021016   57600000000       0000000       0021610  461000 000000       0 000000       0 000000       0 000000       0 000000       0            
0120281105    27000      000      005    13003    30006    25000      000      034   112000      000      00305    14300000       00000       00305     6100506     5100306    15000000       00000       00000       00000       00503    21500000       00000       00000       00000       00000       0030506    3700000000       0000000       0050306   13890 000000       0 000000       0 000000       0 000000       0 000000       0            
0120281213    76000      000      013    33004    98009    42000      000      048   430000      000      00413    93800000       00000       00413    21400913    10700409    32300000       00000       00000       00000       01304   175000000       00000       00000       00000       00000       0040913   26140000000       0000000       0130409  151020 000000       0 000000       0 000000       0 000000       0 000000       0            
0420380110    27000      000      010    16012    21018    78000      000      056    74000      000      01012    10100000       00000       01012     4501018    16101218    26500000       00000       00000       00000       01012    14700000       00000       00000       00000       00000       0101218    7120000000       0000000       0101218   20230 000000       0 000000       0 000000       0 000000       0 000000       0            
0420380206    41000      000      006    14012    13005    19000      000      058    37000      000      00612     6200000       00000       00612     2700506     4400512     3700000       00000       00000       00000       00612    12000000       00000       00000       00000       00000       0050612    1040000000       0000000       0061205    4750 000000       0 000000       0 000000       0 000000       0 000000       0            
0420380314    44000      000      014    18012    39013    25000      000      078   112000      000      01214    32500000       00000       01214    11001314     9501213    20500000       00000       00000       00000       01412    47400000       00000       00000       00000       00000       0121314    7530000000       0000000       0141213   40920 000000       0 000000       0 000000       0 000000       0 000000       0            
0420380402    56000      000      002    17015    23001    32000      000      028    94000      000      00215    20100000       00000       00215     7700102     9600115    17500000       00000       00000       00000       00215    33900000       00000       00000       00000       00000       0010215    6920000000       0000000       0021501   34690 000000       0 000000       0 000000       0 000000       0 000000       0            
0420380517    49000      000      017    20018    62014   126000      000      088    99000      000      01718    61500000       00000       01718    16801417    41601418   100000000       00000       00000       00000       01718   102100000       00000       00000       00000       00000       0141718   63550000000       0000000       0171814  277830 000000       0 000000       0 000000       0 000000       0 000000       0            
0420380604    90000      000      004    26014    28012    29000      000      027    38000      000      00414    27600000       00000       00414    13300412    12901214    14400000       00000       00000       00000       00414    58500000       00000       00000       00000       00000       0041214    9840000000       0000000       0041412   50120 000000       0 000000       0 000000       0 000000       0 000000       0            
0420380703   193000      000      003    60008    57002    54000      000      036   824000      000      00308    91400000       00000       00308    18600203    13500208    10800000       00000       00000       00000       00308   189800000       00000       00000       00000       00000       0020308   17990000000       0000000       0030802  146980 000000       0 000000       0 000000       0 000000       0 000000       0            
0420380801    18003   129000      001    14003    49004    14000      000      000      000      000      00103    63000000       00000       00103    14000104     2700304    16900000       00000       00000       00000       00103    43300301    89600000       00000       00000       00000       0010304    4970000000       0000000       0010304   17110 030104   35910 000000       0 000000       0 000000       0 000000       0            
0420380903    38000      000      003    18002    20013    27000      000      023   139000      000      00203    13300000       00000       00203     5600313     9300213     9900000       00000       00000       00000       00302    21500000       00000       00000       00000       00000       0020313    4010000000       0000000       0030213   15230 000000       0 000000       0 000000       0 000000       0 000000       0            
0420381002    95000      000      002    29014    31005    69000      000      028    89000      000      00214    41200000       00000       00214    13600205    38600514    35300000       00000       00000       00000       00214   104300000       00000       00000       00000       00000       0020514   53530000000       0000000       0021405  280680 000000       0 000000       0 000000       0 000000       0 000000       0            
0420381117    50000      000      017    18005    25016    28000      000      038   138000      000      00517    18900000       00000       00517     7101617     6800516    14000000       00000       00000       00000       01705    33300000       00000       00000       00000       00000       0051617    6770000000       0000000       0170516   32940 000000       0 000000       0 000000       0 000000       0 000000       0            
0420381218    61000      000      018    22008    20017    18000      000      048   104000      000      00818    22400000       00000       00818     8001718     5200817     6200000       00000       00000       00000       01808    38200000       00000       00000       00000       00000       0081718    2880000000       0000000       0180817   19320 000000       0 000000       0 000000       0 000000       0 000000       0            
1020280106    19000      000      006    11005    11003    14000      000      056    27000      000      00506     2900000       00000       00506     1500306     2600305     3800000       00000       00000       00000       00605     4400000       00000       00000       00000       00000       0030506     540000000       0000000       0060503    1380 000000       0 000000       0 000000       0 000000       0 000000       0            
1020280207    30000      000      007    13014    14006    18000      000      047    53000      000      00714     6300000       00000       00714     2700607     4900614     5800000       00000       00000       00000       00714    12000000       00000       00000       00000       00000       0060714    1610000000       0000000       0071406    6500 000000       0 000000       0 000000       0 000000       0 000000       0            
1020280316    46000      000      016    17001    41012    19000      000      018   176000      000      00116    36000000       00000       00116    12501216     4300112    13900000       00000       00000       00000       01601    55900000       00000       00000       00000       00000       0011216    4810000000       0000000       0160112   28880 000000       0 000000       0 000000       0 000000       0 000000       0            
1020280405    60000      000      005    22009    54004    91000      000      046   382000      000      00509    62500000       00000       00509    17000405    33400409    79100000       00000       00000       00000       00509   118600000       00000       00000       00000       00000       0040509   64350000000       0000000       0050904  280990 000000       0 000000       0 000000       0 000000       0 000000       0            
1020280510    37000      000      010    17009    19014   205000      000      055   119000      000      00910    11600000       00000       00910     5701014    70500914   107200000       00000       00000       00000       01009    18900000       00000       00000       00000       00000       0091014   56740000000       0000000       0100914  173200 000000       0 000000       0 000000       0 000000       0 000000       0            
1020280614  1890000      000      014   339003    11001    38000      000      028   157000      000      00314   158600000       00000       00314    52400114   197400103     5400000       00000       00000       00000       01403   430000000       00000       00000       00000       00000       0010314   43610000000       0000000       0140301  503900 000000       0 000000       0 000000       0 000000       0 000000       0            
1020280702    35000      000      002    18010    23008    48000      000      026    72000      000      00210    20900000       00000       00210     7600208    19400810    15400000       00000       00000       00000       00210    32600000       00000       00000       00000       00000       0020810   10620000000       0000000       0021008   42800 000000       0 000000       0 000000       0 000000       0 000000       0            
1020280802    23000      000      002    13009    13001    38000      000      027    27000      000      00209     3300000       00000       00209     1800102     8300109    12100000       00000       00000       00000       00209     5600000       00000       00000       00000       00000       0010209    2020000000       0000000       0020901    5470 000000       0 000000       0 000000       0 000000       0 000000       0            
1020280910    43000      000      010    14004    14005    17000      000      048    55000      000      00410     6600000       00000       00410     3400510     4100405     4300000       00000       00000       00000       01004    14700000       00000       00000       00000       00000       0040510    1140000000       0000000       0100405    6230 000000       0 000000       0 000000       0 000000       0 000000       0            
1020281006    58000      000      006    19002    22005    37000      000      000      000      000      00206    13300000       00000       00206     5100506    10300205    13500000       00000       00000       00000       00602    27400000       00000       00000       00000       00000       0020506    6010000000       0000000       0060205   27530 000000       0 000000       0 000000       0 000000       0 000000       0            
1020281108    63000      000      008    16009    11002    21000      000      078    32000      000      00809     4700000       00000       00809     2400208     6800209     3300000       00000       00000       00000       00809    13300000       00000       00000       00000       00000       0020809    1080000000       0000000       0080902    6280 000000       0 000000       0 000000       0 000000       0 000000       0            
1020281210    28000      000      010    17011   215004    95000      000      066   957000      000      01011   104300000       00000       01011    35400410    28900411   282600000       00000       00000       00000       01011   134500000       00000       00000       00000       00000       0041011  118720000000       0000000       0101104  403800 000000       0 000000       0 000000       0 000000       0 000000       0            
