0521160116   477000      000      016   112009    40005    24000      000      058    75000      000      00916   291800000       00000       00916    63500516    34800509    13600000       00000       00000       00000       01609   615300000       00000       00000       00000       00000       0050916   43340000000       0000000       0160905  470550 000000       0 000000       0 000000       0 000000       0 000000       0            
0521160210    55000      000      010    20003    24006    23000      000      025   214000      000      00310    21700000       00000       00310     8000610     6000306     6900000       00000       00000       00000       01003    37400000       00000       00000       00000       00000       0030610    3790000000       0000000       0100306   24890 000000       0 000000       0 000000       0 000000       0 000000       0            
0521160305    84000      000      005    28003    59009    16000      000      023   521000      000      00305   108200000       00000       00305    34300509     6200309    18300000       00000       00000       00000       00503   189700000       00000       00000       00000       00000       0030509   11320000000       0000000       0050309   84230 000000       0 000000       0 000000       0 000000       0 000000       0            
0521160412    20000      000      012    12007   132002    31000      000      046   508000      000      00712    60800000       00000       00712    16600212     5600207   102000000       00000       00000       00000       01207    79200000       00000       00000       00000       00000       0020712   16950000000       0000000       0120702   69690 000000       0 000000       0 000000       0 000000       0 000000       0            
0521160506    75000      000      006    37016    30012    34000      000      038   257000      000      00616    26400000       00000       00616     6600612     6301216     5200000       00000       00000       00000       00616    45000000       00000       00000       00000       00000       0061216    4440000000       0000000       0061612   22010 000000       0 000000       0 000000       0 000000       0 000000       0            
0521160611    29000      000      011    12003    13014    19000      000      037    24000      000      00311     2900000       00000       00311     1801114     3400314     4800000       00000       00000       00000       01103     4700000       00000       00000       00000       00000       0031114     870000000       0000000       0110314    3150 000000       0 000000       0 000000       0 000000       0 000000       0            
0521160703    15000      000      003    11006    21011    30000      000      035    42000      000      00306     7100000       00000       00306     3300311     5300611    16500000       00000       00000       00000       00306     8000000       00000       00000       00000       00000       0030611    2910000000       0000000       0030611    6550 000000       0 000000       0 000000       0 000000       0 000000       0            
0521160802   198000      000      002    28006    13009    14000      000      025   120000      000      00206    20600000       00000       00206     6800209     8600609     2500000       00000       00000       00000       00206    60200000       00000       00000       00000       00000       0020609    2300000000       0000000       0020609   23420 000000       0 000000       0 000000       0 000000       0 000000       0            
0521160909    17000      000      009    11013   112006    29000      000      057    67000      000      00913    49700000       00000       00913    22800609     5100613    87400000       00000       00000       00000       00913    72900000       00000       00000       00000       00000       0060913   19340000000       0000000       0091306   77220 000000       0 000000       0 000000       0 000000       0 000000       0            
0521161002    82000      000      002    23009    15008    80000      000      015    41000      000      00209     9800000       00000       00209     4900208    40700809    20900000       00000       00000       00000       00209    23500000       00000       00000       00000       00000       0020809   13520000000       0000000       0020908   62280 000000       0 000000       0 000000       0 000000       0 000000       0            
0521161107    68000      000      007    22009    63011    21000      000      067   355000      000      00709    81200000       00000       00709    22000711     6100911    19300000       00000       00000       00000       00709   115300000       00000       00000       00000       00000       0070911   10520000000       0000000       0070911   67820 000000       0 000000       0 000000       0 000000       0 000000       0            
0521161209    39000      000      009    19011    33014    26000      000      056    72000      000      00911    21700000       00000       00911     8600914     5901114    13800000       00000       00000       00000       00911    37300000       00000       00000       00000       00000       0091114    4850000000       0000000       0091114   24330 000000       0 000000       0 000000       0 000000       0 000000       0            
0921120103   126000      000      003    40008    18014    29000      000      024   258000      000      00308    21200000       00000       00308     5900314    13900814     7500000       00000       00000       00000       00308    66700000       00000       00000       00000       00000       0030814    6550000000       0000000       0030814   46550 000000       0 000000       0 000000       0 000000       0 000000       0            
0921120208    45000      000      008    17005    34007    25000      000      046   125000      000      00508    28000000       00000       00508    10300708     6400507    13200000       00000       00000       00000       00805    48200000       00000       00000       00000       00000       0050708    5170000000       0000000       0080507   29200 000000       0 000000       0 000000       0 000000       0 000000       0            
0921120310    38000      000      010    13001    15008    16000      000      015    78000      000      00110     9500000       00000       00110     3500810     4200108     4500000       00000       00000       00000       01001    18600000       00000       00000       00000       00000       0010810    1710000000       0000000       0100108    8840 000000       0 000000       0 000000       0 000000       0 000000       0            
0921120404   261000      000      004    47010    14011    62000      000      025    67000      000      00410    25800000       00000       00410     9600411    68401011    11900000       00000       00000       00000       00410    78600000       00000       00000       00000       00000       0041011   20360000000       0000000       0041011  176350 000000       0 000000       0 000000       0 000000       0 000000       0            
0921120504    78000      000      004    30010    17014   315000      000      025    36000      000      00410    15700000       00000       00410     5900414   144901014    79300000       00000       00000       00000       00410    35800000       00000       00000       00000       00000       0041014   69140000000       0000000       0041014  308140 000000       0 000000       0 000000       0 000000       0 000000       0            
0921120612    47000      000      012    30005    30009    34000      000      058   106000      000      00512    14600000       00000       00512     4600912     5900509     6100000       00000       00000       00000       01205    25800000       00000       00000       00000       00000       0050912    2490000000       0000000       0120509   13700 000000       0 000000       0 000000       0 000000       0 000000       0            
0921120702    19000      000      002    11006    12003    14000      000      000      000      000      00206     3500000       00000       00206     1500203     2300306     3100000       00000       00000       00000       00206     5000000       00000       00000       00000       00000       0020306     570000000       0000000       0020603    1460 000000       0 000000       0 000000       0 000000       0 000000       0            
0921120801    41000      000      001    19007    21004    63000      000      000      000      000      00107    21900000       00000       00107     6900104    14500407    26500000       00000       00000       00000       00107    32300000       00000       00000       00000       00000       0010407   14750000000       0000000       0010704   43660 000000       0 000000       0 000000       0 000000       0 000000       0            
0921120905   142000      000      005    44007    23006   107000      000      057   461000      000      00507    43700000       00000       00507    11200506    40800607    30300000       00000       00000       00000       00507    99000000       00000       00000       00000       00000       0050607   28480000000       0000000       0050706  223290 000000       0 000000       0 000000       0 000000       0 000000       0            
0921121005    31000      000      005    13014    13004    18000      000      038    29000      000      00514     5000000       00000       00514     2400405     4100414     4400000       00000       00000       00000       00514    10400000       00000       00000       00000       00000       0040514     900000000       0000000       0051404    3510 000000       0 000000       0 000000       0 000000       0 000000       0            
0921121104    18000      000      004    11002    15009    21000      000      024    64000      000      00204     5700000       00000       00204     2500409     3900209     6100000       00000       00000       00000       00402     8400000       00000       00000       00000       00000       0020409    1680000000       0000000       0040209    5190 000000       0 000000       0 000000       0 000000       0 000000       0            
0921121206   227000      000      006    56014    49008    23000      000      048   922000      000      00614   192300000       00000       00614    42200608    15000814    17100000       00000       00000       00000       00614   353600000       00000       00000       00000       00000       0060814   30950000000       0000000       0061408  261520 000000       0 000000       0 000000       0 000000       0 000000       0            
1021220111   166000      000      011    74009    94001   112000      000      056   825000      000      00911    88000000       00000       00911    21500111    21500109    27400000       00000       00000       00000       01109   210500000       00000       00000       00000       00000       0010911   29160000000       0000000       0110901  161690 000000       0 000000       0 000000       0 000000       0 000000       0            
1021220202   122000      000      002    38015    15018    39000      000      017    95000      000      00215    22000000       00000       00215     8300218    30201518    10100000       00000       00000       00000       00215    50700000       00000       00000       00000       00000       0021518   10700000000       0000000       0021518   72330 000000       0 000000       0 000000       0 000000       0 000000       0            
1021220302    36000      000      002    15004    16001    18000      000      024    94000      000      00204     8300000       00000       00204     3500102     4700104     3500000       00000       00000       00000       00204    16200000       00000       00000       00000       00000       0010204    1180000000       0000000       0020401    6390 000000       0 000000       0 000000       0 000000       0 000000       0            
1021220412    57000      000      012    17004    25007    16000      000      048   351000      000      00412    30000000       00000       00412     6000712     4600407     8000000       00000       00000       00000       01204    53700000       00000       00000       00000       00000       0040712    3540000000       0000000       0120407   26370 000000       0 000000       0 000000       0 000000       0 000000       0            
1021220507    26000      000      007    13012    19011   111000      000      058    69000      000      00712    10000000       00000       00712     3600711    20201112    57600000       00000       00000       00000       00712    16400000       00000       00000       00000       00000       0071112   12720000000       0000000       0071211   35390 000000       0 000000       0 000000       0 000000       0 000000       0            
1021220604   319000      000      004    38007    17008    20000      000      024   232000      000      00407    50100000       00000       00407    15600408    19300708     5200000       00000       00000       00000       00407   120800000       00000       00000       00000       00000       0040708    9880000000       0000000       0040708   83580 000000       0 000000       0 000000       0 000000       0 000000       0            
1021220708    16000      000      008    11007    16006    20000      000      067    33000      000      00708     3600000       00000       00708     2200608     4000607     8300000       00000       00000       00000       00807     5000000       00000       00000       00000       00000       0060708    1390000000       0000000       0080706    3560 000000       0 000000       0 000000       0 000000       0 000000       0            
1021220802   152000      000      002    42006    19001    32000      000      025   270000      000      00206    52600000       00000       00206    19800102    24400106     9400000       00000       00000       00000       00206   103900000       00000       00000       00000       00000       0010206   15370000000       0000000       0020601  107520 000000       0 000000       0 000000       0 000000       0 000000       0            
1021220907    71000      000      007    21010    34012    16000      000      046   200000      000      00710    43400000       00000       00710    14500712     5401012     8200000       00000       00000       00000       00710    87900000       00000       00000       00000       00000       0071012    4160000000       0000000       0071012   32350 000000       0 000000       0 000000       0 000000       0 000000       0            
1021221009   279000      000      009    67006    17002    21000      000      057   117000      000      00609    54400000       00000       00609    15300209    22700206     4600000       00000       00000       00000       00906   143500000       00000       00000       00000       00000       0020609    9100000000       0000000       0090602   76510 000000       0 000000       0 000000       0 000000       0 000000       0            
1021221114    97000      000      014    31004    19015    38000      000      027   127000      000      00414    23200000       00000       00414     9001415    21900415    11700000       00000       00000       00000       01404    52000000       00000       00000       00000       00000       0041415   11820000000       0000000       0140415   71770 000000       0 000000       0 000000       0 000000       0 000000       0            
1021221204    20000      000      004    12003    20008    17000      000      034   103000      000      00304    11200000       00000       00304     4100408     3100308     7000000       00000       00000       00000       00403    15200000       00000       00000       00000       00000       0030408    2010000000       0000000       0040308    7270 000000       0 000000       0 000000       0 000000       0 000000       0            
