0125210108    11000      000      008    10003    20002    36000      000      000      000      000      00308     6200000       00000       00308     2800208     6200203    19500000       00000       00000       00000       00803     6800000       00000       00000       00000       00000       0020308    2670000000       0000000       0080302     5290000000        0000000        0000000        0000000        0000000        0           
0125210203    89000      000      003    23005    25007    21000      000      035    72000      000      00305    28500000       00000       00305    10300307     7700507     9500000       00000       00000       00000       00305    57500000       00000       00000       00000       00000       0030507    5810000000       0000000       0030507    38840000000        0000000        0000000        0000000        0000000        0           
0125210301    49000      000      001    19005    19014    60000      000      013   121000      000      00105    12300000       00000       00105     5000114    14900514    12600000       00000       00000       00000       00105    19600000       00000       00000       00000       00000       0010514    6680000000       0000000       0010514    31310000000        0000000        0000000        0000000        0000000        0           
0125210408    80000      000      008    24004    31012    18000      000      035   399000      000      00408    45400000       00000       00408    13500812     4700412     9000000       00000       00000       00000       00804    70000000       00000       00000       00000       00000       0040812    4540000000       0000000       0080412    32420000000        0000000        0000000        0000000        0000000        0           
0125210504    12000      000      004    10005    23008    15000      000      045   109000      000      00405    10400000       00000       00405     4000408     2400508    10200000       00000       00000       00000       00405    12000000       00000       00000       00000       00000       0040508    2060000000       0000000       0040508     5930000000        0000000        0000000        0000000        0000000        0           
0125210609    51000      000      009    16010    45003    13000      000      066   523000      000      00910    46100000       00000       00910    11500309     3000310    11900000       00000       00000       00000       00910    72300000       00000       00000       00000       00000       0030910    5150000000       0000000       0091003    36650000000        0000000        0000000        0000000        0000000        0           
0125210704    22000      000      004    11007    86011   237000      000      035   196000      000      00407    65600000       00000       00407    14200411    47900711   335200000       00000       00000       00000       00407    92700000       00000       00000       00000       00000       0040711  115030000000       0000000       0040711   405710000000        0000000        0000000        0000000        0000000        0           
0125210808   217000      000      008    36004    15002    14000      000      048   133000      000      00408    24800000       00000       00408     8300208     8700204     3300000       00000       00000       00000       00804    77400000       00000       00000       00000       00000       0020408    3240000000       0000000       0080402    37200000000        0000000        0000000        0000000        0000000        0           
0125210906    66000      000      006    21007    67008   191000      000      067  1088000      000      00607   101000000       00000       00607    20200608    49700708    81700000       00000       00000       00000       00607   154400000       00000       00000       00000       00000       0060708   75830000000       0000000       0060708   348530000000        0000000        0000000        0000000        0000000        0           
0125211014    78000      000      014    18002    33004    13000      000      028   726000      000      00214    94500000       00000       00214    20200414     3800204     7100000       00000       00000       00000       01402   156500000       00000       00000       00000       00000       0020414    4930000000       0000000       0140204    51630000000        0000000        0000000        0000000        0000000        0           
0125211104   208000      000      004    48003    18005    48000      000      033   462000      000      00304    41700000       00000       00304    14100405    34800305    11700000       00000       00000       00000       00403    96800000       00000       00000       00000       00000       0030405   14130000000       0000000       0040305    87200000000        0000000        0000000        0000000        0000000        0           
0125211207    25000      000      007    15001    22000      000      000      000      000      000      00107     6900000       00000       00107     2000207     1300102     2200000       00000       00000       00000       00701    12300000       00000       00000       00000       00000       0010207     390000000       0000000       0070102     2440000000        0000000        0000000        0000000        0000000        0           
0425310104    15000      000      004    11002    14000      000      000      000      000      000      00204     3000000       00000       00204     1500405     3300205     8100000       00000       00000       00000       00402     5400000       00000       00000       00000       00000       0020405    1340000000       0000000       0040205     2620000000        0000000        0000000        0000000        0000000        0           
0425310204   190000      000      004    58012    47007    57000      000      037   390000      000      00412   135600000       00000       00412    42100407    34700712    27600000       00000       00000       00000       00412   285300000       00000       00000       00000       00000       0040712   50520000000       0000000       0041207   326220000000        0000000        0000000        0000000        0000000        0           
0425310315    75000      000      015    23009    14014    17000      000      057    56000      000      00915    17300000       00000       00915     7001415    10200914     3800000       00000       00000       00000       01509    35400000       00000       00000       00000       00000       0091415    2750000000       0000000       0150914    15700000000        0000000        0000000        0000000        0000000        0           
0425310408    23000      000      008    11007    11009    19000      000      044    22000      000      00708     2000000       00000       00708     1300809     4300709     3800000       00000       00000       00000       00807     4300000       00000       00000       00000       00000       0070809     630000000       0000000       0080709     2100000000        0000000        0000000        0000000        0000000        0           
0425310504    86000      000      004    25003    17011    32000      000      034   106000      000      00304    17500000       00000       00304     6900411    11300311    10400000       00000       00000       00000       00403    38900000       00000       00000       00000       00000       0030411    5550000000       0000000       0040311    26870000000        0000000        0000000        0000000        0000000        0           
0425310609    43000      000      009    17014    17012    22000      000      058    69000      000      00914    10000000       00000       00914     4000912     5101214     5800000       00000       00000       00000       00914    20300000       00000       00000       00000       00000       0091214    2220000000       0000000       0091412     8480000000        0000000        0000000        0000000        0000000        0           
0425310711   177000      000      011    33001    13008    17000      000      018   126000      000      00111    24100000       00000       00111     7700811     9300108     2600000       00000       00000       00000       01101    56600000       00000       00000       00000       00000       0010811    2890000000       0000000       0110108    26100000000        0000000        0000000        0000000        0000000        0           
0425310811    27000      000      011    13003    17005    13000      000      038    68000      000      00311     7500000       00000       00311     3100511     2500305     3500000       00000       00000       00000       01103    10800000       00000       00000       00000       00000       0030511    1080000000       0000000       0110305     3610000000        0000000        0000000        0000000        0000000        0           
0425310911   499000      000      011   185001    41005    23000      000      016  1482000      000      00111   255400000       00000       00111    54300511    52100105     9500000       00000       00000       00000       01101   466700000       00000       00000       00000       00000       0010511   44350000000       0000000       0110105   507130000000        0000000        0000000        0000000        0000000        0           
0425311011   322000      000      011    82015    32017    37000      000      068   370000      000      01115   152200000       00000       01115    40701117    38601517    19500000       00000       00000       00000       01115   340300000       00000       00000       00000       00000       0111517   54960000000       0000000       0111517   419360000000        0000000        0000000        0000000        0000000        0           
0425311101    34000      000      001    15005    27004    17000      000      015   107000      000      00105    28200000       00000       00105     9700104     2900405     7100000       00000       00000       00000       00105    42500000       00000       00000       00000       00000       0010405    2810000000       0000000       0010504    16490000000        0000000        0000000        0000000        0000000        0           
0425311210    27011    23000      010    19011    17008    29000      000      078    97000      000      01011     8700000       00000       01011     3500810     8100811     6400000       00000       00000       00000       01011     9301110     8300000       00000       00000       00000       0081011    2220000000       0000000       0101108     6010111008     4920000000        0000000        0000000        0000000        0           
0725410105    27000      000      005    19001    88000      000      000      000      000      000      00105    18100000       00000       00105     3500205     1200102     2800000       00000       00000       00000       00501    23300000       00000       00000       00000       00000       0010205     610000000       0000000       0050102     5120000000        0000000        0000000        0000000        0000000        0           
0725410202   272000      000      002    95009   132010    67000      000      015   225000      000      00209   387100000       00000       00209    83100210    44500910    50300000       00000       00000       00000       00209   799700000       00000       00000       00000       00000       0020910  122240000000       0000000       0020910   818630000000        0000000        0000000        0000000        0000000        0           
0725410304    32000      000      004    14008    15003    14000      000      048    85000      000      00408     9000000       00000       00408     3200304     2100308     2100000       00000       00000       00000       00408    14300000       00000       00000       00000       00000       0030408     710000000       0000000       0040803     4330000000        0000000        0000000        0000000        0000000        0           
0725410412    56000      000      012    25002    56005    39000      000      016   313000      000      00212    44100000       00000       00212    18600512    12700205    17200000       00000       00000       00000       01202    82300000       00000       00000       00000       00000       0020512   11590000000       0000000       0120205    57930000000        0000000        0000000        0000000        0000000        0           
0725410510   335000      000      010    24008    11004    12000      000      078   210000      000      00810    41900000       00000       00810     8600410    13100408     2100000       00000       00000       00000       01008   110400000       00000       00000       00000       00000       0040810    3230000000       0000000       0100804    47750000000        0000000        0000000        0000000        0000000        0           
0725410604   154000      000      004    31011    16005    18000      000      048   218000      000      00411    25600000       00000       00411    10700405    12000511     4700000       00000       00000       00000       00411    73300000       00000       00000       00000       00000       0040511    4140000000       0000000       0041105    30340000000        0000000        0000000        0000000        0000000        0           
0725410712    58000      000      012    19003    51001    23000      000      026    83000      000      00312    55000000       00000       00312    13000112     6600103    21600000       00000       00000       00000       01203    82800000       00000       00000       00000       00000       0010312    8580000000       0000000       0120301    53390000000        0000000        0000000        0000000        0000000        0           
0725410802    42000      000      002    13004    11007    19000      000      000      000      000      00204     3600000       00000       00204     1800207     6200407     4400000       00000       00000       00000       00204     8600000       00000       00000       00000       00000       0020407    1320000000       0000000       0020407     6200000000        0000000        0000000        0000000        0000000        0           
0725410901    49000      000      001    28005    98000      000      000      000      000      000      00105    47300000       00000       00105     9800102     3100205     8900000       00000       00000       00000       00105    68400000       00000       00000       00000       00000       0010205    2750000000       0000000       0010502    24040000000        0000000        0000000        0000000        0000000        0           
0725411007    39000      000      007    16013    17004    57000      000      058    34000      000      00713    10300000       00000       00713     4900407    19600413    17400000       00000       00000       00000       00713    18300000       00000       00000       00000       00000       0040713    7100000000       0000000       0071304    24690000000        0000000        0000000        0000000        0000000        0           
0725411108    94000      000      008    32013    48012    32000      000      047    97000      000      00813    93800000       00000       00813    34500812    14801213    28100000       00000       00000       00000       00813   159900000       00000       00000       00000       00000       0081213   28690000000       0000000       0081312   173930000000        0000000        0000000        0000000        0000000        0           
0725411207    17000      000      007    11003    42000      000      000      000      000      000      00307    11400000       00000       00307     4500607     4000306    14200000       00000       00000       00000       00703    16100000       00000       00000       00000       00000       0030607    2580000000       0000000       0070306    11630000000        0000000        0000000        0000000        0000000        0           
