0220260106    21000      000      006    11002    11009    11000      000      026    44000      000      00206     4500000       00000       00206     1500609     1200209     1600000       00000       00000       00000       00602     7300000       00000       00000       00000       00000       0020609     230000000       0000000       0060209    1280 000000       0 000000       0 000000       0 000000       0 000000       0            
0220260211    41000      000      011    17012    20008    33000      000      077   117000      000      01112     9300000       00000       01112     3800811     8000812     8700000       00000       00000       00000       01112    16700000       00000       00000       00000       00000       0081112    2930000000       0000000       0111208   12620 000000       0 000000       0 000000       0 000000       0 000000       0            
0220260308  1525000      000      008   262011    22004    12000      000      068   323000      000      00811   779900000       00000       00811   156600408    70500411     4800000       00000       00000       00000       00811  1822100000       00000       00000       00000       00000       0040811   44360000000       0000000       0081104  798120 000000       0 000000       0 000000       0 000000       0 000000       0            
0220260409    68000      000      009    29014    20007    84000      000      068    36000      000      00914    31200000       00000       00914    10400709    57200714    33900000       00000       00000       00000       00914    45600000       00000       00000       00000       00000       0070914   36630000000       0000000       0091407  183560 000000       0 000000       0 000000       0 000000       0 000000       0            
0220260509    63000      000      009    17001    12004    12000      000      018    90000      000      00109     8600000       00000       00109     3000409     3400104     1800000       00000       00000       00000       00901    18900000       00000       00000       00000       00000       0010409     630000000       0000000       0090104    4380 000000       0 000000       0 000000       0 000000       0 000000       0            
0220260612    38000      000      012    19006    15005    25000      000      036    60000      000      00612    10100000       00000       00612     4500512    12300506     5100000       00000       00000       00000       01206    18500000       00000       00000       00000       00000       0050612    3130000000       0000000       0120605   14010 000000       0 000000       0 000000       0 000000       0 000000       0            
0220260702    51000      000      002    14010    11013    15000      000      027    27000      000      00210     4500000       00000       00210     2200213     4601013     2100000       00000       00000       00000       00210    12800000       00000       00000       00000       00000       0021013     810000000       0000000       0021013    5060 000000       0 000000       0 000000       0 000000       0 000000       0            
0220260809    28000      000      009    14002    24011   135000      000      027   114000      000      00209    15000000       00000       00209     5400911    43200211   111300000       00000       00000       00000       00902    21600000       00000       00000       00000       00000       0020911   34660000000       0000000       0090211  106490 000000       0 000000       0 000000       0 000000       0 000000       0            
0220260906    15000      000      006    11004    13001    78000      000      046    35000      000      00406     3500000       00000       00406     1900106    11700104    27200000       00000       00000       00000       00604     4700000       00000       00000       00000       00000       0010406    4930000000       0000000       0060401   11090 000000       0 000000       0 000000       0 000000       0 000000       0            
0220261008    71000      000      008    23009    18001    36000      000      067   114000      000      00809    14200000       00000       00809     6300108    19600109     9700000       00000       00000       00000       00809    39100000       00000       00000       00000       00000       0010809    8000000000       0000000       0080901   38950 000000       0 000000       0 000000       0 000000       0 000000       0            
0220261114   773000      000      014   148006   128002    25000      000      037   204000      000      00614  1316700000       00000       00614   283900214    86500206    51000000       00000       00000       00000       01406  2770900000       00000       00000       00000       00000       0020614  283880000000       0000000       0140602 3432870 000000       0 000000       0 000000       0 000000       0 000000       0            
0220261206   126000      000      006    33014    36015    15000      000      037   403000      000      00614    82200000       00000       00614    20500615     7101415     7800000       00000       00000       00000       00614   150400000       00000       00000       00000       00000       0061415    7150000000       0000000       0061415   58070 000000       0 000000       0 000000       0 000000       0 000000       0            
0320260106    23000      000      006    11003    12002    26000      000      036    42000      000      00306     3600000       00000       00306     1700206     4700203     7400000       00000       00000       00000       00603     6000000       00000       00000       00000       00000       0020306    1570000000       0000000       0060302    4280 000000       0 000000       0 000000       0 000000       0 000000       0            
0320260212   109000      000      012    34010    29014    54000      000      056   202000      000      01012    50600000       00000       01012    13301214    18701014    19300000       00000       00000       00000       01210   101300000       00000       00000       00000       00000       0101214   19000000000       0000000       0121014  109920 000000       0 000000       0 000000       0 000000       0 000000       0            
0320260309   159000      000      009    37013    43012    20000      000      057    73000      000      00913    85100000       00000       00913    23100912    12401213    12800000       00000       00000       00000       00913   183500000       00000       00000       00000       00000       0091213   13610000000       0000000       0091312  120780 000000       0 000000       0 000000       0 000000       0 000000       0            
0320260412    39000      000      012    16011    20015    58000      000      066   103000      000      01112    10300000       00000       01112     4901215    14301115    22900000       00000       00000       00000       01211    22500000       00000       00000       00000       00000       0111215    9710000000       0000000       0121115   36650 000000       0 000000       0 000000       0 000000       0 000000       0            
0320260505    69000      000      005    18012    14011    24000      000      036    63000      000      00512    10600000       00000       00512     3900511    10801112     6000000       00000       00000       00000       00512    26400000       00000       00000       00000       00000       0051112    3060000000       0000000       0051211   19510 000000       0 000000       0 000000       0 000000       0 000000       0            
0320260608    34000      000      008    13010    17012    15000      000      067    75000      000      00810     9800000       00000       00810     3100812     3001012     3800000       00000       00000       00000       00810    16500000       00000       00000       00000       00000       0081012    1280000000       0000000       0081012    6180 000000       0 000000       0 000000       0 000000       0 000000       0            
0320260711    34000      000      011    15014    20008    73000      000      067    79000      000      01114    10300000       00000       01114     4300811    34300814    45900000       00000       00000       00000       01114    18000000       00000       00000       00000       00000       0081114   19250000000       0000000       0111408   76830 000000       0 000000       0 000000       0 000000       0 000000       0            
0320260801   123000      000      001    36011    22013    17000      000      016   213000      000      00111    44000000       00000       00111    15300113    10801113     5700000       00000       00000       00000       00111    83600000       00000       00000       00000       00000       0011113    6790000000       0000000       0011113   43030 000000       0 000000       0 000000       0 000000       0 000000       0            
0320260905   283000      000      005    70004    14014    55000      000      023   112000      000      00405    38800000       00000       00405    15100514    70200414    11000000       00000       00000       00000       00504    99100000       00000       00000       00000       00000       0040514   19690000000       0000000       0050414  134220 000000       0 000000       0 000000       0 000000       0 000000       0            
0320261009    63000      000      009    20005    16004    19000      000      035    28000      000      00509    11100000       00000       00509     4700409     6500405     3300000       00000       00000       00000       00905    28100000       00000       00000       00000       00000       0040509    1800000000       0000000       0090504   10330 000000       0 000000       0 000000       0 000000       0 000000       0            
0320261109    43000      000      009    18016    35008    43000      000      058   137000      000      00916    19000000       00000       00916     7900809    12200816    27300000       00000       00000       00000       00916    34300000       00000       00000       00000       00000       0080916   10150000000       0000000       0091608   43350 000000       0 000000       0 000000       0 000000       0 000000       0            
0320261210    20000      000      010    12001    74009    18000      000      016   366000      000      00110    41900000       00000       00110    14400910     2900109    38700000       00000       00000       00000       01001    55200000       00000       00000       00000       00000       0010910    7310000000       0000000       0100109   32380 000000       0 000000       0 000000       0 000000       0 000000       0            
0920460103    27000      000      003    14008    32012    46000      000      036   260000      000      00308    18200000       00000       00308     7300312    12300812    19500000       00000       00000       00000       00308    35700000       00000       00000       00000       00000       0030812    9020000000       0000000       0030812   33390 000000       0 000000       0 000000       0 000000       0 000000       0            
0920460205    56000      000      005    26013   211006    21000      000      037   550000      000      00513   284000000       00000       00513    51000506     3900613    45500000       00000       00000       00000       00513   497100000       00000       00000       00000       00000       0050613   28840000000       0000000       0051306  314080 000000       0 000000       0 000000       0 000000       0 000000       0            
0920460304    18000      000      004    11003    15012    17000      000      023    60000      000      00304     5800000       00000       00304     2400412     2700312     4900000       00000       00000       00000       00403     8300000       00000       00000       00000       00000       0030412     950000000       0000000       0040312    2910 000000       0 000000       0 000000       0 000000       0 000000       0            
0920460409    67000      000      009    21006    15010    15000      000      035    66000      000      00609    13800000       00000       00609     4800910     4900610     3800000       00000       00000       00000       00906    29000000       00000       00000       00000       00000       0060910    1730000000       0000000       0090610   11830 000000       0 000000       0 000000       0 000000       0 000000       0            
0920460512    40000      000      012    12010    12003    11000      000      078   104000      000      01012    11400000       00000       01012     2900312     1600310     1900000       00000       00000       00000       01210    20400000       00000       00000       00000       00000       0031012     430000000       0000000       0121003    4340 000000       0 000000       0 000000       0 000000       0 000000       0            
0920460606    33000      000      006    16011    18002   164000      000      036    75000      000      00611     6600000       00000       00611     3500206    30700211    59100000       00000       00000       00000       00611    10900000       00000       00000       00000       00000       0020611   14010000000       0000000       0061102   47030 000000       0 000000       0 000000       0 000000       0 000000       0            
0920460706    28000      000      006    12012    12011    19000      000      047    27000      000      00612     3100000       00000       00612     1700611     3301112     3500000       00000       00000       00000       00612     6500000       00000       00000       00000       00000       0061112     660000000       0000000       0061211    2650 000000       0 000000       0 000000       0 000000       0 000000       0            
0920460809    44000      000      009    17001    27013    83000      000      015   180000      000      00109    22500000       00000       00109     8100913    24800113    71000000       00000       00000       00000       00901    38600000       00000       00000       00000       00000       0010913   34010000000       0000000       0090113  127330 000000       0 000000       0 000000       0 000000       0 000000       0            
0920460910    83000      000      010    25001   111014    19000      000      015   707000      000      00110   232500000       00000       00110    59101014     6100114    39900000       00000       00000       00000       01001   390300000       00000       00000       00000       00000       0011014   31020000000       0000000       0100114  236070 000000       0 000000       0 000000       0 000000       0 000000       0            
0920461009   236000      000      009    56015    68011    93000      000      058   438000      000      00915   258600000       00000       00915    50800911    52501115    83200000       00000       00000       00000       00915   502500000       00000       00000       00000       00000       0091115  132010000000       0000000       0091511  955230 000000       0 000000       0 000000       0 000000       0 000000       0            
0920461114  1630000      000      014   322013    43018    81000      000      077   253000      000      01314   800100000       00000       01314   176401418   366601318    37500000       00000       00000       00000       01413  1761700000       00000       00000       00000       00000       0131418  382480000000       0000000       0141318 3302390 000000       0 000000       0 000000       0 000000       0 000000       0            
0920461214   277000      000      014    64007    46004    22000      000      047   384000      000      00714   154800000       00000       00714    37700414    25800407    17900000       00000       00000       00000       01407   324400000       00000       00000       00000       00000       0040714   34380000000       0000000       0140704  261610 000000       0 000000       0 000000       0 000000       0 000000       0            
