06201101119108112125131138                                                                                                                                                                    (*9,10,13)12-7(4,6,14)-(3,11,16)(1,5,8)15,2                     (*9,10)13,12,7(4,6)14,3,16(1,11)(5,8)2-15                       0       2222222222222222軽い馬場。Ｈペースで流れ好位追走した勝ち馬が直線抜け出し、外から追い込んできた２着馬の追撃を抑えて勝利。                                                                                                                                                                                                                                                                                                                                                                                                                    
06201102124118126131130132135134138                           11,13(8,16)4,12(2,9)(10,14)-(1,7)15(3,5)=6                      11,13,8-4,16(2,12)9,10,14,1,7(3,15)5=6                          (*11,13)8(2,16,12)(4,10)9(1,5)(3,14,15)7=6                      (11,*13)2(10,16)8,12,7-(9,3)(1,5)4,15-14-6                      0 2222222222222222222222軽い馬場。Ｈペースで流れ中団馬群を追走した２着馬が直線叩き合いで抜け出すが、外から追い込んできた勝ち馬が最後に捉えた。                                                                                                                                                                                                                                                                                                                                                                                                      
06201103122108118123121129                                                                                                                                                                    15,9,6(7,12)(1,2,14)(3,5)16,4(8,13,11)10                        15(6,9)-(1,7,12)(2,14)(3,5,16)4-(8,13)11-10                     0       2222222222222222軽い馬場。平均ペースで流れ逃げ馬が渋太く押し切った。番手の内回った２着馬だけが食い下がり、３着以下は大きく離された。                                                                                                                                                                                                                                                                                                                                                                                                        
06201104128120130134131133136131138                           2(4,10)(1,12)(11,15)-5(3,6)-8-7=13,16-(9,14)                    2,4(1,10)12(3,11,15)5,6-8,7=13-16,9,14                          (*4,10,12)2(1,15)(3,11,5,6)7,8-13=16(9,14)                      (4,*10)(1,15)(3,12)5,11(2,8,7)-6,13=9,16-14                     2 2222222222222222222222軽い馬場。Ｈペースで流れ番手追走した２着馬が直線抜け出すが、好位馬群追走した勝ち馬だけがこれを捉えた。                                                                                                                                                                                                                                                                                                                                                                                                                      
06201105127115127120128120121121116119                        4,9(8,6,10)-(3,5,2)-1,7                                         4,9(8,10)6(3,5,2)(1,7)                                          (*4,9)10(8,6)(5,2)(3,1,7)                                       4(9,6)(8,5,10)(3,2)1,7                                          5 2222222224224444454222荒れ馬場だが内有利。スローペースで流れ好位馬群追走した勝ち馬が直線しっかり抜け出した。２着は中団追走した馬が浮上。３着以下はバテる。                                                                                                                                                                                                                                                                                                                                                                                        
06201106128124131127124124128128139                           8,11(1,14)(7,15)10,6,12(3,4)9,2,5,13                            8-11,14(1,7,15)(10,6)12,3,4(2,9)5-13                            8(11,14)(15,9)(1,7,6)(10,3)(12,4)5,2,13                         8,14(15,9)(11,6)3,7(1,10,5)4(2,13)12                            0 2222222222222222222222軽い馬場。平均ペースで流れ逃げ馬が後続を突き放し圧勝。２着は番手の外追走した馬が粘り込み。                                                                                                                                                                                                                                                                                                                                                                                                                                  
06201107127117133121124119121117116119                        12,13(1,7)5(3,15)(8,16)9(2,6,14)11(10,4)                        12(1,13,7)(3,5)(8,15)2(9,16)(10,4,6)(14,11)                     (*12,13)7(1,5)15(3,8,11)16,2(9,6,14)(10,4)                      (*12,13)(1,5,7,15)(8,11)(3,16)(2,14)(10,9,6)-4                  5 2222222224224444454222荒れ馬場だが内有利。スローペースで流れ好位の内回った勝ち馬が直線抜け出し完勝。２着争いは４頭接戦。                                                                                                                                                                                                                                                                                                                                                                                                                          
06201108118103111120124133                                                                                                                                                                    (*3,9)(4,13)15(6,10,12)(1,2,16)-(5,11)14(8,7)                   3,9(4,13)(6,10)(1,2,15)12(5,11,16)(14,7)-8                      0       2222222222222222軽い馬場。Ｈペースで流れ逃げ馬が後続を突き放し圧勝。２着は馬群を割って浮上した差し馬。                                                                                                                                                                                                                                                                                                                                                                                                                                      
06201109128123134129120120124122132                           11,12,5(7,13)3,10(1,8)(6,15)2,16,4(14,9)                        11,12(5,13)7(3,10)(1,8)(6,15)2,4,16-(14,9)                      (*11,12)13(7,10)2(5,3)(8,15)(1,6)4-16(14,9)                     (*11,12)(7,13,10)2,3,15(5,8,1,6,4)(14,16)9                      6 2222222222222222222222軽い馬場。スローペースで流れ中盤速い流れ。先行した２頭が後続を突き放し叩き合って入線。                                                                                                                                                                                                                                                                                                                                                                                                                                      
06201110119106108112109126                                                                                                                                                                    15(3,7)(12,14)(2,10,16)1(9,11)-(4,5,6)8,13                      15-(3,7)(2,12)(10,14,16)1(9,11)4,5,8(13,6)                      0       2224224444454222荒れ馬場だが内有利。Ｈペースで流れ直線逃げ馬がリードを築き外から追い込んできた２頭の追撃をなんとか凌いだ。                                                                                                                                                                                                                                                                                                                                                                                                                  
06201111126111128117120118117117114127                        2-(4,7)12,8(1,9,13)6(16,17)-(10,5)-11,14,3-15                   2-(4,7)12(1,8,9,13)(6,16,17)-(10,5)-11-14,3-15                  2,7(4,12)(8,9,13)(1,6,17)16(10,5)(11,3)-(14,15)                 (*2,7)4(8,12)(1,6,9,13)(17,5)(10,16)11(15,3)14                  0 2222222224224444454222荒れ馬場だが内有利。スローペースで流れ後半からジワリとペースＵＰ。番手追走した勝ち馬と好位馬群追走した２着馬が直線並んで叩き合い。                                                                                                                                                                                                                                                                                                                                                                                          
06201112119106115115113120                                                                                                                                                                    (*15,14)(10,7)13(4,8)(5,12)2(6,9)(1,16)-11-3                    (*15,14,7)(10,8)(4,13)(5,12)2(6,9)(1,16)-11,3                   0       2224224444454222荒れ馬場だが内有利。スローペースで流れ番手の外追走した勝ち馬が直線５頭の叩き合いをギリギリ凌いで勝利。                                                                                                                                                                                                                                                                                                                                                                                                                      
08201101126114122123121121                                                                                                                                                                    (*4,6)(12,7,13)(8,15)(10,16)(2,14)(9,11)(1,3)-5                 (*4,6)(12,7)(8,13,15)10(2,16)(14,11)9(1,3)=5                    0       2222222222222222湿った馬場。スローペースで流れ逃げ馬が後続を突き放して圧勝。２着は好位馬群追走した馬が浮上。                                                                                                                                                                                                                                                                                                                                                                                                                                
08201102124120131132129128129129132                           2,7(1,4,11,13)9(6,15)(5,3,8,12)-10,14-16                        2,7(1,11)(4,13)(6,9)(15,12)(5,3)8(10,14)-16                     (*2,7)11(1,4)(9,13)(6,12)-3,15(5,8)-10,14,16                    (*2,7)(1,4,11)(6,9)(3,12)-(13,8)-5(10,15,14)16                  0 2222222222222222222222湿った馬場。速めの流れで上がりの掛かる消耗戦。中団の内回った勝ち馬が直線叩き合いを外から抜け出す。２着争いは３頭接戦。                                                                                                                                                                                                                                                                                                                                                                                                      
08201103125114123124124125129                                                                                                                                                                 (*7,10)13(1,6)8,2(5,16)(11,14)-15,12(3,9)-4                     (*7,10)13,1(6,8)-2,14(11,16)5,15,12(3,9)-4                      0       2222222222222222湿った馬場。平均ペースで流れ番手の外追走した勝ち馬が直線抜け出し圧勝。２着は番手追走した馬が粘り込み。                                                                                                                                                                                                                                                                                                                                                                                                                      
08201104127119125127128125124124126                           (*6,8)11(7,10)(1,3)9,12,4,5                                     6,8(7,11)10(1,3)-9(4,12)5                                       (*6,8)(7,11)10,1(4,3,5)9-12                                     (*6,8)7(10,11)(4,3,1)-(9,5)=12                                  0 2222222222222222222222湿った馬場。平均ペースで流れ逃げ馬が後続を突き放し完勝。２着は番手追走した馬が粘り込み。                                                                                                                                                                                                                                                                                                                                                                                                                                    
08201105125108113122126128123121                                                                                                                                                              3,6,15,4,14(8,13)1-(11,16)9,12(2,5)7,10                         (3,*15)(4,6,14)(8,1,13)(11,16)(12,9)5-(10,7)-2                  2       4444444444444444開幕週も凹凸あって時計は掛かる馬場。Ｈペースで流れ先行馬には厳しい展開。直線外から差した１・２着馬がしっかり抜け出した。３着以下は離された。                                                                                                                                                                                                                                                                                                                                                                                
08201106131119120129133130127117118                                                                                                                                                           (*9,15)13(3,5,16)6(1,12)10,4,8(2,11)14,7                        (*9,15)(13,16)(3,5,6)(1,4,12)10(2,8)(7,11,14)                   2       4444444444444444開幕週も凹凸あって時計は掛かる馬場。スローペースで流れ好位馬群追走した勝ち馬が直線叩き合いを抜け出した。好位の内回ったが２着。                                                                                                                                                                                                                                                                                                                                                                                              
08201107122110119126129121128                                                                                                                                                                 (*5,15)(4,6,10)16(1,9)14(2,13)(7,12)11(3,8)                     (*5,16)(10,7)(4,15,14)6(1,11,12)(9,13)(2,3)8                    0       2222222222222222湿った馬場。Ｈペースで流れ先行馬総崩れの展開。後方から勝ち馬が外捲って４角先頭に立ち抜け出した。２着争いは２頭。                                                                                                                                                                                                                                                                                                                                                                                                            
08201108123112127129128123125125126                           5-6(2,8)(4,7)-1(10,13,15)14(3,11,16)-9                          5-(2,6)8,4,7,1(10,13)(14,15)(11,16)3,9                          5,6,8(2,4,7,15)(14,13)16(1,10)11,9,3                            5,6,8(2,4,15)7(14,13)1,16(3,11)(10,9)                           4 2222222222222222222222湿った馬場。平均ペースで流れ馬群一団で直線勝負。番手した勝ち馬が直線先頭に立ち、２・３着馬の追撃を振り切って勝利。                                                                                                                                                                                                                                                                                                                                                                                                          
08201109128117131132128126119114116124                        3,2,5,6,1(4,7)                                                  3,2-5(1,6)4,7                                                   3,2(4,7,5)(1,6)                                                 (3,*2)-7,5,4(1,6)                                               4 4444444444444444444444開幕週も凹凸あって時計は掛かる馬場。スローペースで流れ馬群一団で直線勝負。２着馬が４角で仕掛けてリードを作り、これを勝ち馬だけが捉えた形。                                                                                                                                                                                                                                                                                                                                                                                  
08201110123109112114117126                                                                                                                                                                    15,5(4,7)12(3,6)13(1,8,10)2,14-(9,11)16                         15-(4,5)7(3,12)6(1,8,13)-(2,10)14(9,11)16                       0       2222222222222222湿った馬場。平均ペースで流れ逃げ馬が直線リード築き好位の内回った２着馬が猛追してきたが凌いで勝利。３着以下は離された。                                                                                                                                                                                                                                                                                                                                                                                                      
08201111121110118122119119114117                                                                                                                                                              2,7,15(1,3,17)4,18,6(8,11)5,14(12,16,9)(13,10)                  (*2,7)(1,15)(3,17)4,18(6,11)8(5,9)14(12,13,10)16                2       4444444444444444開幕週も凹凸あって時計は掛かる馬場。平均ペースで流れ馬群一団で直線勝負。好位の内回った勝ち馬が直線抜け出し、中団の内回った２着馬の追撃を振り切って勝利。                                                                                                                                                                                                                                                                                                                                                                    
08201112124116116122118114122                                                                                                                                                                 16,7,12(6,10)(8,15)(4,14)13(5,11)2(3,9)-1                       16(7,12)(6,8,10)15(4,14)(5,11,13)2(3,9)1                        0       4444444444444444開幕週も凹凸あって時計は掛かる馬場。平均ペースで流れ直線逃げ馬が後続を突き放し中団馬群追走した２着馬の追撃を凌いで勝利。                                                                                                                                                                                                                                                                                                                                                                                                    
