06252401128115128132124124131134137                           (*5,8)11(10,14)4,16-(2,6)12-(9,15,13)3,7-1                      (*5,8)(10,11)14,4,16(2,6)12-13(9,15)-3-7-1                      (*6,14)12(8,10)16(4,11)-13,2,9,15(7,3)-(5,1)                    (*6,14)12(8,10)16-4-13,11-7,3,2,9-15-1=5                        5 2222223113113111133111前日夜半の雨が影響し、全面的に黒ずんで脚抜き良く少々速い時計が出る馬場。バラバラのスタート。内から押して初出走のヴィオラダンサーが強気に先手を奪う。２番手にリックメインが続く。脚抜き良い馬場もあり、まずまず速いペースで進行し隊列も縦長。少し後ろの列で進んでいたコンティオが、向正面で強気に捲って出る。３コーナー手前で先頭に躍り出て、２番手にノーブルノワールとサーフプラチナム。隊列がガラッと入れ替わる。直線に向いてコンティオとノーブルノワールの２頭が後続を引き離し一騎打ちの様相、坂上でノーブルノワー        
06252402121108112123125127                                                                                                                                                                    (*2,13)14,12-(5,11)10,16-(6,15)(3,9,8,4)-(1,7)                  (2,*13)(14,11)12(5,16)-10-6(3,15)(8,4)9-7,1                     0       3113113111133111前日夜半の雨が影響し、全面的に黒ずんで脚抜き良く少々速い時計が出る馬場。若干バラついたスタート。芝地点ではクリーンリーチが若干優勢だったが、ダートに進入して内から押っ付けてムーンナイトが強気に先手を奪う。まずまず速いペースで進行、途中から掛かり気味にエイシンカルナボンが攻め立て先頭と競り合う。３コーナー過ぎで中団にいたナックオリオンが先団の外を捲るように急接近、ナインオブレターとエイシンカルナボンが抵抗し、ムーンナイトは４コーナーで態勢不利。直線に向いての追い比べでナインオブレターが抜け出し、ナ        
06252403130118129129126125131133129                           (*1,2)7(9,15)(3,14)16,4(8,10)13,6,11(5,12)                      (*1,2)7(9,15)(3,14)-(8,16,13)4(6,10)(5,11)-12                   1(2,7)(9,15)(3,14)(8,16,13)(6,4,10)-5,11                        (1,*2,7)(9,3,14)15(8,16)(6,4,10,13)-11-5                        0 2222223113113111133111前日夜半の雨が影響し、全面的に黒ずんで脚抜き良く少々速い時計が出る馬場。若干バラついたスタート。１枠の２頭がスパッと抜け出し、併走状態のまま１コーナーに飛び込んでお互い引かず。内外の差で若干だけレッドイストワールが前に出るが、ジェイルブレイクも遅れずピッタリ食らいつく。若干緩めると後続が３コーナー手前で一気に差を詰めてくる。先行集団は一斉にスパートを仕掛けているが、２列目から迫る有力差し馬の方が手応えが良い。直線入口で馬群が外に広がり、外を回ったサトミノエンジェルとエドワードバローズが力強く伸び        
06252404                                                      1,9-11=(5,7)-6,3-2,10=8                                         1,9-11-(7,3)(5,6)-2,10=8                                        9(11,3)(7,2,5)(1,6)-10-8                                        11-6,2-7=(1,8)                                                                          前日夜半の雨が影響し、だいぶ緩んで時計掛かる馬場。バラバラのスタート。最初の障害を３頭が並んで飛越、内のグランシャークが真っ先に抜け出す。ウイングランブルーとグレイトゲイナーが続き、３頭が固まって４番手以下を１秒近く離して先導。徐々に後続が差を詰めてくるが、先頭のペースは案外上がらないまま。バンケットで２番手グレイトゲイナーがジワッと先頭に躍り出て、外からスズカマジェスタ、内を掬ってウイングランブルーが迫りながら最終障害を飛越。しかしスズカマジェスタ、グレイトゲイナーが落馬し、後続も転倒馬を避け        
06252405127112119116120121116119                                                                                              (*1,5,12)(4,6,15,16)(13,14)(3,9,10)11-8-7=2                     (*1,5)12(6,15)(4,13,16)(9,14)3,10,11-8-7                        1,5,12,15,13(6,4)9(3,16)(10,14)11-8-7                           2    2222112232223322233前日夜半の雨が影響し、馬場もダメージが残って緩み、若干時計掛かる状況。バラついたスタート。内からルナルーチェットとミズイロホルトゥスの人気２頭が抜け出す。内のルナルーチェットが２コーナーでも突っ張り、強気に先頭に出る。ミズイロホルトゥスは譲ったがピタリ２番手で張り付き、その外にフォレストオールが続く。道中はまずまず速いペースで進行し、後続も結構みな追っ付けての追走。４コーナー出口辺りからルナルーチェットがジワジワと２番手以下を引き離し、直線に向いて一気に抜け出す。ミズイロホルトゥスは全く食い下が        
06252406117105112119125127                                                                                                                                                                    (*6,15,16)2(8,11)(9,12,13)10(4,7)1(3,14)                        (6,*15,16)(2,8,11)(9,12,13)10(1,7)(4,3,14)                      0       3113113111133111表面は少し乾きかけで若干砂煙上がるが、脚抜き良く少々速い時計が出る馬場。比較的横並びで揃ったスタート。芝地点でアースミューズとペイシャマリーンが一歩優勢、アースミューズがジワッと先頭に躍り出る。ペイシャマリーンがピッタリ併走、大外のアレスグートが捲り気味に３番手に接近。結果先行集団がだいぶ速いラップを刻んで進行。直線に向いて真っ先にペイシャマリーンが抜け出す構え、その内から２列目のタッカージーティーが接近。そして坂上で好位外を回ってきたマサノユニコーンが猛然と伸び、ゴール前で力強く抜け出した。ペ        
06252407120104111123129124                                                                                                                                                                    (*3,6,15,16)(11,14)(1,7)(12,13)10,8,5-4-2=9                     (*3,6,15)(7,16,14)1(12,13)(10,5)8(11,4)-2=9                     0       3113113111133111表面は少し乾きかけで若干砂煙上がるが、脚抜き良く少々速い時計が出る馬場。若干バラついたスタート。６頭ほどが横並びでダートに進入、しかしダートでもしばらくは先行争いが決着しないまま３コーナーに進入し、４頭が雁行状態のハイラップで進行。ペイシャスウィフトが若干先頭、フレイムジョーカーが２番手で続くが、４コーナーを回る手応えは非常に悪い。直線に向いて若干３番手のグランプレジールが優勢となるも、２列目からアグラードが馬群を割って伸び、力強く抜け出す。差し馬も殺到してきて２着争いが熾烈な争いとなるが、大外        
06252408123108112113117121120128                                                                                              (*1,4)(6,9,11)(2,8,10,15)(7,14)12(3,16)-5-13                    1,4,11(2,6)(8,9)(7,15,14)(3,12,10)-16(5,13)                     (*1,11)(2,4)(8,14)(7,9,15)(3,6,10)(12,13)5-16                   0    2222112232223322233前日夜半の雨が影響し、馬場もダメージが残って緩み、若干時計掛かる状況。ややバラついたスタート。最内からスパッとアニトラが１頭抜け出し、プレジャークルーズが追っていく。しかし迫られないようさらにアニトラが突っ張り、速いラップで逃げる。馬場は悪いが良馬場のハイペース並みで進行、プレジャークルーズが追い縋れなくなり、４コーナーでレッドアトレーヴが捲り気味に迫る。先頭の２頭が並んで直線に向き、後続が追い上げに苦しむ中、２頭が一騎打ちでしばらく競り合う。坂上でレッドアトレーヴが一歩前に出て、態勢有利のまま        
06252409071117120122120128125119116121126123127               12(9,3)7(4,8)2,5,1,10,11,6                                      12,3,9,7(2,8)4,5(1,10)11,6                                      12,3(9,7)(2,8)4,5(11,1)(10,6)                                   (*3,7)4(12,9,2)5(11,8,1,10)6                                    6 2222222112232223322233前日夜半の雨が影響し、馬場もダメージが残って緩み、若干時計掛かる状況。若干バラついたスタート。外のジオフロントが好スタートを決め出鞭もくれているが、最初の３コーナー過ぎから大外のショーモンの方が行き脚良く、直線に向いてショーモンが楽に先手を奪う。その後ろにインザモーメントとジオフロントが並ぶ。後続も少々隊列はバラけ気味。２周目向正面になってもあまり大きく緩めた箇所はなく、ショーモンも追っ付けてスパートは仕掛けているが引き離せてない。４コーナーでインザモーメントが先頭に立ち、その外にフルールとステ        
06252410127116126125121120124127129                           (*15,2)-(10,9)(1,12)(5,6,13)(4,7)-8,16,11-14-3                  15,2-(10,9)12(1,5,13)6(4,7)-8,16-11-14-3                        (*15,2)(9,12)(10,5,13)(7,6,16)1(4,8)11-(14,3)                   2(15,12)10-(9,5,13,16)(1,4,7,8)6,11-(14,3)                      0 2222223113113111133111表面は少し乾きかけで若干砂煙上がるが、脚抜き良く少々速い時計が出る馬場。若干バラついたスタート。サンマルレジェンドとピュアキアンが行き脚速く、そこに内から押っ付けてムルソーが追いかけてくる。１コーナーではピュアキアンが強気に先手を奪ったが、ムルソーがすぐ横に並び掛け、２頭で緩めずに飛ばす。途中もなかなかペースダウンできず、隊列も縦長。３コーナー付近で徐々に後続も差を詰めてきて、先団の外をタガノエスコートが押し上げる。直線入口ではピュアキアンも抵抗できず、ムルソーが先頭に躍り出る形だが、差し馬の脚        
06252411126109124128122115117124121127                        3,4(1,5)(2,6,10)9,11(7,12)8,14,13                               3,4(1,5)(2,10)6,9,11(14,7,12)8,13                               8-3(4,5)1(2,6,10)(14,11)(13,9)(12,7)                            8,3,4(1,5,6,11)7(14,2,13)9,12,10                                6 2222222112232223322233前日夜半の雨が影響し、馬場もダメージが残って緩み、若干時計掛かる状況。比較的横並びで揃ったスタート。直線の半ばになってもまだ先行争いが決着せず、１コーナーで内枠からヴィンセンシオがジワッと先頭に立つ。２番手に同枠ベストシーンが続くが、ペースはだいぶスローで馬群もほとんど凝縮。向正面の半ばで後方から馬群の外をファウストラーゼンが一気に捲って出て、３コーナー単独先頭に躍り出る。２番手のヴィンセンシオはすぐ食らいつき、４コーナーで先頭に並んで直線一瞬前に出掛かるが、ファウストラーゼンがまた差し返す。外        
06252412125116125131124125128130130                           (*12,4)8(6,14)(1,3,11)9,10-2,13-(5,7)-15                        (*12,4)8(6,14)3(1,11)(10,9)-2,13-7,5,15                         (*12,4)8(6,3,14)(1,9)(10,11)13,2,7,15=5                         (*4,8)(3,14)(6,9)(1,10,11)(12,13)(2,7)-15=5                     5 2222223113113111133111表面は少し乾きかけで若干砂煙上がるが、脚抜き良く少々速い時計が出る馬場。若干バラついたスタート。外から押してネイリッカが強気に先手を奪う。２番手にライジンマルが続く。最初はまずまず速いペースで進むが、向正面でペースを落とし先行集団が凝縮。３コーナーでネイリッカの脚色が衰え、ライジンマルとアオイミモザが並びながら強気にパスして先頭に躍り出る。直線に向いても粘りを見せる２頭に、外からプレスワードが猛然と迫る。坂上でプレスワードが抜け出した後、その真後ろ空いたルートをドバイブルースが伸びてくる。良い脚        
09251401131118136132131131126125126                           11,2,7,1,12,8,10(3,4,14)13,9,15,6-5                             11,2(1,7)(8,12)10(3,14)4(9,13)(6,15)-5                          11(8,2,7)(1,12,6)10,3,4,13,9(15,14)-5                           2(12,6)(11,1)-8(7,10)-(3,13)-4,9-(5,15)-14                      3 2222222222222222222222ダートは乾いた状態。多頭数での牝馬限定の３歳未勝利戦で人気は卍巴。ビービープリメーロの逃げを２番手で見ながらのガールズデイアウトが４角で先頭に立つも、道中は馬群の内を追走していたツキノアカリが４角で外に出して軽量を利して差し切る。鞍上の田山騎手はＪＲＡ初勝利。好位の内をロスなく立ち回ったスーパーチャンドが３着に。                                                                                                                                                                                                  
09251402123107118126130129134                                                                                                                                                                 11,14(2,15)(5,10)(1,4)-(16,3,7)9,8,6,12-13                      (*11,14)15,2(5,10)(1,4,7)-(16,3)9(13,6)8,12                     0       2222222222222222ダートは乾いた状態。フルゲートでの３歳未勝利戦でチュウワチーフがやや抜けた人気に。ジューンアルテミスの逃げを好位で追走したチュウワチーフが４角では前に並び掛けて抜け出す。鞍上のシュタルケ騎手は短期免許初戦で快勝。スタートで躓く道中外を回ったモズケイスターがジリジリと伸びて２着。勝馬以外は直線差し馬が台頭。                                                                                                                                                                                                          
09251403130113135134134134125129132                           3(2,12)-6,11,8,9-4-1,5,7-10                                     3,2-12(6,11)(8,9)4-1,5,7=10                                     3,2,12,6(11,4)9-7,1,5=10                                        (*3,2)12-4(11,9)6,7-5-1=10                                      3 2222222222222222222222ダートは乾いた状態。手頃な頭数での３歳未勝利戦でエイユーファイヤーとハミルトンで人気を二分。初ダートのオプティクスが二脚で先手。今回が初出走のスズノソレイユが２番手を追走でスローの流れ。人気の１頭のハミルトンが好位追走から直線抜け出すもそれを目標にエイユーファイヤーがゴール前で差し切る。初出走のスズノソレイユが粘って３着に。                                                                                                                                                                                      
09251404119108117124125126129                                                                                                                                                                 (*1,3)10(4,12)14(2,9)(7,11)(13,15,16)6,8,5                      (1,*3)(12,10)(4,14)(2,9)11,7(15,16,8)13,6,5                     0       2222222222222222ダートは乾いた状態。フルゲートでの牝馬限定の３歳１勝クラスで人気は上位４頭で拮抗。好発から一旦先行争いも好位に控えたベルギューンが４角で前に並び掛けて抜け出し快勝。好発から中団前追走のタマモティーカップが直線はジリジリと前を追うも勝馬との差は詰まらず。初ダートながら人気に支持されたカロローザが２番手追走も直線の伸びはジリジリに。                                                                                                                                                                                  
09251405127110118121119116111117                                                                                                                                                              14,6(1,17)9,5,4(8,16)10(15,12,18)-(3,11)-2-7                    (*14,6)(1,5,17)9(4,8,16)10(12,18)15-11,3-2-7                    2       2112112211122111開幕２週目で芝の状態は良好。１頭取り消して１７頭での３歳未勝利戦で人気は割る。アイルビリーヴが先手を取ってスローの流れ。好発を決めたキャニオンデシェイが２番手追走から４角で前に並び掛けて抜け出し図るも、初出走のホーリーノットが好位追走から直線は馬場中央に出して抜ける。好位の内追走のテーオーシュタインが直線前捌いて伸びて２着。４角である程度の位置にいないと届かず。                                                                                                                                                
09251406131120135125129129128124128                           1(8,11)(2,10)6,4,9-3,5=7                                        1(8,11)(6,2,10)4,9(3,5)=7                                       (*1,11)(8,10)5,2(6,4,3)9=7                                      (*1,11)(8,5)(10,3)(2,4)(6,9)=7                                  6 2222222222222222222222ダートは乾いた状態。落ち着いた頭数での４歳１勝クラスでメイショウソウタが圧倒的人気に。内からタマモキャリコが先手もペースは上がらずドゥラシェーナを除く１０頭が一団で直線に。大外から２番手に取り付いたメイショウソウタが４角では先頭に立ち危なげなく抜け出す。先行したタマモキャリコ、フローラルセントも直線大きくはバテずに行った行ったでの決着に。                                                                                                                                                                        
09251407128117125119120122119114118125                        4-5,1,8-2,7,3,6-9                                               4-5,1,8-(2,7)-3,6-9                                             4(1,5)8(7,6)2,3-9                                               (*4,7)(1,8,6)(3,5)-(2,9)                                        3 2112112112112211122111開幕２週目で芝の状態は良好。落ち着いた頭数での４歳上１勝クラスで人気は上位４頭で拮抗。エコテーラーが先手を主張。前半は縦長も３角で馬群は詰まりエボルヴィングとステラクラウンが捲り加減に進出。４角で先頭に立ったステラクラウンが押し切る。他馬が動いた時にモタ付いたデルシエロだが直線前捌いて追い上げ２着に。人気のマテンロウゴールドは好位の内も掛かり加減で勝負所の反応も鈍く直線脚を使えす。                                                                                                                            
09251408131123136129130131131123127                           (*1,12)(2,5)(4,3)(8,9)(6,10)7,11                                (*1,2)12(4,5,9)3,8(6,10)7,11                                    (*1,2)(4,12)(5,9)(3,10,8)(6,7)-11                               (*1,2)12(4,9)5(3,8)10,7,6,11                                    6 2222222222222222222222ダートは乾いた状態。手頃な頭数での４歳上２勝クラスで人気は割る。ルフトクスが先手を主張して淡々とした流れ。好位の外で砂を被らずに運んだキャピタルサックスが４角進出で直線逃げ馬を追い、後方から追い上げたダブルジョークを抑えて競り勝って人気に応える。人気の一角のグラヴィスは大外から好位に取り付くも直線は一息に。                                                                                                                                                                                                        
09251409124112119124126125117109116                                                                                                                                                           3,2,1,6,4,8(5,7)                                                (*3,2)(1,6)8(4,7)5                                              3       2112112211122111開催２週目の日曜日。前週と違って雨の影響もなく、軽い芝で行われたため、上がりや走破時計でスピードが求められた。９Ｒは外回り１８００ｍ戦で８頭立て。当然のようにペースが落ち着いて、折り合いを欠く馬も見受けられた。勝ったテレサは紅一点で馬格もない馬だったが、新馬戦Ｖ時と同じ逃げ戦術を取れたのがよかった。やはり軽い芝で速い上がり決着になると斤量差は大きい。基本的にスロー前残り決着と片づけていいが、２着トリポリタニアは４角５番手で外から伸びていた。この馬は勝ち馬と同等レベルに評価していいか。                    
09251410119103106112116121                                                                                                                                                                    1,5-(3,6)(2,10)7(11,12)4,9-8                                    (*1,5)-3,6,2,10(7,12)(4,11)9,8                                  0       2112112211122111開催２週目の日曜日。前週と違って雨の影響もなく、軽い芝で行われたため、上がりや走破時計でスピードが求められた。１０Ｒはハナを切りたいナムラローズマリーが最内枠。これがスタートを決めたのだが、メイショウエニシアが譲らずペースが落ち着かない。この２頭が３番手を離す展開になって前半３Ｆ通過は３２．８秒と速くなった。ナムラローズマリーは直線半ばまで良い手応えだったがラスト１Ｆ標識すぎで脚が鈍って失速。ここからは差し馬の出番で、勝ったのは道中で最後方にいたツインクルトーズ。１２頭立てで４角７番手にいたヤマ        
09251411125110118123119115111109116                                                                                                                                                           2,3(1,12)(5,13)(8,11)(4,7,9)(6,14)10                            (*2,3,12)(1,5,13)11(8,7)(4,9)(6,14)-10                          0       2112112211122111開催２週目の日曜日。前週と違って雨の影響もなく、軽い芝で行われたため、上がりや走破時計でスピードが求められた。１１Ｒは９Ｒと同じ外回り１８００ｍ戦だが、クラスが上がっていることもあって１０００ｍ通過はこちらが１秒速い。また、このレースは後半１０００ｍが５７秒。９Ｒは５９．３秒だったから後半力の差も歴然。オープンクラスらしいレースレベルにあっただろう。この流れを完勝したデビットバローズはシンプルに強い。去勢が奏功して重賞に手が届くレベルにまできている。３着オールナットはいい反応を見せたが最後は若干        
09251412121107118124124123128                                                                                                                                                                 (*1,8)(5,10)11(2,14)(3,13)6(4,7)-12=9                           (1,*8)(5,10,11)14(2,13,6)3(4,7)12-9                             0       2222222222222222開催２週目の日曜日。前週と違って雨の影響はなし。ダートはいい意味でも悪い意味でもクラス平均からずれる時計が記録されていた。ただ、１２Ｒは標準的な時計。レースレベルも普通だったと判断したい。レースを引っ張ったサフランヒーローとアスクアイルビゼアが大きくは止まっていないなかで、後方、外から末脚を伸ばした３頭が馬券に絡んだ。勝ったレイズカイザーは差す競馬が板についてきたようだ。                                                                                                                                      
