05231301125115128131127123127                                                                                                                                                                 5(1,11)(3,12,16)(2,6)(4,13)(9,14)(10,7)8-15                     5(1,11)(2,3,12,16)(4,6)(9,13)(10,14)(8,7)-15                    0       2222222222222222乾いて標準的な良馬場。内枠から先手を主張する馬が出たので、人気のリトルウインディーは控えて掛かり気味。落ち着いたペースのまま直線へ向いての追い比べになり、外枠から手応え良く進出してきた勝ち馬があっさりと抜け出して押し切り。人気のリトルウインディーは追い出されてから反応が甘く、最後は一杯になってしまった。時計自体は平凡か。                                                                                                                                                                                          
05231302071114128134123121124                                                                                                                                                                 12,8-15(6,16)(5,4,10)(2,9,11,14)(1,7)-3,13                      (12,*14)8(15,16)(6,10)(4,11)(5,9)2,7(1,13)-3                    0       2222222222222222乾いて標準的な良馬場。逃げたゼンリョクダンスが３角で内に斜行し、２、３番手の馬が不利を受けてペースダウン。４勝負所で後続も追い上げてきたがペースは上がらず。直線の決め手比べに。早めの競馬をした２，４着馬が内で粘っていたが、１列後ろで脚を溜めていた勝ち馬が抜け出して決着。上がりだけの競馬だったこともあるが、時計は平凡。                                                                                                                                                                                              
05231303123109119129135128126126                                                                                                                                                              3,6,8(9,15)(11,14)(1,16)(7,10)(2,5)13(4,12)                     (*3,6)8(9,15)(11,14)16(1,7,10)(2,5,13)12,4                      3       2222222222222222乾いて標準的な良馬場。すんなりと隊列は決まって３角の手前でペースが落ち着く。４角で馬群が凝縮し、直線の決め手比べに。先行勢が粘りを見せていたが、最後は外から勢い良く伸びた勝ち馬が突き抜けて快勝。                                                                                                                                                                                                                                                                                                                          
05231304126117123128124118124                                                                                                                                                                 5(6,9)3(8,11)1(7,4)(2,10)                                       5,6(3,9)(8,11)(1,7,4)(2,10)                                     0       2222222222222222乾いて標準的な良馬場。先手を主張する馬がおらず、逃げたマジックタッチが労せず先手。そのまま抑えながら緩いペースで運び、直線の追い比べに持ち込む。人気のスクーバーが内で捌けずにモタついている間に、外からスムースに脚を伸ばした勝ち馬が突き抜けて快勝。２着争いは接戦になったが、スクーバーが全く追わないまま浮上。                                                                                                                                                                                                          
05231305127110126125123124126122122114120120                  8,15(13,18)14(7,16)(3,4,9)-2-1,17,6-(10,12)11,5                 8,15(13,18)14,9(7,16)-(3,4,2)-1-17(6,12)(10,11,5)               8,15(13,14,18)(7,16,9)(3,4,2)(1,17)12(6,10)5=11                 8,15,13(14,18)(16,9)(7,4,2)3(1,17)(6,12)10,5=11                 3 1111112212212223322233開催２週目でも引き続き良好な軽めの馬場。長距離戦らしい緩いペースで流れ、３角からペースアップ。逃げ馬が上手く運んで直線の入口で後続を離したが、最後の１Ｆで苦しくなる。先団で手応え良く運んでいた２頭が最後までしっかりと脚を使って抜け出し決着。                                                                                                                                                                                                                                                                            
05231306130117123127131125114113111                                                                                           1,6(2,9,15)(3,13)(8,11)(10,16)(4,14)(5,7)-12                    1(2,6)9(3,15)(10,13,8)(16,11,14)4-(5,7)12                       1,6(2,15)(3,9,8)(13,14)10,11(16,4)(5,7)12                       4       2212212223322233開催２週目でも引き続き良好な軽めの馬場。ばらけたスタートから直ぐに隊列が決まり、新馬戦らしい緩いペース。単騎で抑えながら逃げていた勝ち馬が、最後まで渋太く脚を使って後続を寄せ付けない完勝。２着のフレーヴァードは中団からしっかりと脚は使ったが、勝ち馬に展開が向いたこともあって差を詰め切れず。                                                                                                                                                                                                                          
05231307125110117121121113114113                                                                                                                                                              15(8,14)(2,11,13)(5,6,10)-(1,7)9,3,4,12                         15(8,14)(2,11,13)(5,6,10)-(1,9)7,4(3,12)                        3       2212212223322233開催２週目でも引き続き良好な軽めの馬場。真ん中からグレイスフルが先手を伺うも、遅い流れを嫌ったスリールサンセールが先頭に。それでもペースは上がらず、緩い流れのまま直線へ。番手で抑えながら運んでいたホウオウプレミアが抑えながら先頭に立つが、外から脚を伸ばしたカーペンタリアがスパッと切れて差し切り勝ち。離れた３着争いは大接戦に。                                                                                                                                                                                      
05231308124113122125125124122127                                                                                                                                                              12,7,10,6(8,14)(4,3,9)(2,15)(5,11)13(1,16)                      (*12,7)10,6,14(4,8)9,3(2,11)5(13,15)(1,16)                      0       2222222222222222乾いて標準的な良馬場。前が緩めずに引っ張って淀みのないペースに。直線の入口で逃げ馬が後続をは泣いて押し切り態勢も、半ばで苦しくなって脱落。好位から抜け出した２着馬が渋太く粘っていたが、それを見ながら運んでいた勝ち馬が最後に交わして決着。                                                                                                                                                                                                                                                                                
05231309118109110116114121121                                                                                                                                                                 11-(1,2)5,8(3,6)10-4,7-9                                        11=1,2(8,5)6,3(10,4)-7,9                                        0       2212212223322233開催２週目でも引き続き良好な軽めの馬場。少頭数だが外から先手を奪った３着馬がやや速めのペースで後続を引っ張る。４角で２番手以下を離して直線へ向き、坂の上でも粘っていたが内を上手く立ち回ってきた勝ち馬が鋭く伸びて快勝。２着馬も外からしっかりと脚は使うが、勝ち馬の決め手が上だった。                                                                                                                                                                                                                                      
05231310128117116113108111122                                                                                                                                                                 4,9(2,3)5,1,6(10,8)(7,11)                                       (*4,9)(2,3)-5-(1,6)-(10,8)-11,7                                 0       2212212223322233開催２週目でも引き続き良好な軽めの馬場。少頭数ですんなりと隊列が決まり、かなり緩いペースで流れて行く。道中の動きもなく、直線のキレ勝負に。前が楽な展開で先行していた２頭が粘っていたが、中団で運んでいた勝ち馬がスパッと切れて最後に交わして決着。                                                                                                                                                                                                                                                                          
05231311128118123119119124125126125112115120                  11-9-(2,8)-(4,10)7-(5,6)12,3-1                                  11=9,8,2-(4,10)7,6-5,12,3-1                                     11=9,8,2,10(4,7)(3,6)(5,12)1                                    11-9(2,8)10(4,7)(3,6)(5,12)1                                    3 1111112212212223322233開催２週目でも引き続き良好な軽めの馬場。逃げたサペラヴィが後続を大きく離して単騎逃げも、ペースは速くない。２番手以下はかなり遅い流れになり、逃げ馬が勝負所でペースを落として馬群が凝縮。直線の切れ味比べの形だが、前が楽をしていただけに差し馬には出番なし。好位で手応え良く追走していたククナがしっかりと伸びて抜け出す快勝。２着には逃げ馬が粘り込んだ形。                                                                                                                                                                
05231312123110115124128125123126                                                                                                                                                              (*6,12)-(9,11)14(3,16)2,15-(5,13)7,8-(1,4,10)                   (*6,12)-(9,11,16)(3,14,2)15(5,13,7)(8,10)(1,4)                  0       2222222222222222乾いて標準的な良馬場。ダッシュを効かせた３頭が併走するような形になってペースを落とせず。それでも逃げたエルパソが持ったまま単騎で先頭に立って渋太く粘っていたが、最後は最内をロスなく運んだ勝ち馬が抜け出して決着。２着のマブストークもそつのない立ち回りからしっかり脚は伸ばした。                                                                                                                                                                                                                                          
07231b01133111132132124128127129139                           (3,*13)15,8(5,14)(7,12)-6=1,9(10,11)-(2,4)                      3,13(5,8,15)(7,14,12)6=1-11(10,9)-(2,4)                         (3,*13)(8,12)15(5,14)(7,6)-(1,11)10,2-4-9                       (3,*13)(8,12)(5,14)-(7,15,6,2)(1,11)10-4=9                      5 2222222222222222222222ダートは乾いてパサパサの状態。多頭数での牝馬限定の３歳未勝利戦で人気は割れ加減。内からパスカリが好発を決めて１角で先手。初ダートのメイショウコボケがこれを見る形でペースは上がらず大きな集団で流れる。４角で先頭に立ったメイショウコボケがそのまま押し切った。道中後方だったオシゲが、３角でムチを入れて動き、長く脚を使ってゴール前で２着に上がる。人気のハッピーバンドは、スタート一息で１角では外を回され、向正面で動くも直線の反応はなかった。                                                                          
07231b02122113115122127128137                                                                                                                                                                 (*16,8)13(2,4,15)-(5,14)11-6(1,3)12-(9,10)7                     (*16,8)2(4,13,15)5,14,11(1,6)-(3,12)(9,10)-7                    0       2222222222222222ダートは乾いてパサパサの状態。フルゲートでの３歳未勝利戦で、前走同じコースで２着のアルルカンが抜けた人気に。大外からストリートジャガーが先手を主張、人気のアルルカンがこれを追い掛けてやや速い流れに。アルルカンが４角で並び掛けて押し切りを図るも、３角でシンガリにいたツークフォーゲルが、４角を巧く回って距離を稼ぎ、直線は外に出して突き抜けた。アルルカンは終いの坂を上がってやや甘くなり、長く脚を使ったドンアチェカが２着に。                                                                                        
07231b03073114124142137132131127126129                        2(10,14,16)4(5,6)11(7,15)(1,9,12)(3,8)-13                       2(10,14)(4,6,16)5(7,15,11)(1,9,12)-(3,8)-13                     (2,10,*14,16)(4,6,11)15(7,5)(1,9)(3,8,12)-13                    (*2,14,16)(4,6,11)10-(7,5,15)(1,9)(3,8)(13,12)                  6 2222222222222222222222ダートは乾いてパサパサの状態。フルゲートでの３歳未勝利戦で人気は４頭に集中。人気のタイセイマイティが好発から先手も、後続にピッタリと来られて直線のひと踏ん張りが利かず。中団の外を追走していたラミアストラーダが、４角で先頭に立ったメイショウコガシラとの直線の追い比べを制して未勝利脱出。好位を追走したクールブロンは、切れる脚はないが渋太く粘って３着確保。                                                                                                                                                            
07231b04132121142132124124126123127                           8-(6,7)3(5,9)1=4,2                                              8(6,7)3(5,9)1-2,4                                               8(6,7)-3,5,9,1-2-4                                              8,6-7-3,5(1,9)-2,4                                              6 2222222222222222222222ダートは乾いてパサパサの状態。少頭数での３歳新馬戦で人気は割れ加減。外から二の脚で先手を取ったスマートサニーが、直線も脚色鈍らずに後続を突き放して快勝。２番手追走のワンダーエッジが、３角からムチを入れて前を追うも、全く差は詰まらず。人気のサトノトライアンフは、好位を追走するも勝負所でモタ付いて直線は内にモタれていた。                                                                                                                                                                                              
07231b05128110120130132129127127118113118                     12,10,6,7(3,11)8,13(2,9)1,5=4                                   12,10(6,7)(8,11)(3,13)(2,9)1,5=4                                (*12,10)7,6,11(3,8,13)(2,9)1,5=4                                12,10(6,7)11(3,8,13)1(2,9)5=4                                   3 3323323323323332233322この週最初の芝のレース。先週からＢコースで、内の悪い部分はほぼカバー。手頃な頭数での３歳未勝利戦で人気は上位３頭に集中。外からウインフランシーズが先手を主張しスローの流れ。ウインフランシーズは４角で一杯になり、好位追走のシャドウソニックが、４角で前に並び掛けて直線半ばで一旦先頭。しかし中団外を追走していたアドマイヤイルが、馬場中央から内にヨレながらもシャドウソニック差し切った。人気の１頭のエルトンバローズは、好位の外を追走するも、３角過ぎでムチが入り直線は反応なく後退。                                  
07231b06126107118123123132                                                                                                                                                                    (*4,6)16(2,8)11,5,9(1,12)(7,13)(3,10)15,14                      (*4,6)(2,16)8(5,11)9,1(7,12)(3,13)(14,10,15)                    0       2222222222222222ダートは乾いてパサパサの状態。フルゲートでの４歳上１勝クラス戦で連続２着のフラップシグナスが抜けた人気に。そのフラップシグナスが先手を取るも、後続が追い掛ける展開で先行馬に厳しい流れ。フラップシグナスは粘り込みを図るも、直線の坂で甘くなる。道中後方にいたオステリアと、ヤマイチエスポが差して来て波乱の決着に。                                                                                                                                                                                                        
07231b07074116117137132120128129126131                        (*4,11)7(1,8)(9,6,5,10)-3=2                                     4,11(1,7)(6,8)(9,10)5-3=2                                       (*4,11)(1,7,8)9(6,10)-(3,5)-2                                   (*4,11)(1,9,8)(3,7,6,10)-5,2                                    6 2222222222222222222222ダートは乾いてパサパサの状態。落ち着いた頭数での４歳上１勝クラス戦で人気は割れる。アルムブラーヴが先手を主張して淡々とした流れ。３角過ぎからペースが上がり、アルムブラーヴは直線も渋太く粘るが、道中早めに内に入れてロスなく立ち回ったイシュタルゲートが、直線半ばで抜け出して快勝。向正面で外から動いたルイナールカズマが、勝ち馬には離されるも２着争いを制す。中央再転入のウインヴェルデが２番手追走から直線も大バテせずに３着。                                                                                          
07231b08123113114119123120133                                                                                                                                                                 (*6,1,12)-15(2,14,16)(7,9)(3,10)(4,13)8,11,5                    6(1,12)-(2,15)16,14,7(9,3)(4,8,10)(11,13)5                      0       2222222222222222ダートは乾いてパサパサの状態。フルゲートでの４歳上２勝クラス戦。昇級の前走が２着だったカズプレストが抜けた人気に。ウインアウォードが先手を主張。だが、カズプレストがすんなりと２番手を追走し、直線はあっさりと抜け出す。楽に逃げた分ウインアウォードが２着に粘り、人気上位での決着。スタート一息で後方からになったサンデーミラージュが、直線は内から伸びて３連系の馬券は穴に。                                                                                                                                              
07231b09122107110111110117121                                                                                                                                                                 (*4,7)(1,5,6)-8,2,9-3                                           (*4,7)(1,5,6)-(2,8)9-3                                          0       3323323332233322芝はＢコース２週目で悪い所はほぼカバー。落ち着いた頭数での４歳上３勝クラス戦。二の脚速くミスボニータが先行も、内からブライトオンベイスが並び掛けてハナ併走の形になり、速いペースで流れる。人気に支持されたサトノラムセスが、後方追走から４角で馬場の外に出し、直線は後続を突き放して快勝。時計も速い。同じく後方にいたタイセイシェダルが２着に浮上するも、道中で外を回った分勝ち馬に差を付けられた格好。                                                                                                                    
07231b10124116116121121114111119                                                                                              5,9,2(3,11)(6,10)7(1,4)8                                        5-9-(3,2)(7,11,10)(1,6,4)8                                      5-9(3,2)(7,11,10)(1,6,4)8                                       3    3323323323332233322芝はＢコース２週目で悪い所はほぼカバー。落ち着いた頭数での３歳牝馬限定のリステッド競走で人気は割れる。先手を取ったユリーシャが、３角で後続との差を広げ直線も脚色鈍らずに押し切る。離れた好位を追走したコナコーストが、直線は外から前を追うも届かず。スタート一息でシンガリだったシングザットソングが、直線で外から追い上げてゴール前で３着に上がる。人気のアルーリングビューは中団の外で掛かり加減の追走で、直線の伸びはジリジリに。                                                                                        
07231b11073112117134133127125126122128                        (*3,7)15,8,9,16(4,12)-(10,6)14,13(1,2)-11-5                     3,7-15,8,9(4,16)12(10,6)(13,14,2)-1-11,5                        (*3,7)(9,15,2)(8,4,16)(12,6)10,1(13,14)-11-5                    (*3,7)(9,15,2)(4,16)(12,6)(8,10,1)(13,14)11-5                   5 2222222222222222222222ダートは乾いてパサパサの状態。フルゲートでの４歳上のオープン特別戦。ヒロイックテイルが内から先手を主張。これを見ながら運んだメイショウフンジンと、３角手前で外から捲り加減に動いたホウオウルバンの追い比べ。ゴール前でメイショウフンジンが先着。３着争いも混戦になったが、人気のバイシュラバナがゴール前で３着に上がる。                                                                                                                                                                                                    
07231b12129115129122121120120112113120                        8,7(1,2,5)-(6,9)11,3,4,10                                       8,7(1,2,5)(6,9)11,4,3-10                                        8,7(1,5)2(6,9)3(4,11)-10                                        8,7(1,2,5,3)(6,11,9)(4,10)                                      3 3323323323323332233322芝はＢコース２週目で悪い所はほぼカバー。落ち着いた頭数での４歳上２勝クラス戦。休み明けの前走で２着だったカンティプールが抜けた人気に。ヘネラルカレーラが先手を取ってマイペースの逃げ。直線も粘り込みを図る所を、好位を追走したアップデートがジリジリと伸び、ゴール前で捉えた。内を通った先行馬が残る展開で、中団より後ろの馬では届かず。                                                                                                                                                                                    
10231701070120129135130127122118124                           9,7(1,12)3(2,5,11)-(4,6,10)8                                    9-7(1,3,12)(2,5,11)(4,10)-8,6                                   (*9,7)(1,12)5(2,11)-(8,4)(3,10)-6                               9,7(1,12)-5-2,11(8,4)=10,6-3                                    5 2222222221131113311133月曜日に散布した凍結防止剤の影響で、ダートは乾かず稍重発表。１日を通して馬格のある馬が好走していた。前半１０００Ｍ通過が６４秒８とスローペース。前に位置付けた２頭のマッチレースに。勝ったスマートアイは好ダッシュでハナを切り、２着馬に早めに来られる展開だったが、渋太く踏ん張った。追い比べで惜敗した２着のショウナンアキドンは、３着以下を離していたので勝ちは近いか。３着イツモハラペコは、流れが向いた感は否めないが、この条件は合っている印象。                                                                      
10231702123113118122125119121118117                           8(1,13)(3,7,11)5-(9,10)4,6(2,12)                                8,13,1,11(3,7)5-10-(9,12)6,4,2                                  (*8,13)(3,7,1,11)-5(2,9,10,12)6,4                               8(13,1)(3,7,5,11)12(2,9,10)-6-4                                 4 4444444444424444344443１回小倉最終週。芝の内側は蹄跡が目立つが、絶対的な外伸び馬場とは言い切れず、フラットに近い状況だった。時計はやや掛かるコンディション。前半の１０００Ｍ通過は６０秒１。残り４Ｆ～ゴールまでが１２秒０近辺のラップが刻まれ、持続力が問われた展開。勝ったドナウパールは、中団から勝負所でスッと反応。直線は後続を寄せ付けず楽々と抜け出した。内にモタれるなどまだ若い面が残っているが、能力は上のクラスでも通用しそう。２着は逃げたシャイニースイフト。今回は相手が悪かったか。３着ダミエは、出遅れて後方からの競馬。道        
10231703124108113118129                                                                                                                                                                       4,2(1,6)(3,13)-(10,12,14)-8(5,9,11)7                            4-2,6(1,3)-(10,13)12(8,14)(5,9,11)7                             0       2221131113311133月曜日に散布した凍結防止剤の影響で、ダートは乾かず稍重発表。１日を通して馬格のある馬が好走していた。レース序盤から逃げ馬が独走し、そのまま押し切ったレース。その逃げ馬であるジャスパーロイヤルは、スピードの違いを見せつけて楽勝。２着には中団を追走したタノムデホンマが浮上。３着は好位追走からジリ浮上したシゲルダンガンが入線。                                                                                                                                                                                          
10231704                                                      9,13(11,10)(12,3)-(14,8)4,2,7,1,5=6                             9,13(11,10)(12,3)-(14,8)4,2,1,7,5-6                             9(11,13,10)3-12(14,4)8-2(1,5)-(7,6)                             9(11,10)(3,13)=4,12-(14,8)5(2,1)-6,7                                                    内ラチ沿いにだいぶ蹄跡が増えて、相当時計も掛かる状況。バラついたスタート。最初の障害をロードアクアが先頭で飛越し、絡まれることなく無事先手を奪う。２番手にメイショウベンガルが続くが、最初のカーブで内が渋滞して好位は外枠各馬が固める。襷を過ぎて７枠２頭が２番手に入れ替わり、スタンド前ではポートロイヤルとジャディードが進出。ここまでずっと２桁馬番の馬ばかりが好位で争っている。２周目になってもロードアクアの主張は変わらず、３コーナー過ぎでグレートバローズが加わってのほぼ５頭が固まり、後続を引き離す。直        
10231705                                                      8,4,7(3,10)12,6-11-5-2-9=1                                      (*8,4)(7,10)(3,12)6=11-(5,2)-9=1                                4,7,3,8(6,10)=9-5=1                                             (*4,7)3-(6,10)-8=9-5=1                                                                  内ラチ沿いにだいぶ蹄跡が増えて、相当時計も掛かる状況。バラついたスタート。外枠各馬がスタート優勢、最初の障害を飛越しメイショウカムロが先手を奪う。２番手にスマッシャー、その後ろにモーニングアヤメが続く。襷を過ぎてスタンド前でヴァンクールシルクが外を押し上げてきて、１コーナーで２番手に進出。メイショウカムロに競りかける形で、向正面でヴァンクールシルクが堂々と先頭に立つ。３コーナーを過ぎて満を持してスマッシャーが先頭に並び掛け、直線の障害後馬場の外に持ち出し、ほぼ追わずにグイグイ伸びて楽に差し切った        
10231706128115119128124124121117118118                        2,4,3-5(1,9)8-(6,7)                                             2-4-3(5,9,8)1(6,7)                                              (*2,3,8)4,9(1,7)(6,5)                                           2(3,8)4-1(6,9,7)-5                                              0 4444444444424444344443１回小倉最終週。芝の内側は蹄跡が目立つが、絶対的な外伸び馬場とは言い切れず、フラットに近い状況だった。時計はやや掛かるコンディション。少頭数の３歳未勝利戦。前半からペースが緩く、１０００Ｍ通過は６１秒４と遅め。この影響で、前が有利な展開で、それと同時に加速力が求められた。勝ったサスケは、今回は楽に前に取り付き、追い出しをじっくりと待つ競馬。４角でしっかり反応して２、３着馬との追い比べを制した。２着リリーバローズは、スローの逃げを敢行。ペースが上がった区間でもモタつくことはなく、現状の力は出せてい        
10231707070109116126128129127127129                           4(10,12)-(1,8)(6,13)5(7,11)-(3,9)-2                             4(10,12)1(8,6,13)5,11,7(3,9)-2                                  4(1,10,12,13)6(5,11)7(8,3,9)2                                   4,1(5,13)(10,12)(7,11)6-3,2(8,9)                                0 2222222221131113311133凍結防止剤を使用しているため稍重馬場で開催。中間に降水はなかったので稍重でも馬場は標準的な速さで、内前の馬が多く好走できていた。７Ｒは正面追い風で向正面向かい風。出ムチを入れられたアウグストがハナを主張する展開で各馬離れず追走していたが、勝負所で２、３番手にいたマイネルキングとスペクトログラムが早々に脱落してアウグストが単騎先頭の楽な形に。そのまま押し切るかに見えたが、内を立ち回っていたサトミノマロンとラニカイがジリジリと迫って残り５０ｍほどで先頭が入れ替わった。４着以下はオーマイオーマイが脚を        
10231708125108115123125125125123115116                        15-6-12,13(11,3,10)(5,7)1,4,14,8(2,9)                           15-6-12,13(11,10)3,7,5-(4,1)14(8,9)2                            15,6(12,13,10)(11,3,7)5,14(4,1,9)8,2                            (*6,13)(15,12,3,10,7)(5,14)(11,8,9)1,4,2                        2 4444444444424444344443１回小倉開催最終日。開催は進んでいるものの内を回った馬の好走率が高かったので、勝負所で外を回した馬は見た目以上には強い競馬ができているか。８Ｒは直線追い風。内からグラヴィテが出るが外からこれを制してドットが前へ。３角過ぎでドットの手応えが悪くなると馬群はギュッと凝縮。後続勢も外から押し上げていてどの馬にもチャンスがあるように見えた。最初に直線で伸びてきたのは外３番手にいたシャトンアンジュだったが、その外に出したセレブレイトガイズの伸びがいい。そして、内ラチ沿いからモカフラワーもグンと伸びる。ゴー        
10231709119104111116116117                                                                                                                                                                    4,10-5,3(2,1)(12,13)6,7(11,8)-9                                 4,10,5-1(3,13)(6,12)2(7,11)8-9                                  0       4444424444344443１回小倉開催最終日。開催は進んでいるものの内を回った馬の好走率が高かったので、勝負所で外を回した馬は見た目以上には強い競馬ができているか。９Ｒは３歳１勝クラスの１２００ｍ戦。前走でビッグシーザーの２着に好走したトレンディスターが１番人気の支持を集めていて、この馬が二の脚の速さで逃げてレースを作る。２番手ユカリプレリュードと３番手トールキンが離されずついていたが、４番手以降は勝負所で少し離されていた。直線ではトレンディスターの脚が鈍ったというよりもトールキンの勢いが凄すぎた印象で、あっという間にト        
10231710122105115120127                                                                                                                                                                       1(3,14)2(6,10)11(4,9)(12,13)(5,8)-7                             (*1,3,14)-(2,6)-(4,11,10)(5,12,9,13)-8,7                        0       2221131113311133凍結防止剤を使用しているため稍重馬場で開催。中間に降水はなかったので稍重でも馬場は標準的な速さで、内前の馬が多く好走できていた。ダート１０００ｍで行われた１０Ｒも前が残る展開で、ハナを切ったハギノオーロが３着に粘り、そのすぐ横につけていたララシャンドンが１着。外３番手にいたダンスウィズジョイは久々で大幅馬体増＋道中外々を回ったことで最後踏ん張れず、道中最内にいたプリティインピンクが３着に浮上した。結果的に内枠の馬が多く上位に好走。３着以下は大混戦で優劣をつけるのは難しい。                                
10231711129116122119119119118115115                           1,7(3,14)-(2,6,10)(8,11)9,13,5,12,4                             1-7(3,14)10,2,6(8,11)(9,13)5,12-4                               1-7,14,3,10(2,11,12)(8,6,5)13(9,4)                              1-7,14(3,10)(2,11,12)8(6,5)(9,4)13                              0 4444444444424444344443１回小倉開催最終日。開催は進んでいるものの内を回った馬の好走率が高かったので、勝負所で外を回した馬は見た目以上には強い競馬ができているか。１１Ｒは押して主張する馬がおらず枠なりにマイネルダグラスがハナに立つ。この馬が後続に２馬身ほどの差をつけて、緩まず１２秒を少し切るくらいのラップで中盤は推移していく。３角に入るとマイネルダグラスのリードはさらに拡大。このまま一人旅かと思われたが直線を向いてすぐに脚が鈍る。ずっと２番手を進んでいたダークエクリプスがこれを捉え、その他上位人気馬も末脚を伸ばしてきた        
10231712122111112113112117                                                                                                                                                                    (*2,10)(11,13,18)(1,3)(6,15,12)(5,8,16)(14,17)(4,9)-7           (*2,10)11(1,13,18)(3,15)(5,8,12)(4,14,17)(6,9,16)7              0       4444424444344443１回小倉開催最終日。開催は進んでいるものの内を回った馬の好走率が高かったので、勝負所で外を回した馬は見た目以上には強い競馬ができているか。１２Ｒは向正面向かい風とはいえゆっくりとしたテンの入り。馬群がかなり密集していたように、多くの馬が余裕を持って追走できたいたようだ。当然、上がりは速くなりある程度の位置にいないと好走は難しい状況。結果として最内からスズノナデシコが追い込んできたぐらいで、残りは４角地点で前にいた馬が上位を独占している。馬群外および後方にいた馬は展開不利と考えていい。                    
