06254801                                                      9-7(10,11)8-2-3-(4,6)5-1                                        (*9,7)11(10,8)-2-(3,4,6)-(1,5)                                  11,9,7(10,8)(2,6)-1,4-(3,5)                                     11-7(9,8)(10,6)2-1-4-5,3                                                                障害コースの馬場状態は良好。バラバラのスタート。最初の障害を３頭並んで飛越し、ヴラディアとユイノコキュウ２頭が並んで先導。バンケットを上り切ってユイノコキュウが単独で先頭に出る。２番手ヴラディアの後ろ好位集団でせめぎ合いがあり、スタンド前で外枠各馬が先団を固める。２周目で先団５頭が固まって進行、バンケットの入口で外３番手に押し上げていたゴーツウキリシマがスパート。バンケットを上り切ってユイノコキュウを交わし単独で出し抜く。直線に向いて２番手ヴラディアが盛り返し、馬場の内目を渋太く伸びて、ゴーツウ        
06254802123110117119122119113116                                                                                              (*2,5)(9,10)(3,4,13,14)-(1,8,16)(7,11,12)-(6,15)                2(5,9)(3,4,13,10)(1,8,14)(7,11,16)-6,12,15                      2(5,9)(3,4,13,10)(1,8,14)(7,11,16)-6,12,15                      2       11 1111113311133芝の内側は荒れてきたように見えるが、硬くなったか内が残って時計も出る馬場。内枠からホワイトドラゴンが楽に先手を奪うと、そのまま抑えながら運んで一団の隊列で流れる。３角からさらに馬群が凝縮して直線へ向くと、逃げていたホワイトドラゴンがスッと後続を引き離して勝負あり。２着ロイヤルスパイアは勝ち馬の直後で終始スムースに運べたが勝ち馬との差は詰められず。                                                                                                                                                                
06254803119109119123120128                                                                                                                                                                    6,15(13,16)(11,14)(2,8)-4(1,5)-3,7-9-12-10                      6,15(13,16)-14(11,8)2,4(1,5)(3,7)-9-12-10                       0          2222222222222パサパサに乾いた良だが、散水直後なのかやや黒ずんで見える馬場。かなりばらけたスタート。内から行き脚が付いて先手を奪ったのが勝ち馬で、宥めながら運んで平均ペースに持ち込めた。直線の半ばで後続を振り切ると、最後までしっかりと脚を使って危なげのない完勝。２、３着馬も先行した２頭でそのまま決着し、４着以下は時計に対応できずスピード不足だった。                                                                                                                                                                            
06254804128120134140129125127128125                           11(12,14,15)(4,5)1(3,7)(6,8)(2,10)9(13,16)                      11,12(14,15)(4,5)(1,3)(6,8,7)10(2,9)-(13,16)                    (*11,10,9)12,14(5,8,7)3-(1,15,6,16)2-(4,13)                     (*11,10,9)12,5(14,8)3-(1,6,7)(15,16)2-(4,13)                    5    22 2222222222222222パサパサに乾いて差しも決まる良馬場。向正面に入ったところでガクっとペースが落ち、そこで動いたのが５枠の２頭。３角の手前からペースアップしてロングスパート戦になったが、やり合う前を尻目に終始スムースだったのが勝ち馬。仕掛けのタイミングも完璧で、力強く抜け出す完勝だった。２着フィンガーは仕掛けた際に内外から早めに並びかけられて楽な形ではなかったが、それらは完全に競り落として力のあるところは見せている。                                                                                                            
06254805125116121123125122118108                                                                                              (*13,16)1(6,7,10,12)(4,9)(5,8)2-11,3(14,15)                     13(16,10)(1,6,12)7,9(4,5,8)(2,11,15)-3,14                       (*13,16,10,12)(1,6,7,9)(4,5,8)(2,11,15)3-14                     1       11 1111113311133芝の内側は荒れてきたように見えるが、硬くなったか内が残って時計も出る馬場。ばらけたスタート。外枠の２頭がダッシュ良く前に行くと、ガッチリと抑えて先行勢は一団になって緩い流れ。４角で外から押し寄せてきたのが上位勢で、先に抜け出したリラを目標に、最後はギリーズボールがぐいっとひと伸び。上位の２頭ともに決め手は優秀だったが、勝ち馬のキレはかなりのモノ。                                                                                                                                                                
06254806130122135135127121123126129                           4,11(5,6,15)16(3,7,9)10(13,14)-1-12-2-8                         4,11(5,15)(6,16)(3,7,9)10(13,14)1,12(8,2)                       (*4,11,1)(15,10,14)9(5,6)13,16(7,8)2(3,12)                      (*4,11,1,10)-14(5,9)(8,13)(6,15,12)16(7,2)3                     5    22 2222222222222222パサパサに乾いて差しも決まる良馬場。向正面に入ったところでペースがガクッと落ち、３角の手前から捲りにが入ってロングスパート戦に。先に仕掛けたシャンハイナイトを見て動いたリュミナーズが直線の半ばで完全に抜け出したが、更に後ろから脚を伸ばしたのが上位の２頭。勝ったレディーフランシスには流れもちょうど良かったが、決め手も一枚上だった。                                                                                                                                                                                  
06254807125112132126122122121120116114115                     2,12(1,3)7(4,6,16)9,5,14-11(8,13)-10,15                         2(12,16)(1,3,7)(4,6)9,5,14,8,11,13,15,10                        2(16,12)(4,3)(1,6,7)(8,5,9)14(15,11,10)-13                      2(16,12)(4,1,3)(8,6)(14,5,7)(11,9,10)(15,13)                    0    11 1111111113311133芝の内側は荒れてきたように見えるが、硬くなったか内が残って時計も出る馬場。内からビップチェイスが先頭に立つと、各馬が抑えて運び前半は緩い流れ。３角からじわっとペースアップして後続が動きづらい展開になり、逃げていたビップチェイスが直線の入口でスッと後続を離して押し切り態勢に。しっかりと粘れていたが、好位の内でぴったりと運んでいたサンカシグレが最後にひと伸びして決着。３着グランセゾンは４角で外へ出した分だけ届かなかったか。                                                                                      
06254808117106110122131125                                                                                                                                                                    14-7(1,5)(4,6)-(3,9)(10,11,13)15,12,2(8,16)                     14-7,4(5,6)3,10,9,1,15(11,13)12(2,8)16                          0          2222222222222パサパサに乾いて差しも決まる良馬場。内枠でダッシュが良かった２頭がじわっと先頭を伺うも、それを見て外からレオエンプレスが仕掛けて先頭に。強引な仕掛けからそのまま後ろを離してオーバーペースで飛ばし、直線の入口でバッタリ。離れた好位から２頭が抜け出して叩き合いになり、最後はショウナンハクウンが交わして決着。３着スリーピースも長く脚は使って追い上げたが、時計が速かったこともあって前には届かず。                                                                                                                      
06254809127111124124122121120119116119                        5,6(4,9)2,7-8,3=1                                               5,6(4,9)2,7(3,8)=1                                              5,6,9(4,2,7)(3,8)-1                                             (*5,6)9,2,7(4,3,8)1                                             0    11 1111111113311133芝の内側は荒れてきたように見えるが、硬くなったか内が残って時計も出る馬場。積極的に先手を主張する馬はおらず、じわっとマイネルマスターが先頭に。２番手以下も抑えながら運んではいたがそれほどペースは緩まず、２歳戦にしてはスタミナのいる展開になったか。直線は向いたところで番手からアメテュストスが先頭に立って粘っていたが、最後に外から伸びたウイナーズナインに交わされたところで決着。人気のロックターミガンも上位争いには加わっていたが、追い出されてから案外伸び切れなかった。                                          
06254810119107112114110114                                                                                                                                                                    7(2,4,15)(1,12)(5,14)6(9,10,11)3(13,16)-8                       7(2,4,15)12(1,5)(6,14)(3,10)11,9(8,13,16)                       0          1111113311133芝の内側は荒れてきたように見えるが、硬くなったか内が残って時計も出る馬場。内のソーダーンライトがガッチリと抑えたことで、コウセキが労せずに先手。そのまま一団の隊列で落ちついた流れのまま直線へ向き、好位の内からソーダーンライトがあっさりと抜け出して完勝。時計、上がりの速い競馬になったこともあって２着争いは混戦になったが、外から伸びたモジャーリオが先着。全体的には内通った馬達で上位を占める結果に。                                                                                                                
06254811128108116116115117113116                                                                                              (9,*12,14,16)4(2,6,7,10,15)(8,13)5(1,3)-11                      16,12(4,14,15)2(9,10,13)6(8,7)(5,1)3-11                         16(4,12)14(2,15)(6,10)(9,13)(5,8)(3,7,1)11                      0       11 1111113311133芝の内側は荒れてきたように見えるが、硬くなったか内が残って時計も出る馬場。内枠から絶好のスタートを決めたトーセンエスクードが控えたのを見て、大外からピースワンデュックが先頭に。２馬身ほど離した単騎逃げだったがペースは速くなく、勝負所で後続が詰め寄ってきた際に息を入れられて手応えは十分。直線に入っても脚色は衰えず、内でロスなく運んでいた馬達が詰め寄ってはきたがそのまま押し切り。差し馬勢が台頭できる展開ではなく、大荒れの結果になった。                                                                          
06254812120110114118121131                                                                                                                                                                    (*13,15)-16,11,9(7,4,10)(6,12)14,3-5,1-8-2                      (*13,15)-16,9(11,4,10)(7,6,12)(3,14)(1,5)-8-2                   0          2222222222222パサパサに乾いて差しも決まる良馬場。ダッシュ良く先頭に立ったフレッシュランが先頭に立ったが、折り合いを欠いたビッグドリームが並びかけてきて２頭で後ろを離して直線へ。ビッグドリームが直線の半ばで抜け出して粘りを見せたが、直線で鋭く伸びたワンダラーが差し切って決着。                                                                                                                                                                                                                                                      
09254801123111118128130123122                                                                                                                                                                 (*1,3)11(2,9,13)5(4,8,15)14(6,7,10)12                           (*1,3,11)13(2,9)(5,8,15)4,14,7,12(6,10)                         0       2222222222222222開催最終週。ダートは良馬場も含水率はやや高め。２歳未勝利戦で人気は割れる。内からユウトザイノセントが掛り加減に先手も追い掛ける馬がいてやや先行争いは激化。それも一団での競馬で、４角で前に並び掛けたブロンテスが直線抜け出し後続を突き放す。道中中団馬群から直線外に出したワイズギャングがゴール前で２着に上がる。人気に支持された１頭のウェイヨーは後方追走で、直線に入って競走中止                                                                                                                                        
09254802131115137134132124123122128                           (*2,3)6(9,8)-7(1,4)5                                            (*2,3)(9,6)(1,8)(4,7,5)                                         (*2,3)-8,9,6,5-1,4-7                                            (2,*3)9-8,5-(1,6,4)=7                                           4 2222222222222222222222開催最終週。ダートは良馬場も含水率はやや高め。２歳未勝利戦で芝で惜敗のシーズザスローンがダートに矛先を向けて圧倒的人気に。メイショウシンガンが好発から先手も、人気のシーズザスローンが２番手追走から４角では前に取り付き直線抜け出す。逃げたメイショウシンガンも大きくはバテてはいないが、アーサーバローズが２着に上がる。                                                                                                                                                                                                  
09254803122105113121114116                                                                                                                                                                    (*2,3)9,13,8(1,12)(4,6,14)11,10,5,7                             2,3(9,13)(8,12)(1,14)6,4,11,10-5-7                              0       2222222221122211開催最終週。芝はＢコース２週目。良馬場で状態は良好。２歳未勝利戦でリーガルスプレンダが馬場入場後に除外に。モレイラ騎手のフォーゲルがやや抜けた人気に。２枠２頭が先行。追い掛ける馬もいてやや速い流れに。人気のフォーゲルは中団の前追走で、４角では前に並び掛け、直線はトップアタックを競り落として抜ける。道中中団だったナムラコスモスが外から伸びてゴール前で２着に。人気の１頭のディジーピナクルは出遅れ。終始馬群の外を回って直線は余力なく失速。                                                                        
09254804124110119122120120110121                                                                                                                                                              16-11(3,12)-(4,5)14(1,7,8,10)(2,9)13-6-15                       16,11(3,12)(4,5,14)(1,7,10)(2,8,13)9,6=15                       2       2222222221122211開催最終週。芝はＢコース２週目。良馬場で状態は良好。多頭数での牝馬限定の２歳新馬戦で人気は割れる。ノリノリソックスとクイーンズガーデンが好発も大外からナムラマフィンが二脚で先手を主張して淡々とした流れ。逃げたナムラマフィンは４角では一杯になり、好位追走の６枠２頭が抜け出し図るも、中団前追走だったホワイトオーキッドが馬群の外に持ち出して伸び抜ける。道中後方だったルージュプルーヴが直線だけで追い上げ２着に。人気のポエティックデールは馬群後方でモタ付き見せ場なく終わる。                                        
09254805130114123123124124122119118118                        (6,*7,8,9)(1,11)(2,3)10,4-5                                     (*6,7)8(1,11,9)3,2(4,10)-5                                      6,7,8(1,11,9)3(2,10)5,4                                         (*6,7)(1,11,8)9(10,3)(2,5)4                                     0 2222222222222221122211開催最終週。芝はＢコース２週目。良馬場で状態は良好。２歳新馬戦で人気は三つ巴。６枠２頭がハナ併走で淀みない流れ。直線入口でエアビーアゲイルが後続を振り切って逃げ込み図るも、好位の内をロスなく回ったフリーガーが外から馬体を併せて追い比べに持ち込んで先着。人気のモスカテルは馬群の前追走から４角で先行馬の外に出すも直線は切れ負け。人気上位での決着。                                                                                                                                                                    
09254806128114133126125124122124129                           2,5(3,9)4,7,8-6,10-(1,11,12)-13                                 (*2,5)(3,9)(7,4)8,6-10-(1,11,12)-13                             (*2,5)9,3(7,4)8-6(10,12)(1,11)-13                               (*2,5)9(3,7,4)8,12,10,6(1,11)-13                                6 2222222222222222222222開催最終週。ダートは良馬場も含水率はやや高め。３歳上１勝クラスで人気は上位４頭で拮抗。内から人気の１頭のアートレスマインドがやや掛り加減に先手。直線も渋太く粘るが、４角外から進出のストップヤーニングが直線の追い比べを制す。４角内を突き直線前を捌いて伸びたヨリノレジェンドが３着。人気のエイユーファイヤーは相変らずズブくてエンジンの掛りが遅い。                                                                                                                                                                      
09254807126111117133133125120119115118119                     10,9(5,14)15(1,7)(13,12)6(3,8)11(4,2,16)                        10,9(5,14)(12,15)(1,7)8(6,13)11(3,2,16)4                        (*10,9)12,5(14,15)(1,8)(6,7)11(3,16)13(4,2)                     (10,*9)12,5(14,15)(1,8)7(6,11,13)(3,4,16,2)                     6 2222222222222221122211開催最終週。芝はＢコース２週目。良馬場で状態は良好。３歳上１勝クラスでピエタンツァがやや抜けた人気に。先行争いを制してケイアイワイラーパが１角でハナに立ちスローの流れ。直線の決め手勝負を道中中団の内追走のアロンディが直線は内埒沿いを伸びて抜け出す。直線巧く外に出したドマーネだが、勝ち馬の決め手は上。人気のピエタンツァは馬群で掛り加減で直線の伸びはジリジリで掲示板がやっと。                                                                                                                                      
09254808125114120118120115108114                                                                                                                                                              7,2(5,11)(8,10)6,4(9,13)1,12,3                                  7,2(5,11,6)(8,10)(4,9,13)(1,12)3                                3       2222222221122211開催最終週。芝はＢコース２週目。良馬場で状態は良好。３歳上２勝クラスで休み明けもモレイラ騎手鞍上のバレルターンが人気に。クスクスが促し先手で淡々とした流れも直線は踏ん張れず。昇級のスライビングロードがスンナリ好位追走から直線は逃げ馬の外に出して直線半ばで抜け出し後続の追撃を抑える。人気のバレルターンは中団前の内から直線伸びるも勝ち馬が渋太く。人気上位での決着。                                                                                                                                                  
09254809123112121127126122124                                                                                                                                                                 (3,*4)(1,5,7)(2,8)-6                                            (3,*4)(5,7)1(2,8)-6                                             0       2222222222222222開催最終週。ダートは良馬場で午前中に比べると乾燥が進む。少頭数での２歳１勝クラスで上位人気はやや拮抗。ローズカリスとキーンセンスがハナ併走でやや速い流れ。先行馬を見ながらだったテーオーグレーザーが４角外から進出で前を捉えにかかるも、更に外から道中後方だったペルセアが３角から長く脚を使って差し切る。一旦テーオーグレーザーに前に出られたローズカリスが差し返しての２着。                                                                                                                                              
09254810124110110111111117                                                                                                                                                                    10,16(1,12)9(4,6,14)11(2,13)15(3,7)8,5                          (*10,16)(1,12)9(6,14)(4,11)(2,15)(3,13)7-8,5                    0       2222222221122211開催最終週。芝はＢコース２週目。良馬場で状態は良好。３歳上３勝クラスでレッドエヴァンスがやや抜けた人気に。突進気味に好発を決めたエコロマーズが先手。ジャスパーノワールにやや突かれながらも直線も渋太く粘るも、ゴール前で後続が殺到。好位追走ルーフがゴール前で逃馬捉えた所を、離れた外からシュタールヴィントが一気に差し切る。人気のレッドエヴァンスはやや掛り加減に中団前の外追走で直線は追われて伸びる一息に。                                                                                                            
09254811125112114133131133128122121129                        12(1,3)(2,6,7,14)-8(11,10)4-9,5,13                              12(1,3)(2,7)(6,14)8(11,10)4-(9,5)13                             (*12,3)(1,7)(2,6,8,14)4(11,10)(13,5)9                           3,7(1,14)(12,6,8)(2,4)11(13,10,5)9                              4 2222222222222222222222ダートは午前中に比べると乾燥が進む。３歳上のハンデのＧⅢ戦でテーオーパスワードが抜けた人気に。初ダートのホウオウプロサンゲが外から促し１角でハナに。向正面でペースが緩んだので３角では一団に。逃げたホウオウプロサンゲが早々に一杯になったので２番手追走のジューンアヲニヨシが早め先頭で直線の押し切る図るも、ゴール前でやや甘くなり、中団追走のサイモンザナドゥが外からこれを捉えに掛るも、更に外から、道中はシンガリだったホウオウルーレットが決め手発揮で差し切る。人気のテーオーパスワードは中団で前見ながらも直        
09254812118112113118116129                                                                                                                                                                    16-(6,15)-(3,5)9(1,4)(8,7)2,11(10,12)-(13,14)                   16-6,15(3,5)9(1,4,7)8,11,2(10,12)14-13                          0       2222222222222222ダートは午前中に比べると乾燥が進む。３歳上２勝クラスでフィドルファドルが人気に。そのフィドルファドルがゲートを突進して馬体検査、外枠からの発走に。二脚で先手を取ったタカネノハナコサンが直線も脚色鈍らずに後続を引き離しての快勝。好位の内を巧く立ち回ったランウインディが軽量を利して２着に。外枠発走になったフィドルファドルは中団の外追走で、直線は外から差は詰めるも４着まで。                                                                                                                                          
