03253101071111124130127126130131133                           7,1(2,12)(8,13)(4,5)9,14,11,6,10,3                              7,1(2,12)(8,13)4,5(9,14)-6,3,10-11                              (*7,1)12(2,8)(4,13)(5,14)9=6,3-10,11                            7(1,12)(2,8)(4,13)(5,14)9=6-3-11,10                             0 2222221131131113311133ダートは標準的な良馬場。牝馬限定の２歳未勝利戦でジェネチェンがやや抜けた人気に。内から人気のジェネチェンが行きかけるもテセラグラディウスが先手うぃ主張。淡々といした流れで好位の外追走のブエノスオプティマが４角外から並び掛けて抜け出し図るも、道中好位の内追走だったオトシダマが直線は先行馬の外に出して差し切る。内に拘ったアーティラリーが３着に。                                                                                                                                                                      
03253102124108114124125118121122120                           (*16,11)10(8,14)3(2,5,7)9-(6,13)1-4,15,12                       16,11,10,8,14(3,2,7)9(1,6,5)13-4-15-12                          16(11,9)(8,7)(10,14)(3,2,5)(1,6)(4,13)15-12                     16(8,9)11(3,10)(2,7)(1,6,5)14,4(15,13)-12                       4 1111111111111111111111夏以来の開催で芝の状態は良好。フルゲートでの２歳未勝利戦で人気は割れ加減。大外からテルケンレンスキーが先手を取って淡々とした流れで逃げて直線も粘り込み図るも、道中は中団の内追走のハーディジェナーが直線は逃馬の外に持ち出して差し切る。人気に推されたブライトエアリーは好位追走も直線の伸びはややジリ脚に。                                                                                                                                                                                                                
03253103072111120123126124126131132                           6(11,15)(7,9,14)(1,10,13)(3,8)2,5(4,12)                         6(11,15)(7,9)(1,10,14)-(2,3,13)8(5,12)4                         (*6,11,15)-9(10,14)-(7,13,8)(3,12)(1,2)-5,4                     (*6,11,15)-9-(10,14)8-13-(3,12)2-(7,4,5)-1                      0 2222221131131113311133ダートは標準的な良馬場。フルゲートでの２歳未勝利戦でハグレジョーがやや抜けた人気に。シューティングガイが促し先手主張。人気のハグレジョーとアトモスが追い掛ける展開に。４角でも３頭で後続を離して直線の追い比べに。アトモスが人気のハグレジョーを下して先着。                                                                                                                                                                                                                                                                
03253104095106112120123129                                                                                                                                                                    12,4(9,14)(5,13)(2,16,15)(1,3)6(8,10)(11,7)                     12,4-(9,14)13,5-15(16,10)(2,3)8,1(6,7)11                        0       1131131113311133ダートは標準的な良馬場。フルゲートでの牝馬限定の３歳上１勝クラスでハニーローリエがやや抜けた人気に。そのハニーローリエが二脚速く先手。直線も脚色鈍らずに押し切る。好位追走のアイドルが直線前を追うもジリジリとしか差は詰まらず。スタートで後手のペレグリンが３角から長く脚を使って直線外から３着に上がる。                                                                                                                                                                                                                  
03253105121106111119117118                                                                                                                                                                    (*3,8)14(9,12)(15,10)11-(1,13)-(6,16)-(7,2)(4,5)                (*3,8)14(9,12)(15,10)11-(1,13)16(6,2)-7(4,5)                    0       1111111111111111夏以来の開催で芝の状態は良好。フルゲートでの２歳新馬戦でモズヴイがやや抜けた人気に。新馬戦らくしバラけたスタートからメローネとディヴァインスカイがハナ併走。一旦２番手に控えたディヴァインスカイがゴール前でメローネを捉える。人気のモズヴイはスタートで外にヨレるも好位を確保。直線先行馬を追うも差し届かずの３着に。先行馬での決着。                                                                                                                                                                                      
03253106126107116118119118117117122                           (6,*9)-8,11(2,10)12(7,16)(1,3,15)-14,4(5,13)                    (*6,9)-8-(2,10,11)12,7(16,15)1,3-14,4(5,13)                     (*6,9,8)2,11(7,10,12)(1,16,15,3)-14,4(5,13)                     (*6,8)2(9,11)(7,15,10,12)(1,3)(16,14)(4,5)13                    0 1111111111111111111111夏以来の開催で芝の状態は良好。フルゲートでの若手騎手限定の３歳１勝クラスでスナークピカソが抜けた人気に。そのスナークピカソが先手もウーバーストロングにピッタリと来られて苦しい展開で直線は踏ん張れず。好位追走のレッドイステルが人気馬目標に抜け出し図るも、道中中団の内追走のバセリーナが直線内埒沿いを抜けて来る。２着には直線だけ外に出したスピンザブラッドが追い上げる。                                                                                                                                                
03253107120105108113112122                                                                                                                                                                    (*7,8)11(6,5)14(1,12,3)(4,15)(2,13)(9,10)-16                    (*7,8)(6,5,11)-(1,3)(2,14)(4,13)12,15(9,10)16                   0       1111111111111111秋の福島開幕週。７月２０日（Ｂコース）以来の開催で、この日はＡコースを使用。１勝クラスの芝１２００ｍで１分８秒０が記録されたように、時計の出やすい馬場だった。しかし、クラスが上がってもこれ以上の時計は出ず、ペース次第だった感じがあるので時計比較、能力比較は難しい１日だった。７Ｒは二の脚の速さで先手を取ったセゾンデフィーユがコーナーでも緩めず。縦長馬群でレースが進み、結果的にはバシレイアなど先行馬が上位を独占した。１分８秒０と福島にしては速い勝ち時計だから、差し馬はスピード決着に対応できなかったと        
03253108095108109119127129                                                                                                                                                                    (*9,10)16,15(12,5,14)(2,1)3,4(8,6,11)-7=13                      (*9,10)16-5(12,1,15)14(2,3)8(6,11)4,7=13                        0       1131131113311133秋の福島開幕週。雨の影響はなし。時計レベルは標準で、逃げ馬が力を出せる１日だった。８Ｒは先行争いが激しくなったが、ハナを併走していた人気馬ジャスパーソレイユが直線でも粘りを見せた。他の先行馬はバテてしまっていて、直線ではシャーンゴッセ、ブリングライトの末脚が目立った。１番人気ロードヴァルカンは位置取りが後ろからになったのが誤算。                                                                                                                                                                                  
03253109126109114126128122115118119120                        2(11,12)(1,5,16)10(9,15)7(4,8)3,6,13,14                         2(11,12)(1,5,16)10(7,9,15)(4,8)(3,6)(13,14)                     (*2,11)12(1,5,14)16(7,9,15)10(4,8)(3,6)-13                      2(1,11,12)(5,16)(7,15)(9,14)(4,10)(3,8,6)13                     5 1111111111111111111111秋の福島開幕週。７月２０日（Ｂコース）以来の開催で、この日はＡコースを使用。１勝クラスの芝１２００ｍで１分８秒０が記録されたように、時計の出やすい馬場だった。しかし、クラスが上がってもこれ以上の時計は出ず、ペース次第だった感じがあるので時計比較、能力比較は難しい１日だった。９Ｒは中盤に息が入る展開となったが、アスクメークシェアが後方から一気に動いたのを皮切りにペースが上がる。４Ｆ戦で脚を長く使う展開となり、先団後ろを進んでいたジェットブレードが勝利。逃げたスイートオレンジはクビ差２着惜敗で、近走        
03253110117101108116118121                                                                                                                                                                    15-8(7,6,13)16(5,14)(4,10)(3,11)(2,9)12,1                       15-8(7,6,13)16(5,14,10)(3,4)(2,9,11)12,1                        0       1111111111111111秋の福島開幕週。７月２０日（Ｂコース）以来の開催で、この日はＡコースを使用。１勝クラスの芝１２００ｍで１分８秒０が記録されたように、時計の出やすい馬場だった。しかし、クラスが上がってもこれ以上の時計は出ず、ペース次第だった感じがあるので時計比較、能力比較は難しい１日だった。１０Ｒは芝１２００ｍで前半３Ｆが３２．６秒。この日はテンが速いレースが多かったのだが、さすがに福島でこれは速すぎる。外枠から外々を立ち回ったイツモニコニコが穴をあけたように、結果の判断が難しいレースとなった。なお、３着フードマ        
03253111118102110116116121                                                                                                                                                                    (*1,10)2,13(3,4,14)6,5,12,7,11(9,8)15,16                        10(1,2)(3,13,14)(5,4)(7,6)(12,8)(9,11)15,16                     0       1111111111111111秋の福島開幕週。７月２０日（Ｂコース）以来の開催で、この日はＡコースを使用。１勝クラスの芝１２００ｍで１分８秒０が記録されたように、時計の出やすい馬場だった。しかし、クラスが上がってもこれ以上の時計は出ず、ペース次第だった感じがあるので時計比較、能力比較は難しい１日だった。１１Ｒはスッと出たベイビーキッスにアシャカタカが絡んでいって共倒れに。先団後ろにいたソルトクィーンとトーセンエスクードが連対して、３番手追走のロードトレイルが３着。                                                                      
03253112071113116124127123123131131                           2(7,14,15)(4,12)11(1,3)-(5,6)(8,9)10-13                         2,7,14(4,12,15)(1,11)-3,5,6,8,9-(13,10)                         (*2,7,14)(12,11)(4,15)(1,5,3)(9,6)8-10,13                       2(7,14)-12,11,4,5,1(9,3)15(8,6)(13,10)                          0 2222221131131113311133秋の福島開幕週。雨の影響はなし。時計レベルは標準で、逃げ馬が力を出せる１日だった。１２Ｒは内からポンと出たタイセイマンボがハナ。後続も大きく離されずに追走できていたが、３角でのペースアップに対応できなかった馬は脱落していった。直線入口ではタイセイマンボが２番手を２馬身ほど離す。後方から目立つ脚で追い込んでくる馬もおらず、タイセイマンボは最後少し余裕ある感じでゴールしている。                                                                                                                                    
05255101072108114128126123122                                                                                                                                                                 (*3,6)15,8,4,11,10(9,14)-(5,7)16-(2,12)-13                      (*3,6,15)(4,8)(10,11)-(7,14)9,5-16(2,12)-13                     0       1131131113311133パサパサに乾いてはいるが、比較的軽目で前も残る馬場。ばらけたスタート。内から主張したオテモヤンが先頭に立つも、２番手以下もピッタリと付いてきて速い流れに。４角では前が３頭並んで直線へ向き、その直後で手応え良く運んでいたのが勝ち馬。半ばで楽に抜け出すと、そのままリードを広げて完勝。一度使われたのと乗り替わりが大きかったか、時計も悪くない。人気のビップムーランは前半で力んだ分もあるのか、手応えの割りには甘くなってしまった。                                                                                      
05255102125111120126133126122123                                                                                                                                                              1(2,11)(8,4)(15,13)(12,6)3(5,7)10-14,9                          (*1,2,4)(8,11)(13,6)(15,12,10)(3,7)5-14-9                       3       1131131113311133パサパサに乾いてはいるが、比較的軽目で前も残る馬場。最内からケンブリジサクラが押して先手を奪うと、他馬は無理に競り掛けず。４角でペースが落ちて馬群が凝縮しての追い比べになり、人気の２頭で抜け出して３番手以下は大きく離された。最後はアンディラメナが突き抜けて完勝。                                                                                                                                                                                                                                                      
05255103132119124129129126124113105111                                                                                        (*7,8)6,3,4,9,10(1,12)5(2,11)                                   (*7,8)(3,6)(4,12)9(10,11)5,1,2                                  (*7,8,6)(3,4,9,12)(10,11)5(1,2)                                 3       4224224422244221内側に若干の痛みはあるが、時計が出て早い脚が必要な馬場は変わらず。６枠の２頭が抑えながらじわっと先行し、各馬がガッチリと抑えて運ぶ緩い流れ。人気のグリーンエナジーが番手から持ったまま先頭に立つと、そのまま抜け出して最後は流す余裕のある完勝。極端に速い上がりになって着差の開きづらい展開で決定的な差をつけた。２着プレイザリードも展開が向かなかった中で、３着以下は離して速い脚があるところは示した。                                                                                                                  
05255104075115122126126116123                                                                                                                                                                 16,13(8,14)-(4,12)-2(10,11)15,7,9-3                             16,13(8,14)-(4,12)-(2,11,15)-10,7-9-3                           0       1131131113311133パサパサに乾いてはいるが、比較的軽目で前も残る馬場。大外から二の脚でプールナバドラが先頭に立つと、宥めながら運んで落ちついた展開を作る。４角で後続が詰め寄ってきた際も手応えは良く、番手で追走していたトモジャオーリーと２頭で後ろを大きく離して追い比べ。最後はプールナバドラが振り切って快勝だった。時計的にはそれほど速くはないが、２着トモジャオーリーも後ろは大きく離して悪くはない内容だった。                                                                                                                        
05255105133117122123116115116113112                                                                                           (*4,8)(3,5,10)(9,11)12,1(6,13)7,2                               (*4,8)(3,5,10)(9,11)-12-1,13(6,2)7                              8,10(4,5)(3,11)9-12-1,13(6,2)-7                                 5       4224224422244221内側に若干の痛みはあるが、時計が出て早い脚が必要な馬場は変わらず。先行勢がガッチリと抑えながら前の５頭が後ろを若干離して運び、３角からペースアップ。人気のミラージュノワールが持ったまま先頭には立ったが、前半から力んでいた影響か直線の半ばで脚が上がってしまう。それにぴったりと付いていったラヴェニューが楽に先頭へ立ち、余裕のある脚色で後続を突き離して圧勝だった。２、３着馬も最後まで脚は使えているが、勝ち馬とは力の差があった。                                                                                    
05255106130118121119117111113                                                                                                                                                                 (*3,6)(2,10)4(8,9)(1,11,13)5,7,12                               (*3,6)10(2,4)(8,9)(1,11,13)5-(12,7)                             0       4224224422244221内側に若干の痛みはあるが、時計が出て早い脚が必要な馬場は変わらず。内から力んでルルマーレが先頭に立ち、宥めながら運んで緩い流れ。先行勢は５頭が一団になって運び、直線の決め手比べに。番手追走のレオアジャイルが半ばで先頭に立つと、追い出されてからもしっかりと伸びて完勝。人気のプラネタリーアワーは内枠からロスの無い立ち回りはできたが、加速が付くのが遅くて最後の最後に伸びてきた。                                                                                                                                      
05255107070111114119120120125                                                                                                                                                                 (*12,13)15(1,8,9)(2,6)7(3,4,14)(5,11,16)=10                     (*12,13)15(1,8,9)(2,6)(3,4,7)14(5,11,16)-10                     0       1131131113311133パサパサに乾いてはいるが、比較的軽目で前も残る馬場。真ん中からダッシュよく先頭に立ったのが勝ち馬のドントゥザムーン。隊列が決まると番手以下もぴったりと付いてきたが、各馬が抑えながら運ぶ落ちついた流れ。直線へ向いても手応えは良いままで、半ばで後続を振り切るとリードを広げて完勝。時計の速い決着になり、２、３着は内枠からロスの無い立ち回りをした馬が浮上した。                                                                                                                                                          
05255108133114115118120119122116113113                                                                                        4-8-5,1(3,7)2-6                                                 4,8-5-(1,7)(3,6)-2                                              4,8,5(1,7)6,3,2                                                 3       4224224422244221内側に若干の痛みはあるが、時計が出て早い脚が必要な馬場は変わらず。少頭数で直ぐに隊列が落ちつき、前の３頭がばらけた隊列になったが、それでもペースはスロー。４角で馬群が凝縮しての直線の切れ勝負に。外から持ったまま抜け出したのが勝ち馬で、着差以上に強い勝ちっぷりだった。２着ビーオンザカバーもこれまでにない上がりを使って後ろには決定的な差。乗り替わりも良かったか。                                                                                                                                                    
05255109073114119123125132122124123119126                     4,11(2,5)(8,13)6(1,7)3-(9,12)10                                 4-11-2,5(6,13)8(1,7)-3(9,12)10                                  4,7-11(2,5)(6,13,8)(1,3)(9,12,10)                               4,7(2,5)-(6,11,13)(1,3,8)10(9,12)                               5 2222221131131113311133パサパサに乾いてはいるが、比較的軽目で前も残る馬場。向正面で逃げ馬、番手の馬がそれぞれ２、３馬身離してやや縦長の隊列になるも、ペースが緩んだところで３角からサンカルミアが動いて馬群も凝縮。逃げていたキョウキランブは後ろが詰め寄ってきても手応えには余裕があり、結局最後までしっかりと脚を続けて完勝。２着テーオーマルコーニも勝ち馬を見ながらしっかりと脚は使って後ろは離したものの、今回は勝ち馬が強かった。時計が速くなったことで３着以下は付いて行けず。                                                              
05255110124111116121125122119120                                                                                                                                                              3-(4,11)(8,5)(1,2)-(10,6)9-7                                    3(4,11)(8,5)(1,2)(10,7)9,6                                      0       1131131113311133パサパサに乾いてはいるが、比較的軽目で前も残る馬場。内から先頭に立ったアルゴナヴィスがマイペースを作って淡々と運び、２番手以下も前を見ながらスムースな競馬。先行勢も追い出しを我慢して粘っていたが、中団から勝ち馬が一気に伸びて抜け出し快勝。人気のヴァンドームも最後に外から脚を伸ばしたものの、スタートの後手が大きくて３着に浮上するのが精一杯だった。                                                                                                                                                                  
05255111127110115120114110113                                                                                                                                                                 (*3,10)13(1,7)(6,16)(2,4)(5,12)(9,8)14,15,11                    3,10,13(1,7)(2,4,6,16)(5,12)(9,8)14(11,15)                      0       4224224422244221内側に若干の痛みはあるが、時計が出て早い脚が必要な馬場は変わらず。人気のダイヤモンドノットがじわっと前へ行くも、内のルートサーティーンが譲らず先手。そのまま２頭で遅い流れを作って勝負所では馬群がぎゅっと凝縮して直線の決め手比べ。ダイヤモンドノットは終始楽な手応えのまま、直線の半ばで満を持して抜け出すと後続を全く寄せ付けず圧勝。２、３着争いは外から伸びた２頭が浮上して決着も、今回は勝ち馬の強さだけが目立った。２人気のシュペルリングは初戦と違って馬込みで揉まれる形が影響したか、追い出されてからも反応        
05255112129117120114120115108112                                                                                                                                                              (*8,11)-2,9(3,10)1(4,12)5-(6,7)14-13                            (*8,11)2(10,12)(1,4)9(5,3)6,7,14-13                             5       4224224422244221内側に若干の痛みはあるが、時計が出て早い脚が必要な馬場は変わらず。スタートから直ぐに各馬が抑えて前半から緩い流れ。３角で我慢しきれなかったフェイトラインが外から動き、４角で馬群が凝縮しての切れ勝負に。好位から持ったままダノンエンブレムが持ったまま抜け出し、最後は楽に突き離して完勝。内を空けて運ぶ馬も多かったが、２着以下は空いた内を突いた馬が浮上する結果に。                                                                                                                                                      
08254101120116128131132129128123126                           (*10,6)5(3,7)(11,9)8-2-(4,12)-1                                 10,6,5(3,7)(11,9)8,2-(4,12)-1                                   10(5,6,2)(3,7)(11,9)(8,4)1-12                                   10,5(6,2)11(3,7)(8,4)(1,9)=12                                   2 2222222222222222222222好天。ダートは標準的な良馬場。手頃な頭数での牝馬限定の２歳未勝利戦でショコラプリンがやや抜けた人気に。そのショコラプリンが外から二脚で先手。引き付けての逃げから４角手前で後続を引き離して直線は独走に。好発から好位の内を巧く立ち回ったジーティービキニが２着は確保。更に６馬身離された３着争いは接戦になるもスマイルガーデンが先着。                                                                                                                                                                                      
08254102124111116115112113118                                                                                                                                                                 14(2,6,13)(5,15)(1,10)(7,11)9,4,8,12,3                          14,6(2,5,13,15)10,1(7,9,11)-4-(8,12)3                           0       2212212221122211芝はＢコース２週目で良。今週最初の芝のレースで状態は悪くない。多頭数での２歳未勝利戦で人気は割れ加減。アスクウルトラモアの蹄鉄の打ち替えがあり発走が６分遅延。外から二脚で先手を取ったジャスパールビーがゴール前まで粘るが、二脚で好位に取りついたナムラコスモスが直線は逃げ馬の外に持ち出して抜け出す。中団から直線は馬場中央に出して追い上げたトミーバローズが３着に上がる。人気のパトローナスは好位で逃げ馬見ながらも直線はジリジリに。                                                                                  
08254103130111115119127127118111114                                                                                                                                                           10-6,2,1,8,7,5(3,9)                                             10(1,6)-(8,2)5(7,3,9)                                           3       2212212221122211芝はＢコース２週目で良。落ち着いた頭数での２歳未勝利戦で人気は上位４頭に集中。馬群から馬体を離して先行したネッタイヤライが３角でハナに。そこから内埒沿いに寄せて、直線も埒沿いを粘って押し切る。人気のマテンロウオリジンが道中掛かり加減。直線は馬場中央に出し前を追うも差し届かず。人気上位馬での決着。                                                                                                                                                                                                                    
08254104124115131129132130124124128                           2,3,11(7,10,12)-(6,8)(4,9)5,1                                   2,3,11(7,10)12,8,6(4,9)(5,1)                                    (*2,3,11)(7,10,12)(8,1)6-(9,4)5                                 11-(2,3,12)1(10,8)(7,6)-4,5=9                                   3 2222222222222222222222好天。ダートは標準的な良馬場。手頃な頭数での２歳未勝利戦でジャスティンルマンが抜けた人気に。スギノダイナミックの逃げを外から好位に取りついたジャスティンルマンが早目の競馬で直線一杯に押し切る。スタートで後手を踏んだファイアスピリットだが、早目に外に出し３角から長く脚を使って追い上げるもクビ差届かず。                                                                                                                                                                                                                
08254105127113120121123123120112113                                                                                                                                                           (1,*9)5(3,6)(4,8,7)-2                                           (1,*9)(3,5)(4,6)(8,7)-2                                         2       2212212221122211芝はＢコース２週目で良。落ち着いた頭数での２歳新馬戦で人気は上位４頭に集中。大外からアメジストロードがジワリと先手を取って淡々とした流れ。２番手追走のホウオウモチーヴが４角で内埒に付けて先頭に。好位の内で前見ながらのアドマイヤシュラが直線は先に抜けたホウオウモチーヴの外に切り替えて、４角で先頭に並び掛けたフレッチャアズーラを加えて３頭での追い比べを制す。                                                                                                                                                        
08254106126113119117118118116                                                                                                                                                                 1(2,4)(5,10)7(9,8)6,11-3                                        1,4,5(2,10)7,9(6,11)8-3                                         0       2212212221122211芝はＢコース２週目で良。落ち着いた頭数での２歳新馬戦でビーチェマーレがやや抜けた人気に。好枠を利してカネトシフレイアが先手を取ってスローの流れを作るも直線は踏ん張れず。２番手追走のゴッドレイが４角先頭で押し切る図るも、中団追走から４角で外に出して伸びたコスモレッドの決め手に屈す。人気のビーチェマーレは中団の外追走も勝負所でモタ付き直線も追い上げられず。                                                                                                                                                          
08254107119110117119120121133                                                                                                                                                                 1(9,12)-2(3,6)4(11,8,15)(7,14)-(16,13)-10-5                     (*1,9)12,2,3(4,11)(7,6)13(16,14,8,15)-10-5                      0       2222222222222222好天。ダートは標準的な良馬場。フルゲートでの牝馬限定の３歳上１勝クラスで人気は三つ巴。内から人気のルクスデイジーが先手を取って直線も粘り込み図るも、好位追走のランスオブセヘルが直線は先行馬の外に出してゴール前差し切る。人気の１頭のモンテディアーナが２番手から粘って人気に上位ので決着かと思われたが、好位の内を追走した人気薄のアンリーベイビーが３着に割って入る。                                                                                                                                                    
08254108                                                      4=3(8,7)(2,9,6)-5,10,1                                          4=3,7(8,6)(2,9)-(5,10)1                                         4=3(8,2)(7,6)-9,5-10=1                                          4-3-(8,2)-(7,6)(9,5)-10=1                                                               多少綻びが見えてきて荒れ気味、若干時計が掛かる水準。比較的横並びで揃ったスタート。促してマテンロウジョイがジワッと先頭に躍り出て、後続を待つことなく序盤からどんどんリードを広げて逃げる。離れた２番手ローディアマントは先頭を追いかけることなく慎重に進み、２番手以下が集団で固まって追走、逃げ馬と１秒以上リードが広がる大逃げの形。２周目向正面でも、なかなか先頭との差は詰まらなかったが、３コーナーを過ぎて先頭のマテンロウジョイがラスト２つ目の障害に接触、減速して後続が一気に詰めてくる。２番手ローディアマ        
08254109119106113118123130124                                                                                                                                                                 4-(7,8)(10,11,12)16(3,15)13,2(5,9)14-6-1                        4-7(10,11,8)(3,16,12,15)13,2(5,9)14-6-1                         0       2222222222222222好天。ダートは標準的な良馬場。フルゲートでの３歳上２勝クラスの特別戦で人気は三つ巴。フーコサンライズが二脚で先手も追い掛ける馬がいてハイペースに。それを好位で追走したポートデラメールが早目先頭に立つも、中団馬群から直線も内から前を捌いて伸びたジャスパーバローズに捉えられる。直線は差し馬台頭の展開で３着には４角後方のワイノナオミが追い上げる。                                                                                                                                                                      
08254110123108116122118117110116                                                                                                                                                              12,7(4,8)(1,3,11)(5,6)(2,10)9                                   12,7(4,8)3(1,6,11)(5,10)2,9                                     2       2212212221122211芝はＢコース２週目で良。落ち着いた頭数での３歳上３勝クラスで人気は三つ巴。好発を決めたフロムダスクが大外から先手。淡々とした流れで逃げて直線も内埒沿いを粘って押し切る。ゴール前各馬が殺到するなが人気のミッキージュエリーが好位追走から２着は確保。人気の１頭のダズリングブレイヴは馬群後方の外追走で直線は追うのをやめる。                                                                                                                                                                                                
08254111121107114117119125                                                                                                                                                                    1,14(2,3)(4,5)(6,12)(9,15)16,11,10-(8,13)-7                     1,14(2,3,5)4(6,12)(11,9)(16,10)15(8,13)-7                       0       2222222222222222好天。ダートは標準的な良馬場。フルゲートでの３歳上オープンのハンデ戦で休み明けをひと叩きされたスターターンが人気に。内から昇級初戦のメイショウホウレンが二脚で先手。５５キロの斤量もあり直線押し切り図るも、道中中団馬群の内、直線も内を突いた最低人気のペプチドヤマトがゴール前差し切る。人気のスターターンとキタノズエッジが直線ジリジリと追い上げ３着同着に。                                                                                                                                                            
08254112128113126130124124120116115113                        11(3,5)(8,12)6(7,9)-(4,14)-13(1,2)-10                           11,5(3,12)(6,8)(7,9)4,14-13(1,2)-10                             (*11,5)12(3,8,9)(6,7,14)(4,13,2)1-10                            (*11,5)(12,9)(3,8)(7,14)(6,2)(4,13)1-10                         6 2222222212212221122211芝はＢコース２週目で良。３歳上１勝クラスで人気は上位３頭に集中。３歳未勝利馬のラミントンが好発からハナを切ってスローの流れ。４角で外からルージュスティーズが早目に抜け出し図るも直線はやや甘く。勝ったノーランサンライズは道中は馬群後方。４角で外から前に取り付き直線は馬場中央を伸びる。３歳未勝利馬のドルチェリターンが直線外から食い下がって２着に入る。人気のクラウディアイは中団から直線前捌いて伸びるも切れ負け。                                                                                                    
