06242401129117129134130129126124121                           5,11-3-13(2,8,10,14)(4,9,15)-16(1,7)-12-6                       5,11,3-13,14-10,15(2,8)(4,9)-16(1,7)-12-6                       5,11(3,13)(10,14)8,15(4,16)(12,9,1)-7-(2,6)                     (*5,11)13(3,10,14)-15,12(4,16,8)1(9,7)-6=2                      0 2222222222222222222222若干馬場は湿っているが表面は乾いて砂煙上がる状況、少々時計速い水準。速い上がり必須。若干バラついたスタート。内から睨みを利かせてフクチャントウメイが他馬を制し１コーナーで先頭、２番手にカシマエスパーダが続く。人気の２頭が展開を先導、向正面で少々ペースダウン。大半の馬が遅めの流れでも追走に苦労している。後続が３コーナーで差を詰めてきてから先頭の２頭がスパート開始。直線入口で２頭が引き離す。２番手カシマエスパーダが抜群の手応えで先頭に躍り出て、最後までグングン加速するばかり。完全に１頭違う脚色で押し        
06242402120111116120122129                                                                                                                                                                    14,16(2,7,12)3,1,6(5,10)4,15(8,9,11)-13                         (*14,16)-(2,3)(7,12)(1,5)-(4,6)-(8,9,10)11,15,13                0       2222222222222222若干馬場は湿っているが表面は乾いて砂煙上がる状況、少々時計速い水準。速い上がり必須。バラついたスタート。外で好スタートを決めたノブノリッキーが１頭抜け出し、楽に先手を奪う。それほどペースも厳しくないままで、２番手に大外枠のイーサンハンターが続く。前行く２頭が手応え良く進み徐々に後続を引き離し、直線に向いても併せ馬のまま粘り込む。最後坂上でイーサンハンターがジワジワ抜け出し、危なげなく押し切れた。逃げたノブノリッキーが２着に残り、好位内を進んでいたモナコブルが３着に入線。速い馬場に対応できる馬が少        
06242403127115129131132127129129134                           12,16(11,15)5(1,2,8)-(9,10)-3,13-7-4-6                          12,16(11,5,15)-(1,8)(9,2,10)-3-13-7,4-6                         (*12,15)(11,16,10)-(1,5,8)3(9,2)-(13,7,4)-6                     12,15,10,11-5(1,16,9,3,8)-(13,7,2)-4,6                          4 2222222222222222222222若干馬場は湿っているが表面は乾いて砂煙上がる状況、少々時計速い水準。速い上がり必須。バラバラのスタート。真ん中から６枠２頭がいい脚で抜け出し、グアラニアが１コーナーで先頭。２番手にデルマスカンダが続き、２列目の内にグランプリショット。向正面でペースがグッと落ちこみ、先行集団が一気に縮むが、３コーナーでグアラニアがスパート開始。デルマスカンダが食らいつくものの４コーナーで脱落、直線グアラニアが単独でリード。２列目で追走していたスラーヴァ、ダイクロアイトともに脚色は渋いが、外を回ってメジャーレーベル        
06242404118107115125125125                                                                                                                                                                    (*1,7)9(12,14,16)(4,10,11,15)(5,2)6(3,13,8)                     (*1,7)9(12,14)(4,10,16)15(5,11,2)6(3,13,8)                      0       2222222222222222若干馬場は湿っているが表面は乾いて砂煙上がる状況、少々時計速い水準。速い上がり必須。若干バラついたスタート。半数近くの馬が併走で出て行くが、ダートに進入してもまだ６頭以上が横並び。最内からかなり押っ付けてベニシアが先頭に立つが、ピッタリ併走してセリエルが続く。その外にもエスカル、ヨーカイディスコもずっと１列目で雁行状態。それほど厳しくはないペースだが、先団馬群が密集したまま直線に向き、同時の追い比べ。３番手のエスカルが粘りを見せ、その内狭い間を通してガビーズシスターが抜けてくる。最後に大外を回っ        
06242405123114116118120119118120                                                                                              (9,*12)(3,4,5,7,8,15)(14,16)1,11,10,6-13-2                      (9,*12)(5,15,16)3(7,14)(4,8,10)=1,11(13,6,2)                    (9,*12)(5,15,16)3(14,10)-(4,7)8-11-(1,13,2)-6                   0    2212212224221142211週末の雨が影響し、若干湿っている程度で時計は標準並み。出遅れ多数、バラバラのスタート。しばらく５頭ほどが横並びで進むが、２コーナーではミッドナイトラスタとパストラーレの２頭が雁行状態で先導、それほど緩めずにしばらく先導。先行集団６頭が固まって、少し離れた中団に５頭が続き、初出走馬が多数後方でモタつく隊列。４コーナー出口で先行集団が外に広がって横一線となってからの追い比べ。大外を回った人気のジャグアールが鋭い脚で先行集団各馬を捉え、最後も楽に抜け出した。逃げていながら内を避けて馬場の４分所を通った        
06242406125109124126127123123122116119                        (*3,7)(4,16)6(14,15)(2,12,17)(1,8)5(11,13)10-9-18               (*3,7)(4,16)-6(14,15)(2,12)(1,17)8,5-(10,13)11-9-18             (*3,7)(4,16)(6,12)(14,1,8)15(2,5)(10,17)-(11,9,13)=18           (*3,7,16)(4,6,8)12,1(2,5)14(10,15,13)17,9,11=18                 2 2222212212224221142211週末の雨が影響し、若干湿っている程度で時計は標準並み。バラバラのスタート。内から促しユキワリザクラ、真ん中クランベリーダンスがしばらく序盤先手を窺う動き。１コーナー進入時にユキワリザクラがブレてクランベリーダンスを外へ押して、自身が先頭。２列目にマリーマカロンとアドマイヤマツリが続く。向正面で先行集団は少々バラけ気味、しかしペースはゆったり進む。３コーナー過ぎで後方からメアヴィアが捲り気味に先頭に迫り、同時にアドマイヤマツリも仕掛け逃げるユキワリザクラも内を避けて外へ張りだす。アドマイヤマツリは        
06242407127118131132125124125125127                           1,5,3(7,11)(6,10)(4,9)-2-8                                      1,5(3,7)(10,11)(6,4,9)-2,8                                      1,5-(3,7)-11,10,4(9,8)(6,2)                                     1,5(3,7)-(11,10)(4,9,8)2,6                                      5 2222222222222222222222若干馬場は湿っているが表面は乾いて砂煙上がる状況、少々時計速い水準。速い上がり必須。若干バラついたスタート。序盤は５頭が並んで進み、どの馬も行く気配なさそう。最内から押してクールシェルタが先頭に立ち、２番手にベンテイガが続く。序盤はゆったりした入りで、向正面でも仕掛ける馬なく淡々と進行。ほとんど未勝利戦並みのペースで進んでいるが３コーナーで隊列はバラけ気味。直線に向いて２番手ベンテイガが手応え良く反応し抜け出す構え。２列目から渋太くベイビールビオがジワジワ脚使い、その外からマウンテンエースが迫っ        
06242408122106115120116120115121                                                                                              10(2,11)5(1,4)7,3-(6,8)-9                                       10(11,5)(2,1,4)(3,7)(6,8)-9                                     (*10,1)(2,11,5)(3,4)(6,7)8,9                                    2    2212212224221142211ほとんど馬場は回復し、やや速い時計が出る馬場。若干バラついたスタート。外から行き脚を利かせてアンビバレントが先手を奪い、序盤のうちに４馬身ほどリード。離れた２番手にロゼルとニシノレバンテが併走、向正面途中から徐々に先頭との差を詰めて動く。３コーナー過ぎで逃げ馬の手応えが怪しくなり、内を捌いて真っ先にウインレイアーが進出、直線入口で先頭に立つ。その真後ろから忍び寄ったサイルーンが直線の半ばで先頭に替わり、外から猛然とベリファーニアが猛追。人気２頭の叩き合いは、僅かにサイルーンが競り勝った。最後サイ        
06242409126110121127123126124121118113120                     6,12,13(8,14)9(5,3,10)-(4,11)(1,2)-7                            6(12,14)-(13,10)8,9,3(5,4,11)-2,1,7                             6,14(12,13,10,3,7)(9,2,1)(8,11)(5,4)                            (*6,10,3)14(12,2)(13,7)(8,9,11,1)(5,4)                          2 2222212212224221142211ほとんど馬場は回復し、やや速い時計が出る馬場。少々バラついたスタート。真ん中からコスモフリーゲンが楽に先頭に立ち、２番手にサザンナイツが続く。２コーナー通過途中に、馬群の外をダイバリオンが早めに押し上げてくる。落ち着いたペースでしばらく進んで、向正面キングズパレスが強気に進出、セレシオンが並んで先頭に迫る。外進出の２頭の後ろにリフレーミングが虎視眈々と迫る。直線若干モタれ気味ながらキングズパレスが先頭に躍り出るが、内のセレシオンが盛り返す。最後２頭の外からリフレーミングがジワジワ迫り、ゴール寸前        
06242410126118125126122121123126129                           4,10(3,12)(6,14)(5,7)-11,15,8-(2,13)(1,9)                       4(3,10)(6,12)14(5,7)11-(8,15)-(2,13)(1,9)                       (*4,10)-(3,12,14)(6,7)(5,8,11)(2,13)15(1,9)                     4,10(3,12,14)7,6(5,8)2,11(1,13)9-15                             0 2222222222222222222222若干馬場は湿っているが表面は乾いて砂煙上がる状況、少々時計速い水準。速い上がり必須。比較的横並びで揃ったスタート。内からサッとロードヴァレンチが単独で抜け出し、２番手にサトノロイヤル、その内にケイアイシェルビーが続く。サトノロイヤルが向正面で先頭にジワッと迫ろうとすると、すぐにロードヴァレンチが対応し単独逃げの状態をキープしようとする。追っ付けて食い下がるサトノロイヤルだが、ロードヴァレンチが直線で振り切って逃げる。直線に向いてから真っ先にサーマルソアリングが抜け出してくるが、その外から満を持し        
06242411125107120128124122121117114120                        8-3,9,5,6,10(4,11)7-2,1                                         8-3(5,9)6,10(4,11,7)-2-1                                        8(3,7)9(5,6)(4,10)11(1,2)                                       (*8,7)(3,9)5,6,4,10,1(11,2)                                     0 2222212212224221142211ほとんど馬場は回復し、やや速い時計が出る馬場。若干バラついたスタート。外から７枠２頭がジワッと出てきて、シリウスコルトが抑え気味に先頭に立つ。２番手にシュバルツクーゲルが続き、その後ろにダノンエアズロックとシンエンペラー、トロヴァトーレ人気勢が続く。隊列は縦に長くなったが道中ペース緩めて逃げていて、向正面でもあまり他馬の動きがなし。３コーナー過ぎに唯一コスモキュランダが真っ先に仕掛けて動き、先頭のシリウスコルトに並び掛ける。直線に向いても後続の反応が悪く、先頭に抜け出したコスモキュランダが渋太い        
06242412116107113122125127                                                                                                                                                                    (*16,11)13,5,15,8(9,10)(4,6)(1,12)14-7,2-3                      (*16,11)(5,13)-(9,15)10,6,4(8,12)1(7,14)-3-2                    0       2222222222222222若干馬場は湿っているが表面は乾いて砂煙上がる状況、少々時計速い水準。速い上がり必須。若干バラついたスタート。大外のフクノワカバが一歩優勢、楽に先手を奪う。しかし２番手からニットウバジルが早めに並び掛け、２頭がまずまず速いペースで飛ばす。後続も隊列はバラけ気味。直線入口でニットウバジルが強気に出し抜き、後続も脚色は鈍い。しかし最後大外を回ってロレンツォが猛追、見事なタイミングで差し切った。ニットウバジルは２着、同じく大外を回って追い上げてきたムーヴが３着で入線。                                            
09241401125114121122120127                                                                                                                                                                    5(6,14)1(2,3,7)4(8,10)9(13,11)15,16-12                          5(6,14)-(1,3)7(4,2)8,9,10,13,11,15-16-12                        0       2222222222222222ダートは稍重で脚抜きの良い状態。フルゲートでの３歳未勝利戦でピストンボーイが抜けた人気に。そのピストンボーイが二脚で先手。直線は後続を突き放しての快勝。勝ち馬に付いて行ったファセリアが直線も粘るもゴール前で人気の１頭のディディットに交わされる。先行した３頭ので決着で４着以下は差を付けられる。                                                                                                                                                                                                                        
09241402129113133126128129129130133                           7,11,15,13,1(2,4)-14,6-(3,5,9)-8,10-12                          7,11,15,13-(1,4)2(6,14)-(3,5)9,8-10-12                          (*7,11)15,13-4(6,8)1(2,14,9)-10-3=12-5                          (*7,11)15(13,4)(6,8)-(14,9)-2(1,10)-3=12=5                      6 2222222222222222222222ダートは稍重で脚抜きの良い状態。多頭数での３歳未勝利戦でギフテッドドリームが抜けた人気に。そのギフテッドドリームが先手もサンダーユニバンスにピッタリと来られて直線は苦しくなる。人気の前２頭を目標に中団前の外から長く脚を使ったタキが直線半ばで抜け出す。                                                                                                                                                                                                                                                                  
09241403125107119125126123130                                                                                                                                                                 14(6,12)(3,4)(16,15)(1,8,9)-(2,11,13)-5=7,10                    14,6,3(4,12)(1,16,15)(8,9)-(2,11,13)-5=7,10                     0       2222222222222222ダートは稍重で脚抜きの良い状態。フルゲートでの３歳未勝利戦で１０頭がデビュー戦。人気は既走馬が上位。外から二脚で先行したグリーズマンとスンナリ２番手追走のマイティマイティーの人気２頭のマッチレースで渋太く抵抗するグリーズマンをマイティマイティーが外から押さえ込む。３着のランゲルは７馬身後方。                                                                                                                                                                                                                        
09241404127110120126124114111116                                                                                                                                                              8,15(1,3,5)(2,4,10)-9,6,13,7-14-11-12                           (*8,15,5)(1,3,4,10)(2,9,6)13,7,14,11,12                         3       2212212221122211芝は良馬場もパンパンの馬場ではない。多頭数での３歳未勝利戦で３枠２頭は人気に。ショウナンマンテンがジワリと先手も４角では３枠２頭が並び掛けるも、スタート一息で中団だった初出走のジュンヴァンケットが直線は馬場の外に出して突き抜ける。                                                                                                                                                                                                                                                                                      
09241405120109115122126126138                                                                                                                                                                 (2,*10)11-9(3,7)(1,5,8)(4,6)                                    (*2,10)11(3,7,9)-(5,8)6,1,4                                     0       2222222222222222ダートは稍重で脚抜きの良い状態。牝馬限定の３歳１勝クラスでラヴオントップが抜けた人気に。そのラヴオントップはスタートは一息も二脚で前に取り付きハナ併走の内から直線は早め抜け出しで押し切る。中団追走のクリノオリーブがジリジリ伸び、勝ち馬からは離されるも２着の上がる。                                                                                                                                                                                                                                                    
09241406128114129123129131131128132                           8(1,6)(4,7)=5-2-3                                               8(1,6)-(4,7)-5-2-3                                              (*8,6)(1,7)(4,5)-3-2                                            (*8,6)(1,7)5,3,4-2                                              6 2222222222222222222222ダートは稍重で脚抜きの良い状態。少頭数での４歳上１勝クラスで人気は割れ加減。外からマルカブリッツが先手も４角では一杯に。番手併走の外のドンアチェカが早めに逃馬を交わして押し切る。今回が初ダートのスリリングチェイスは直線狭い所に入るも渋太く食い下がる。                                                                                                                                                                                                                                                                  
09241407129114128128125123120116118118                        3(2,4)-6,5-1                                                    3,4,2-6,5-1                                                     3,4-2,6-(1,5)                                                   3,4(2,6)-1-5                                                    0 2212212212212221122211芝は良馬場もパンパンの馬場ではない。少頭数での４歳上１勝クラスで人気は３頭に集中。マケルナマサムネが先手もペースは上がらず直線の決め手勝負。逃げたマケルナマサムネを中にしてルクスビッグスターとワンダイレクトが４角で進出も、内外もコース取りの差でルクスビッグスターが先着。ジェモロジーは上位２頭とは切れ負けも人気上位馬での決着。                                                                                                                                                                                      
09241408126116121121125125114113119                                                                                                                                                           1(6,7)(2,4,3)-5                                                 1(6,7)(2,4,3)5                                                  3       2212212221122211芝は良馬場もパンパンの馬場ではない。少頭数での３歳１勝クラスの特別戦で人気は割れ加減。内からヒヒーン先手もペースは上がらず人気のギャンブルルームが掛り加減に外から２番手に。直線の決め手勝負でギャンブルルームが渋太く粘り僅差の２着争いはナイトスラッガーが外から追い上げる                                                                                                                                                                                                                                                
09241409129114132125125127125125127                           5,7(2,8)6-(1,4)(9,11,10)12,3                                    5,7(2,8)6-(1,4)(9,10)(12,11)3                                   (*5,7)(2,8)6,4(1,9)10,11,12,3                                   (*5,7)8(2,6,4)(9,10)1(11,3)12                                   6 2222222222222222222222ダートは７レースの前に良に回復で表面は白く乾く。４歳上２勝クラスで人気は割れ加減。オラヴェリタスの逃げを２番手で追走のカネトシブルームが早め先頭で押し切って人気に応える。中団の外からジワリ進出のプラーヴィが直線渋太く食い下がり２着争い先着。                                                                                                                                                                                                                                                                            
09241410122109115115114114118                                                                                                                                                                 6(3,7,10)9(2,4,14)1,8,11(5,13,12)                               6(7,10)3(9,14)(2,4,1)12(8,11)13,5                               0       2212212221122211芝は良馬場もパンパンの馬場ではない。４歳上３勝クラスのハンデ戦で人気は割れ加減。二脚で先手を取ったイティネラートルが後続を引き付けて逃げで直線も渋太く粘る。内を突いた先行馬が前が詰まるなか、中団から直線は馬場の中央に出したレイベリングが抜けだし、外ｋら追い上げたテーオーダヴィンチを抑える。                                                                                                                                                                                                                          
09241411124107115119121120114115119                                                                                                                                                           5,8,4,9(1,3,7)(12,11,10)(14,15)13-6,2                           5,8(4,9)(1,3,7,15)10(12,11,14,13)(2,6)                          3       2212212221122211芝は良馬場もパンパンの馬場ではない。４歳上のオープンのハンデ戦で人気は割れ加減。重賞勝ちのあるトップハンデのステラヴェローチェが好位を手応え良く進んで、直線はデビットバローズと２頭で抜け出して追い比べを制す。やや離された３着にショウナンマグマが逃げ粘る。人気のピンハイは馬群後方の外で直線の追い上げもなく。                                                                                                                                                                                                          
09241412121108116120121124133                                                                                                                                                                 13,9(1,15)(5,3)4(8,11)2,7(12,6)-14                              (*13,9)15,1(5,3)4(8,11)(2,7,6)12-14                             0       2222222222222222ダートは７レースの前に良に回復で表面は白く乾く。４歳上２勝クラスで、馬場入場後にニシノラーナが左前肢の跛行で除外に。人気は割れ加減。二脚で先手を取ったモズブーナーを見ながらのジュストコルが４角で前を捉えて抜け出す。４キロ減を活かしての先行策が奏効。中団内から４角で巧く外に出した人気のヴィヴァンだけが勝ち馬に追い縋る。３着以下はやや離される。                                                                                                                                                                      
10242801119109116117116123                                                                                                                                                                    3(5,2,8,14,18)(7,10,13)(9,11,15)(1,16,12)(17,6)-4               (*5,1,3)(2,8,14,18)(9,7,10,13)(16,11,15,12)6(17,4)              0       5445444444454444全面的に湿って馬場も緩み、やや時計掛かる水準。どこを通っても伸びにくく結果的に前・内有利。バラバラのスタート。外からアナレクタが態勢有利も、馬群の中からカントゥータ、内からソルトロックが突っ張って出る。どの馬も馬場の悪い内ラチ沿いを避けて進み、ペースはゆったり。４コーナーでもほとんど全頭が内を空けて外を回る中、ラチ沿いを突いてディーエストッキーが優勢、同時に内を掬ってラブカムーンが押し上げる。この２頭が直線入口で優勢になり、大外を回った馬の伸び脚が渋い。最後までラブカムーンが馬場の真ん中を通って        
10242802128120127121123124122120124                           4,6(1,9)13,7(3,14)11(2,8,12)-5-10                               4,6(1,9)13,7,3,14(2,11)(8,12)5,10                               4(1,6,9)(3,7,14,13,11)(2,12,10)-8,5                             4(1,9)(14,11,12)3,7(6,13,10)2-8,5                               6 4444445445444444454444全面的に湿って馬場も緩み、やや時計掛かる水準。どこを通っても伸びにくく結果的に前・内有利。バラついたスタート。内でポンと好ダッシュを決めたヴィダルが楽に先手を奪い、２番手にテイエムシマジン、その内にクリノモルガナイトが続く。隊列がすぐ決まってゆったりしたペースでしばらく進むが、向正面で後続がどんどん差を詰めてきて３コーナーで全体がギュッと縮む。捲り気味に進出してきた７枠２頭が先頭と並んで、４コーナーで馬群が横に広がっての追い比べ。逃げるヴィダルも内ラチ沿いを避けて粘り込むが、その真横をうまく通っ        
10242803120104114119127                                                                                                                                                                       (*3,11)(12,14)5(2,13)4,8,6(1,9)(7,10)                           3(2,11,12)5,14(4,13,8)(6,9)1(7,10)                              0       2222222222222222若干湿り気が残る程度で時計は標準、上がり性能必須の差し有利状況。若干バラついたスタート。序盤は６頭ほどが押っ付けてのテン争いを繰り広げ、内から突っ張ってきたピンクムーンが３コーナーでやや優勢。ピッタリ併走するフレンドパル、その外にミッキースピナッチと３頭が雁行。４コーナーで２列目から内を掬ってヨドノゴールドも１列目に割って入ろうとする。逃げていたピンクムーンが直線でも粘りを見せるが、ヨドノゴールドとミッキースピナッチが渋太く食い下がる。最後に大外を回って猛然と伸びてきたアネモスが、先団を飲み込む        
10242804                                                      (4,*12)-(1,5)3-8,11,7-6-10-9                                    (*4,12)1(3,5)-8-(7,6)11=10,9                                    12,4,3(1,5)-6,7-10,11-9,8                                       12(4,3)-(1,5)-7(6,10)-11=9,8                                                            週末の雨が影響し、全面的に渋って緩み時計掛かる状況。バラついたスタート。最初の障害飛越でトラファルガーが先頭に立ち、２番手にクリノハニーが続く。襷で２番手がトーセンアウローラに替わりクリノハニーは後退、好位集団の大外ばかり回るトーセンアウローラの内からエイカイステラが強気に進出し、先頭のトラファルガーに並び掛ける。２周目向正面では先行集団が５頭に絞られ、後続は５馬身以上離れる。３コーナーでエイカイステラが先頭に躍り出るが、好位で脚を溜めていたアイスジャイアントが出てきて、直線入口で先頭に立つ。エ        
10242805129115130140129121123119119119                        (*3,6)8(2,11,10)(9,12)-7-4-5,1                                  (*3,6)(2,8)(11,10)(9,12,4)7(1,5)                                (*4,10)7,8,12(3,2,6,11,5)9-1                                    (*4,10,7)-8,12-5,9(2,6,11)1,3                                   6 4444445445444444454444全面的に湿って馬場も緩み、やや時計掛かる水準。どこを通っても伸びにくく結果的に前・内有利。バラついたスタート。最初はヴェネラリアとウォーターリッシュ２頭が先頭で窺うが、内のウォーターリッシュが１コーナーで前に出る。コーナー通過時にかなりペースを落としていて全体に馬群が凝縮。２コーナーを過ぎて外を捲りコスモベラエステラが一気に先頭、２番手にダンツタロンが進出。隊列が向正面で一気に入れ替わる。序盤の好位勢はあっという間に圏外へ。人気のオリエンタルナイトが３コーナーで満を持して進出、直線先頭３頭の追い        
10242806070112123131130122126131131                           6,7(4,11)(3,8)(2,10)(1,12,13)-5-(14,9)                          6,7(4,11)-(3,8)(2,10,13)-(1,12)-(5,9)14                         (*6,11,8,13)-7(4,12)10-3(2,14,9)-1,5                            6(11,8,13)(4,12)7-(2,10,3)-14-(5,9)1                            4 2222222222222222222222若干湿り気が残る程度で時計は標準、上がり性能必須の差し有利状況。バラついたスタート。比較的楽にカネコメファミリーがジワッと先頭に躍り出る。２番手にデビルシズカチャンが続くが、序盤は好位勢みな手綱を引っ張って進む。向正面でリルトとウキヨノユメが並んで仕掛け先頭に迫る。ランデヴーローズも加わり、４頭雁行状態となるが、カネコメファミリーは４コーナーで突っ張り先頭を守って直線へ。一旦は好位勢に対しカネコメファミリーがリードを広げたが、外を回って満を持して脚を伸ばしたメイショウリリーが猛然と伸び、余力十分        
10242807122109113115114119                                                                                                                                                                    (3,*4,14)12(1,5)(8,16)6,11(2,13)-(15,7)9,10                     (*3,4,14,12)5(1,16)(6,8,11)2,13(10,7)(15,9)                     0       5445444444454444全面的に湿って馬場も緩み、やや時計掛かる水準。どこを通っても伸びにくく結果的に前・内有利。バラついたスタート。外で好スタートを決めたディオアステリアが行けそうだったが、内からミネヒメとラピカズマ、２枠２頭が突っ張って出てくる。併走で進んでいたがペースは遅め、途中からウインアステロイドも１列目の外に並び掛ける。４頭が雁行状態のまま直線に向いて、真っ先にディオアステリアが抜け出す。最内からも大外からも差し馬が伸びてきたが、最後馬場の外目をシンデレラスマイルとシュライエンが馬体を併せて伸びる。しかし抜        
10242808067111119127124123126130136                           5,8(3,6)4,9-2,7-(1,10)-11                                       5,8-(3,6)(4,9)-2-(1,7)-10-11                                    (*5,8)(6,9)7(3,2)(4,1)-(11,10)                                  (5,*8)(6,9)(2,7)3,10(11,4,1)                                    0 2222222222222222222222若干湿り気が残る程度で時計は標準、上がり性能必須の差し有利状況。若干バラついたスタート。フライングバレルが一度出ようとしたが、真ん中からバイロイトが行き脚良く１コーナーで先手を奪う。２番手にセットリストが続くが、２頭が序盤から速いペースで進行。向正面で早くもライジングラパスが進出し、先行する２頭に接近。後続もどんどん差を詰めてくる。先行していた２頭が４コーナーで苦しくなり、完全に差し馬優勢の流れ。４コーナーでライジングラパスが先頭に立ち、直線入口からツインビスケッツが迫る。後方で待っていたタガノ        
10242809134123124126128128138128121119117117119               7-5-(3,9)-(4,10)11(1,2)8-6                                      7-5(3,9)-(4,10)-11,1,2,8-6                                      7,5(3,9)10,4,8(1,11)-(6,2)                                      7,5,9,3,10-(4,11)8,1,2,6                                        6 4444445445444444454444全面的に湿って馬場も緩み、やや時計掛かる水準。どこを通っても伸びにくく結果的に前・内有利。若干バラついたスタート。真ん中からビッグベルーガが一旦先頭を窺うが、パープルクラウドが今回も行き脚利かせてハナを奪う。２番手にビッグベルーガ、隊列は早くも縦長になりすぐペースダウン。争いもなくだいぶゆったりしたペースで進行。パープルクラウドは序盤のうちに少々リードを広げているが、それでもゆったりした展開のまま。向正面で徐々に先頭がペースを上げて進み、後続は追い上げの反応甘いままで、直線入口でも差を詰めてこな        
10242810120109115115114117                                                                                                                                                                    12(5,18)(2,3,15)(7,6)(1,13,14)(11,8,17)(4,10)9,16               12(2,3,7,5)(18,15)(1,14)(11,6,13)(4,8,17,10)9,16                0       5445444444454444全面的に湿って馬場も緩み、やや時計掛かる水準。どこを通っても伸びにくく結果的に前・内有利。ややバラついたスタート。どの馬も慎重な運びで進んでいて、真ん中から押してメイショウフンケイが強気に前に出る。外で好スタートを決めたディアナグランが２番手も、３コーナーで馬群の中を押し上げたサウンドブライアンが２番手に浮上。４コーナーで馬群が大きく外に広がるものの、早めにラチ沿い先頭で抜け出したメイショウフンケイの方が止まらない。外を回った馬の追い上げが甘いまま、逃げたメイショウフンケイが最後までリードを３馬        
10242811127115124127125125121116115122                        14-1(11,13)(2,4,6)12(5,7)9,8-10-3                               14-1-(11,13)6,2(4,12)5,7(8,9)-10-3                              14(1,13,6,7)12(11,2,4)(8,9)(5,3)10                              (*14,1)7(4,13)2(5,6)(3,12)(8,9)10,11                            3 4444445445444444454444全面的に湿って馬場も緩み、やや時計掛かる水準。どこを通っても伸びにくく結果的に前・内有利。比較的横並びで揃ったスタート。大外枠のマテンロウアレスが主張すると、他の逃げ馬候補がおとなしくなり案外楽に先手を奪えた。１コーナー単独で進入し、ペースも落として進行。２番手にフィデルが続き、向正面で逃げ馬の横に並び掛ける。向正面で馬群が凝縮、３コーナーで外から仕掛けてきたエーデルブルーメが接近。マテンロウアレスも必死に抵抗。直線２列目から上手く捌いて出たニホンピロキーフが、あっという間に先頭に立って力強く押        
10242812066114123122121125128125127                           4(9,14)(2,3,15,10)7(1,6,12)(11,13)5,8                           (4,*10)(9,14)(2,15)3(1,7,12)6(11,13)-5,8                        10(4,14)(1,15)(9,13)(11,2,3,12)5,6,8,7                          4(10,14,15,13)11(1,5)(2,12,8)9(3,6)7                            0 2222222222222222222222若干湿り気が残る程度で時計は標準、上がり性能必須の差し有利状況。若干バラついたスタート。内で好スタートを決めたサンライズパスカルがゴール板通過辺りで楽にハナを切るが、１コーナーを過ぎて外からニシノシークレットが捲って出てきて先頭が入れ替わる。向正面でも流れが止まらず隊列はバラけ気味。粘るニシノシークレットを３コーナー過ぎ強気にサンライズパスカルが並び掛け、残り４００ｍでサンライズパスカルが先頭に出る。馬群の外を押し上げてきたリーゼノアールが粘るサンライズパスカルを一気に交わして抜け出す。それを見        
