04211301128116134142133125132130136                           (*1,8)9(6,11)10(3,13)(4,15)(7,14)-2(5,12)                       1,8(6,9)10(3,11)(4,15)(7,14,13)(2,5)12                          1(8,13)(6,9,5,12)-11(10,14)-(3,15)(4,2,7)                       1(8,13)12(6,9,5)-(11,10)-14,3,15(4,2,7)                         5 2222222221131113311133脚抜きが良く時計の出る馬場。向正面でがくっとペースが落ちて馬群が凝縮。勝負所で手応えが悪くなる馬が多く、結局先行勢が最後まで粘り込んでの決着に。時計は平凡。                                                                                                                                                                                                                                                                                                                                                                
04211302119109112123126137                                                                                                                                                                    15,3,11-14,7(2,12)-1-(4,8)10,9-5=6                              15,3-(7,11,14)-(2,12)1,4,10(9,8)5=6                             0       2221131113311133脚抜きが良く時計の出る馬場。先行勢が積極的に飛ばして完全にオーバーペース。勝ち馬は初ダートで最内を運んでいたが、隊列がばらけたことで砂を被らず運べた。ペースがキツく消耗戦になったこともあり、上位は全て減量騎手が占めた。                                                                                                                                                                                                                                                                                                  
04211303072118121142142143145143131121125122129               (*1,15)(13,14,8,3)-5-(10,12,9)(2,11)7-4-6                       (*1,15)(13,8)14,3,5-10(9,11)2(12,7,4)-6                         (15,*4)-(8,3)5,1,14-11,2-(13,10)(6,7)9-12                       (15,*4)-8(1,3)(14,5)-2-11,10-(13,6)7,9=12                       5 2222222221131113311133脚抜きが良く時計の出る馬場。すんなりと隊列が決まってペースもがくっと落ち、２周目の３角手前から勝ち馬が捲ってペースアップ。捲りに動じず前々でマイペースを保っていた２頭が流れ込みの形で２、３着に。                                                                                                                                                                                                                                                                                                                          
04211304119108116124127129                                                                                                                                                                    7(13,15)(3,11)12(2,4,14)(1,5)10-8-6,9                           7(13,15)11(3,12)(2,4,14)(1,5)-10-(8,6)9                         0       2221131113311133脚抜きが良く時計の出る馬場。先手争いは激しくなかったが、速めのペースで持久力勝負の展開。４角を手応え十分で回ってきた２着馬が楽に抜け出して押し切りそうだったが、追い出されてからが案外。エンジンの掛かった勝ち馬に抵抗できなかった。                                                                                                                                                                                                                                                                                        
04211305129110122128125124130126134                           11,15,9,6(1,7)(2,13)14,3-12-10-8,5-4                            11-15,9,6-1(7,13)2,3(12,14)-10-(5,8)=4                          11-15(9,6)-2(1,7)(12,13)-10,3-(5,14)8-4                         11,15,9,6-2-12,7,1,13,10-3,5-(14,8)4                            0 2222222221131113311133脚抜きが良く時計の出る馬場。抜群のダッシュを決めたエイシンが先手。そのまま緩めずに飛ばし、かなり縦長の隊列に。勝負所でもエイシンの手応えは良いままで、直線入口で後続をあっさりと突き離して圧勝。人気のコスモも含め、２着以下は速い時計に対応できなかった。                                                                                                                                                                                                                                                                  
04211306123114126125121121123119124132                        5,11,16,1,7,15(4,9)14,2,12(3,6,8)10-13                          5,11,16(1,7)15-4,9(2,14)12,3(8,6)(13,10)                        11,16(5,7)(1,9,15)14,2,4,12,3-(13,6,10)8                        (*11,16)7-(9,15)(5,14)(1,2)(4,12)-(3,10)(13,6)-8                0 4444444444445544454444渋って時計、上がりの掛かる状況。先行勢は一団も後続が離れて縦長の隊列。上がりの掛かる持久力勝負の形になり、自分から動いていったセイウンゴールドが最後まで粘って押し切り。２着のリフレーミングも終いは目立つ脚色で良く伸びていた。                                                                                                                                                                                                                                                                                            
04211307127112124131127126127126131                           9,11-(5,6)10(1,2,12)-(4,7)3-8                                   9,11(5,6)(1,10)(2,12)(4,7)-3-8                                  (*9,11)-(5,6)(2,12)(1,7,10)(4,8)-3                              (9,*11)-(5,6)(1,2,12)7(4,8)-10-3                                0 2222222221131113311133脚抜きが良く時計の出る馬場。淡々と平均ペースで流れて道中は隊列の動きもなし。勝負所から先頭に並んだ勝ち馬が先に抜け出し、最後まで渋太く粘り込んで押し切り。２、３着馬も先行していた馬が最後まで渋太く脚を使って上位は減量の女性騎手が占めた。                                                                                                                                                                                                                                                                                
04211308121112118123114123                                                                                                                                                                    4(7,8)(1,2,15)5(6,10,11,13)(3,12)-14,9                          4(7,8)(1,2,15)(6,10,5,13)11(3,12)14,9                           0       2221131113311133脚抜きが良く時計の出る馬場。一団の隊列で流れてやや落ち着いたペース。前で運んでいた２頭の手応えが良く、直線半ばで突き離してマッチレース。着差以上に楽に抜け出した勝ち馬はここでは力も上だった。                                                                                                                                                                                                                                                                                                                              
04211309126113127132129126126120124                           4,6(3,5)2,7(1,9)-8                                              4,6,3,5(2,9)(1,7)-8                                             (*4,6)(3,5)9(2,1)(8,7)                                          (*4,6)(3,5)(2,9)1,8,7                                           2 2222222221131113311133脚抜きが良く時計の出る馬場。少頭数で道中は一団の隊列でゆったりとした流れ。前で運んでいた馬が楽な展開になり、勝ち馬は最後は詰め寄られたが順当勝ち。２、３着馬も前で運んでいた馬で、差し馬は展開も向かず出番なし。                                                                                                                                                                                                                                                                                                            
04211310121108118120115124                                                                                                                                                                    7,3(6,15)-5,12(8,11)4(9,13)(2,14)1-10                           7(3,6,15)-(5,12)-(4,8,11)(9,13)1(2,14)-10                       0       4444445544454444渋って時計、上がりの掛かる状況。折り合いを欠いた馬が途中から先頭へ立って息の入らない流れに。絡まれる形になったのが勝ち馬だったが、他の先行勢がバテる中、追い出されてからの反応も上々で完勝。馬場適性も余程高かったか、展開を思えば強い内容だった。                                                                                                                                                                                                                                                                          
04211311125116128129125122125118121                           12,6(4,8)13,3(1,5,7)(2,11)10,14,9,15                            12,6(4,8)(3,13)1(5,7)2,11(10,14)-9-15                           (*12,6)8(4,3,13)(5,7)(1,11)(2,14)10-9=15                        (*12,6)8(4,3,13)(1,5,7)11(2,14)(10,9)-15                        2 2222222221131113311133脚抜きが良く時計の出る馬場。すんなりと隊列が決まって一団の隊列。道中に動きもなく、落ち着いた展開になって直線の決め手比べに。勝ち馬は外を回る形になったが、それが帰って良かったか追われてからの勢いが良かった。２着馬も狭い所を割ってしっかりと脚は使えている。                                                                                                                                                                                                                                                              
04211312127114123127122113112126                                                                                                                                                              9,15(4,14)(6,13)(5,16)(7,8)1,10,11(2,3)-12                      9,15(4,14)(5,6,13)7(1,8,16)-(10,11)(2,3)12                      4       4444445544454444渋って時計、上がりの掛かる状況。積極的に主張する馬が不在で、落ち着いた流れ。直線は内外広がっての決め手比べになり、番手から早めに抜け出した勝ち馬が馬場の外目へ運びながら渋太く粘り込み。２着馬も外から良く伸びていて、馬場適性の高さは見せた。                                                                                                                                                                                                                                                                              
06213701121109114120122133                                                                                                                                                                    5,13(3,10)(9,15)4,7,12(8,14)(2,11,16)=1-6                       5-(3,10)13-(9,15)(4,7)(8,12)(11,16)14-2-1-6                     0       2222222222222222脚抜き良くて砂煙があまり上がらず、先行有利の状況。バラついたスタート。しばらく５頭ほど横並びで進むが、ダートに進入して内からリュヌダムールが一歩前に出る。外のジェステミニョン、サクラトップメジャ、アロハロックが続く。逃げるリュヌダムールが２馬身リード、好位勢がやたら入れ替わる展開で、４コーナーで先頭３頭が後続を４馬身ほど引き離す。直線に向いて逃げるリュヌダムールに、チャペルレーンが外から接近。直線の半ばでチャペルレーンが先頭に躍り出る。遅れて大外から伸びてきたマイヨアポアが、坂上で垂れたリュヌダ        
06213702126112122131134133130130136                           (4,*10)-6(5,11)(2,15,16)7-9-13,3,14,12=8-1                      (*4,10)-6-5(2,11)15(7,16)-9-(3,13)14,12=8-1                     (*10,6,5)(4,7,2)(16,11,12)(9,3,15)13,14-8=1                     (*10,6)(7,5)(2,11)12,16(9,3)(14,13)15,8-(4,1)                   0 2222222222222222222222脚抜き良くて砂煙があまり上がらず、先行有利の状況。ややバラついたスタート。しばらく５～６頭ほどが併走で進み、真ん中からタイセイマーベルが一歩優勢に出るも、内からワンスワードが抵抗。２頭で併走して１コーナーを回る。しばらく緩まず隊列は縦長になるが、向正面でペースダウン。ワンスワードは３コーナー手前で後退し始め、先頭がタイセイマーベルに入れ替わるが、ゴールデンナイトとジジが早くから並びかけてくる。直線に向いて再度リードしようとタイセイマーベルが耐えるが、内を捌いて伸びてきたスズノイナズマがズバッと抜        
06213703120106117123125137                                                                                                                                                                    (*4,16)-(12,2)(1,5,15)7-3,13,8-9(6,11)(10,14)                   (4,*16)-(12,2)(1,15)(7,5)-3-(8,13)9,6-(10,11,14)                0       2222222222222222脚抜き良くて砂煙があまり上がらず、先行有利の状況。多少バラついたスタート。外からフライトメモリア、スズジャッカルが優勢だったが、内からタマモアンドロメダが突っ張ってくる。何とか先手を奪えた。スズジャッカルと２頭で後続を引き離し、徐々にリードを広げる。後続も隊列は縦長。直線に向いて単独先頭に立つスズジャッカルだったが、坂を超えたあたりで急に脚色怪しくなり、追い込み馬がジワジワと台頭。真っ先に伸びてきたのがジーガーオーシャン、坂上で完全に抜けきった。一歩遅れてウイングウインドとトランセンドパストが猛        
06213704                                                      (*13,7)-3(12,8)-9(6,10)-2,4(11,5)=1                             (*13,7)8(12,3)(9,6,10)2(4,5)-11=1                               8(13,3)(12,7)5,10(9,2,6)4=(11,1)                                8,3-(13,7,5)-2,6,10(9,4)=11-1                                                           障害コース内側の蹄跡が増えてきた。バラついたスタート。最初の右カーブでトキノハヤテが先頭に出るが、グリニッチヴィレジとトモノコテツが最初のバンケットで進出。２番手のモズエロイコが抵抗して出てきて一旦先頭。スタンド前でグリニッチヴィレジとトモノコテツの２頭がモズエロイコを離してリードし、２周目向正面でフリーフリッカーが捲って２頭を交わして出る。２度目のバンケットを上り切り、２番手にクライムメジャーが浮上。早めスパートで粘るフリーフリッカーを、クライムメジャーが追うが、直線フリーフリッカーが凌ぎ切っ        
06213705128117118120119117116118                                                                                              5(8,7,12)(2,4)(14,15)6(3,9,16)11,1(10,13)                       5,7(2,8)4(6,12)15,14(9,16,11)-(3,10)13,1                        5(7,4,15)(2,6,11)(12,16)(9,14)(8,3,10)-13-1                     0    1114114115541144111内ラチ沿いの蹄跡増えて時計は掛かり気味も、馬場はフラット。ややバラついたスタート。内からロングボウマンがジワリ先手を奪い、２番手にリターンオブクインが続く。好位勢も固まって進む。それほど先頭が大きくペースを落とさないまま淡々と進み、隊列はしばらく縦長。リターンオブクインが４コーナー入口で後退、２番手に浮上したマイネルレイヨンも直線入口手前で手応えを失う。逃げ粘りを図るロングボウマンに、外からマオノジーナスとエンブレムコードが迫る。ロングボウマンが外へ張る影響でマオノジーナスは劣勢、坂上でエンブレ        
06213706120103111117121116                                                                                                                                                                    6,12(2,11)-(8,14)9,1,13(4,16)10(5,15,7)3                        (*6,12)(2,11)(8,14)9(1,13)7(16,15)(4,10,3)5                     0       4114115541144111内ラチ沿いの蹄跡増えて時計は掛かり気味も、馬場はフラット。比較的横並びでのスタート。６枠２頭とキモンブラウンの３頭が並んで進み、キモンブラウンとリュウノメアリーの２頭が後続を引っ張って進む。隊列は縦長、前行く組が結構速いペースで行く。直線に向いてもまだ後方集団は遠い。好位外を回ってショウナンラスボスが残り２００ｍで先頭に立ち、その横からメインターゲットとタイガーリリーが迫る。さらに外からオリアメンディ。しかし坂上でもう一伸びできたのはメインターゲット。一杯に粘るショウナンラスボスを、ゴール手前で        
06213707126118124128132124117120118117118                     7,14(10,13)4,6(2,12)5,9(1,15)-11-(3,8)                          7,14(10,13)(4,6)(2,12)(5,9)(1,15)-11-8,3                        (7,*13)12(10,14,6)(4,2,9)(1,5,15)11,8-3                         (*7,10,13)12(14,6)(4,9)2,5(1,11,15)8-3                          6 4114114114115541144111内ラチ沿いの蹄跡増えて時計は掛かり気味も、馬場はフラット。ほぼ横並びで揃ったスタート。しばらく４頭が横並びで進むが、どれも行く気配なく、ジワリ前に出たのがアラタ。２番手にウインジョイフルが続く。２コーナー辺りで隊列は縦長だったが、ペースはかなり落ちていた。向正面でヒューマンコメディとミライオーが先頭に押し上げて、後続も徐々に接近。馬群がバラけながら４コーナーを回るが、直線で差し馬の脚色が弱い。逃げ粘るアラタは最内を避けつつ粘り込み、ヒューマンコメディが２番手も、先頭には追い縋れない。最後までアラ        
06213708120108117119118133                                                                                                                                                                    (*2,15)(1,16,14)(11,7)(5,3,6,12)(10,13)8,4,9                    (*2,15)(1,14)16(7,12)5(11,3)(10,6,13)(4,8)9                     0       2222222222222222脚抜き良くて砂煙があまり上がらず、先行有利の状況。ややバラついたスタート。外のラフィンクロンヌが一歩速かったが、内からサイドストリートがジワリ抵抗し、先手を奪う。それほど押っ付けずに行けて、ペースも２勝クラスにしては遅いぐらい。先行勢５頭と少し離れた後方集団という隊列で進み、直線先頭で粘る前２頭。徐々にラフィンクロンヌが前に出るが、内のサイドストリートも渋太い。直線半ばで外から伸びてきたナイスプリンセスを、最後ラフィンクロンヌが何とか半馬身差で凌いだ。２着にナイスプリンセス、３着争い４頭がハナ差        
06213709124112121122125123119119121124                        4,5(1,3,6)9-7(2,8)                                              4,5(1,3,6)9-7,8,2                                               (*4,5)(1,3,6)(7,9,8)-2                                          5(4,9)(1,8)(6,7)3,2                                             0 4114114114115541144111内ラチ沿いの蹄跡増えて時計は掛かり気味も、馬場はフラット。横並びで揃ったスタート。しばらく先頭が決まらなかったが、持ったままでジワジワと前に出てきたのがアオイゴールド。２番手にジャンカルドが続き、最初のコーナーでペースは落ちる。あまり道中の動きはないまま３コーナー手前で馬群が凝縮。外を回ってプレイイットサムが仕掛け４コーナー途中で前２頭に接近、直線先頭のジャンカルドを交わしにかかる。少し外を回る馬は遅れ気味だったが、直線の坂で猛追し、逆に内の先行馬はバッタリ止まる。先頭で粘るプレイイットサムに、        
06213710123116124128124125123122133                           4,9,14,12(11,15)(2,7)(5,10)-(16,13)(1,8)(3,6)                   4,9-14-12(2,11,15)7(5,10)(16,13)1,8(3,6)                        4,9,14(2,11,15,7)(5,10,12,16)1(3,13)(6,8)                       4-9(14,15)7(2,5,11)16,10(3,1)(6,12,13)-8                        0 2222222222222222222222脚抜き良くて砂煙があまり上がらず、先行有利の状況。比較的横並びで揃ったスタート。内で抜群の好スタートを決めたタイガーインディがポンと抜け出し、２番手にメイショウソテツが続く。先頭集団がバラけて進み、ペースも緩まず隊列は縦長。２番手のメイショウソテツが徐々に食らいつけなくなり、タイガーインディーが３コーナー過ぎからリードを広げにかかる。後続の追い上げが渋く、直線に向いて先頭が４馬身リード。一杯に粘り込むタイガーインディに、遅れて外から８枠２頭が猛追。ゲンパチルシファーが坂上でもう一伸びして見せたが        
06213711                                                      (3,*7)-(4,6)-2-5=8,1                                            (*3,7)-(4,6)2-5=1,8                                             3(7,6)(4,2,5)=1=8                                               3,6(7,2,5)-4=1=8                                                                        障害コース内側の蹄跡が増えてきた。スタートはほぼ横並びで揃う。最初の障害をケンホファヴァルトが先頭で跳び、外からタガノエスプレッソが並びかけるが、スタンド前でケンホファヴァルトは鞍上が引っ張って下げ、一旦オジュウチョウサンに先頭が替わる。タガノエスプレッソと譲り譲りの遅いペースでしばらく進む。大竹柵の手前でスマートアペックスが先頭に躍り出るが、タガノエスプレッソが追いかける。勝負所で前行く６頭がほぼ一団、タガノエスプレッソがスパートを仕掛ける。残り６００ｍでメイショウダッサイが並びかけ、オジュウ        
06213712122120129130125122122122132                           9(1,7,8)11(2,3)10,5,6,4                                         9(1,7)8(2,3,11)(10,5)(6,4)                                      9,7(1,8)(3,11)(2,10,5)(6,4)                                     9(1,7)-(8,11)(2,3,5)(10,6,4)                                    5 2222222222222222222222脚抜き良くて砂煙があまり上がらず、先行有利の状況。レース直前に雨模様。ほぼ横並びで揃ったスタート。外から促してレオアルティメットがサッと先手を奪い、２番手にスズカブルグ、ブラックヘイローが並んで続く。徐々に先行集団がひとかたまりとなるが、３コーナーからレオアルティメットが徐々にスパート。後ろの２頭が追いついてくるが、差し馬集団が一気に遅れる。直線に向いて粘るレオアルティメットを、ブラックヘイローが一気に交わして出る。渋太く抵抗するレオアルティメット、脚が続かないスズカブルグ。しかし後続とだいぶ離        
09212701126106134125128130130127136                           6,12(15,14)-(2,16)10(5,8,11)3,7,13(1,9)-4                       6,12(15,14,16)2,10(5,8,11)(3,7)-(9,13)-(1,4)                    6(12,14)(15,16)2(5,10,11)(3,8)7(9,13)-4-1                       6(12,16)15(5,2,10)(3,14,11)(9,8,7)13,4-1                        6 3333333333333333333333雨で全面に水の浮く状態の不良のダート。牝馬限定のフルゲートでの３歳未勝利戦。上位人気は三つ巴。出ムチ入れて先手を主張したファーストソリストが後続を引き付けの逃げで直線も渋太く粘って一杯に押し切る。中団の内をロスなく立ち回ったグッドインパクトが４角で巧く外に出してゴール前で２番手に上がる。外から早めに好位の内に付けたメイセキムが渋太く粘って３着。人気のワイドアウェイクは好位の外から４角で並び掛けるも伸びはジリジリ。                                                                                            
09212702123107119124126123126                                                                                                                                                                 9(11,15)(7,8,14)(13,12)(4,3,10)(1,5,6)-(2,16)                   (*9,11,15)(7,14)(8,12)(4,13,10)(5,3)(1,6)(2,16)                 0       3333333333333333雨脚の強いなかでのレースで、全面に水の浮く状態の不良のダート。フルゲートでの３歳未勝利戦で前走で２着と好走が評価されてワンダーイチョウが稍抜けた１番人気。レースではスンナリ好位から４角で並び掛けメイショウナリヒラとの追い比べを制す。２頭で３着のペイルライダーに４馬身の差。人気の一角のダノンランディは好位の外追走も直線はバッタリで鞍上追うのを止める。                                                                                                                                                              
09212703130110133127126126125122130                           (*9,11)12(3,15)13,6,14(2,8)-4(1,5,10)-7                         9(11,12)(3,13,15)-(6,14,8)2-4(1,10)5,7                          (9,*11,12,15)(3,13)(6,2,8)4(1,14,10)(5,7)                       (*11,12,15)-9(3,13,2)(6,4,7)(1,5,8)(14,10)                      6 3333333333333333333333雨脚の強いなか、全面に水の浮いた不良のダート。多頭数での３歳未勝利戦。人気は上位４頭に集中。一頭牝馬のワンダーピュルテが先手を主張するも３角では好位追走の人気上位馬が進出。押し出される形で先頭に立ったショウサンイチマツを目標にロードトランスとヴェノムでの追い比べ。ゴール地点ではロードトランスが１馬身先着。４着は３着馬から大差離される。                                                                                                                                                                            
09212704124107128133118125121121120129                        13-9,10,14(1,2)7,3,4,11(6,12)-5,8-15                            13-9(10,14)(2,7,12)1(3,4)11,6-5,8,15                            13,12(9,14)(10,2,7)(1,4)(3,6)-11(5,8)-15                        (*13,12)9(10,2,14,7)(3,4)(1,6)-5-(11,8)15                       6 2222222223223222232222雨で重馬場で下は緩い状態も埒沿いも芝はシッカリしている様子。多頭数での牝馬限定の３歳未勝利戦で人気は割れて混戦模様。スタートで後手を踏んだタガノパッションだが、２角で外から掛り加減に進出して２番手に取り付き直線一杯に押し切る。人気に支持されたコーラスケイトは好位から直線馬場の中央に出し前を追うもハナ差届かず。                                                                                                                                                                                                      
09212705124109117139127124125125122121129                     5,15(17,6)16(9,11)(2,8,13)(12,18)10,1,14,4,7-3                  (*5,15,6)17,16(9,11)8,13,2,18,12,10,1,14,4,7,3                  (*5,6)(17,15,16,11)(9,8,13)18,2,10(12,14)4(7,3)1                (*5,6,11)(17,16)13,18(9,8)10(2,14)4(12,7,3)15,1                 0 2222222223223222232222雨で重馬場、下は緩い状態。フルゲートでの３歳未勝利戦。前走で２着と好走の２頭が人気を分け合う。中団の前から４角で並び掛けた人気の一角のフローレスクイーンが押し切るかに思われたが道中後方にいて直線大外に出したハギノピリナは渋太く伸びて差し切る。初出走のエリカヴァレリアがオルフェーヴル産駒らしく馬場適性もあったが既走馬相手に好走。牝馬が上位に好走。                                                                                                                                                                  
09212706122107118124117130                                                                                                                                                                    3,7(1,8,14)(6,11)(2,13,16)12(4,15)5,9-10                        (*3,8,14)7(6,11)(1,16)(2,12)(15,13)(4,9)(5,10)                  0       3333333333333333雨で全面に水の浮く不良のダート。フルゲートでの３歳１勝クラス。人気の一角のスターリングワースが好発から二脚で先手を取って逃げ込み図る所を好位の外追走のペプチドサンライズがゴール前で差し切る。人気上位馬での決着。スタートで後手を踏んだ５枠２頭の外から伸びは目を引いた。                                                                                                                                                                                                                                                  
09212707126108129118120122124120132                           7,11-3,10(5,8)-(6,9)2-13(1,12)-4                                7,11-3(5,10)8(2,6,9)-(1,12,13)-4                                7,11-3-(5,10)(2,8,13)12(1,9)(6,4)                               7,11-3-(5,10)(2,8,13,12)-1(6,9,4)                               6 3333333333333333333333雨で全面に水の浮く不良のダート。落ち着いた頭数での４歳上１勝クラス。上位人気は三つ巴。好発から二脚で先手主張したスズカパンサーが速いペースで逃げ直線も後続を大差引き離して速い時計で逃げ切る。道中後方にいたハーシェルが直線内から追い上げ２着。勝馬の強さのみが際立ったレース。                                                                                                                                                                                                                                            
09212708122110115119124126                                                                                                                                                                    (*4,5,6)(2,8,10)(7,1)3-9                                        (*4,5,6)10(2,8)(7,1)3,9                                         0       3333333333333333雨で全面に水の浮く不良のダート。少頭数での牝馬限定の４歳上１勝クラス。圧倒的人気に支持されたハニエルは先行争いが激しくなるのを尻目に後方待機。４角手前から動き直線は大外から一気の脚で先行馬を飲み込む。先行争い激化で置かれたのが奏功のルーアンが早めに外に出して勝馬からは離されたが２着は確保。                                                                                                                                                                                                                          
09212709124110112114115120                                                                                                                                                                    4,5(3,12)(9,11)8(1,2,6,7,10)                                    4,5,12,3(9,11)(8,7,10)(2,6)1                                    0       2223223222232222依然として雨足は強く馬場状態は重。落ち着いた頭数での４歳上２勝クラスのハンデ戦。休み明けの前走を２着と好走したサンキューユウガが抜けた人気に。キーダイヤがこの馬場としては速いペースで逃げるも直線入は脚上がる。出ムチ入れて２番手取り付いたメイショウユリシスと人気のサンキューユウガが逃馬の外に出して追い比べを演じる所を道中は中団でいて直線は内を突いたロードベイリーフが渋太く伸びて差し切る。                                                                                                                        
09212710122105112119120130                                                                                                                                                                    (12,*13)-(9,2)(14,16)(10,5,15)(6,11)(1,7,3)4,8                  (*12,13)(9,2)5(6,14)(10,16)(1,15)(7,8)11(3,4)                   0       3333333333333333雨で全面に水の浮いた不良のダート。フルゲートでの４歳上３勝クラス。前走前が詰まり通しと敗因のハッキリしているガンケンが稍抜けた人気。道中は中団内からジリジリも４角で先に動かれたメイショウベンガルを捉えられず、ゴール前で外から伸びたゴッドバンブルビーに交わされる。一団で流れて道中後方の馬が外から差す展開に。                                                                                                                                                                                                          
09212711124108115123122115112123                                                                                                                                                              8,9,14(5,12)(10,15)(1,4,11,18)16(2,7,17)(3,6)-13                8(9,14)(5,12,15)(1,10,18)(4,11,16)(2,7,17)(3,6)13               3       2223223222232222雨で重馬場で下は緩い状態も埒沿いも芝はシッカリしている様子。ＮＨＫマイルＣを見据えてのフルゲートでの一戦。人気は上位で三つ巴も割れ加減。シンザン記念勝ち以来となるピクシーナイトが先手取って淀みのない流れ。直線も大きくはバテていないがひと踏ん張りが利かず。逃馬見ながら進んだホウオウアマゾンが馬場中央を早めに抜け出して押し切る。未勝利勝ち直後ながら中団追走のリッケンバッカーが渋太く伸びて２着に。人気の一角のジャスティンカフェはダッシュ付かずで後方のまま何も出来ず。                                            
09212712127109111131126128127127123128                        7(10,11)-4,1(2,3)-5-(8,6)(9,12)                                 7(10,11)-4,1,2,3,5,8,6-(9,12)                                   (7,*10,11)-4(2,1)(3,5)(8,6)(9,12)                               (*10,11)4(2,1)(7,3,5)(8,6)(9,12)                                6 3333333333333333333333雨で全面に水の浮いた不良のダート。落ち着いた頭数での４歳上２勝クラスで、重のダートで好成績のアジャストザルートが稍抜けた人気に。稍前の速い展開になり中団の前追走のアンセッドヴァウが３角からジワリと動き早め先頭で内を巧く立ち回ったブルーコンパクタの追い上げを抑える。人気のアジャストザルートは勝ちの直後の外も直線の伸びはジリジリになり後方待機のメイショウコジョウにも交わされる。                                                                                                                                    
