04221401117106115129126132                                                                                                                                                                    3,6(11,10)(8,13)(4,7)1(5,9,12)(2,14)-15                         (*3,6,10)11(8,13)-7(4,1,5)-9,2,14,15,12                         0       1131131113311133若干湿り気残るが表面乾きかけ、砂煙上がり時計も標準並み。出遅れ多数、バラバラのスタート。外からモリノドリームが若干優勢も、内からメタバースとミルヒシュトラーセが突っ張ってくる。途中から最内のモリノドリームが前に出る。３頭が併走で進むが未勝利にしてはだいぶ速い前半ペース。先頭の３頭が雁行で直線に向いて、モリノドリームの外からヴァーチュアスとクラリティスケールが馬体を併せてジワジワ伸びてきた。入れ替わる形で差し馬２頭の叩き合いが続き、僅かにヴァーチュアスが最後まで押し通せた。クラリティスケールが２着        
04221402119108114116117124                                                                                                                                                                    2,4,6(5,3,9)(10,15)1,12(8,11)-13-(14,7)-16                      2,4(3,6,9)5(10,15)-1(12,11)8-13-(14,7)-16                       0       4425445444254442芝が生え揃わず蹄跡多めで時計掛かる馬場。内ラチ沿い２頭分は掘れてボロボロ。バラバラのスタート。内からソングフォーユーとオマツサマの２頭がピッタリ並んで競り合い、キルステンが３番手で続く。先行集団が結構固まって３コーナーで渋滞、４コーナーもゴチャつくシーンあり。先頭もまずまずのペースで引っ張る。馬群はバラけたまま直線に向き、先頭で粘る２頭に外からグランアリエルがジワジワと接近。残り２００ｍで先頭に立つ。その真後ろからベルシャンテとメルヴィルが浮上、渋太く脚を伸ばすが先頭のグランアリエルには及ばなか        
04221403126112125131127128134130131                           6(10,12)1,9(2,3)8(5,14)(7,13)-15,11=4                           6,10,12,1,9-(2,3,8)-5,14,7,13,15,11=4                           (*6,10)(9,12)8(1,5,14)13(7,15,11)=3=2-4                         (6,*10,12)(9,5,8,14)(13,15)(1,7,11)=3=2,4                       0 2222221131131113311133若干湿り気残るが表面乾きかけ、砂煙上がり時計も標準並み。ややバラついたスタート。内からアスタラグローリアが鞍上押っ付けて出てくるが、その横からナオミニデレデレヤが行き脚良く交わす。２番手にエイミーバローズとトーホウパラダイスが続く。まずまずのペースで進んでいたが、３コーナーで後続が一斉に仕掛けて先団に急接近。４コーナーで馬群が早くも横に広がっての追い比べになる。しかし２番手のエイミーバローズが、被されまいと抵抗しつつ直線もう一伸び。脚色淀む２着争いを尻目に、一気に抜け出した。２着は５頭が横並びに        
04221404                                                      12-(2,8)(7,11)9,10,3,4,5-6,1                                    (*2,12,8)-(7,11)9,10-3(4,5)1-6                                  8-12-(2,11)(9,5)(7,10)-3,4=1-6                                  8=12,11(2,9,5)(7,10)-3-4-1-6                                                            芝が生え揃わず蹄跡多めで時計掛かる馬場。内ラチ沿い２頭分は掘れてボロボロ。全体では比較的揃ったスタート。最初の障害を全体の半数が並んで飛越するが、飛越後にエスタンピージャが先頭に出る。２番手にテイエムタツマキ。スタンド前で外からビップテッペンが進出してきて、２周目２コーナー過ぎで３頭が並んで後続との差を広げる。向正面で先頭の争いからテイエムタツマキが強気にスパートを仕掛け、２頭を離し始める。離れていた好位勢が３コーナー過ぎから追いかけて、垂れたビップテッペンは飲み込んだものの、先頭のテイエムタツ        
04221405                                                      1,5(9,4)6(12,8)(11,3)-2,10,7                                    1,5(9,4)(12,6)(11,3,8)(10,2)-7                                  3(5,2)(12,8)(1,9)(11,4)-10                                      3,2,5,12,8,9(11,10)-1,4                                                                 芝が生え揃わず蹄跡多めで時計掛かる馬場。内ラチ沿い２頭分は掘れてボロボロ。ややバラついたスタート。行き脚はマイネルバッカーノが優勢だったが、最内枠のマリスドランジュが突っ張って逃げる。マイネルバッカーノは２番手。序盤はどの馬も慎重でペースも遅め。向正面に入って先団が一斉に密集し、外からも多数中団の馬が押し上げてくる。連続障害２つ目でハーツシンフォニーが捲って接近、逃げていたマリスドランジュは抵抗できない。そのままハーツシンフォニーが先頭でスパート、３コーナーでマイネルバッカーノとリアムが追いかけ        
04221406126118129132127126133126130                           7,12(5,10)6(1,8,11)-4,9-3,2,13                                  7,12(5,10)(6,11)(1,8)-4-9-3-2-13                                7,12(5,10)(6,8)11,1-9-(3,4)-2,13                                7(5,12)(6,10)8,1,9,11,3,4-(13,2)                                5 2222221131131113311133若干湿り気残るが表面乾きかけ、砂煙上がり時計も標準並み。ややバラついたスタート。真っ先にスエトニウスが先手を奪い、ゴール板通過前に単騎逃げの形。外から押っ付けてトヨリュウオーが迫るが、先頭をつつくほどのスピードではなく、序盤から遅めで向正面では先行集団が凝縮して進む。２番手以下に並ばせず間を見つつリードを保ち、直線でも押し切る態勢。しかし外から唯一、ローズピリオドが伸びてきて先頭に並ぶ。スエトニウスも競りかけようと抵抗するものの、差した強みでローズピリオドが最後もう一伸びして押し切った。スエトニ        
04221407119111116121119129                                                                                                                                                                    7(14,9)(6,11,15)8(3,5,13)10(4,12)(1,2)                          7(14,9)(6,11,15)8(3,5)13-(4,10)12,2-1                           0       1131131113311133若干湿り気残るが表面乾きかけ、砂煙上がり時計も標準並み。バラついたスタート。外でナサが好スタート、ダート進入時も態勢有利だったが、真ん中から突っ張ってアイルビーザワンが主張してきた。決して速くはないペースで進んで先行集団も徐々に１列目に接近、３コーナーで１列目５頭が雁行状態で回る。引き付けつつ逃げていたアイルビーザワンが、直線に向いて併走馬を振り切って粘りこみを図る。２番手のナサも押っ付けて抵抗しているが、馬場の外からサウンドブライアンが渋太く伸びてくる。しかしナサまでは交わせたが、先頭のアイル        
04221408126113111118125121117118122                                                                                                                                                           9,3=(8,1)(4,6)(5,7)-2                                           9,3=(8,1)6,4,5,7-2                                              0       4425445444254442芝が生え揃わず蹄跡多めで時計掛かる馬場。内ラチ沿い２頭分は掘れてボロボロ。バラついたスタート。内からロードラスター、外からセブンフォールドの２頭が行き脚良く、２頭が先頭で争うが、意外とお互い引かず２頭が雁行状態でジワジワと飛ばし、後続との差を１秒近く広げて大逃げ。離れた３番手以下はほぼ差もなく一団で固まって進む。直線に向いてもしばらく前行く２頭は止まらず、後ろの集団から脱落者が出るが、残り２００ｍを過ぎてやっと後方の組が追い付き、真っ先に伸び勝ったのがジャンカズマ。馬場の真ん中を最後まで伸びてい        
04221409119103106107116                                                                                                                                                                                                                                                                                                       0                  44442芝が生え揃わず蹄跡多めで時計掛かる馬場。出遅れ多くバラバラのスタート。外ラチ沿いから７枠２頭が若干優勢も、１列目でマブセレナードとバーニングアイズ、ザアトムが併走。しかしこの５頭雁行が中盤で崩れ始め、徐々に逃げるネレイドが優勢に立ち、セリノーフォスこそ食い下がるが、内枠各馬が後退し始める。７枠２頭の真後ろにヤマトコウセイが続き、後半は完全に外枠３頭が有利。逃げ粘るネレイドにセリノーフォスが迫り、ゴール寸前で交わせた。ネレイドはレース運び良かったが惜敗２着、真後ろヤマトコウセイは２頭の間を通せず３        
04221410123110125132128119123123134                           12,14,4,10(8,3,11)1-(9,6)-5-(2,7,13)15                          12,14,4,10(8,3,11)1-(9,6)-5,13(2,7)15                           (14,*6)-10(3,13)(12,11,5)(8,1)(7,15)(9,2)-4                     (14,*6)-3,10(13,5)11,1(12,8,15)(7,2)9=4                         4 2222221131131113311133若干湿り気残るが表面乾きかけ、砂煙上がり時計も標準並み。ややバラついたスタート。しばらく５頭が横並びでテン争いをし、外のサトノアポロンが１コーナーで先手を奪う。２番手にコスモコラッジョが続く。向正面で一旦緩んだが、すかさず後方から捲りが入って、ウォーロードが一気に先頭に躍り出る。対応して突っ張るコスモコラッジョ、サトノアポロンは交わされて脱落。コスモコラッジョを直線入り口で競り潰したウォーロードだが、その真後ろで虎視眈々と構えていたショウナンマリオがジワジワ近づく。ゴール手前で見事に差し届き、態        
04221411128115117123124121114110120                                                                                                                                                           (*1,10)(2,9)4(5,6)-3-8-7                                        (*1,10)(2,9)4,5,6-3,8,7                                         3       4425445444254442芝が生え揃わず蹄跡多めで時計掛かる馬場。内ラチ沿い２頭分は掘れてボロボロ。ややバラついたスタート。大外から押っ付けてタイセイモンストルが出てきて単独で先頭に出ようとするが、内からブレイブメジャーが突っ張ってくる。タイセイモンストルも競り合う程の主張ではなく、お互い落ち着いて２頭が併走しての先導。コーナーでペースが緩んで、２頭縦列ながらスローペース。直線に向いて全馬が内を空けて馬場の真ん中に持ち出し、直線の半ばで馬群が横に広がる。まだタイセイモンストルとブレイブメジャーは先頭で粘っている。外からシ        
04221412123112117119115113124                                                                                                                                                                 12(14,16)(9,15)(7,10,11)(4,6,13)2,3(1,8)-5                      (*12,16)-14(9,15)10(7,11)(4,6)(3,13)(1,2)8,5                    0       4425445444254442芝が生え揃わず蹄跡多めで時計掛かる馬場。内ラチ沿い２頭分は掘れてボロボロ。バラついたスタート。外枠各馬が行き脚速く、キトゥンズマーチが押して先手を奪う。２番手にボレロ、シュライエンが並んで接近。３コーナー過ぎから先頭に被せるようにシュライエンが強気に出てきて、直線キトゥンズマーチに競り勝って先頭に躍り出る。しかし最後、馬群がバラけてから渋太く馬場の外を伸びてきたエコロデイジーが、ゴール寸前でシュライエンを交わし切った。シュライエンは惜しい２着、最後遅れて外から脚を伸ばしたハッピーオーサムが３着に        
05222801127113120123122119123                                                                                                                                                                 6,9(1,10)(4,11,13)(3,5,12)-2,8-7                                6,9(1,10)(4,11,13)5,12,3,2-8-7                                  0       2222222222222222湿り気残り脚抜き良い高速ダート、先行馬も速い上がりが出る馬場。バラバラのスタート。１頭ウォーカーテソーロが単独で抜け出して先手。２番手にミレヴィーナスが続くが、序盤のペースがだいぶ遅くて後続もほぼ差なく集団でひとかたまり。その外をタイムトゥゴーが追い上げ、直線入口で馬群が横に広がるものの、前で粘るウォーカーテソーロの手応えは抜群のまま。直線に向いてからジワジワと引き離し、最後まで危なげなく二枚腰で押し切った。ミレヴィーナスも垂れずに２番手で我慢、最後まで２着を確保した。馬群の内を捌いて内から押し        
05222802123109121129127126123122                                                                                                                                                              4,5(2,10)(7,6)(3,13,11)12(1,8)14,9                              4(2,5,10)(7,6)-11(3,13,12)1,8(9,14)                             0       2222222222222222湿り気残り脚抜き良い高速ダート、先行馬も速い上がりが出る馬場。バラバラのスタート。芝地点で４頭が並んで先行争いをしていたが、ダートに進入して内からヘキクウがジワリ先頭に躍り出る。かなり押していたスターファーストが２番手に浮上、未勝利にしては結構速いペースで進む。好位勢も離されずに食らいつき、直線で有力馬はほぼ射程圏のまま馬群が横に広がる。馬場の大外に持ち出したダノンアーリーが、目の覚める反応で鋭く伸び、坂上で先行勢をなで斬り一閃。最後まで加速するラップを踏んで２番手以下を引き離した。同じ外のルー        
05222803130121124121121123121112118119                                                                                        7,6(2,8)3(1,11)(4,5)-10=9                                       7,6,5(2,3)(1,8)4,11,10=9                                        7,6(2,5)(1,3)8,4(10,11)=9                                       3       2212212221122111全面的に状態良好、速い時計が出る馬場。逃げ差しイーブン。若干バラついたスタート。サンハンニバルが発進不良で離れた最後尾。楽にエコロデュエルがサッと先手を奪い、２番手も２コーナー進入前にブキャナンテソーロで固まる。途中向正面前半にてヒルノロワールが馬群の外を進出するが、全体の展開に影響なし。気分よくエコロデュエルが先導し、集団もほぼ差なく固まったまま直線に向く。一杯に粘りこむエコロデュエルの真後ろ、ソングフォーマーヤが内で窮屈。その外からサイモンバロンが抜け出そうと伸びてきたタイミングで強引に内を        
05222804124107114125118113118                                                                                                                                                                 (*1,5)-9(4,10,15)-(2,3)11,8(7,18)13-(6,17)-12,16-14             (*1,5)(9,10)4(3,15)2(8,11)(7,18)13(6,17)-12,16,14               0       2212212221122111全面的に状態良好、速い時計が出る馬場。逃げ差しイーブン。出遅れ多数。内で好スタートを決めたシェヘラザードが前に出かかったが、その内からブラザリーラヴが突っ張って抵抗。しばらく２頭が後続をリード。隊列は全体に縦長、直線坂下で馬群が横に広がっての追い比べ。真っ先に３番手のコズミックフロストが１頭抜け出し、完全に手応え違う様子で押し切ってしまった。内でデンコウバヒが粘っているものの２着争いは大混戦、最後坂上で渋太く伸び返したコスモエクスプレスが２着に浮上。外から伸びたライトウェイが３着。末を使えた馬が        
05222805129119116119119121112112117                                                                                           6,4(5,7)(2,3)1                                                  4-6,5-7-(2,3)1                                                  4-(6,5)-7(2,3,1)                                                3       2212212221122111全面的に状態良好、速い時計が出る馬場。逃げ差しイーブン。バラついたスタート。押してトーセンクレセントがサッと先手を奪ったが、２番手で追走していたエピファニーがだいぶ行きたがり、鞍上が抑えず先頭が入れ替わる。ペースは押さえ過ぎず縦列で進み、どの馬もガッチリ抑えたまま。少し内ラチ沿いを空けてエピファニーが粘りこみを図り、真後ろからレッドランメルトが迫るも、接近するほどにエピファニーがもう一度離す脚を見せる。最後までエピファニーが先頭を守り切った。２着にレッドランメルト。直線４番手にまで追い上げていた        
05222806074115131132129130128127122116118                     10(9,3)(1,2,5)(4,8)(7,11)-6                                     10,9,3(1,2)(5,11)4,8,7-6                                        (*10,9)3(1,2,11)8,4,7,5,6                                       (*10,9,3)(1,2,11)(8,7)4,6,5                                     3 2222222222222222222222湿り気残り脚抜き良い高速ダート、先行馬も速い上がりが出る馬場。ややバラついたスタート。セブンデイズが抜け出しても良さそうな４頭併走だったが、１コーナーで外から捲ってルージュジャドールが強気に出て行く。２番手にランドアーティスト、３番手にセブンデイズが続く。序盤はかなり遅いペースで進んで、この展開を壊しに行く馬もいない。徐々に先行集団が差もなく固まり始め、みな脚を溜めつつ団子状態のまま直線に向くが、３番手のセブンデイズが手応え絶好。ランドアーティストが一瞬並ぶものの、全く相手にせず脚力違う様子で一        
05222807128120126127126117117122                                                                                                                                                              2,9,11(1,7)8(4,5,10)(3,6)                                       2,9(1,11)(7,8)(4,5,10)(3,6)                                     3       2222222222222222湿り気残り脚抜き良い高速ダート、先行馬も速い上がりが出る馬場。出遅れ多数、バラついたスタート。内からダイナストーンが苦も無くサッと先手を奪い、２番手にエレボアブランシュ、３番手にポルトヴェッキオと人気馬３頭がすぐに並び、３頭とも遅いペース進行につき合う。ダイナストーンにペースを預け、３コーナー過ぎから馬群がほぼ一団のまま進んで直線に向く。坂下でダイナストーンが３馬身リードを広げるが、一旦遅れてたポルトヴェッキオとエレボアブランシュが馬体を併せ、坂上でポルトヴェッキオが猛然と伸びる。交わせても良い        
05222808128116120117116111112118                                                                                                                                                              4-8,1,9(3,6)(5,7)-2                                             4-(8,9)1(3,6)(5,7)2                                             3       2212212221122111全面的に状態良好、速い時計が出る馬場。逃げ差しイーブン。バラついたスタート。イザニコスが行き脚優勢だったが、内から押してココリホウオウが先手を奪う。イザニコスは２番手で宥めるが、若干折り合いを欠く様子。２頭ずつの縦列で進むがペースはスロー、３コーナー過ぎから先頭のココリホウオウはリードを微妙ながら広げている。直線に向いてもまだココリホウオウには粘りがありそうだったが、３番手シャンブルが残り２００ｍで先頭を捉える。坂上でも勢いはまだ続き、外から迫るオメガロマンスとショーヒデキラを凌いで伸び勝った。        
05222809129117123124119117112110116                                                                                           (*8,9)12,5(4,10)2(3,7)6,1,11                                    (*8,9)(5,12)(4,10)2(3,7)(1,6)11                                 (*8,9)(5,12)(2,4,10)(3,7)(1,6)-11                               5       2212212221122111全面的に状態良好、速い時計が出る馬場。逃げ差しイーブン。ややバラついたスタート。真ん中のノワールドゥジェ、バルバレスコの２頭が先頭を狙うが、ハナを奪ったのは外のバルバレスコ。２コーナーを過ぎるとすぐペースを落とした。譲ったノワールドゥジェは２列目で待ち、２番手にはラインオブダンスが続く。どの馬も動く気配がないまま淡々と進み、直線入り口で一斉に馬群が横に広がる。前行く２頭はすぐ後続に飲み込まれ、２列目からノワールドゥジェが先頭に立つ。内からイズンシーラブリー、外からトウシンモンブランが並びかけ、最        
05222810121110119120121119121124                                                                                                                                                              4(8,9)13,11-(10,12)-(1,5)2(6,7)-3                               (*4,8)(9,13)11-10,12-(2,1,5)(6,7)3                              0       2222222222222222湿り気残り脚抜き良い高速ダート、先行馬も速い上がりが出る馬場。全体では比較的揃ったスタート。大外のスマートラプターが芝地点では優勢も、内からベストリーガードが必死に抵抗し先手を主張。間も６枠２頭が絡んで、４頭がしばらく競り合う。４コーナーまでずっと雁行、その後ろにリッキーマジックが続く。２番手で進んでいたペイシャエスが、逃げるベストリーガードを競り潰して抜け出すかに見えたが、残り２００ｍ標識を過ぎてようやく差し馬が追い付いてくる。ホウオウルーレットにバトルクライ、ヴァルツァーシャルの３頭がジワジ        
05222811125108114116117111113118                                                                                                                                                              10,7,13,5,8(1,11)6(2,15)12(4,16)14(3,9,17)18                    10-7,13,5,8(1,11)(6,2,15)12(4,16)14(3,9,17)18                   3       2212212221122111全面的に状態良好、速い時計が出る馬場。逃げ差しイーブン。全体では比較的揃ったスタート。内枠各馬がスタート優勢。レシステンシアとソダシが一歩前に出ていたが、かなり押っ付けてローザノワールが先手を主張。先頭に立ったところで競り合いは起こらず、３コーナーから微妙にペースを落として行けた。ローザノワールが１頭だけ２馬身リードを広げたまま直線に向き、上がりの競馬に。内を若干空けて粘るローザノワールと、２番手から抵抗するレシステンシア２頭の間を割って、ソダシが好反応で伸び抜け出す構え。遅れてそのあとからソン        
05222812124109116120120118122                                                                                                                                                                 12,13(4,5,11)(6,9,10)-7,3,8,15-(14,16)-2,1                      (*12,13)(4,5,11)(6,9,10)-7,3-(8,15)-16,14-2-1                   0       2222222222222222湿り気残り脚抜き良い高速ダート、先行馬も速い上がりが出る馬場。バラついたスタート。６枠２頭が行き脚優勢、押してローウェルが先手を奪う。２番手に外から押っ付けてワイドカントが接近するが、先頭は競り合っていない。好位勢８頭ほどが先団で固まったまま直線に向き、逃げるローウェルが２番手以下を振り切る。内を捌いてエイシンギアアップが真っ先に逃げるローウェルに迫り、ゴール寸前で交わし切った。外からファイアランスも伸びてきて先頭に迫るも、前で粘るローウェルに届かず３着まで。乾いてきた馬場にしてはなかなかの勝ち        
07223401126110117123119128                                                                                                                                                                    2(6,14)(1,7,13,16)3-(9,11)(8,10)12,15-4,5                       2(6,14)(1,7)13(3,16)(9,11)(8,12,10)15-(4,5)                     0       2222222222222222土曜の朝までの雨の影響でダートは重馬場で脚抜きの良い状態。フルゲートでの３歳未勝利戦。上位人気は４頭で拮抗。内からガレットジョーカーが好発から二の脚速く先手を取って４キロ減の斤量を利して押し切る。人気のシグルドリーヴァはスンナリ２番手を追走するも、逃げ馬を捉えられず。先行馬での決着。                                                                                                                                                                                                                                
07223402130118130122122124123124132                           9(1,11)(3,12)(2,5)-(4,7)8,6,10,13                               9,11(1,12)(2,3,5)-4-8(6,7)-10-13                                9,11(1,12)5(2,3)4,8,6-(10,13)-7                                 9,11,1,12-(2,5)(3,4)(6,8)-(10,13)-7                             6 2222222222222222222222土曜の朝までの雨の影響でダートは重馬場で脚抜きの良い状態。手頃な頭数での３歳未勝利戦で上位人気は拮抗。休み明けで初ダートのダノンフォーナインが二の脚速く先手を取って直線は後続を寄せ付けず。好位の内から直線だけ外に出したヒノデテイオーが食い下がるも差は詰まらず。４着以下は離される。人気のタイセイストラーダはスタート一息で後方からになり、馬群の外を回って３角ではムチが入る。                                                                                                                                        
07223403120103114121117118121                                                                                                                                                                 18(14,17)(4,7,16)12,2,15,3,8(5,1)-11-9=(6,10)13                 (18,*14,17)(4,7,16)12(2,15)(3,8)(5,1)11-9=10,6=13               0       1111112111121111週末に雨があったので芝は良馬場もある程度水分を含んだ状態。フルゲートでの３歳未勝利戦で人気は上位５頭で割れ加減。大外からプリムスフィーリアが先手を主張して速いペースで引っ張るも４角手前まで。２番手追走のマヒナライズが押し出されて４角で先頭に立つも、直線の追い比べで遅れる。人気の一角のミッキーチャレンジが直線半ばで一旦抜け出したが、内を巧く立ち回ったヤマニンサルバムがゴール前で差し切る。                                                                                                                        
07223404125112128126123122123117117119                        5(2,8)(7,10)(1,9)(3,6)-(4,11)                                   5,8(2,10)7-1,9(3,6)-(4,11)                                      5,8(2,7,10)(1,9)6(3,4)-11                                       5,8(2,10)(7,6)(1,9)(3,4)11                                      3 1111111111112111121111週末に雨があったので芝は良馬場もある程度水分を含んだ状態。落ち着いた頭数での３歳未勝利戦で惜敗続きのアオイゴールドワンが抜けた人気に。カフジペンタゴンが先手を主張。淡々とした流れで人気馬が先行集団を形成して流れる。直線入口で人気のアオイゴールドワンが抜け出しを図るも、好位の内を追走したテーオーアリエスの目標に。道中は内埒をロスなく回ったメイショウケイガンが直線で前壁となり、４頭分外に出すロスが生じたが渋太く伸びて２着に。                                                                                    
07223405124110129128127130131122127                           (*4,10)5(1,6)7(3,8)-2-11-9                                      (*4,10)(1,5)(7,6)(3,8)-2-11,9                                   (*4,10,5,6)(1,3,7)2,8(11,9)                                     (*4,10)(5,6)1(3,7,2)(11,8,9)                                    2 2222222222222222222222土曜の朝までの雨の影響でダートは重馬場で脚抜きの良い状態。手頃な頭数での３歳１勝クラス。このクラスで２着続きのヴァレーデラルナが抜けた人気に。レースでは好位追走から直線で抜け出しを図るも、ウィシンクアスクの決め手に屈す。突かれる厳しい展開ながらタマモタップダンスが大きくはバテずに馬券圏内を確保。                                                                                                                                                                                                                    
07223406121106114118122129                                                                                                                                                                    14(5,8)(3,4)(6,11)(2,7)1,15,9(10,13)(16,12)                     14-5(3,4,8)(6,11)-(2,7)1(9,15)(10,13,12)16                      0       2222222222222222土曜の朝までの雨の影響でダートは重馬場で脚抜きの良い状態。フルゲートでの３歳１勝クラスでカルネアサーダが抜けた人気。先週にこのコースで未勝利を勝ったばかりのカフジエニアゴンが、二の脚速く先手を取って直線も脚色鈍らずに押し切る。勝ち馬を追い掛けた馬は直線でやや伸びあぐね、中団の外を追走したミラビリスがジリジリと伸び２着に。人気の一角のマルモリスペシャルはスタート一息で後方になったが終いは脚を見せて３着に追い上げる。                                                                                            
07223407129118131128125117117114118119                        1,4-(2,6)-5,3                                                   1,4,6,2-5,3                                                     3(4,6)1,2-5                                                     3(4,6)(1,2)5                                                    5 1111111111112111121111週末に雨があったので芝は良馬場もある程度水分を含んだ状態。少頭数での牝馬限定の４歳上１勝クラス。シンシアリダーリンが抜けた人気に。内からプリペアードが先手を主張してスローの流れになるも、３角でエバーマノが捲ってレースが動く。人気のシンシアリダーリンがこの時は動かずに直線勝負で外から伸びて抜け出す。                                                                                                                                                                                                                  
07223408072114116136131127124125128131                        8,7,4,6-1-3(2,9)5                                               8,7-4,6,1-(2,3)9-5                                              (*8,7,4)-1(6,3)-(2,9,5)                                         (*8,7)4-(6,1)3(2,9,5)                                           6 2222222222222222222222ダートは７レースの前に稍重に回復。少頭数での４歳上１勝クラス。マンオブカレッジが人気を集めるもスタートで躓き、後方馬群で外を回って直線はジリジリに。勝ったキゾクは先行集団追走から３角過ぎの勝負所でモタ付くも、直線は減量を利して内を突いて伸びて鞍上の大久保騎手は初勝利。                                                                                                                                                                                                                                                
07223409127109117134121122124121114117122                     2-6(9,8)3(1,5)4-7                                               2(6,9,8)-(3,1)(4,5)-7                                           2(6,9)3(1,8)(4,5)7                                              (*2,6)(3,9)(1,8)(4,5)7                                          3 1111111111112111121111週末に雨があったので芝は良馬場もある程度水分を含んだ状態。少頭数での４歳上２勝クラスの特別戦。リンフレスカンテが人気に。促して内からサトノシャロームが先手を主張。一旦長くなった馬群は３角で一団に。内をロスなく回ってサトノシャロームが逃げ込みを図る所を、中団の内を追走したダノンセレスタがゴール前でハナ差捉える。人気のリンフレスカンテは中団馬群を追走するも直線の伸びはジリジリ。                                                                                                                                    
07223410130117119121122113110115                                                                                              2,6,1(3,4)-8,9,5                                                2,6(1,4)3(8,9)-5                                                2,6(1,4)3(8,9)5                                                 3    1111111112111121111週末に雨があったので芝は良馬場もある程度水分を含んだ状態。１頭取り消して８頭立てに。先手を主張したヴァトレニが淀みないペースで逃げて、直線で追い上げた人気のライティアをハナ差だけ抑える。先行馬での決着。                                                                                                                                                                                                                                                                                                                  
07223411121105111119121126127                                                                                                                                                                 (*1,3)5,7,2(8,11)9(13,10)(6,12)(16,15)4-14                      (*1,3)5(2,7)(9,8,11)(6,13,10)12(16,15)-4,14                     0       2222222222222222ダートは稍重に回復も脚抜きの良い状態。フルゲートでのハンデのリステッド競走で人気は割れる。激しくなった先行争いを捌き、直線半ばでヴァニラアイスが先頭に立って押し切り図るも、道中後方にいたレディバグが鞍上がムチを落とすアクシデントがありながらも、決め手を発揮して差し切る。同じく道中後方にいたトップハンデのオメガレインボーは外から伸びるも３着まで。                                                                                                                                                                  
07223412131110130129125129124125126                           4-1-3=(2,6)-5                                                   4-1-3=6,2-5                                                     4-1,3=5(6,2)                                                    4-1,3-5,2-6                                                     3 2222222222222222222222ダートは稍重に回復も脚抜きの良い状態。少頭数での牝馬限定の４歳上２勝クラス。初ブリンカーのサンバデジャネイロが先手を主張して少頭数ながら縦長の展開に。逃げ馬を先に行かせて２番手追走になったメガキャットが前を捉まえて、後続の馬に並ばれるも渋太く粘って昇級初戦で勝ち上がり。人気上位での決着。                                                                                                                                                                                                                            
