06243101118110117124125133                                                                                                                                                                    (*5,16)12,1,13-(9,10)15,4(8,14)2-7-11-3,6                       (*5,16,12)1,13-(9,10)(4,2)8,15-14,7=11-6=3                      0       2222222222222222馬場は若干黒く見え、良馬場でもそれなりに時計の出る馬場。内から先手を主張したマジカルステップに、コウユーユメノヨウが力んで早めに並びかける形。それほど速いペースにはならず、先にコウユーユメノヨウが抜け出したがその後ろから運んでいた勝ち馬が外から勢い良く伸びて差し切り。人気のラブリエストも好位でスムースな競馬はしていたが、直線で追い出されてから意外なほどに反応ができなかった。                                                                                                                                    
06243102130122132136132123127125126                           (*12,14)15(8,16)9(5,11)(10,13)7(6,3)4-(1,2)                     (*12,14)15(8,9,16)(5,11)(7,10)(6,3)13,4-(1,2)                   (12,*14,15)16(9,11)(8,10,3)(7,6)4-1,5,13,2                      (12,*14,15,16)(9,11)-(10,3)(7,4)8(6,1)=(13,2)-5                 4 2222222222222222222222馬場は若干黒く見え、良馬場でもそれなりに時計の出る馬場。人気の外枠の各馬が１角でじわりと前に行き、抑えながら運んでゆったりとした流れ。３角の手前から後続が詰めてきてペースが上がり、勝負所では６頭が一団になって直線の追い比べ。外から並んできた８枠の２頭で叩き合いになるも、レイズトワイライトが力強く抜け出して完勝。３着以下は上がりの競馬に対応できなかった。                                                                                                                                                          
06243103120110114122122132                                                                                                                                                                    (*11,10)14(6,7)(15,12,16)4(2,13)5-(8,3)-1,9                     11(10,14)(6,7)(15,16)(2,12)5,4,13(8,3)-1,9                      0       2222222222222222馬場は若干黒く見え、良馬場でもそれなりに時計の出る馬場。積極的に先手を主張する馬はおらず、真ん中からゴールドスターが無理せず先手。そのまま楽な感じで運んでいたがペースは速めで、２番手以下もぴったりと付いてくる。逃げていたゴッドブルービーが直線の入口で後続を離すと、そのまま最後までしっかりと脚を使って押しきる快勝。２着以下も先行していた馬が粘り込んだ形に。最後は遅れて４着馬が伸びてきたが、５着以下の馬は速い時計に対応しきれなかった。                                                                          
06243104126116117118120118116117                                                                                              5(3,15)(4,10)(1,2,9)(8,11,12)(14,16)(6,13)-7                    5(3,15)(1,4)10(2,9)8,12(11,14)-6(16,13)7                        (5,*3)(4,15,10)1(8,2)(12,9,14)11,6-16-(7,13)                    0    4424224424444244422３～４角の内は荒れているが、馬場が乾いたことで時計はそれなりに出る馬場。やや縦長の隊列だが、ペースはスロー。勝負所で後続が追い上げてきて番手追走のパストラーレが先頭に立つが、内で脚を溜めていた逃げ馬が直線で二枚腰を発揮。パストラーレは最後で甘くなったが、後ろからきたドーンコーラスには交わされなかった。そのドーンコーラスは前残りの展開に泣いた形。                                                                                                                                                                  
06243105119104109113116119                                                                                                                                                                    (*5,6)(1,4,7)-(2,10)9,3-8                                       (*5,6)(1,4,7)-2,10-(3,9)=8                                      0       4224424444244422３～４角の内は荒れているが、馬場が乾いたことで時計はそれなりに出る馬場。真ん中からダッシュを決めたクールベイビーが先手を奪い、そのまま緩めずの逃げ。勝負所で後ろが詰め寄ってきて一団になっての追い比べになり、好位の内でロスの無い競馬をしていたエリカカリーナがしっかりと伸びて快勝。２、３着には最後に伸びてきた２頭が外から浮上して決着。                                                                                                                                                                                
06243106131122126123121122122116115                           5,7,2,9,6,11,4(3,8,10)-1                                        5,7,2,9,6,11(4,10)8,3,1                                         5,7(2,9)(6,11)(4,8,10)-1,3                                      (*5,7)(2,9)11(6,10)(4,8)1,3                                     2 4424424224424444244422３～４角の内は荒れているが、馬場が乾いたことで時計はそれなりに出る馬場。縦一列に並んで落ち着いたペースで流れ、勝負所で後続がじわりと進出。楽に運んでいた逃げ馬が直線の入口で交わされると、上位の２頭で叩き合いに。内のエレクトリックブギが最後まで交わさせずに粘り込んで決着。２着のダノンも３着馬には決定的な差を付けている。                                                                                                                                                                                              
06243107129117133134127129126128128                           9(5,8)(1,12)(3,2,14)(10,11)4(6,13,15)(7,16)                     9(5,8)12(1,2,14)(3,10,11)(4,15)(6,13)(7,16)                     9(8,13)12(5,15)(1,2,14)11(3,10)6,4(7,16)                        9(8,13)(5,12,15)11(1,2,14)(3,10)(4,6)(7,16)                     5 2222222222222222222222馬場は若干黒く見え、良馬場でもそれなりに時計の出る馬場。ペイシャアンジェロが先手を奪って、２番手以下は抑えながら運び前半はゆったり。３角の手前から後続が仕掛けてきてペースアップしても逃げ馬の手応えは良いまま。半ば過ぎでも粘っていたが、後方から長く脚を使った勝ち馬が直線の半ばで楽に抜け出す完勝。２着馬も後方から長く脚を使ってはいるが、勝ち馬とは力の差があった。                                                                                                                                                    
06243108131125127123119118117114116                           7-10(3,8)9(5,11)-2,4-1,6                                        7-(3,10)8,9,5,11(2,4)-1-6                                       7,8(3,10)(9,5)(11,4)(2,1)-6                                     7(3,8)(10,9)(11,5,4)2,1-6                                       0 4424424224424444244422３～４角の内は荒れているが、馬場が乾いたことで時計はそれなりに出る馬場。各馬が抑えて運び、折り合いを苦労する馬も多数。勝負所で馬群が凝縮しての追い比べになり、内で粘る逃げ馬を、その後ろから運んでいたマイネルニコラスがっしっかりと伸びて抜け出す快勝。人気のホウオウスーペリアも遅い流れをしっかりと我慢して最後まで脚使ったが、勝ち馬には及ばず。                                                                                                                                                                        
06243109118108116118119121                                                                                                                                                                    9,14(10,6,15)(4,5,16)(8,13)(1,7,11)(3,12)=2                     9-14,15,6(10,5,16)4(8,13)(1,7)(3,11)-12=2                       0       2222222222222222馬場は若干黒く見え、良馬場でもそれなりに時計の出る馬場。外枠のダノンセシボンが好ダッシュを決めるも、真ん中から二の脚を効かせたロードオブザチェコが先頭に。そのまま単騎で後続をやや離して運ぶもペースは速く無い。結局は前々で運んだ３頭での決着になったが、勝ったシアージストだけは終始楽な手応えで追われてからもしっかり。時計も上々だった。                                                                                                                                                                                
06243110129119129136126123125122132                           10,5,8(1,7)(6,11)-(2,3)4,9                                      10,5(1,8)(7,11)(6,3)(2,4)9                                      10(5,8,11)(1,6,7,3)(4,9)2                                       (*10,5,8,11)(1,7)(2,4,3)(6,9)                                   5 2222222222222222222222馬場は若干黒く見え、良馬場でもそれなりに時計の出る馬場。外から先手を奪ったテーオーパスワードが抑えながら運び、２番手以下もぴったりと付いてきて一団のまま流れる。勝負所で前は４頭が並んでの追い比べになるが、二枚腰を発揮したテーオーパスワードが先に後続を離して一杯に粘り込んだ形。早めに動いたラオラシオンは脚が上がってしまい、２、３着には差し馬が浮上した。                                                                                                                                                            
06243111068119121115116121123124122123118120124               2=1-4(3,9)(5,10)-8,6=7                                          2=1-4(3,9)(5,10)(6,8)-7                                         2,8(1,9)(4,5)10(3,6)-7                                          (*2,8)9(1,5)(4,6,10)3,7                                         3 4424424224424444244422３～４角の内は荒れているが、馬場が乾いたことで時計はそれなりに出る馬場。２週目からマテンロウレオが後続を突き離して大逃げ。後続はガッチリと抑えていたが、３角の手前からアドマイヤハレーが動いてそれに釣られて人気のボッケリーニも進出。それを見てからマイネルウィルトス、クロミナンスも動き出して４角では一団になっての追い比べ。ボッケリーニが伸びあぐねている間に、馬群を割って伸びてきたのが勝ち馬。外から脚を伸ばしてきたクロミナンスもしっかりと伸びて２着争いは制した。                                                
06243112128123134133121121125125128                           13(4,5,15)(6,16)1(10,11)3(9,8,14)7,12,2                         13(4,5,15)(1,6,16)(10,11)3(8,14)9(7,12)2                        (*13,5)(4,6,15,16,11)(1,10)2(3,8,12)14(9,7)                     13(5,15,16)4,6(1,11)(3,8,10,12)(9,7,2)-14                       5 2222222222222222222222馬場は若干黒く見え、良馬場でもそれなりに時計の出る馬場。逃げ馬が抱えながら運んで２番手以下も無理なく付いてくるスローペース。３角から早めに動いてきて４頭が並んで直線へ向くも、逃げていたプラウドヘリテージが危なげなく押し切る完勝。人気のシゲルカミカゼも好位の内でロスの無い立ち回りをして脚は使ったが、勝ち馬とは決め手の差があった。                                                                                                                                                                                    
07241501129109131134126129134127130                           (7,*15)-2,13(1,5,12)(3,10)11,9,6,16,4-14-8                      15,7,2,13,1(5,12)(9,3,10,11)-6-(4,16)-14=8                      (*15,7)2(12,13)11-1(9,5,10,16)6,3,14,4-8                        (*15,7)2(12,13)11,1(9,10,16)(5,6)3,14,4,8                       5 2222222222222222222222雨の中のレースでダートは稍重。フルゲートでの牝馬限定の３歳未勝利戦で人気は非常に割れる。ダイシンカーリーが行きかけるが外からエコログラシアスが先手を主張。淡々とした流れの好位を追走のブラックドレスが直線半ばで抜け出し、ゴール前大外から強襲のヴァズレーヌを抑える。直線で差し馬が台頭の展開に。                                                                                                                                                                                                                          
07241502126115120123119116117                                                                                                                                                                 (*10,6)(5,13)(7,18)(2,11,17)(1,9,15)(4,12,16)(14,3)-8           (*10,6,13)(5,7,18)(2,11,17)(1,9,15)(4,12)16(14,3)-8             0       4424444444344433雨の中でのレース。芝はこのレースの直前に重馬場に変更。フルゲートでの３歳未勝利戦でミッキースターダムがやや抜けた人気に。ウィップスティッチが二脚で先手も大きな集団で流れる。直線で一旦好位追走のスカイハイが抜け出し図るも外からストレイトアスク、内からビダーヤが並び掛けて３頭の追い比べに。ゴール前でストレイトアスクがクビ先着。人気ミッキースターダムは好位で前見ながらも直線追われて伸びず。                                                                                                                          
07241503125111111123127125128                                                                                                                                                                 9(7,16)(15,12)6(11,10)-(2,4)-3,5-1,14-8=13                      9(7,16)12(6,15,10)11(2,4)-3,5-14-1,8=13                         0       2222222222222222ダートは２レースの前に重に変更。フルゲートでの３歳未勝利戦で人気は卍巴。エイブラムスが二脚で先手も人気のフクチャントウメイが早めに先頭に立って直線に向く。外から好位に取り付いた初ダートのワンダーカモンが直線半ばで抜け出すも、道中後方だったヨゾラノムコウニが直線外に出してゴール前で差し切る。直線では外からの伸びが目立つ。                                                                                                                                                                                            
07241504125115116117123123119126                                                                                              (*4,6)9,8(1,3,7)(5,14)(2,10)(12,15)(11,13)-16                   (*4,3)(6,9)(1,8,7)(2,10,5)-13,15(14,12,11)=16                   4(6,3)9(1,7)8(2,10,5)(14,15,13)(12,11)=16                       0    4444424444444344433雨。芝は重で力の要る状態。フルゲートでの３歳未勝利戦で人気は割れる。好発から先手を取ったグランエシェゾーが内埒沿いピッタリを回って押し切る。スタート一息で後方になったメイショウソニックが道中は後方内から直線だけやや外に出してゴール前追い上げ２着に。人気のレッドレクスは好位の外追走も直線の伸びはジリジリに。                                                                                                                                                                                                          
07241505128110121138134125125125123115128                     1,8(11,4)(2,5)(3,6,14)9(12,10,13)-7                             1,8,11,4(2,5)(6,14)(3,9,13)-(12,10)7                            1,8(11,4)(2,5)6(3,9,14)(13,10)(12,7)                            (*1,8)4(11,5)2(6,9)10(3,13,14)-(12,7)                           6 4444444424444444344433雨。芝は２レースの前に重に変更。３歳未勝利戦でジミーバローズがやや抜けた人気に。内からモンサンケコアが先手を主張して淡々とした流れ。２番手に付けたブロッケンボウと２頭で抜け出し、直線半ばでブロッケンボウが先頭に立って押し切る。人気のジミーバローズは中団追走。ややエンジンの掛かり遅くゴール前詰め寄るも３着まで。                                                                                                                                                                                                      
07241506076108115134126126128135124122                        9(11,12,14)4(7,5)10(8,15)(3,6,16)2-1,13                         9(11,14)(4,12)(5,10)(8,7,15)16(3,6,2)-1-13                      (*9,14)(4,11,12)(5,10)(8,7,15)-(3,2,16)=(6,1)-13                (*9,14)(11,12)(4,5,10)15(8,7)(3,2)=16-1,13-6                    6 2222222222222222222222小雨。ダートは重で脚抜きの良い状態。若手騎手限定の３歳未勝利戦でエナアニマルがやや抜けた人気に。スタート一息だったプルーフリーダーが先手を主張してやや速い流れ。好位の内を追走したコムルヴァンが直線も内突き抜け出し後続を突き放して快勝。鞍上の高杉騎手はＪＲＡ初勝利。前崩れの展開で道中中団のオープンワンセルフが直線外から追い上げて２着に。                                                                                                                                                                            
07241507125118119120122122118122                                                                                              7,10(1,3,4)13(5,8)(2,14)(6,12)-(9,11)                           7,10(1,3,13)(2,4,8)14,5(6,12)9-11                               7,10(1,3,13)(2,8)4(6,14)(9,5,12)-11                             0    4444424444444344433１回中京５日目。高松宮記念前日で天候は雨。芝では時計を要していたが、ダートではかなり速い時計が記録されている。なお、芝・ダートともに極端な位置取り傾向は見られなかった。７Ｒは鞍上が押してテンクウハットがハナを切る。緩急のないほぼ一貫ペースでレースが進み、道中に大きな動きはなかった。直線入口では馬群が凝縮していて、後方の馬でも差はない状況。２番手から逃げ馬を交わして先頭に立ったハーエクセレンシーが押し切り濃厚だったが、後方外からビターグラッセが急追してくる。結果、ゴール盤手前でビターグラッセが前に        
07241508125110114121124115120                                                                                                                                                                 (*5,14)(11,16)13(10,9)8,6(3,12)7(1,15)4-2                       5(11,14,16)13(10,9)(3,8)(6,12,7)(1,15)4,2                       0       2222222222222222１回中京５日目。高松宮記念前日で天候は雨。芝では時計を要していたが、ダートではかなり速い時計が記録されている。なお、芝・ダートともに極端な位置取り傾向は見られなかった。８Ｒはダート１４００ｍ戦。内枠からハナを譲らなかったグッドウッドガイと、そのすぐ後ろを進んでいたエイシンレジュームが３着以下を７馬身離すマッチレースを演じた。最後はエイシンレジュームがハナ差前に出たが、グッドウッドガイも決して脚色は鈍っておらず、展開と馬場に恵まれただけの好走ではないと思える。勝ち時計は１分２２秒台だから２頭のスピ        
07241509128112125123126125126122113124                        1,2(5,8)(3,7)4-6                                                1,2(5,8)(4,3,7)-6                                               1,2,8(5,7)(4,3,6)                                               (*1,2)(5,8,7)(4,3,6)                                            2 4444444424444444344433１回中京５日目。高松宮記念前日で天候は雨。芝では時計を要していたが、ダートではかなり速い時計が記録されている。なお、芝・ダートともに極端な位置取り傾向は見られなかった。９Ｒは芝の２０００ｍ戦。少頭数競馬で馬群が凝縮していて、多くの馬がつらそうにはしていなかったため、馬場状態から推測される平均ペースよりも少し遅かったかも。そのなかで直線を向く際の手応えが最も良かったのが勝ち馬のワンダイレクトで、最後は脚が上がっていたが早め先頭から危なげなく押し切っている。これを目標に脚を伸ばしたのが２、３着馬。４        
07241510127120122136128126124121119116119                     2,7,4,10(1,9,8)5,3,6                                            2,7(4,8)10(1,9,5)3,6                                            2,7,8(4,10)(1,5)9,3-6                                           (*2,7)8(4,10,3)(1,9,5)6                                         0 4444444424444444344433１回中京５日目。高松宮記念前日で天候は雨。芝では時計を要していたが、ダートではかなり速い時計が記録されている。なお、芝・ダートともに極端な位置取り傾向は見られなかった。１０Ｒは芝２２００ｍ戦。前半１０００ｍが６３．３秒で、後半１０００ｍが５９．９秒だから重馬場での後半勝負だったと判断できる。それでも馬場がタフだった分、グンと加速する地点はなく、ジリジリと渋太く最後まで脚を使う能力が試されたようだ。勝ったホールネスは渋太い脚で馬群を割って伸びてきた。ハギノアルデバランは多少伸びを見せたが４着まで。        
07241511072109110134126121120123121120                        2,16(6,7)13,5(10,15)3,1-8-14,12-11(4,9)                         2,16(6,7)(5,13)(3,10,15)1,8,14,12-11,4                          (*16,2,7)(6,13,12)(5,10,15)1(3,8)11-14,4                        (*16,2)7,6,13(5,10,15,12)(3,8,1)11(14,4)                        6 2222222222222222222222１回中京５日目。高松宮記念前日で天候は雨。芝では時計を要していたが、ダートではかなり速い時計が記録されている。なお、芝・ダートともに極端な位置取り傾向は見られなかった。１１Ｒはダート１９００ｍ戦。前半３ＦをＪＲＤＢ基準だと３５．８秒で通過しておりペースは速め。最初のコーナーで一度は緩んだが、中盤からはまた速いラップで推移している。最後の直線では途中からハナに立ったルクスフロンティアが粘りを見せたが、ロコポルティが突出した末脚を使ってあっという間に先頭が入れ替わった。重馬場とはいえペースが速かった        
07241512124104112120117122                                                                                                                                                                    10(4,8)(9,16)3,15,11(1,5,13,6)-12-7-(2,14)                      10(4,8)(3,9)16(11,15)5(1,6)(12,13)-7,14,2                       0       2222222222222222１回中京５日目。高松宮記念前日で天候は雨。芝では時計を要していたが、ダートではかなり速い時計が記録されている。なお、芝・ダートともに極端な位置取り傾向は見られなかった。１２Ｒは逃げたグランプレジールと２番手のヨドノゴールドがそのまま粘り込む形。最後の直線でも縦長馬群だったので後ろから差すのは厳しいと思われたが、リッキーヤスオカが鋭い伸びを見せてゴール直前で先頭に立った。人気薄での好走だったがこの末脚はフロック視せず評価したい。残りの上位好走組は先行して体力のある馬がそのまま粘り込んだ感じ。意外と        
09242101123109119123122126                                                                                                                                                                    3,6(5,7)(9,15)16(10,12)(8,2,11)-(1,14)(4,13)                    (*3,6)(5,7)(9,15)16(10,12)2(8,11)-1(4,14)-13                    0       2222222222222222雨でダートは重馬場で締まった状態。フルゲートでの牝馬限定の３歳未勝利戦で人気は割る。二脚で先手を取った後続を引き付けての逃で直線も脚色鈍らずに押し切る。好位に取り付いた３枠２頭の２着争いは内を突いたサザンカが先着。初ダートながら人気に支持されたアイルドリアンは後方のまま。                                                                                                                                                                                                                                            
09242102128109112133130132131130121124                        (*13,5,12)3,10(1,6)8-11,2-7,4,9                                 13(5,12)3,10,1(6,8)11,2,7-4-9                                   13,5(3,12)(6,10)(1,8)11(4,7,2)=9                                13,12(3,5,8)(1,6,2)11(4,7)-10=9                                 2 2222222222222222222222雨でダートは重馬場で締まった状態。３歳未勝利戦で人気は三つ巴。大外のケイアイアンタレスが内にヨレてゴチャ付いたスタートに。そのケイアイアンタレスが大外から先手も直線は踏ん張れず。休み明けで初ダートのホークフィールドが好位の内から４角で逃馬に並び掛けて直線抜け出す。スタートで寄られて後方になったルシュヴァルドールが長く脚使って２着に上がる。大型馬の初出走だけに次走の上積みは大きそう。                                                                                                                            
09242103123107117120120120124                                                                                                                                                                 2,4(1,9)(7,12)-11(5,8,14)10,15(3,16)(6,13)                      2,4(9,12)(1,7)-11,8(5,10,14)-15(3,16)(6,13)                     0       2222222222222222ダートはこのレースの前に不良に変更。フルゲートでの３歳未勝利戦でグリーズマンとルディックで人気を二分。内からルディックは先手を取って直線も脚色鈍らずに好時計で逃げ切る。グリーズマンは２番手追走も直線で外にヨレる場面もあり、逃げた勝馬との差は詰まらず。３着には好位追走のリネアグローリアと中団前から追い上げたプルミエプランタンが同着に。                                                                                                                                                                              
09242104                                                      3(1,8)-2=7=5,4                                                  3-(1,8)-2=7=5-4                                                 3-(1,2)-8=7=(5,4)                                               3,1,2-8-7=4,5                                                                           強い雨が降る中で、だいぶ渋って時計掛かる状況。バラついたスタート。最初の障害をメルテミアが先頭で飛越、２番手にハートオブアシティが続く。一旦はメルテミアが後続を引き離してリードしたが、襷に向かう手前で先団４頭が接近。襷の障害２つ目でハートオブアシティが落馬。空馬が先頭に絡んでスピードダウン、先頭争いがほぼ４頭に絞られる。ずっとメルテミアは空馬に絡まれ続け併走の形だが、最終障害で空馬が外に捌ける。内からオステリアが先頭に並びつつ直線に向き、再度力を振り絞ってメルテミアが渋太く抜け出す。オステリアも        
09242105127108127126127127131125123                           12(10,11,13)5,3(4,7,9)(2,6,8)-1                                 12(10,11)13(3,5)(4,9)7(2,6)-8,1                                 (*12,11)-13(10,5)(3,9)6(4,7)(1,2)=8                             11,12,13,5,9,6,3,7(10,4)(1,2)=8                                 2 2222222222222222222222ダートは不良で脚抜きの良い状態。３歳未勝利戦で休み明けもトモジャザーンが抜けた人気に。外からウインオーブが出ムチを入れて先手。淡々と逃げるも３角でグランドエスケープが早めに仕掛ける。人気のトモジャザーンは中団の前から４角進出で直線アッサリと抜け出す。早めの競馬のグランドエスケープが２着に粘り込み、初出走のモズユイユイが３角でモタ付くも直線盛り返して３着に。                                                                                                                                                      
09242106130118129129124127122118121123                        10(6,11)(1,9)(5,8,12)3,2,4-7                                    10,11(6,9)(1,8,12)-5,2,3,4-7                                    10(11,12)(6,1,9)8,5(3,2)4-7                                     (*10,12)(11,1,9)-8(5,2)6(3,4)-7                                 6 3333333333333332223322芝は重で力の要る状態。３歳未勝利戦で人気は三つ巴。１角でグディンナが先手を取って淡々とした流れ。４角で外からワーキングアセットが先頭も、道中後方にいたジャスティンダイスとステラクラウンが併せる形で進出。両馬とも直線は内に凭れ加減も渋太く伸びてステラクラウンが初出走で既走馬退けて未勝利勝ち。                                                                                                                                                                                                                          
09242107125115117119116113126                                                                                                                                                                 (*6,8)(3,10)(4,7,5)1(2,9)                                       (*6,8)10(3,5)(4,7)(1,9)2                                        0       3333333332223322雨で芝は重馬場。落ち着いた頭数での３歳１勝クラスでタイセイレスポンスがやや抜けた人気に。好発決めたコーティアスマナーが二脚で先手。後続を引き付けた逃げで直線は一旦ソルトクィーンに並び掛けられるも差し返して先着。人気のタイセイレスポンスは馬群で掛り加減で直線はバッタリ。                                                                                                                                                                                                                                                
09242108127109132122125127123121127                           (*5,10)11,12(1,3)8,2(6,13)7-9-4                                 (*5,10)11,12(3,8)1(2,6,13)7,9-4                                 (*5,10)11(12,3)8(1,6)(2,7)(9,13)4                               (*10,11)(5,12,3,8)(1,6,7)2-9(4,13)                              6 2222222222222222222222ダートは不良も水の浮く状態ではなく脚抜きの良い馬場。手頃な頭数での４歳上１勝クラスでスリリングチェイスが抜けた人気に。好発を決めたフライングバレルの逃げを７枠２頭が追う展開。フライングバレルは４角で交わされるとバッタリで直線は７枠２頭の追い比べで、中央転入初戦のリジンが先着                                                                                                                                                                                                                                          
09242109128114119123126121115113124                                                                                                                                                           (*4,5)(2,1,7,6)3                                                (*4,5)6(1,7,3)                                                  4       3333333332223322雨で芝は重馬場。１頭取り消して少頭数での牝馬限定の３歳１勝クラス。先手を取ったウインディオーネが３角で故障したのでニシノコマチムスメがハナに立たされる形に。一団での競馬で直線の追い比べになったが道中後方のミエスペランサが直線は外に出し差し切りで新馬戦から連勝。                                                                                                                                                                                                                                                        
09242110129116123123120115110120                                                                                                                                                              5-(1,7)6(3,8)-4                                                 5,7(1,6)(3,8)4                                                  3       3333333332223322雨で芝は重馬場。少頭数での４歳上２勝クラスのハンデ戦。ゴートゥファーストが人気もやや割れ加減。二脚で先手を取ったヒルノショパンが淡々とした流れで逃げ直線も内埒ピッタリを通って押し切る。人気のゴートゥファーストが中団から直線は馬場の中央に出し伸びるも届かず。                                                                                                                                                                                                                                                            
09242111126112114121123120116109119                                                                                                                                                           4(1,6)-(2,3,8)(5,9,10,7)                                        4(1,6)(2,3,8)(5,9,10,7)                                         2       3333333332223322雨で芝は重馬場。落ち着いた頭数での３歳のＧⅢ戦で、前走で重賞勝ちのノーブルロジャーが人気に。二脚で先手を取ったメイショウタバルが後続を引き付けての逃げ。４角でリードを広げ、他馬が馬場の中央より外に出すなが１頭だけ内埒沿いを進んで押し切り６馬身差の快勝。人気のノーブルロジャーは好位も掛り加減で直線もエンジンの掛りが遅く伸びはジリジリに。新馬勝ちの内容から人気に支持されたニュージーズは後方で何も出来ないまま。馬場が堪えたか。                                                                                    
09242112123110118117120125                                                                                                                                                                    9,10(5,6)1,11(2,4)-8,7(3,12)                                    (*9,10)(5,6)(1,11)(2,4)8(3,7)12                                 0       2222222222222222ダートは不良も水の浮く状態ではなく脚抜きの良い馬場。牝馬限定の４歳上１勝クラスで人気は割れ加減。７枠２頭が先行して粘り込む展開をスタートで後手を踏んでシンガリだったフェリが直線は外に出し１頭だけ違う脚色で差し切る。人気に支持されたスマイルバックは先手も目標にされた分踏ん張れず。                                                                                                                                                                                                                                      
