01222801128112120124126124124126117124                        1,4,2,6(3,8)5,7                                                 1-4-2,6(3,5,8)7                                                 1-4-(2,6)(3,5)7,8                                               1-(4,5)6(3,7)-2-8                                               2 4445444425445444254442全面的に馬場が荒れていて、みなが内側を空けて進む状況。若干時計・上がり掛かる水準。外枠各馬が出遅れ。内からトップナイフがサッと先手を奪い、２番手にヴェルデシチーが続く。向正面、大したペースではないものの、逃げるトップナイフがジワジワとリードを広げる。離れた４番手以下が固まった集団で進む。逃げるトップナイフとヴェルデシチーの差がなかなか詰まらないばかりか、３コーナーでむしろ差が空く。３馬身差をキープしたまま直線に向き、最後までトップナイフが２番手以下を振り切って凌ぎ切った。４コーナーで後ろの集団を        
01222802068113117118118118122127                                                                                              4,10(1,14)12(2,3,8,11)6(7,9)(5,13)                              (*4,10)14(1,3)(2,8,12)-6,7(13,11,9)-5                           4,10-14,1(2,3)(8,12)(7,13,9)(6,5)=11                            0    5444425445444254442全面的に馬場が荒れていて、みなが内側を空けて進む状況。若干時計・上がり掛かる水準。バラバラのスタート。内から押してミルトクレイモーが先手を奪い、２番手にショーモンが続く。若干行きたがる様子はあったが折り合わせ、ミルトクレイモーのペースに付き合う。後続はややバラけ気味の追走、道中はまずまずのペース。後続の方が追走するのに苦労している様子。逃げるミルトクレイモーが４コーナーで内を空けて外に持ち出し、ショーモンも馬体を併せて直線に向く。先行していた２頭が後続を引き離していて、ショーモンがジワジワと優勢        
01222803068111121127125126130128131                           (*10,14)11-(6,9,12)1(4,7,8)(2,5)(3,13)                          (*10,14)11(1,9,12)(2,7)(6,4)5,8(3,13)                           14(10,11)(1,9)-(7,4)(2,5)6-(8,12)13-3                           (*14,11)-(1,9)-4(5,6)(10,7)-2,8,13=(3,12)                       0 2222222222222222222222パサパサに乾いて全面的に時計・上がり掛かる馬場。比較的横並びで揃ったスタート。しばらく４頭ほどが先行争いに参加していたが、外のデルマアメミットとベニッシモの２頭が抜け出し、３番手にゲイングラウンドが続く。１コーナーで渋滞が起こって、多数の馬に不利あり。向正面で先行する５頭がほぼ固まって進んで、３コーナーで逃げていたデルマアメミットが脱落。ほぼ４頭に絞られる。直線に向いてゲイングラウンドが満を持して先頭に躍り出て、ぐいぐいリードを広げる。最後まで追い縋る馬がいないまま、手応え十分に押し切った。離れ        
01222804124109115118115116                                                                                                                                                                    6(1,8,13,14,15)(4,11,12)(9,10)5(3,16)7,2                        (6,*14,15)12(1,8)(4,11,9)10(5,13,16)(7,2)3                      0       4425445444254442全面的に馬場が荒れていて、みなが内側を空けて進む状況。若干時計・上がり掛かる水準。比較的横並びで揃ったスタート。しばらく７頭ほどが並んでお見合い気味に進んでいて、内からジワリとマヒナライズが譲られて先頭に出る。２番手はずっと５頭が雁行状態、馬群の大外を回ってシナモンロールとコーリングユーが併せて進む。しかし直線に向いて逃げるマヒナライズが馬場の真ん中まで張り出して粘り込み、外の２頭は粘り腰が甘い。その２頭のさらに外を回って、ミッキーチャレンジが鋭く伸びてくる。１頭だけ反応が違った様子で、最後まで        
01222805070111120127126124130129132                           5,10(13,14)(3,6)-8(1,7)11,9-12,2-4                              5(10,13)(3,6,14)-(7,8)(1,11)9-(12,2)4                           (*5,10)(6,13,14)3-1(7,8)(9,11,4)2-12                            (5,*10)(3,6,14)-1(13,4)(7,11,2)(9,8)=12                         0 2222222222222222222222パサパサに乾いて全面的に時計・上がり掛かる馬場。出遅れ多数でバラついたスタート。ルクスディオンとサクラジェンヌの２頭が並んで１コーナーに飛び込み、ずっと併走に近い状態で進む。先行集団６頭がほとんど固まって進んで、後続は追い縋るのに苦労するほど。４コーナーで優勢になったサクラジェンヌが直線で一気に引き離し、好位勢を凌いで押し切った。好位内２列目で我慢していたエスティメートとカフジペンタゴンが、離れた２番手で熾烈な２着争い。僅かにエスティメートが競り勝った。カフジペンタゴンは３着。                          
01222806121109112118119115                                                                                                                                                                    (*7,2)8(6,11)(3,5,12,15)(9,16)(1,13)10,14,4                     (8,*7,2)(6,11)(3,5,15)12(9,16)(1,13,10)(4,14)                   0       4425445444254442全面的に馬場が荒れていて、みなが内側を空けて進む状況。若干時計・上がり掛かる水準。ややバラついたスタート。真ん中からルージュアドラブルが先手を主張。向正面途中で馬群の内からファンデルが掛かり気味に進出し、先頭をつつく。４コーナーで既に馬群が横に大きく広がりながら回り、直線横一線の追い比べ。大外を回って猛然と伸びてきたモリノドリームが明らかに末脚鋭く、外のトーホウデュランと馬体を併せつつもきっちり差し届いた。馬群の外を回ったトーホウデュランが２着に浮上。同じく馬場の大外を回ったラピカズマが３着に入        
01222807126121120117121122125121123                           2,6,8(3,13)14(9,11)(5,10)(4,7)12-1                              (2,*6)-8(3,13)-(9,14)11(5,10)-4,7-12-1                          6=(2,8)(3,13)(9,14)-11,5,10,4(12,7)1                            (6,*13)-8(2,3,14)(9,11)5,10(4,1)7,12                            0 4445444425445444254442全面的に馬場が荒れていて、みなが内側を空けて進む状況。若干時計・上がり掛かる水準。比較的横並びで揃ったスタート。内で好スタートを決めたエクラノーブルが楽に先手を奪うが、すぐスペシャルトークが並びかけてきて、向正面では行く気に任せてスパートを開始。前行く２頭がなかなかのペースで進んでいて、後続も縦長。３コーナーでは５馬身ほどスペシャルトークが引き離していたが、今度はフォレスタが３コーナー過ぎで仕掛けて急接近。馬場の内を空けて大外馬場の良いルートを狙って、スペシャルトークを交わして一気に先頭。直線も        
01222808070116124126125123125127132                           6(3,13)14(8,11,5)4(9,10)(2,7)-1,12                              6(13,5)(3,14)(8,11,4)-(9,10)-(2,7)-(1,12)                       (*6,13,10)(3,4)(11,5)(8,14)(1,9,7)12-2                          (*6,10)(3,13,4)(11,12)7(8,1)(9,14)5=2                           0 2222222222222222222222パサパサに乾いて全面的に時計・上がり掛かる馬場。若干バラついたスタート。マイネルキングとヨロシオスナが最初先頭で競り合ったが、結局１コーナーでは譲られてマイネルキングが先手を奪う。２コーナーで外からサトノキリンジが進出してきたが、捲って出るほどではない。向正面で強気にモールが捲って先頭を窺う勢いで浮上。マイネルキングは抵抗してハナを譲らず。しかし４コーナーも続いて差し馬勢が急接近。直線はややモールの手応えが優勢となったところに、７枠２頭が併せ馬で迫る。若干パーティーベルが優勢に見えた最後、大外か        
01222809118106116122121121                                                                                                                                                                    9(6,12)(1,13)(4,8)(10,14)2-(11,5)-(3,7)                         9(1,6,12,13)(4,8)(2,14,5)-(10,11)=3-7                           0       4425445444254442全面的に馬場が荒れていて、みなが内側を空けて進む状況。若干時計・上がり掛かる水準。ややバラついたスタート、奇数枠の馬はみなスタート怪しかった。態勢悪い所から挽回し、ソアラが先手を奪う。それほど急ぐことなく進んで後続もほとんど固まって４コーナーを回り、早くも馬群が横一線に広がっての追い比べ。逃げるソアラはすぐ脚色をなくして脱落。内からミスヨコハマが伸びてきて、馬群の一番大外を回ってコスモイグロークが猛追。その内に馬体を併せナックブレイブも浮上。明らかに馬場の良い外を回った馬の脚色が良い。最後までコ        
01222810127109125124124123120121121128                        15,9(3,11)(7,14)12(4,6)8,2-1,5,10-13                            15,11,9,3(7,14)(4,6,12)8-2,1,5,10-13                            (*15,11,3)(9,14,10)7,12(13,4,6,8)5(1,2)                         (11,*3,14,10)7(15,12,5)(13,8,2)(9,4,6,1)                        0 4445444425445444254442全面的に馬場が荒れていて、みなが内側を空けて進む状況。若干時計・上がり掛かる水準。比較的横並びで揃ったスタート。しばらく５頭が横並びで進んでいたが、内に切れ込まずに馬場の大外を進ませていた、大外枠のデルマセイシが１コーナーでは先頭。２番手にローゼライトが続く。序盤は隊列も縦長だったが、徐々に後続が差を詰めてきて、３コーナー手前でファジェスが外から急接近。他の馬も同時に動いて早くも仕掛け合い。みなが内を避けて馬場の真ん中から外を狙う格好となるが、外へと馬体を併せに動いたローゼライトがカンティプール        
01222811131122122123124129129126119118122124128               1=(2,3)-5-9(7,4)-8,11,6-10                                      1-(2,3)5,9,7,4(11,8)-6-10                                       (*1,11)2(3,5)(7,9,4)8-6,10                                      1(11,5)2(7,9,4)(8,3)-10-6                                       5 4445444425445444254442全面的に馬場が荒れていて、みなが内側を空けて進む状況。若干時計・上がり掛かる水準。若干バラついたスタート。最内からロードトゥフェイムがジワッと先手を奪い、２番手にヤシャマル、タイセイモンストルと続く。内枠各馬が序盤はリードし、隊列も遅いペースながら縦に伸びる。２周目に入ってもロードトゥフェイムがある程度リードしたまま進むが、向正面で内ラチ沿いを挽回してゴールドギアが一気に先頭にまで迫る。他馬も同時にスパートを仕掛け、４コーナーで馬群がバラける。直線でもまだ粘るロードトゥフェイム、外を回って満を持        
01222812068111112121124128131130134                           13,4,5-(2,6)(7,9)11(3,12)-(10,14)8,1                            13-4-5(2,6)9,7(3,11)12-(10,14)-(8,1)                            (13,*4)-5(2,9)(12,7)(6,1,11)(3,14)(10,8)                        4(2,9)(12,5,1)(13,8)(6,14,7)11(3,10)                            0 2222222222222222222222パサパサに乾いて全面的に時計・上がり掛かる馬場。ややバラついたスタート。内からメッザノッテが出て行くが、外のグリニッジシチーが今回は強気に飛ばして１コーナー先手を奪う。序盤結構リードを広げて逃げていた。２番手のメッザノッテが３コーナーで促し、先頭のグリニッジシチーをあっさり交わすが、後続も一斉に追い上げてくる。直線に向いてアンダープロットとユウゲンの２頭がすぐ先頭に入れ替わり、馬群の内を捌いて接近してきたカラフルキューブ、外を回って追い上げたシンヨモギネスと、人気の４頭での叩き合いになる。最後は        
04223801126114124135125124123120114121                        9,13(8,10)(5,12)2,3,1-4,6-11,7                                  9,13(8,10)(5,12)(2,3)(1,4)-(11,6)7                              (*9,13)-(8,10,12)(2,5,7)(3,4)1,6,11                             9,13(8,10)(2,5,12)(1,3,4,7)-(11,6)                              6 4445445545425544455422開催最終日。全面的に馬場が荒れてほぼ全馬が内ラチ沿いを避けて進み、ペースも上がりにくい馬場状況。ややバラついたスタート。しばらく５頭ほど併走、６枠２頭が徐々に進出し、１コーナーでシンキングサベージが先頭に躍り出る。２番手にコスモバラタ、その後ろにガルムキャットとニシノライコウが続く。一旦ペースが落ち着き、３コーナーで馬群が一団に固まる。直線に向く手前でシンキングサベージがスパート、ガルムキャットがいち早く追いかける。ガルムキャットが右へ左へ蛇行しつつも、直線の半ばでシンキングサベージを捉え、僅か        
04223802127106114121123114122                                                                                                                                                                 2(4,8)(3,11)(1,7,5)(10,15)(6,14,13)-9-17,18-12                  2(4,8)(3,7,11)(1,5,10)(14,15)(6,13)9-17=12=18                   0       5545425544455422開催最終日。全面的に馬場が荒れてほぼ全馬が内ラチ沿いを避けて進み、ペースも上がりにくい馬場状況。バラついたスタート。しばらく６頭以上が横並びで進んでいて、向正面の途中まで先頭が決まらなかったが、内のタイセイダンサーが徐々に先頭に立つ。２番手にアントルメグラッセ、３番手にマジカルガールが続く。３コーナーでマジカルガールの斜行で玉突きが発生し、ハルオーブが落馬。先行集団がほとんど横並びのまま直線に向くが、大外を回ってきたノーブルランが一気の脚で突き抜けた。決して外を回る差し馬優勢とはならず、１列目で        
04223803127114128134126121130129132                           (*10,15)12(8,9)6(3,13)(2,5)(1,11)14-7-4                         10,15,12(8,9)6,3,5(2,1,13)11(7,14)-4                            15(10,12,5)6(9,1,4)(8,3)-14,2,11(7,13)                          15-(10,12,5)6(8,9,1,4)3,14-(2,11)-7-13                          5 2222222222222222222222表面はほぼ乾いていて砂煙上がり、時計も標準並み。馬場はフラット。比較的横並びで揃ったスタート。外からヒメカミノメガミとヤサカシュエットの２頭が並んで１コーナーに飛び込む。２コーナーを過ぎたあたりで、３番手にエステラが並びかけながらペースも落ち着いてきて、後ろからタイキエクセロンが捲って進出。３コーナーで先頭がヤサカシュエットに入れ替わり、タイキエクセロンが追う展開。直線に向いて２頭の外からサクラソーレがジワジワ迫り、直線の半ばで先頭に立ったが、その外からミニョンルミエールとコパノカールトンの２頭        
04223804132111120124135127127125125110118                     3,12(7,17)14(2,8,18)(10,16)13(1,15)(5,11)(6,9)=4                3(7,12)17,14,18(2,8)16(10,13,15)(1,11)5(6,9)=4                  (*3,12)(7,1,17)(14,15)(2,8,18,13)16(6,10,5,11)9=4               (*3,12)(7,1,17)13(2,8,14,15)(6,10,18)16(5,11)9=4                6 4445445545425544455422開催最終日。全面的に馬場が荒れてほぼ全馬が内ラチ沿いを避けて進み、ペースも上がりにくい馬場状況。ややバラついたスタート。内から出鞭を入れてマイネルカグラが先手を奪う。外からパロマルが２番手、１コーナーに飛び込む前にペースは落ちる。向正面でだいぶ馬群が縮んで固まるが、先頭のマイネルカグラは単騎でずっと楽。３コーナーで先頭から最後尾までほとんど５馬身以内で進み、直線に向いてすぐ馬群が横一線に広がる。逃げるマイネルカグラが２馬身リード、外からダブルダブルとロードオブシャドウが併せて接近する。しかしフラ        
04223805134126125130133126113108116                                                                                                                                                           (*4,8)1(5,12)(7,3,13)10(9,11)-6,2                               4(5,1,8)12(7,13)3(9,10)6,11-2                                   4       5545425544455422開催最終日。全面的に馬場が荒れてほぼ全馬が内ラチ沿いを避けて進み、ペースも上がりにくい馬場状況。バラついたスタート。シエロエスティーボがサッと先手を奪い、手綱を引っ張ってペースダウン。内からコスモチプリア、外から挽回してきたレッドマグナスが並びかける。集団がみな内ラチ沿いを空けて３コーナーを回り、どの馬も仕掛けず、直線入口ですぐに馬群が横に広がっての追い比べ。先頭で粘り込むシエロエスティーボとコスモチプリア、馬群の内を突いて伸びてきたテンカノギジン。外から接近してきたギョウネン。しかし、差した強        
04223806126108117125127115119                                                                                                                                                                 (*18,16)(4,14,17)(7,8,12)(2,15,10)(1,9)(11,3)(5,13)             (*18,16)(4,14,17)12(7,8,10)2,9(1,15)(11,3)13,5                  0       5545425544455422開催最終日。全面的に馬場が荒れてほぼ全馬が内ラチ沿いを避けて進み、ペースも上がりにくい馬場状況。バラバラのスタート。大外枠のブーバーが好スタートを決め、他に行く馬がおらずジワリと先手を奪う。２番手にはしばらく４頭が横並びで進んでいたが、ニトロジャーニーが徐々に２番手優勢に。３コーナー過ぎで大きくペースを落とし、後続が渋滞するほど馬群が凝縮。直線に向いてすぐ馬群が広がっての追い比べとなるが、先行勢の脚色怪しく、外を回った馬の勢いがいい。３番手まで浮上していたコーパスクリスティが一気の伸びで抜け出し        
04223807120110118125120127                                                                                                                                                                    14,3(1,12)(7,11)8(5,4)2,15(10,13)-6-9                           14(1,3)(7,12,11)8(5,2,4)(10,15)-13,6-9                          0       2222222222222222表面はほぼ乾いていて砂煙上がり、時計も標準並み。馬場はフラット。ややバラついたスタート。外のフエキが好スタートを決め、ダートに進入してもさらにリードする格好で楽にハナを奪う。２番手にアブソルートピッチとボンジュールママ、ショウナンタイジュが続く。しかし先頭に迫る動きを全く見せられず、４コーナーで徐々にフエキのリードが広がるばかり。直線に向いてフエキが完全に独走、好位勢は脚が止まっている。内からドリームビリーバー、外からペイシャワキアが猛然と伸びてきたが、それでも先頭のフエキには全く及ばなかった。        
04223808129112125133126126136123127                           (*11,4)10(1,7,9)13-3,6,8-(14,12)-(2,5)15                        11,4,10(1,7)(9,13)-3(6,8)-(14,12)-5-2,15                        8(11,4,10)(9,13)(7,12)(1,5)-14=(6,2)(3,15)                      (*8,4,10)(11,9,13,12)7,1(14,5)=(2,15)6-3                        5 2222222222222222222222表面はほぼ乾いていて砂煙上がり、時計も標準並み。馬場はフラット。比較的横並びで揃ったスタート。外からゴールドブリーズが押して先手を主張し、ゴール板手前で早くも先頭を奪う。２番手にタイセイマーベル、その外にアーレンダールが続く。好位勢が固まって進んでペースが落ちても付き合っていたが、向正面でヒューミリティが後方から捲って先頭に立つ。ゴールドブリーズは後退。直線に向いて外からエクストラノートがまた捲り気味に接近するが、直線はタイセイマーベルが先頭に躍り出る。その内を掬ってトーホウボルツが伸び、最後ゴ        
04223809125103109119122113119                                                                                                                                                                 12,8(2,11)(10,7)(1,13)14(3,4)6-9,5                              12,8(2,11)7(1,10)13(3,14)4(9,6)5                                0       5545425544455422開催最終日。全面的に馬場が荒れてほぼ全馬が内ラチ沿いを避けて進み、ペースも上がりにくい馬場状況。ややバラついたスタート。真ん中のアップリバーがジワリ先手を奪い、レディバランタインが外から徐々に並びかける。途中からレディバランタインが先頭に躍り出て、結構いいペースで逃げる。アップリバーは速いペースに食らいつき、３番手以下もほとんど固まって進み、直線馬群が横に広がっての追い比べになる。しかし先頭のレディバランタインがほとんど止まらず、２馬身ほどのリードを全く詰めさせない。内を掬って伸びてきたティーガ        
04223810127111126131124123126123128                           9,10(3,8)14,1,5(4,7)6,13(11,12)-(2,15)                          9,10(3,8)14,1,5(4,7)(11,6,13)12(2,15)                           (*9,10)8(3,14)(1,5)(4,7)(6,12)(11,15,13)2                       (*9,10)8(3,14)-(1,5)-(4,7)(11,6,12)(15,13,2)                    5 2222222222222222222222表面はほぼ乾いていて砂煙上がり、時計も標準並み。馬場はフラット。ややバラついたスタート。内からカンリンポチェ、外からカンピオーネとタイセイスラッガーが競ってくる。１コーナーで先手を奪えたのはカンピオーネ。２コーナーで一旦ペースは落とせたが、その後向正面でも競り気味に進んで、隊列もやや縦長。ミッションレールが３コーナーから先頭をつつくように接近するも、前行く２頭が振り切って直線粘り込む。徐々に優勢となったタイセイスラッガーに、好位外からラブリーエンジェルが猛追。馬体を併せての叩き合いとなったが、タ        
04223811131114121117122125121112110116                                                                                                                                                        16-7,18(5,1,10)(3,6,12)(9,14)(4,15)(13,8)11,17,2                16,7,18(5,1)10(6,12)(3,9,14)(4,15,8)(11,13)(2,17)               3       5545425544455422開催最終日。全面的に馬場が荒れてほぼ全馬が内ラチ沿いを避けて進み、ペースも上がりにくい馬場状況。ややバラついたスタート。特に急がずゴールドスミスが楽に先手を奪い、その外からフェーングロッテンが並びかける。序盤は先団が多数固まって、内ラチ沿いを３頭分ほど空けて進む。３コーナー手前で徐々に外からカイザーバローズが捲って出て、３コーナーで単騎先頭。ゴールドスミスは慌てず２番手で宥めて進み、直線に向くとすぐ馬場の真ん中を狙う。一斉に後続も馬群が横に広がっての追い比べ。内を捌いて真っ先にジワジワ伸びてきた        
04223812119103106107116                                                                                                                                                                                                                                                                                                       0                  55442開催最終日。全面的に馬場が荒れて完全に外ラチ沿い２頭分だけ有利が大きい状況。スタート出遅れ多数。外枠からテセウスとリュッカが並び、さらにダイシンユノも併走。その外にルドラクシャ、ロサロッサーナ、ホーキーポーキーまで１列目が６頭雁行でしばらく進む。しかし、中盤でルドラクシャとロサロッサーナが食らいつけず早々に後退。徐々にリュッカとテセウスの争いとなる。馬群の外側から誰も伸びてこない状況で、２列目にボレロとボンクラージュが接近。先頭で粘るリュッカとテセウスの間を、ボンクラージュが最後に割って伸びて競        
10224801                                                      6-2,3,7,1,4=(8,9)=5                                             6,2-(3,7,1)-4=(8,9)=5                                           (6,*2)=7-4=1-3=(8,9)                                            (6,*2)=7,4=1=3=(8,9)                                                                    相変わらず小倉障害コースの馬場状態は良好、前行った馬が止まりにくい状況。最初の障害をクリアしてララロトリーが先手を奪い、メイショウアツイタが続くが、襷を過ぎてゼンノジャスタが早めに進出してくる。スタンド前でもララロトリーは交わされずに凌いで先頭をキープ。２周目に入って２番手に浮上してきたシゲルキンセイが、半ば捲り気味に進出し３コーナーで一度は先頭に立ったが、ここでもララロトリーは鞭を連打して渋太く抵抗。２頭が後続を引き離し、離れた３番手にメイショウアツイタ、スズカブランコが続く。直線に向いて外か        
10224802118102109116116118                                                                                                                                                                    11(5,13)6(2,8)(3,9,10)4,7(1,12)                                 11,13(5,6)8(3,9)-(4,7,10)-(2,12)-1                              0       2222222222222222芝の内埒沿いは荒れ加減。この日最初のレースだけに内を選択する馬も。２歳未勝利戦で人気は２頭に集中。二の脚速く先手を取ったペースセッティングが、直線も脚色鈍らず、ゴール前は流す余裕を見せて完勝。好位を追走した人気のビッグシーザーは、直線で馬場中央に出すが、前との差は詰まらず。勝ち馬以外で内を突いた馬は伸び一息に。バールデュヴァンの終いの脚は目立った。                                                                                                                                                              
10224803068110122127123124128128136                           15(9,14)(1,11,16)12(2,3,4,5)6,13,10(7,8)                        (*15,9)14(1,16)11(2,12)(3,5)4,6,13(7,10)8                       (15,*9,14)16,12,1,2(11,5)-(3,6)13(7,10)8,4                      14,16-(9,12)2,5-(1,6)13(15,11)3,7,10,8=4                        0 2222222222222222222222週末の雨が残り、ダートは稍重で脚抜きの良い状態。牝馬限定のフルゲートでの３歳未勝利戦。人気はエルザストラウムに集中。躓き加減に出たジョーヌヴェールが外から先手を取って、淡々とした流れで引っ張るも３角過ぎで限界。好位の外にいたエルザストラウムは、押し出される形で早めに先頭に立ってそのまま押し切った。勝ち馬を見ながら運んだクリニエールグラスが、直線は一杯になりながらも２着は確保。外から伸びたポットマムがゴール前で３着に上がる。                                                                                  
10224804124110120128122116118121118125                        7(4,9)(5,10)(8,12,15,18)6,11(2,17)(14,16)-3,13,1                7,9(4,10)(5,18)(8,15)12(6,11)(2,17)14,16,3-(1,13)               11,9(7,10)18,15,12,17,5,14(4,6)(8,3,2,16)-13,1                  11,9(7,15,10,18)(12,17)(5,14)(6,2)8(3,16)-1(4,13)               6 3223223223223322233222芝は内埒沿いは荒れ加減。フルゲートでの３歳未勝利戦で人気は２頭に集中。アオリ加減に出たメイショウケイガンが向正面で外から動き、３角で先頭に立って直線は内埒沿いを通るもシッカリ伸びて押し切る。人気のルージュラジョアは、３角から外を通って長く脚を使うも差し届かず。人気上位での決着。                                                                                                                                                                                                                                      
10224805129118132127124121116114125                           10-(7,8)-9,5-2,6,1,3-11,4                                       10,8,7,9,5-2,6-1-3(4,11)                                        (*10,7,8,9)5(2,6)-(1,4)11=3                                     (*10,7,9)-6(2,8,5)(1,4)-11=3                                    6 3223223223223322233222芝は内埒沿いは荒れ加減。手頃な頭数での２歳新馬戦。人気はグランデスフィーダとドウフォルスに。外から最低人気のトーアライデンが先手を取って淡々とした流れ。勝負所で人気２頭がモタつくのを尻目に、４角で一旦アウローラシエルに前に出られるも、渋太く差し返す。外から伸びたメイショウポペットが急追するも３着まで。                                                                                                                                                                                                              
10224806068115119130125122126124124                           (*8,9)(1,10)(11,13)(2,14)15(5,3)4(6,12)7                        8,9(1,10)11(2,13)14,15(5,3)4-(6,12)7                            (*8,9)(1,11,10,13)(3,12)(2,14,15)(5,4)7-6                       (*8,9)(1,11)(10,13)2(14,3)(5,12)-(15,7)(6,4)                    5 2222222222222222222222ダートは徐々に乾きはじめるも、発表は稍重のまま。西日本で最後となるこの世代の未勝利戦も、珍しくフルゲート割れ。休み明けのシャンバラが人気に推されるも、終始馬群の外を回って直線は伸びず。先手を主張したミステリーボックスを見ながら進んだワンダーブレットが、４角で先頭に立って押し切る。鞍上の小牧太騎手は今年初勝利。好位の内を追走したアダマスミノルが粘る所を、ゴール前で内からグローレジェンドが伸びて２着に上がる。                                                                                                    
10224807118102109114115118                                                                                                                                                                    (*5,13)(4,8,11)-15(3,6)(7,9)(14,16)-(1,10)-12                   (*5,13)(4,8,11)-15(6,14)(9,16)(7,1,10)3-12                      0       3223223322243222芝は内埒沿いは荒れ加減。馬場入場後にフロイトセンスが暴走し、疲労顕著で競走除外に。上位人気は割れ加減。人気の一角のエンジェルシリカが二の脚速く先手を取って、直線も馬場の外に進路を取って粘り込みを図るが、好位を追走したニシノデフィレがゴール前で外から差し切る。先行馬での決着。                                                                                                                                                                                                                                          
10224808119106113118126                                                                                                                                                                       8(3,7)(2,6)-5,4-11-10-1                                         8,3(2,7)6,5-4,11-10-1                                           0       2222222222222222ダートは徐々に乾き始めるも、発表は稍重のまま。馬場入場後にプレヴォールが除外に。人気は２頭に集中。二の脚速く先手を取ったイプノーズが軽量を利して押し切る。人気のミロワールは一完歩目が遅く、二の脚で２番手に取り付くも、最後まで逃げ馬との差が詰まらず。人気２頭での行った行ったで、中団外を追走したナサがゴール前で３番手に浮上。                                                                                                                                                                                          
10224809118105110113112119                                                                                                                                                                    6(7,9,11,12)(2,3,5,8)(4,10)1(18,13)(14,17,16)15                 6(7,9,11,12)(4,2)(3,5,8)(18,1,10)(14,17,13)16,15                0       3223223322243222芝は内埒沿いは荒れ加減。フルゲートでの３歳上１勝クラス戦で人気は割れる。内から先手を取ったシゲルカチョウが粘り込み図る所を、大外から出て一旦後方に下げたエイシンスポッターが、４角では内を突いて距離を稼ぎ、直線も渋太く伸びる。１枠２頭が３・４着もジャストザビアンカが内を突き、メイショウハボタンは大外回るのと対称的な内容。人気のカイカノキセキは二の脚で好位を確保したが直線は伸びず。                                                                                                                                
10224810067115117127124119125125128                           4(12,13,14)5,11(1,3,10,9)-8,2(6,7)                              4,12(5,13)14(1,3,11,9)10(2,8)(6,7)                              (*4,12)(5,13,14)11,9(1,3)10(7,6)-8,2                            (*4,12)14(5,11,13)(3,9)(1,7,10,6)-8-2                           4 2222222222222222222222ダートは徐々に乾き始めるも、発表は稍重のまま。多頭数での３歳上３勝クラス戦。昇級戦ながらも３歳馬のコパノニコルソンが人気に。外枠の馬が行く構えを見せるも、先手を取ったのはラボエーム。やや速い流れになるが、２番手を追走したロードインファイトが、４角で先頭に立って粘り込みを図る。それを向正面ではシンガリだったクリノドラゴンが、３角から長く脚を使って外から差し切る。人気のコパノニコルソンは中団を追走したが、エンジンの掛かりが遅く４着まで。                                                                        
10224811118103111117116116                                                                                                                                                                    (*5,8)(4,9,10)(2,12,11)-(6,13)-(3,7)-1                          (4,*5,8,10)(2,12,9,11)(6,13)(3,7)1                              0       3223223322243222芝は内埒沿いは荒れ加減。レース直前にロンドンプランの蹄鉄の打ち替えがあり発走が遅延。新馬戦の内容からプロトポロスがやや抜けた人気に。人気の一角のクリダームが二の脚で先手を取り、馬場を考えるとやや速い流れで引っ張る。直線入口では先行勢は苦しくなって、中団を追走したゴールデンウィンドが一旦先頭に並び掛けるも、伸びは甘く５着。勝ったロンドンプランは蹄鉄の打ち替えでテンションが上がったのか、大きく出遅れてシンガリを追走していたが、直線は外から決め手を発揮し豪快な差し切り勝ちを収めた。新馬勝ちから連闘で挑        
10224812129111125123126129129119115114122120122               3(5,8)2(6,1,14)7(12,15)13(4,10)9,11                             3(5,8)2(1,14)6(12,7)(13,15)(4,10)9,11                           (*2,3)(5,8)14,15(12,7,10)(4,9)6(1,13,11)                        2,3,8,15(5,14)10(12,7)9(4,11)-6,13=1                            6 3223223223223322243222芝は内埒沿いは荒れ加減。今年の小倉の最終レースで、未勝利からの格上挑戦を含めてもフルゲートには至らず。上位人気は割れ加減。連闘で臨んだ未勝利馬のロックバウンドが先手を主張。３角で一旦先頭を譲る場面もあったが、渋太く粘って３着。勝ったシホノスペランツァは外枠ということもあり、終始外を回ったが４角だけ内に入れて直線は抜け出した。人気のエイカイファントムは、勝ち馬と同じような位置にいたが、４角で外を回った分の差が詰まらず。                                                                                        
