01222401066113114125119123129127                                                                                              (1,2,*11)12(3,10)(5,9)(6,8,13,14)(4,7)                          1,2(3,11)12(5,10)14,9(6,8,13)7,4                                1-3(2,12)(5,11,10)9(6,8)14,13,4,7                               0    2222224434443344443先週のＡからＣコースに仮柵を移動した直後の週で、圧倒的に前に行った馬が残りやすい状況。バラついたスタート。序盤は最内のハナサキポプラが若干優勢に見えたが、２コーナーでニシノシャイニングとテラステラの２頭が競り合いながら先頭争いに出る。向正面で一旦ニシノシャイニングが先頭に出たかと思いきや、３コーナーで強気にハナサキポプラが先頭を奪い返しに出る。２馬身ほどリードを広げて直線に向かうが、ドンデンガエシが真っ先に追ってきて、ハナサキポプラは踏ん張り切れず脱落。先頭に躍り出たドンデンガエシ、外に持ち出し        
01222402124109116115126                                                                                                                                                                       4,5-(3,10)(2,7,12)11,8,9(1,6)                                   4,5(3,10)2(8,7,12)11(9,6)-1                                     0       2222222222222222表面乾いて砂煙上がるが、若干速い時計が出る水準。やや先行有利。バラついたスタート。好ダッシュを決めてバオバブスピリットがサッと先手を奪い、出鞭をくれてカルーナブルガリスが追いかける。２頭が後続を２馬身ほど離して進むが、徐々に先頭のバオバブスピリットが優勢になり、直線でさらにリードを広げる。好位でついて回っていたミルニュイとパレフォーコンが追いかけはするものの、先頭には遠く及ばず。最後までバオバブスピリットが余力を残し押し通した。離れた２着はミルニュイが優勢、最内のパレフォーコンが３着に入線。            
01222403069111122127126126130126130                           1,4(2,10)-13,14,9,12,7(5,6)3,8                                  1,4(2,10)13(9,14)12,6(7,5)8,3                                   1(2,4,10)(12,13)(9,14)(6,8)5-7,3                                1-(4,10)13(2,9,12,6)5(14,8)-7-3                                 0 2222222222222222222222表面乾いて砂煙上がるが、若干速い時計が出る水準。やや先行有利。比較的横並びで揃ったスタート。好スタートを決めたヴァレッタカズマが押して主張するが、その内からマイネルキングが押して突っ張って出る。ヴァレッタカズマは２番手。マイネルキングは案外横に並ばせず強気に主張を続け、ペースも落とさない。押っ付けながらでも先頭を譲らないマイネルキングに、４コーナーで外からウォータージオードが接近。しかし直線に向いてマイネルキングがもう一度引き離す構え。ウォータージオードが先頭に迫り切れず、最後までマイネルキング        
01222404129122128131129136134130126121123124128               2-7,12(8,13)10(1,6)-(14,4)11(3,9)5                              2-7(8,12)13(10,1,6)14,4(11,9)(3,5)                              (*2,7)(8,12,13)(14,10)(11,1)(4,6,5)(3,9)                        (*2,13)-(8,7)-(14,1,9)(12,5)(10,11,4)(3,6)                      4 2222222224434443344443先週のＡからＣコースに仮柵を移動した直後の週で、圧倒的に前に行った馬が残りやすい状況。バラついたスタート。内からヴィルトブリーゼ、真ん中からセットリストの２頭が主張するが、内のヴィルトブリーゼが先手を奪う。序盤特に争いもしなかったので、かなりペースは遅い。スタンド前ではだいぶペースが落ちていた。２周目に進入しても後続の押し上げは皆無で、淡々と逃げてリードを詰めさせないヴィルトブリーゼ。徐々に後ろの集団が固まり始めるも、捲って動く馬はおらず。ヴィルトブリーゼがやや手応え良いまま４コーナーへ。グロー        
01222405131117129133126123123130125126                        2,5(3,4)-(1,6)                                                  2,5(3,4)(1,6)                                                   2-5,4(3,6)-1                                                    5(2,4,6)(3,1)                                                   6 2222222224434443344443先週のＡからＣコースに仮柵を移動した直後の週で、圧倒的に前に行った馬が残りやすい状況。スタートしてすぐ隊列はバラける。内からフッカツラヴがジワリ先頭を奪い、２番手にジュンツバメガエシが続くも、向正面でフッカツラヴがリードを広げ始める。３コーナーを過ぎてから徐々に２番手以下が急接近し、４コーナーでフッカツラヴが捕まりジュンツバメガエシが先頭。直線に向いて外からインスタキングとアヴニールドブリエが迫り、最後追い比べでインスタキングが競り勝った。２着はジュンツバメガエシが粘り、アヴニールドブリエは追い        
01222406131123131129126130130125123127131140                  8(1,3)-(7,6)-(2,11)-4(9,12,10)-5                                8(1,3)-(7,6)-2,11-(9,12,4)10-5                                  (8,*1,3)-7,6,4,12-9,2(5,10)-11                                  (8,1,*3)-(7,4)9-12,6,5-(2,10)=11                                5 2222222222222222222222表面乾いて砂煙上がるが、若干速い時計が出る水準。やや先行有利。比較的揃ったスタート。最内で行き脚良かったセブンスレターが先頭を奪い、２番手にイーサンバーニングが続くが、スタンド前でディサイドが捲って、早くも先頭が入れ替わる。追いかけるセブンスレター、イーサンバーニング。隊列はやや縦長、半数以上の馬が追っ付けての追走。向正面でも前行く３頭がずっと競り合いを続け、３コーナーで後続に５馬身近いリード。直線入り口でディサイドが苦しくなり、セブンスレターとイーサンバーニングの一騎打ち。セブンスレターがもう        
01222407069112116123131124126126130                           6-1,13,4(9,10)(3,12)(7,8)(2,11)5                                6=1-13,4(9,3,10)(7,12)8(2,11)5                                  6-(13,10)12(3,4)(1,7)9(11,8)5,2                                 6-(3,13,12)(4,10,7)-(9,11,8,5)-2=1                              4 2222222222222222222222表面乾いて砂煙上がるが、若干速い時計が出る水準。やや先行有利。バラついたスタート。真ん中からスマートセプターが今回も先手を奪う。２番手にメイクマイデイとリヴウェルが続くものの、序盤は逃げ馬が結構飛ばす展開で、向正面で１秒近いリード。後続も徐々に差を詰めては来ていて、３コーナーで１馬身差まで詰め寄るものの、スマートセプターは再度スパート。直線に向いてもまだ先頭、２番手にパーティーベルとフォーワンセルフが馬体を併せて追ってくる。しかし最後にもう一伸びが効いて押し通せた。熾烈な２着争いは、僅かにフォー        
01222408125112124123123125118121123128                        14(9,12)11(10,7)(5,8)6-13(3,4)(1,2)                             14(9,12)11(10,7)-(5,8)6-(3,13)4(1,2)                            14,12,11(9,7,13)(10,8)(5,4)(6,3)(1,2)                           14-12-(9,13)(4,3)11(7,8,5,2)10(6,1)                             4 2222222224434443344443先週のＡからＣコースに仮柵を移動した直後の週で、圧倒的に前に行った馬が残りやすい状況。比較的横並びで揃ったスタート。大外から促しヒヅルジョウが先手を奪い、エレガントチャームとプリペアードの２頭が続く。隊列が決まった後の動きは少なく、向正面でも後続が詰めてくる動きは少ない。単騎で行くヒヅルジョウに誰も鈴をつけに行かず、４コーナーで２番手エレガントチャーム以下は離される。直線で一気に二枚腰で引き離したヒヅルジョウが、最後まで悠々と凌ぎ切った。直線の２着争い混戦は、遅れて馬群の外を回ってきたマイシンフ        
01222409068114120124125122120123                                                                                              (*4,5,10)11(2,6)-(1,9)(7,8)3                                    (*4,5,10)(2,6,11)(1,9,7)3-8                                     (*4,5,10)(2,6,11)(9,7)(1,3)-8                                   0    2222224434443344443先週のＡからＣコースに仮柵を移動した直後の週で、圧倒的に前に行った馬が残りやすい状況。ややバラついたスタート。内から押してジョリダムが先手を奪い、２番手にマルモリディライトが続く。あまり序盤から競り合わず、先団もほとんど固まっていて、ペースは若干遅いぐらい。１列目は３頭がずっと雁行状態のまま。直線に向いて馬群が広がっての追い比べとなるが、最内のジョリダムがまだ粘り込む。外からイコサンが猛然と迫り、差し切ったかに見えたが、僅かに首の上げ下げでジョリダムが耐えていた。イコサンは惜敗２着。馬群の間を捌        
01222410069111117128126125125124125                           (5,6,*7)(8,10)(1,3,11,13)14,2,9,12-4                            (*5,6)7(1,8)(11,10)(3,13)14,2,9,12-4                            (*5,6)7(1,8)11(3,10)(13,4)(12,9,14,2)                           6(5,7)(1,11,4)(3,13)8(12,9,10,14)-2                             0 2222222222222222222222表面乾いて砂煙上がるが、若干速い時計が出る水準。やや先行有利。ややバラついたスタート。タガノペカが若干優勢だったが、その内から突っ張ってメイショウナリヒラが１コーナーで先頭。ピッタリ張り付くタガノペカとジョイス。好位勢もそれほど離されず、差のない追走。あまり大きく緩めることなく先頭は淡々と進んで、３コーナーを過ぎて後続も一斉に仕掛けて来る。直線入り口で先頭に立ったタガノペカに、満を持してジョイスが並びかけるが、徹底マークしていたモズマゾクが迫る。最後ゴール寸前でモズマゾクが捉え切った。ジョイスは        
01222411126109120121119122118124126127                        3,11(9,4)-10(2,12)5,6,13(8,15)1,16(7,14)                        3,11,9,4-10(2,12)-(6,5)13(8,15)(1,16)-(7,14)                    3,11(9,4)-10-12(2,6,5)(13,16)8,15,1(7,14)                       3,4(9,11,10)12(6,16)13-(8,5,14)(2,7)15,1                        0 2222222224434443344443先週のＡからＣコースに仮柵を移動した直後の週で、圧倒的に前に行った馬が残りやすい状況。若干バラついたスタート。ユニコーンライオンが抜群の好ダッシュでハナに行けそうだったが、内から押してパンサラッサが突っ張ってきて、同厩舎のユニコーンライオンはこちらに譲った。まずまず速いラップで進んで向正面になっても縦長のまま進み、１０００ｍ通過も１分を切るほど。３コーナーで半数の馬が追っ付けているがなかなか進出できずにいて、直線に向いてもまだパンサラッサが先頭。外からジワジワ迫ってきたジャックドールが直線で先頭        
01222412119107112118122124                                                                                                                                                                    3,9,10,15(2,8)16,5,14(11,4)(1,6,12)7,13                         3-9(10,15)(2,8)16(5,4)(14,12)11,6(1,7)-13                       0       2224434443344443先週のＡからＣコースに仮柵を移動した直後の週で、圧倒的に前に行った馬が残りやすい状況。ややバラついたスタート。真ん中から５枠２頭が行き脚素早く前行くところを、内からメイショウエニシアが突っ張って３コーナーでは先頭。追いかけるトップキャストとゴールドフィンガーに、外からセリノーフォスが迫る。単騎で逃げるメイショウエニシアが直線でも粘り込んでいるが、好位勢の反応は一息。直線の半ばで満を持してモンファボリとスリーパーダが馬体を併せて伸びてきた。直線の半ばで先頭を捉え、最後は僅かにモンファボリが競り勝っ        
04223401129113126130125114109118                                                                                                                                                              (*5,6)(3,9)(4,8)2(7,10)1                                        (*5,6)(3,9)(4,8)2(1,7,10)                                       4       4424424442244221前日の雨が影響し、若干緩み気味の馬場。直線は少し外優勢。半数が出遅れ。好スタートを決めたポリリンがジワリ先手を奪う。２番手に外から進出したアステルグロリアスが続くが、途中でバロックダンスも混雑の中を押して２番手に浮上。１０頭がほとんど差もないまま、直線内を空けて馬場の真ん中を進み、馬群が横に広がっての叩き合いになる。２番手バロックダンスが真っ先に抜け出すが、馬群の外からキタウイングが猛追。２頭が最後並んで熾烈な叩き合いを演じ、ゴール寸前でキタウイングが僅かに競り勝っていた。バロックダンスは惜敗２        
04223402129119121136139129116105115                                                                                                                                                           1,3(2,9)6(5,7)8-4                                               1(2,3)(6,9)(5,7)8,4                                             4       4424424442244221前日の雨が影響し、若干緩み気味の馬場。直線は少し外優勢。バラついたスタート。好スタートを決めた大外エンジェリックアイは急がずに控え、内からサウスシーパールが押して主張し、２番手にアクラシア、マイバラードが続く。内の３頭が盛り返して先団を固める。ペースは途中でかなり落ちて馬群もひとかたまりに。直線に向くと内を空けてサウスシーパールが逃げ込みを図るが、その外を回った馬の方が手応えが良い。３番手から粘り込むエンジェリックアイ、その外から伸びてきたウインオーディン。最後ゴール前でウインオーディンがもう一        
04223403126107115115124111121                                                                                                                                                                 16,9,11(2,18)7(3,4,15)(6,14,12)1(10,8)(5,17)13                  16-9,11(2,18)(7,15,12)3(4,14)(1,6,8)5(10,17)13                  0       4424424442244221前日の雨が影響し、若干緩み気味の馬場。直線は少し外優勢。バラついたスタート。真ん中から押してソプラノナイトが強気に主張。一旦出きったところで２番手にライヴトパーズとムーンムーンムーンが２番手で続くが、３コーナーでエリークラウンが外から仕掛けて捲り切る。コーナーカーブはエリークラウンがリードするが、馬群の外をさらに捲ってライブインステラが猛然と迫り、直線入口で先頭に立つ。最後までライブインステラは脚色が止まらず、後続の追撃を凌ぎ切った。馬場の外を回ったローズタルトが２着に浮上、さらにその外から伸び        
04223404128113128131127126129122122                           2(6,12)3(8,11)(4,14)13,1,5(7,10,9)=15                           2,6,12(3,8)(4,11)(13,14)(1,5)9(7,10)-15                         (*2,6,12)11(8,13,14)(4,9)(5,10)(1,7)3-15                        (2,*6,12)11,13(9,14)(4,5,10)(8,1)7-3-15                         2 2222222222222222222222前日の雨が影響し脚抜き良く速い時計が出る馬場。上がり性能必須。ややバラついたスタート。内から押っ付けてファディッシュが先手を奪う。外から迫るはヒメカミノメガミ、ヤサカシュエット。前行く３頭がほとんど並んでいて、極端にペースを落とすことなく進む。直線に向いてファディッシュが脱落、粘るヤサカシュエットとヒメカミノメガミだが、その外から楽にキャリックアリードが並びかける。ほとんど軽く追っただけでアッサリと抜け出し、最後まで足取り確り楽勝。最後は流すほどの余裕があった。離れた２着争いは、馬群の内を捌いて        
04223405125129129132133124113104113                                                                                                                                                           (*12,13)11(10,5)9(3,4,8)(2,6)7-1                                (*12,13)-11(10,5)9(3,4)8(2,6)7-1                                4       4424424442244221前日の雨が影響し、若干緩み気味の馬場。直線は少し外優勢。バラバラのスタート。あっという間に隊列が縦に伸びたが、８枠の２頭が前に出る。ショウナンダグラスがゆっくりと先手を奪い、２番手にニクソンテソーロが並ぶ。その後ろ２列目も７枠２頭が続き、直線に向くまで後続の動きは全くなし。直線に向いて一気に馬群が外に開き、先頭で粘るショウナンダグラスの内からプロトカルチャーが交わす。同時に外からロードプレイヤーとブレイディヴェーグの人気２頭が並んで猛然と伸び、最後まで一騎打ちを繰り広げる。僅かにロードプレイヤー        
04223406123108121132129120120123116117                        18,14(2,10)(1,11,12)(7,15)(9,13)(4,16)6(3,17)-8=5               18,14(2,10)(1,11,12)(9,7)15(4,13)16(3,6)-17,8=5                 6(7,8)14(18,13)12(15,17)(2,4)16(11,9,3)10-(1,5)                 6,7(14,8)(18,12,13)(2,4,15,17)16(11,9,3)-5-1,10                 5 4424444424424442244221前日の雨が影響し、若干緩み気味の馬場。直線は少し外優勢。ややバラついたスタート。内からネクタリス、真ん中からアルドゥエンナが前に出るが、大外からカシノジュピターが強気に主張。２番手にヴァンシャンテ。向正面で結構ペースを落としていた時に、馬群の外からわっせわっせと差し馬勢が多数捲ってくる。真っ先にキーワードが先頭に立って引っ張り、２番手にリオシャンパーニュとフォーグッドが並んでくる。完全にスパート勝負となっていて、直線でもキーワードとフォーグッドがピッタリ馬体を併せて熾烈な叩き合いを演じる。最後僅        
04223407122112115122119128                                                                                                                                                                    2,3,11(7,14)(10,13,15)6(4,5)-(1,12)-8-9                         2-3-(7,14,11)(10,13)15(4,5,6)-1,12-8-9                          0       2222222222222222前日の雨が影響し脚抜き良く速い時計が出る馬場。上がり性能必須。バラバラのスタート。外枠の方がスタート優勢だったように感じたが、内からラッキーガブリエルが強気に促して先手を奪う。２番手にドリームアジェンダが続く。隊列は縦長だったが後続がなかなか押し上げて来ずに、直線ラッキーガブリエルは楽なまま。３馬身リードを最後まで守り切り、悠々押し通した。ドリームアジェンダも２番手を確保したままで入線。ペイシャワキアが直線で渋太く伸びたものの、３着に食い込むのがやっと。追走性能でも劣る馬ばかりだった。                  
04223408126113113120125128123123121120117125                  1,3,12(2,7)8,6(9,10)(5,11)-4                                    1,3,12(2,7)(6,8)(9,10)(5,11)-4                                  (*12,11)3(1,7,8)(6,9,10)-4-(2,5)                                (12,*11)-3,8-(7,10)(6,9)4,1=5-2                                 6 4424444424424442244221前日の雨が影響し、若干緩み気味の馬場。直線は少し外優勢。多少バラついたスタート。最内のアンブローニュが追わずとも楽に先手を奪い、２番手にフルネーズとエクスインパクトが続く。向正面でだいぶペースを落として進んでいた時に、後方からレットミーアウトが一気に捲って先頭にまで躍り出る。抵抗するエクスインパクトとともに、８枠２頭で３コーナー以降はリードする。アンブローニュは早々に脱落、好位勢もあまり食らいつけず苦しい追走。直線に向いてレットミーアウトがジワジワ優勢となり、エクスインパクトも遅れだすが、後ろか        
04223409120102106107118                                                                                                                                                                                                                                                                                                       0       4424424442244221前日の雨が影響し、若干緩み気味の馬場。外ラチ沿い圧倒的有利な状況。ややバラついたスタート。８枠から真っ先にルドラクシャが先手を奪うが、ピッタリとマブセレナードが食らいつく。しかし中盤からはルドラクシャが併走馬を振り切って粘り込みを図る。その真後ろにいたロサロッサーナは反応がやや一息、さらに後ろの列から外ラチ沿いを縫ってルルルージュが追い上げてくる。ゴール寸前で先頭ルドラクシャに間に合い、最後に差し届いた。ルドラクシャは惜敗２着、馬群の間を捌いてオリアメンディが３着に浮上。やはり今回も外枠の馬が外        
04223410127110113122127119122121125115115                     3-7-5,8,1(2,9)(4,6)                                             3-7-(5,8)1,2(4,9)6                                              3-(5,8)(7,1,2)9(4,6)                                            3-5,8(7,1,2)9(4,6)                                              6 4424444424424442244221前日の雨が影響し、若干緩み気味の馬場。比較的横並びで揃ったスタート。内からポレンティアがジワリと先頭に出て、２番手にブレーヴユニコーンが続く。序盤はポレンティアが少しずつリードを広げていくものの、向正面で一旦ペースを落とす。離れた２番手に浮上していたセレシオンとヒシエレガンスが３コーナーで先頭を詰めに動き、直線入り口でセレシオンが楽に並びかける。あっという間にセレシオンが楽に抜け出し、内ラチ沿いをグングン伸びて悠々押し切った。離れた２着にシルブロンが浮上、さらに離れた３着には内を通ったウォルフズ        
04223411117107111121123122                                                                                                                                                                    4(10,13)(8,11,14)15,12-(7,9)-1,6,2,3-5                          4(10,13)(8,11,14)(12,15)-9,7,6,1-3-2-5                          0       2222222222222222前日の雨が影響し脚抜き良く速い時計が出る馬場。上がり性能必須。ややバラついたスタート。外のオヌシナニモノが好スタートを決めたものの、内から突っ張ってきたハコダテブショウがやはり速い。ハコダテブショウがほぼ単騎で逃げる形になり、２番手ヒロシゲゴールドと３番手オヌシナニモノが押っ付けて食らいつく。しかし直線に向くとハコダテブショウの手応えが急に萎み、ヒロシゲゴールドの方が粘り腰を見せる。２列目で構えていたノンライセンスが馬群の間を鋭く割って出て、馬群の外を回ってギルデッドミラーが猛追。ギルデッドミラ        
04223412124113127131127125133127135                           5,6(4,11)8(3,12,15)(13,14)2-(10,9)7=1                           5,6(4,11)(8,15)(3,12)(13,14)2(10,9)7=1                          (*5,6,11)(8,15)14(13,12)7,9(4,2,10)3,1                          (*5,11,15)(8,14)(6,13,12)(2,9,7)10(3,1)-4                       2 2222222222222222222222前日の雨が影響し脚抜き良く速い時計が出る馬場。上がり性能必須。ややバラついたスタート。内枠各馬が行き脚優勢で、ラブベティーが押して主張。２番手にタイセイトリガーが続く。向正面でテイエムアトム、サトノアレックスが外から押し上げ、ジワジワと先頭に迫る。逃げ馬に被せるようにサトノアレックスが仕掛けて直線入り口で先頭も、内から盛り返してテイエムアトムが先頭を奪い返す。直線の半ばで外からセイウンオードリーとアトラクティーボが馬体を併せて猛追してきて、ゴール寸前でアトラクティーボが競り勝った。セイウンオード        
10224401                                                      6,5,4(3,1)(10,7)8,9,2                                           (*6,5)-4(3,1)-(10,8,7)2,9                                       (*6,4)(1,2)5,3-(10,8)9=7                                        (*6,4)(1,2)3,5-9,8,10=7                                                                 前日からの雨が影響し、だいぶ緩んで時計が掛かる状況。少々バラついたスタート。最初の障害をクリアしてメイショウヤシャとシャトースウィフトが前に出る。襷で進出する馬が多く隊列が大いに入れ替わり、メイショウヤシャの先頭は変わらずも２番手にトモノコテツが捲って浮上。２周目になって先頭にまで並びかけてきた。２頭が先導しているところに、２列目内からグレートバローズが進出、そして３コーナーでメイショウシャガが捲ってくる。先頭でまだ粘っていたメイショウヤシャを、直線入口でグレートバローズが交わす。最終障害をクリ        
10224402128113117119120123123122124126                        2(1,3)(5,4)                                                     2-3(1,4)5                                                       2,3(1,4)5                                                       (2,*3)(1,4)5                                                    0 3223223223223222232222日曜の未明に５８ミリの雨があり芝は重。少頭数での２歳未勝利戦で、新馬戦で２着だった２頭に人気は集中。ミヤジシャルマンが１角で先手。馬場を考慮すると速いペースで流れ、ミヤジシャルマンは４角で限界を迎える。人気のネアセリーニが外から、サンライズサラーが内から伸びて順当の決着。接戦の３着争いは軽量のワンダーミズキが粘り込む。                                                                                                                                                                                            
10224403071105112126125125128131132                           (*9,10)13,14(4,5,15)(11,12)16(7,8)6-3-1,2                       9,10(4,13)5,14-11,15(7,8,16)12,6-3-1,2                          (*9,10)(13,16)5,4,7(8,15)(6,14,12)-(1,3)2-11                    (9,10,*13,16)(5,7)-(4,8)6(1,12)(15,2)(14,3)=11                  0 2222222222222222222222日曜の未明に５８ミリの雨がありダートは水の浮く不良馬場。フルゲートでの牝馬限定の３歳未勝利戦で、人気はサクラトップランがやや抜ける。人気の１頭ミティエラが先手を取るも、イドロボニータとハナ併走で直線は脚が上がる。３角で外から進出したワイルドベティが、長く脚を使って抜け出した。人気のサクラトップランは外を回った分、２着争いで惜敗。                                                                                                                                                                                  
10224404125112125131125119119119115119                        4,5(2,9,17)12(6,13)8(1,7,11)15-(14,16)10(18,3)                  4,5(2,17)9(1,12)(6,13)(7,8)11,15-(14,16)(10,3)18                (*4,5)17(2,9,12)(1,6,13)(8,15,11)7-3,10-(14,18)-16              (*4,5)17(2,9,12)(1,6,15)(3,10)7(8,13,11)=18=14,16               6 3223223223223222232222日曜の未明に５８ミリの雨があり芝は重。フルゲートでの３歳未勝利戦で人気は三つ巴。外から好位に取り付いたラウルピドゥが、４角で先頭に立って抜け出した。番手追走から粘ったニシノクレセントを、シャトンアンジュが捉えて上位人気での決着。人気の１頭のメイショウブレゲは、４角で外を回って追い上げたが４着。どうやら小回りコースは不向きのようだ。                                                                                                                                                                                
10224405123103108116116117                                                                                                                                                                    4,6-(5,7)1=8-3-2                                                (*4,6)-7,5,1=8-3,2                                              0       3223223222232222日曜の未明に５８ミリの雨があり芝は重。少頭数での２歳新馬戦。人気は４頭で割れ加減。新馬戦らしくバラバラのスタートになり、後方からの競馬になった馬は追い上げられず。３頭雁行の先行争いの後ろを促しながら追走したメイショウヒュウガが、直線は先行馬を内から差し切る。人気のビッグシーザーが直線の追い比べで一旦前に出るも、内から差し返えされる。                                                                                                                                                                              
10224406122104113118124                                                                                                                                                                       2,11(7,8)(6,13)(3,9)(1,12)5(4,10)                               2,11-8,7(6,3,13)(9,12)(1,5)10,4                                 0       2222222222222222午前中浮いていた水は引いたがダートは不良のまま。この時期にしては珍しくフルゲートから１頭欠けての３歳未勝利戦。内から二の脚で先手を取ったエルメニアが、直線も脚色鈍らずに押し切る。鞍上がメイチに押して２番手に取り付いたテイエムキバイモンは、逃げ馬との差を詰めることができず２着。人気のレッドアクトゥールは、先行２頭を見ながら運ぶも、３角で付けられた差を直線で詰められず。                                                                                                                                            
10224407117103108111115124                                                                                                                                                                    (*2,4,7)(5,8,11)(14,10,15)13(3,12)-(1,6)9                       (2,*4,7)(5,8)(14,11)(3,10,15)12,13(1,6)-9                       0       3223223222232222芝は第６レースの前に稍重に回復。多頭数での３歳上１勝クラス戦で人気は割れる。内からポメランチェが先手を取るも、やや速い流れになり直線は踏ん張れず。押して好位に取り付いたナリタローゼが早めに先頭に立つも、ゴール前で甘くなり３着。これを外から交わしたテンメジャーガールが２着に入り、勝ち馬はさらに外から伸びたアルムファーツリー。稍重に回復したが、馬場の内を通った馬の伸びは一息。                                                                                                                                      
10224408069105114129121123126124129                           (*10,13)(1,16)9(2,8,12)(4,6)(3,7,11)5-(15,14)                   (*10,13)16(1,9,8,12)(2,4,6)(3,7,11)(5,14)15                     (*10,13)16(1,9,12,6)(2,4,7,14)(8,11)(5,3,15)                    6,13,10(1,16,7,14)(2,9,12)(5,4,15)(3,11)8                       5 2222222222222222222222ダートは７レースの直前に重に回復も、脚抜きの良い状態は変らず。牝馬限定での３歳上１勝クラス戦でマテンロウルビーが人気に。レースではスタートで前をカットされ１角では最後方。３角手前で外から動いて長く脚を使い、先に抜け出したヒロノクイーンを捉え、４角手前から併せ馬で上がってきたレヴィーアクイーンを競り落とした。４着以下は少し差を付けられる。                                                                                                                                                                          
10224409117100107113116116                                                                                                                                                                    (7,*11)(8,9)(6,10)(3,12)-5,4,2,1                                (*7,11)8(6,3,9)(12,10)5,4,2-1                                   0       3223223222232222芝は第６レースの前に稍重に回復もかなり緩い状態。３歳上２勝クラスの特別戦。北九州記念を除外になったカフジテトラゴンが人気に。レースでは二の脚で先手を取って粘り込みを図るも、スタート一息で道中シンガリだったスノーテーラーの決め手に屈する。                                                                                                                                                                                                                                                                                
10224410068110112123119117122122123                           (5,*6)(10,15)(1,13)-8(14,16)(3,7,12)(2,9,11)-4                  (5,*6)(10,15)13,1-(8,14,16)-(3,7)(9,12)11-2-4                   6(10,15)(5,13)(14,16)(1,3,7)(8,9)-11,4,12,2                     6(5,15)(10,13)(1,14)(3,16,7)(8,9)11,4,12-2                      0 2222222222222222222222ダートは重馬場で脚抜きの良い状態。フルゲートでの３歳上３勝クラスのハンデ戦。３歳馬ながら実質トップハンデタイのジレトールが人気に。ジワリと先手をとって淡々と逃げるも、勝ち馬の目標になってしまい直線は競り負け。中団前を追走したフィロロッソは、４角で下がる馬を捌くのに手間取った分、前の２頭に届かず。４着以下は６馬身差離される。人気の１頭のピュアジャッジは好位を追走するも、４角手前でズルズルと後退。                                                                                                                
10224411117103108111113117                                                                                                                                                                    4(7,12)(2,5,13)(1,15,17)(10,16)9(3,18)(11,6)(8,14)              4,12(2,7)(1,5,13)(16,15,17)(9,10)(3,18,6,14)11,8                0       3223223222232222芝は第１０レースの前に良に回復したが、緩い状態に変わりはない。サマースプリント第４戦に１８頭が集った。前走で古馬混合の重賞を勝った３歳牝馬が人気に。前走で１０００Ｍ戦を使っていたシンシティが二の脚速く先手を主張するも、テイエムスパーダが押して出して３角でハナに立つ。ただ行き切るまでに脚を使った分、直線は踏ん張れず。１番枠から出て軽量を利かし、内をロスなく回ったボンボヤージが４角も巧く回って直線で抜け出した。行き脚一息で後方だったタイセイビジョンも、直線は内を突いて追い上げる。中団馬群を追走したナ        
10224412125113120117117119118115116                           1,8(4,9)6(3,7)-5,10,2                                           1,8(4,9)6-(3,7)5,10,2                                           1,8(4,9)6,3(5,2,7)10                                            1(4,8,9)(6,3)(5,2)(10,7)                                        0 3223223223223222232222芝は第１０レースの前に良に回復も、緩い状態に変わりはない。落ち着いた頭数での３歳上１勝クラス戦で、３歳馬のマテンロウスカイが抜けた人気に。好枠から先手を主張したマテンロウスカイが、内をピッタリとロスなく回り、直線は後続を突き放す強い内容。馬群で抑えていたアウサンガテが４角で外に出して伸びたが、脚色は勝ち馬と同じに。人気馬での決着。                                                                                                                                                                                
