06263201127119130134129126128128133                           8,9(6,14)7(1,11)5(16,10)-(4,15)12,3,13=2                        8,9(6,14)(7,11)1,5,16-10(4,15)-12,3-13=2                        (*8,9)11,6(14,1)(16,7,5)-3,10-(4,12)15,13=2                     8-(6,9)(11,1)16(7,14,3)-5-(10,13)12,4=15=2                                                                                                                                                                                                                                                                                                                                                                                                                                                                                                                                                                          
06263202119106114120128135                                                                                                                                                                    (*3,6)15(2,1,9)(12,16)-(10,4)-5(14,13)-8-7-11                   (*3,6,15)(2,9)(12,1,16)4=(10,5)14=13,8-7-11                                                                                                                                                                                                                                                                                                                                                                                                                                                                                                                                                                         
06263203125114127126123126131137138                           5(10,12)-(6,13)-(3,15)14-(7,11)(2,1,8)=(4,9)                    5(10,12)-6,13(3,14)15-7(1,11)(2,8)=(4,9)                        5(10,12)(6,14)-(3,13)(1,8)15,7,2,11=4,9                         5-(10,14)-(6,12)(1,8)(3,13)-7(2,15)-11=(4,9)                                                                                                                                                                                                                                                                                                                                                                                                                                                                                                                                                                        
06263204126115121123120122121118113                           2(3,7,16)(4,12)(6,13)8(1,5,9,14)15,11,10                        2(3,7)(4,16)12(6,13)(8,15)(1,5,9,14)-11,10                      (*2,3,16)(4,12,7)(8,13)6,15,5(1,9,14)11,10                      (*2,16)(4,3,12)(8,13)(6,15,7)5-(1,9,14,11)10                                                                                                                                                                                                                                                                                                                                                                                                                                                                                                                                                                        
06263205124109117123128124120117117120127                     2,3(12,4,13)-10-(5,9,8)(1,11)-(6,7)                             2,3,12(4,13)-10(5,8)9,1,11(6,7)                                 2-3-(12,13,10)1(4,8,11)(5,9)(6,7)                               2-3,10(13,1)-(12,8,11)(9,6)(5,4)7                                                                                                                                                                                                                                                                                                                                                                                                                                                                                                                                                                                   
06263206118112115122123128                                                                                                                                                                    (*13,8)-11(10,7)6(2,9)(3,5,12)1-4                               (*13,8)(11,7)10(2,6,9)-(3,5)(1,12)4                                                                                                                                                                                                                                                                                                                                                                                                                                                                                                                                                                                 
06263207128119126128122120124132139                           (*13,15)10(4,1)(8,9)2,6(5,12)(7,11)-14-3                        13,15(4,10)(1,8,9)2,12,6,5(7,11)-14-3                           (*13,10,9)15,1,8(4,2,12)-(6,5)(7,11)14-3                        (*13,10,9)-12,15,1(4,2,8)(6,5)(7,11)14,3                                                                                                                                                                                                                                                                                                                                                                                                                                                                                                                                                                            
06263208120111113121122126                                                                                                                                                                    5(8,10)(2,11,15)4(3,6,12)7-(13,16)9,14-1                        5(8,10)2(4,11)(3,6,15)(7,12)(9,16)1(13,14)                                                                                                                                                                                                                                                                                                                                                                                                                                                                                                                                                                          
06263209126116124129126118120119113115                        3,7(4,2)1-(6,5)                                                 3-7(4,2)(1,5)-6                                                 (*3,7)5(4,2)-1,6                                                (*3,7,5)(4,2)1,6                                                                                                                                                                                                                                                                                                                                                                                                                                                                                                                                                                                                    
06263210121106110115111115                                                                                                                                                                    10,11,15(7,8)12(4,9)(3,5,6)(2,13)(1,14)                         (*10,11)15(7,8)12(4,9,6)(3,5,13)(2,1,14)                                                                                                                                                                                                                                                                                                                                                                                                                                                                                                                                                                            
06263211123115125131125124122123124                           (*5,10)15,7(2,14)(8,13)(3,11)-6(4,9)(12,16)                     (*5,10)(7,15)(2,14)(8,13)(3,11)-6(4,9)(12,16)                   (*5,10,15)(7,14,13)(2,6)11(8,9)(12,3)(4,16)                     (5,10,*15)(7,14,13)(2,6)(12,11,9)4,8,3,16                                                                                                                                                                                                                                                                                                                                                                                                                                                                                                                                                                           
06263212121104109113118117                                                                                                                                                                    11(3,6,7)-2,9,1(5,10)(4,8)                                      11(3,6,7)2,9(5,10)(1,4,8)                                                                                                                                                                                                                                                                                                                                                                                                                                                                                                                                                                                           
07261601122112118125126123124                                                                                                                                                                 16,13(6,12,11)14(1,7,8)(3,4,10,9,15)2-5                         16-13(6,12)7(1,11)(8,14)(3,4,10,9)15,2,5                                                                                                                                                                                                                                                                                                                                                                                                                                                                                                                                                                            
07261602074115123140135125125126129129                        4,7(3,14)6(9,8)2,10(1,13)-12,5-11                               (*4,7)(3,14)6(9,8)-2,10(1,13)-12-5-11                           12,7(4,6)(14,8)(3,10,13)9,1,2-5-11                              12,7,6-8(4,14,13)(3,10,1)9,2,5-11                                                                                                                                                                                                                                                                                                                                                                                                                                                                                                                                                                                   
07261603128111122125121123                                                                                                                                                                    13,12(2,7)(11,8)3(14,15)(5,4)6,9,10=1                           (*13,12)(2,7)(3,11)15,8(5,14,4)-9,6-10=1                                                                                                                                                                                                                                                                                                                                                                                                                                                                                                                                                                            
07261604123106114118113114                                                                                                                                                                    4(10,12)(2,9,14)(3,13)(1,7,15)16(8,17)5(11,18)                  4(10,12)(9,14)2(1,3,13)(7,15)(5,16)8,11,17,18                                                                                                                                                                                                                                                                                                                                                                                                                                                                                                                                                                       
07261605130117129132128123121116113115                        (*4,9)(2,5,16)3,14-1,7,6,10,12(8,11)13-15                       4,9,16(2,5)(3,14)(1,7)-6-10,12,11,8,13-15                       (*4,9)(2,5,16)(3,14,7)1(12,6,15)(11,10)(13,8)                   (4,*9)(2,5,16)(3,14,7)(12,1)(6,15)(11,10)8,13                                                                                                                                                                                                                                                                                                                                                                                                                                                                                                                                                                       
07261606130112116124124122121118118114117                     3,10-(5,12)4,6(2,8)9-(1,13)-7,11                                3-10(5,12)4(2,6)8,9,1,13-7-11                                   3-10(5,12)4(2,8,6)-9,1-13-7-11                                  3-10(5,12)4(2,6)8(1,9)13,7-11                                                                                                                                                                                                                                                                                                                                                                                                                                                                                                                                                                                       
07261607130113132133128129128122124                           (*1,6)8,13,7(3,11)4(2,12)10(5,9)                                1,6,8(7,13)(3,11)4,2,12,5(10,9)                                 (*1,6,8)13(7,11,4)(3,2,12)(5,9)10                               (*1,6,8)(7,11,4,13)(3,2,12)(5,9)10                                                                                                                                                                                                                                                                                                                                                                                                                                                                                                                                                                                  
07261608128121128129131123118117115113118                     7(4,6)5=2,3-1                                                   7(4,6)5=2,3,1                                                   7,6-(4,5)1(3,2)                                                 7,6(4,5)(3,1)-2                                                                                                                                                                                                                                                                                                                                                                                                                                                                                                                                                                                                     
07261609125118117119117116110115                                                                                              1,2(3,10)(6,11)9(4,13)7(8,15)-5-(12,14)                         1,2,10(3,6)11,4(8,9)(7,13)15,5-(12,14)                          1(2,10)3(6,11)8,4(7,9)(15,13,5)14,12                                                                                                                                                                                                                                                                                                                                                                                                                                                                                                                                                                                
07261610075116117130129126125124119125                        15(8,9)7(1,14)(11,10)6,12-4-3,13,2                              15(8,9)7,14(1,10)11(6,12)-4-3-(2,13)                            (*15,8,9)4(7,14,10)(1,11,12)6,13,3,2                            (*15,8)(9,4)(7,14,10)(1,11,12)6-13,3,2                                                                                                                                                                                                                                                                                                                                                                                                                                                                                                                                                                              
07261611121098106111116111                                                                                                                                                                    15-(12,18)(1,7,8)14(3,16)(2,9)17,6(4,13)(5,10)11                15-(12,18)(1,7,8)14(2,3)9(6,16)(4,17)13(5,10)11                                                                                                                                                                                                                                                                                                                                                                                                                                                                                                                                                                     
07261612124114119122123121122                                                                                                                                                                 (*5,14)(8,11)(2,6,13)9(4,12)16,15,3,10-(1,7)                    5,14(8,11)(2,6)(4,12,9,13)16(3,10,15)-7-1                                                                                                                                                                                                                                                                                                                                                                                                                                                                                                                                                                           
09262201126116140127128129132131128                           (*6,13)14,11(12,5)10(2,3)9(4,8)1,7                              6,13(14,5)11,12(10,3)(2,9)(4,8,1)7                              (*6,13)(11,14)(10,5)2(3,12)(4,1)9(7,8)                          (6,*13)(11,14)5(10,2,12)(4,3)(7,1)9=8                                                                                                                                                                                                                                                                                                                                                                                                                                                                                                                                                                               
09262202131115119136130127128130123130                        3(4,6)(1,2,5)-8-(7,9)                                           (*3,4)(1,6)2,5,8-9-7                                            (*3,4)6-(1,2)(9,5)8-7                                           (*3,4)6-(2,5)(1,9)8-7                                                                                                                                                                                                                                                                                                                                                                                                                                                                                                                                                                                               
09262203123109120124127127131                                                                                                                                                                 10(13,15)3(5,14)1,2,11(4,9)(12,7)6,8,16                         (*10,13)15(3,14)5,1(4,2)-11(12,9)(6,7)8,16                                                                                                                                                                                                                                                                                                                                                                                                                                                                                                                                                                          
09262204                                                      2,8-11(6,9)-1(7,14)13,3,12,5,10-4                               (*2,8)-11,9(6,14)-1(7,13)-3(12,5)-10,4                          2,8,14,9-(11,13)1,6-7=12(3,5)-10-4                              (*2,8)(9,14)=13-1-11,6-7-12=3=5-10=4                                                                                                                                                                                                                                                                                                                                                                                                                                                                                                                                                                                
09262205126111128126123117120119117117                        11,7(1,9)5,2(4,10)(8,12)3,6                                     11,7(1,9)5(4,2)(3,8,10)12,6                                     11,7(1,9)(5,6)-(4,2)(3,8,10)12                                  11,7(1,5,9)-(6,2)(4,3)(12,8,10)                                                                                                                                                                                                                                                                                                                                                                                                                                                                                                                                                                                     
09262206124112119122121125                                                                                                                                                                    (*7,8)(1,10)(2,9)5,6,4,3                                        (*7,8,10)(1,2,9)5(6,4)3                                                                                                                                                                                                                                                                                                                                                                                                                                                                                                                                                                                             
09262207121108114116113113117                                                                                                                                                                 14,10,6(8,9)2(5,12)1(7,13)3(4,11)                               (*14,10)(6,8,9)(2,12)5(1,13)(7,4)(3,11)                                                                                                                                                                                                                                                                                                                                                                                                                                                                                                                                                                             
09262208127119124121118121118116116122                        4-7-5(1,3)6,2                                                   4-7-5-3,1,6,2                                                   4=7-5(3,2)-6,1                                                  4=7-(5,2)(3,6)1                                                                                                                                                                                                                                                                                                                                                                                                                                                                                                                                                                                                     
09262209127108121117123127133134132                           15-13,14,10(7,8)-2,9-(6,12,11)5(3,4)1                           15-13-14,10(7,8)-2-9(6,11)12,5(3,4)1                            15=13,14,11(7,8,10)-2-9,6,5,4(12,1)-3                           15=(14,11)-(7,8)2(13,6,9)1(4,10,5)(12,3)                                                                                                                                                                                                                                                                                                                                                                                                                                                                                                                                                                            
09262210128111117121125126122121116113113119                  8-(2,3)-9(1,10)-4,5,11,6-7                                      8=(2,3)-9-(1,10)-4-(5,11)6-7                                    8,3(2,9)-(1,10)4,5,11,6-7                                       (8,3,*9)(2,10)(1,4)(5,11,7)-6                                                                                                                                                                                                                                                                                                                                                                                                                                                                                                                                                                                       
09262211123109112118114112112120                                                                                                                                                              1,7,10(2,4,6)(3,5,9)8(11,12)-13                                 1-(7,10)6(2,4)(5,8,9)3(11,12)-13                                                                                                                                                                                                                                                                                                                                                                                                                                                                                                                                                                                    
09262212120107118123121125                                                                                                                                                                    (*1,5)10(2,16)6,13(4,9)12(15,8)14-11,7=3                        (*1,5)10(2,16)(6,13)(4,9,8)12,15,14,11-7=3                                                                                                                                                                                                                                                                                                                                                                                                                                                                                                                                                                          
