01242201125109114117114117                                                                                                                                                                    1,7,3(2,4)(5,6)                                                 (*1,7)3(2,4)(5,6)                                               0       2212212223322233馬場の内は踏みこなれて、土煙上がるほどに芝が剥げているが、馬場の外は伸びにくい状況。少々時計掛かる水準。バラついたスタート。内から促しラッキーカムカムが先手を奪う。大外枠からエイシンバンタレイが２番手に取りつき、２頭の後ろにモズナナスターが続く。だいぶ落ち着いたペースで進行し、後続も差を詰めてこれてない。直線に向いて２番手エイシンバンタレイが先頭に躍り出るが、真後ろから接近してきたモズナナスターが満を持して伸びる。楽な手応えでアッサリ差し切った。エイシンバンタレイが２着、２頭には置かれたがラッキ        
01242202129117130128138142143128128131129137                  11-6-9-7(12,8)(1,5,10)(4,2)3                                    11-6-(9,7,10)8(12,2)5(1,4)3                                     (6,*10,2)-8(7,12)-(9,5)(1,3)-4=11                               (*10,2)-8,12(6,5)3,1,7,9=4=11                                   5 1131131131131113311133パサパサに乾いて砂煙上がるが、時計は標準並み。上がりは掛かるが先行有利馬場。バラついたスタート。かなり押っ付けてエクラメテオールが強気に飛ばして逃げる。２番手にタロサンダーが離されずについて回る。少し１秒近く離れた４番手以下が固まった隊列。２周目の２コーナーでマルチライセンスが強気に捲って進出、タロサンダーが食い下がり先頭が入れ替わる。エクラメテオールは急失速。外３番手にウインメラナイトも取りつき、人気の２頭が先頭で馬体を併せ４コーナーで後続を引き離す。２頭の一騎打ちが最後まで続いたが、僅かにマ        
01242203069113115120126128126127137                           (*10,11)7-(2,13)-3,8,1-(4,6)(9,14)12-5                          (*10,11)-7-(2,13)-3,8-1-4-6(9,14)-12-5                          (*10,7)-13-2,3(11,8,1)-4-6-9-14-12,5                            (10,*7)=1-13(8,3)4,2,6=9-5-12-14=11                             0 1131131131131113311133パサパサに乾いて砂煙上がるが、時計は標準並み。上がりは掛かるが先行有利馬場。若干バラついたスタート。ダッシュ良くアイウィルが先手を奪い、２番手キングブルーが取りつこうとするところに、外からリンクスプリエールが押し上げ先頭のアイウィルと併走。しばらくピッタリ張り付いて、２頭が厳しいペースで飛ばす。隊列も縦長。３コーナー手前でリンクスプリエールが早々に脱落し、キングブルーがまた先頭のアイウィルに並んで仕掛けていく。４コーナー時点で２頭が後続に５馬身差をつけていて、直線に向いてもキングブルーがいい脚色        
01242204067114113118117117116120                                                                                              (*2,5)(3,6,12)14(4,10)13(1,8)11,7,9                             (*2,5)12(3,6,14)(4,10)13(8,11)9,1,7                             (2,*5)(6,12)(3,14)(10,11)(4,13,9)8-1-7                          0    2222212212223322233馬場の内は踏みこなれて、土煙上がるほどに芝が剥げているが、馬場の外は伸びにくい状況。少々時計掛かる水準。出遅れ多数、バラバラのスタート。内から突っ張りアウストラリスが主張、カーモスがピッタリ張り付いて併走。先行集団は固まって進行するが、ペースは案外緩まず速い流れで進む。４コーナーでカーモスが若干抜けかけたが、直線に向いてその真後ろで待っていたシャーリーゴールドが交わして出る。内を捌いて伸びてきたユメカウツツカ、ココシャンパーニュが渋太く迫る。最後ココシャンパーニュが猛然と迫ってきたが、シャーリー        
01242205128123123115117123123120121                           3,8-(5,6)9,1,4-(2,7)                                            3-8-(5,6)(1,9)4,2,7                                             (*3,8)=(5,6,9)(1,4)=2=7                                         (*3,8)9-6,5-4,1=2=7                                             6 2222222212212223322233馬場の内は踏みこなれて、土煙上がるほどに芝が剥げているが、馬場の外は伸びにくい状況。少々時計掛かる水準。バラバラのスタート。好スタートを決めたスパイウェアが楽に先頭に立つが、アースグレーザーが早くから並び掛けて、２頭で並んで後続をジワジワ引き離す。離れた３番手以下が５頭固まって進行。３コーナー過ぎでアースグレーザーが先頭に並んで交わそうとするが、その真後ろまで接近していたマテンロウサンがジワジワ並び掛ける。直線に向いて馬場の外を回ったマテンロウサンが、あっという間に抜け出した。最後も余力は十分。        
01242206069112124122121123127133132                           4-11(3,5)-(9,12)-8,10,2(6,7)13-1                                4-11(3,5)-9-12,8,10,2-(6,7)-13-1                                4-(11,5)3(9,10)(8,2)-(6,12,7,1)-13                              4-(11,5)10,3(8,9,2,7)-(6,12,1)-13                               0 1131131131131113311133パサパサに乾いて砂煙上がるが、時計は標準並み。上がりは掛かるが先行有利馬場。バラバラのスタート。内からかなり押してカリフォルニアが先手を主張。ショーケンが追ってくるが、並ばれまいとカリフォルニアがさらにリードを広げて逃げる。かなり速いペースで進行、隊列も縦長。４馬身ほどリードを広げたまま３コーナーに進入も、ここで後続が一気に差を詰めてくる。好位追走からダノンスウィッチ、ポワンキュルミナンの２頭が馬体を併せて伸び、２頭が最後まで叩き合いを繰り広げたが、僅かにダノンスウィッチが競り勝った。ポワンキュ        
01242207067107112120117118115119                                                                                              8-2(4,5)14-(7,13)(9,12)6,10,1,3-11                              8-(4,2,5)13(7,9,14)12,6,10-(1,3)11                              (*8,2)(5,13)(4,14,12)9(7,6)10(1,3)-11                           0    2222212212223322233馬場の内は踏みこなれて、土煙上がるほどに芝が剥げているが、馬場の外は伸びにくい状況。少々時計掛かる水準。バラバラのスタート。真ん中からかなり押してレオテミスが２コーナーで先頭に立ち、勢いに乗って後続に３馬身リード。離れた２番手の集団が徐々に先頭に近づき、３コーナー過ぎでラーンザロープスがジワッと１列目の外を押し上げる。内の先行馬はみな外を回る差し馬の勢いに抵抗できてない。直線で先頭に立ったラーンザロープスに、真後ろから接近してきたリゴレット、外を回って猛然と伸びてきたチュウワダンスが迫る。しかし        
01242208128124122124125119118115117                           1,5(2,7)(3,4,6)                                                 1-5,2-7,3,4,6                                                   1,5,2,7(3,4)6                                                   1(5,7)6(2,4)3                                                   4 2222222212212223322233馬場の内は踏みこなれて、土煙上がるほどに芝が剥げているが、馬場の外は伸びにくい状況。少々時計掛かる水準。出遅れた馬の方が多い。最内から促しアスクシュタインがジワッと先頭に立つが、やや掛かり気味。落ち着かせながらペースをコントロールし、アスクシュタインが後続に３馬身離してのリード。３コーナー手前辺りから後続もジワジワ差を詰めてきたが、直線に向いても逃げるアスクシュタインは危なげなさそうな手応え。あっと言う間に引き離し、最後まで手応え十分に凌ぎ切った。離れた２着には４番手から早めに外仕掛けて動いたゴ        
01242209121107118121120                                                                                                                                                                       (*3,8)(5,12)(6,10)9(2,4)(1,11)7                                 (*3,8,12)(5,6,10,9)-(4,11)(2,1)7                                0       1131131113311133パサパサに乾いて砂煙上がるが、時計は標準並み。上がりは掛かるが先行有利馬場。若干バラついたスタート。内から押してスコーピオンが一歩優勢、リーゼントミニーが２番手で併走。テンクウフラワーも加わり、３頭が横一線で並んだま直線へ。直線で粘り込むテンクウフラワーに、外から早め接近してきたアマルナが猛追。そして２列目追走から馬群を捌いてガビーズシスターが鋭く反応、最後はガビーズシスターが楽に抜けきった。２着はアマルナ、３着テンクウフラワーで入線。４着以下は物足りない走破タイム。                                    
01242210128111117122120119115117121126                        (*6,12)(1,8)11-9-5-7-3,10-4,2                                   (*6,12)8,1,11-9-5-7-3,10-4,2                                    (*6,12)(8,11)1-9-5-7,3-10(4,2)                                  6(12,11)(8,9)1(5,7)3-10-(4,2)                                   0 2222222212212223322233馬場の内は踏みこなれて、土煙上がるほどに芝が剥げているが、馬場の外は伸びにくい状況。少々時計掛かる水準。比較的横並びで揃ったスタート。真ん中からクレバーテーストが楽に出てきて、１コーナー先頭に立つ。まずまず速い流れで進むが、２コーナーでストップザタイムが２番手でついて回る。隊列は全体に縦長。３コーナー過ぎからパトリックハンサムが先行２頭に絡んできて、直線クレバーテーストに並び掛ける。その真後ろからタンゴバイラリンが接近し、ゴール前３頭の叩き合いとなったが、僅かに最低人気パトリックハンサムが差し切        
01242211120104109113115119                                                                                                                                                                    4,7(2,11,14)(9,16)(1,15)(5,10)(6,13)(8,12)3                     4(2,7)11(1,9,14)16(5,15)10,6(8,13,12)3                          0       2212212223322233馬場の内は踏みこなれて、土煙上がるほどに芝が剥げているが、馬場の外は伸びにくい状況。少々時計掛かる水準。比較的横並びで揃ったスタート。内から促しカンティーユが今回も逃げる。２番手にカルネアサーダが続く。あまり先頭で競り合ってはいないのに、だいぶ速いペースで進行。好位勢も追い上げは躊躇している中、２列目の内にいたプルパレイが早めに先頭に迫る。直線の序盤に逃げ馬に並んであっさり交わす。内を回ってソウテンとエイシンフェンサー、その外からダノンマッキンリー、大外からキミワクイーンが猛然と迫る。しかしプル        
01242212069109119125122123128128136                           (*1,3,9)-12(8,10)-11,7,2,4-5,6                                  1(3,9)-12,10-8,11(2,7)-4=5-6                                    1(3,9)8-10,11(12,2,7)=4-6=5                                     (*1,8)3-(9,2,7)10,11-6-(12,4)5                                  0 1131131131131113311133パサパサに乾いて砂煙上がるが、時計は標準並み。上がりは掛かるが先行有利馬場。バラついたスタート。最内で好スタートを決めたタクシンイメルが１コーナーで先頭に立つ。ピッタリ真横にイッツオンリーユーとダイタジャスティスが続く。３頭並んで進んで後続を引き離し、隊列も縦に伸びる。まずまず速いペースで進行。好位勢にタイセイミッションが強気に迫り、直線でとうとう逃げ馬に並び掛け、半ばで力強く押し切った。一杯に粘り通したタクシンイメルが２着を確保、遅れて足を伸ばしてきたドッピアーコが３着に浮上。                        
04243201                                                      7=3,11-(5,6)-(1,10)-2-9-(8,4)                                   7=3-11-6-5,1(2,10)-9=(8,4)                                      7-3-11=6,2-(1,5)-10-9=8                                         7,3-11=6,2(1,5)-10,9=8                                                                  馬場内側の蹄跡は増えてきたが、まずまず速い時計が出る馬場。若干バラついたスタート。好スタートを決めたヴァトレニが最初の障害飛越を無事にクリアし、手綱抑えながらも先頭に立つ。２番手にアメリカンピースとサトノレギオン、その外にスズノイナズマが続くが、スタンド前では後続もあまり離されず一団で固まって進行。ゴール板を過ぎてからジワジワとヴァトレニが後続を引き離し始め、スズノイナズマとアメリカンピースが並んで追いかける。半数の馬が先頭から大きく水を空けられ、２周目３コーナーでは前行く３頭にほぼ絞られる。ア        
04243202129116132135124124128123129                           9,11(3,6)(1,5,8)(4,12)10,2-13,14-(7,15)                         9,11(3,6)(5,8)(1,4,12)10,2(13,14)=15,7                          (*9,11)(3,5,6)(1,4,8)(2,10,12)14,13=15=7                        (3,5,*9,11)6,4,2(1,8)(10,12)13,14=15=7                          5 1131131131131133311333パサパサに乾いて砂煙上がるが、時計は標準並み。先行有利馬場。若干バラついたスタート。真ん中から抑え気味にキタノマキシムがスンナリ先手、その外にラキアレクサンダーが続く。序盤はゆったり入ったがまずまずのペースで進行、先行集団はほとんど差なく固まって進む。後続の仕掛けも無いまま４コーナーに差し掛かった際、逃げていたキタノマキシムが急に外へ張り出しラキアレキサンダーとカレンタクトを押し出してしまう。逃げ馬が外へ張った内を掬って、ミスサラワクとコスモフレディが進出。直線に向いて詰まることなくコスモフレデ        
04243203124104111120123116124                                                                                                                                                                 (*6,7)8(2,5)9(11,12)13,1,10-14-3,4                              (*6,7)8(2,5)9(11,12)(1,13)-14,10,3,4                            0       2212212221122211馬場内側の蹄跡は増えてきたが、まずまず速い時計が出る馬場。バラついたスタート。６頭ほどが並んでいたが、内から押っ付けてイノキが主張。被せるようにリュウノヒルドが出てきたが、イノキに譲って２頭で併走。やや速い程度のペースで進行し、隊列も少しバラけ気味。促しながらの手応えだが、イノキが直線に向いて２番手以下にリードをつける。内を捌いてジワジワ伸びてきたキョウエイボニータが、ゴール手前で粘るイノキを交わして伸び勝った。イノキも良く粘ったが２着、外を回って渋太く脚を伸ばしたメイリーが３着に入線。                
04243204119108118126120131                                                                                                                                                                    5(7,15)3(6,12)(1,13)4(2,14)-(9,11)10                            5,7(3,15)(1,6,12)13,4(2,14)11,9,10                              0       1131131133311333パサパサに乾いて砂煙上がるが、時計は標準並み。先行有利馬場。若干バラついたスタート。ダートに進入しても４頭ほどが並んで争っていたが、かなり押してレッドレナートが強気に先手を奪い、ペイシャツネが２番手で続く。しかし争っていた割に前半のペースはそこまで厳しくはなく、先団が９頭ほど固まったまま直線に向く。直線入口に向いてからジワジワとリードを広げたレッドレナートが、最後まで脚色衰えず力強く押し切った。２番手ペイシャツネにその内からゴールデンオスカー、その外に交わしてフジゴウキャクがジワジワ接近。しかし        
04243205123110120127127120112119                                                                                                                                                              (*3,9)(6,12)10,13-4,11-2,7,8(1,5)                               (*3,9)(6,10,12)(4,13)11,2,7,8-(1,5)                             3       2212212221122211馬場内側の蹄跡は増えてきたが、まずまず速い時計が出る馬場。バラバラのスタート。内から押してブルドッグキングが先手を奪い、すぐに手綱引っ張ってペースを落とす。３コーナー過ぎで先行集団が固まって進行し、直線に向いてもまだ強気には仕掛けていない。２列目の内からココアミュレット、外３番手から渋太く粘るマイネルチケット、後方待機から外を回って足を伸ばしてきたマスカレードボール。少しモタれながらも外のマスカレードボールが最後優勢になり、渋太く伸び勝った。マイネルチケットが２着、中団から内を突いて最後脚を伸ば        
04243206127110114122124121115115121                                                                                                                                                           18(6,11)8,5(4,12)14(1,3)9(16,10)(7,15,17)(2,13)                 18(6,11)(5,8)(4,12)(1,3,14)(16,9)(7,10)(15,17)2,13              3       2212212221122211馬場内側の蹄跡は増えてきたが、まずまず速い時計が出る馬場。バラバラのスタート。大外枠のエイシンポリシーが好スタート、内から突っ張ってくる各馬を制すように先頭に躍り出る。２番手に出鞭をくれて出てきたバロサント、その内にユウキヒャクバイが続く。ペースは途中でゆったり落ち着いて進行し、先頭のエイシンポリシーは単騎で全く絡まれず。直線に向いて悠々二枚腰を発揮し、最後まで態勢有利を維持。外からカンデラリアが渋太く伸びてきたが、最後まで横に並ばせることなく押し切った。カンデラリアは良く伸びてきたが２着、３着        
04243207128113120124128127124116110113                                                                                                                                                        (*11,10)8,4(1,9)(6,7)(3,5)2                                     (*11,10)(1,4,8)9(3,6)(5,7)2                                     3       2212212221122211馬場内側の蹄跡は増えてきたが、まずまず速い時計が出る馬場。出遅れ多数、バラバラのスタート。８枠２頭がジワッと進出し、ネッロランパンテが先手を奪う。２番手にジオセントリックが続くが、逃げ馬とは競り合わず落ち着いたペースに合わせる。先行集団５頭と後方の６頭が３コーナー手前で合流、ほぼひとかたまりとなって、みな手綱絞ったまま直線へ向く。ジオセントリックが非常に良い手応えで直線楽に先頭に立ち、鞍上の叱咤に応えグイグイ抜けきる。遅れて内を捌いてトライデントスピアが伸びてきたが、ジオセントリックがさらに引き        
04243208130118131135128123126117121                           (*11,14)(4,10,15)(1,9,13)(5,12)2,8,6-3                          11,14,4(10,15)(1,13)(5,9)(2,8,12)-(3,6)                         11,14(4,15)(10,13)(1,9)(5,12)(2,8)6-3                           11(14,15)4(10,13)(1,9)5,12(2,8)6=3                              5 1131131131131133311333パサパサに乾いて砂煙上がるが、時計は標準並み。先行有利馬場。比較的横並びで揃ったスタート。外枠各馬の行き脚が良くて、ウィンドフォールがジワッとゴール板を過ぎて先頭に躍り出る。２番手にインオービットが続き、外枠各馬がほぼ先団を固めて進行。ペースが未勝利戦以上に遅く、相当ゆったりした流れ。楽な先行勢は４コーナー途中からスパート開始、直線に向いてもウィンドフォールは二枚腰を発揮し引き離すばかり。２列目内からキャネルが迫っているが、全然差が詰まって来ない。最後まで危なげなく、ウィンドフォールが押し切った        
04243209125113118122122117111112118                                                                                                                                                           2,5-(6,9)(4,12,13)(3,8)7(1,10)11                                2,5-(6,9)(3,4,8,12)13(7,10)1,11                                 4       2212212221122211馬場内側の蹄跡は増えてきたが、まずまず速い時計が出る馬場。若干バラついたスタート。内からジワッとロムネヤが単独で先頭に立つ。２番手にタケトンボ、その内にヴィゴラスダンサーが続く。４番手以下が固まって進むが、先頭は競り合いもなくスンナリした展開。直線に向いても粘りを見せるロムネヤ、食らいつく２番手２頭。馬群の外を回って鋭く伸びてきたテウメッサが、あっという間に先頭のロムネヤを捉える。断然の脚色でテウメッサが伸び勝った。逃げたロムネヤが２着を確保、タケトンボが僅差の３着争いを凌いだ。前にいった３頭は        
04243210117101103108115                                                                                                                                                                                                                                                                                                       0                  22211馬場内側の蹄跡は増えてきたが、まずまず速い時計が出る馬場。スタート揃わずバラついた。５頭が横並びで出てきたが、真ん中からペイシャカレンが強気に先頭に躍り出る。２列目から早めにカフジテトラゴンが先頭に並び掛けてきて、２頭が一旦リード。残り２００ｍでカフジテトラゴンが先頭に躍り出る。馬群外を回る馬の反応は一息のまま、外ラチ沿いからクムシラコが狭い間を通し、ゴール寸前で伸び勝った。カフジテトラゴンが２着、２列目追走から脚を伸ばしたスリーアイランドが３着。案の定好タイムでの決着で、外枠２桁馬番の馬が上位        
04243211125109120123119112109112                                                                                                                                                              15(4,18)(14,17)2(8,13)10(3,16)(12,9)(1,5)-(11,6)7               15(4,18)(14,17)2(8,13)(3,10,16)(12,9)(1,5)(11,6)7               3       2212212221122211馬場内側の蹄跡は増えてきたが、まずまず速い時計が出る馬場。若干バラついたスタート。行き脚良くトゥードジボンが単独で先手を奪い、２番手にラインベックが進出するが、先頭に並びかけてはこない。だいぶゆったりしたペースで進行し、直線に向いてもまだしばらく動きがない。残り４００ｍでやっと馬群が横一線になり、外を回る差し馬も渋太く伸びてきたが、逃げているトゥードジボンはまだ楽な手応え。一杯に粘りを見せ、最後まで振り切れた。好位でついて回ったディオが２着に浮上。後方から大外を回って伸びてきたジュンブロッサムは        
04243212121109114124119127                                                                                                                                                                    5,15(8,12)(7,10,13)(4,2,11)(3,1,9)-6=14                         5,15,8(7,12,13)10(2,11)(3,1)(4,6,9)=14                          0       1131131133311333パサパサに乾いて砂煙上がるが、時計は標準並み。先行有利馬場。バラバラのスタート。ダートに進入して内からシークレットヴァウが突っ張って出る。大外枠のサフランヒーローが２番手、案の定ここでも落ち着いたペースで進行。直線に向いて粘る２頭が馬体をピッタリ併せて粘り、後続との差をジワジワ引き離す。完全に一騎打ちの様相。最後まで続いた叩き合いは、サフランヒーローが一歩前に出て凌いだ格好。シークレットヴァウは２着、離れた３着には好位３番手で追走していたレイデルマールが流れ込んだ。３着以下は走破タイム平凡。            
07242201126109112115119120117123                                                                                              (*3,4)5(6,7)8,2-1                                               3-4-5(6,7)8-2-1                                                 3,4-(5,7)6,8-2-1                                                0    1111111111111111111開幕週で芝の状態は良好。少頭数での２歳未勝利戦で人気は上位４頭で拮抗。ニ脚の速かったメイショウツヨキが、オンザムーブに行かせて２番手追走から４角で前に並び掛けて抜け出す。先手を主張したオンザムーブは早めに交わされるも大きくはバテずに２着は確保。人気のバダジェフスカは中団も３角過ぎではムチが入って直線の伸びはジリジリに。                                                                                                                                                                                            
07242202125105117123122130                                                                                                                                                                    16(2,6)14,1,10,11-(9,15,13)(8,5)-(4,7)-3,12                     16-(2,6,14)1,10-(9,15)11(8,5,13)-(4,7)-3-12                     0       2222222222222222ダートは乾いてパサパサ。輪乗りで砂ホコリの舞う状態。フルゲートでの３歳未勝利戦でララバッカナールが一応の人気。大外からエブリモーメントがジワリと先手。好発を決めた人気のララバッカナールが好位から４角では前を射程圏に入れて直線半ば過ぎで捉える。エブリモーメントは交わされて脚色鈍りゴール前でエピファドールにも捉えられる。                                                                                                                                                                                              
07242203124104121120119122119117118122                        (*5,10)(3,7)17,6,13(1,16)14(11,15)(12,18)2(4,8)-9               (*5,10)(3,7)(6,17)-13,1,16,14-(11,15,18,8)(12,2)4-9             (*5,10)(3,7,17)(6,13,16)8(1,4)(14,2)(12,11,18,15)-9             (*5,10)(3,7)(6,13,17,16)(1,8,4)14(12,2,15)11-18-9               0 1111111111111111111111開幕週で芝の状態は良好。フルゲートでの３歳未勝利戦で人気は割れる。先手を主張したレディーヴァリューが引き付けての逃げで一団での競馬。４角で一旦後続に詰め寄られるも直線ひと伸びして休み明けながら快勝。人気薄のアクイローネが３角外から進出で長く脚を使って２着に。直線内を突いたマイネルコモドーアがゴール前で３着に浮上。                                                                                                                                                                                                  
07242204071110116133134120127135130131                        12(8,10,11)(2,9,13)(4,16)(1,5,14)(7,15)3-6                      12,10(8,11)(9,13)2,4,5(1,14)7(15,16)3-6                         (12,*10,11)13(8,4,3)5,2,15,7-(6,16)9(1,14)                      (12,*10,11)(8,4,13)5-(2,7,3)-15,6=16(9,1)14                     5 2222222222222222222222ダートは乾いてパサパサ。輪乗りで砂ホコリの舞う状態。フルゲートでの３歳未勝利戦でヘニーズネフューが一応の人気に。先行争いが激しくなった上、向正面で捲る馬がいたりして出入りの激しい流れで直線はバテ合いに。道中中団の後にいたミグラテールが減量利もあり直線の戦線を先着。人気のヘニーズネフューは道中シンガリ。直線は外に出して追い上げるも掲示板がやっと。                                                                                                                                                                  
07242205129117133130132130131122109109                        9,8,4,5,3,7,6,1,2                                               9,8,4,5,3,7(6,1)2                                               9(8,5)(4,7)(3,1)(6,2)                                           9(8,5)(4,7,1)(3,2)-6                                            3 1111111111111111111111開幕週で芝の状態は良好。落ち着いた頭数での２歳新馬戦でカムニャックが抜けた人気に。大外からソードナイトが先手もペースは上がらず１０００ｍが６４．１秒のスローの流れ。直線の決め手勝負で、下げて外に出した人気のカムニャックが３角からジワリ進出ええ直線抜け出し完勝。内に拘ったホウオウレイヴンと出遅れながらも勝ち馬目標に外から伸びたルージュシークエルが２着同着。                                                                                                                                                        
07242206122108112122126124134                                                                                                                                                                 (3,*16,11)(7,8,13)12(5,10,14)2,6-15,4-9=1                       (3,*16,11)(7,8)(12,13)5(10,14)(2,6)15,4-9=1                     0       2222222222222222ダートは乾いてパサパサ。フルゲートでの３歳未勝利戦で人気は三つ巴。内から二脚でブレイブハートマンが先行も、好発のクインズアトリアが追いかけてハナ併走。４角手前で人気のエイシンコクスンが加わり３頭雁行に。直線に入ってエイシンコクスンが抜け出す。初ダートで適性の高さを示した。先行馬での決着で、人気の１頭のノイヤーヘルトはスタートの芝の部分でモタ付き、直線差は詰めるも４着まで。                                                                                                                                      
07242207125109120121119121119119115120                        5-3(1,9)8-7,2-6                                                 5-(1,3)9,8-7,2-6                                                5(3,9)1(6,7,8,2)                                                5(3,9,8,2)1,7,6                                                 0 1111111111111111111111開幕週で芝の状態は良好。少頭数での３歳上１勝クラスで人気は拮抗。ブラックサンライズが先手。後続をやや離して速いペースで逃げるも３角過ぎから各馬ペースを上げて一団に。直線は横に広がっての追い比べで減量騎手騎乗のローザサンリヴァルとブロッケンボウが馬場の外から伸びる。人気のクワイエットホークは斤量差大きく切れ負け。                                                                                                                                                                                                    
07242208131117123126125127128126128                           (5,*13)9(3,4,12)-7,8,2(6,10)11-1                                13,5(3,4,9)12-7,8(2,6,10)-11-1                                  13,5(3,9)(4,12)(7,8)6,10,11,2-1                                 (*13,5)9,3(4,12)(7,8,6)-(11,10)2,1                              0 2222222222222222222222ダートは乾いてパサパサ。手頃な頭数での３歳上１勝クラスで休み明けながらルシュヴァルドールが抜けた人気に。大外からニホンピロマリンバが掛り加減に２角手前でハナ。２番手に取り付いたグーヴェルナイユが４角で前に並びかけ、鞍上がムチを落とすみ直線渋太く粘って押し切る。好位追走のキングオブフジは直線勝馬と脚色同じも渋太く。人気のルシュヴァルドールは好位で前見ながらも追われて反応鈍く。                                                                                                                                    
07242209123108111110118120116118                                                                                              (*2,4)1-3,6,7(5,9)(8,10)                                        4,1-2-6,3(5,9)7-8-10                                            4-1,2(3,6,9)(7,5)8-10                                           0    1111111111111111111開幕週で芝の状態は良好。落ち着いた頭数での３歳上１勝クラスの特別戦でベラジオボンドが抜けた人気に。二脚でザパリスマッチが先手も２角で掛り加減にゴーマックスとアンジョルラスが前を交わして速い流れに。人気のベラジオボンドは出たなりで道中はシンガリ。４角大外から進出で他馬より１秒近く速い上がりで一気に差し切る。マイルならクラス上がっても通用。好位を巧く立ち回ったダイシンビヨンドが２着に。人気の１頭ジャズは後方からも末脚不発。                                                                                      
07242210128111125126127128131123125                           1-3,9-8,10(6,7)4-2-5                                            1=3,9-8,10(6,7)4,2,5                                            1-(3,9)(8,7,2)10,6(4,5)                                         1,3(9,7,2)(8,10,5)6,4                                           2 2222222222222222222222ダートは乾いてパサパサの状態。落ち着いた頭数での３歳上３勝クラスの特別戦でフレンチギフトが人気も上位４頭で拮抗。内からグラストンベリーが先行主張で後続をやや離しての逃げ。３角では逃馬を除いて一団に。２番手追走のメイショウカゲカツが４角で逃馬捉えて粘り込むも、道中中団で勝負所で仕掛け遅れたかも思われたオシゲが直線外に出して決め手発揮で抜け出す。人気のフレンチギフトは４角好位も終われて伸びは案外。                                                                                                                
07242211123104116116117118116117118120                        6-10-(4,7)5(2,11)-1,9,8,12-3                                    6=10-7,4-5(2,11)-1,9,8,12,3                                     6-10(4,7)5(2,11)(1,9)(8,12)3                                    6-10(4,7)5-(2,11)(1,9)(8,3,12)                                  0 1111111111111111111111開幕週で芝の状態は良好。サマー２０００シリーズ２戦目のハンデ戦。人気は上位４頭で拮抗。テーオーシリウスが速いペースで後続をやや離して逃げるも４角では一杯に。外からやや離れた２番手のコスタボニータが埒沿いピッタリを回って４角先頭で押し切る図るも、人気のリフレーミングが直線は外に出し、ゴール前でが内にササリながらも差し切ってレコース勝ち。人気の１頭のディープモンスターはハンデが堪えた。                                                                                                                            
07242212118105111114110115                                                                                                                                                                    9,4(1,6)(5,7)(2,8)10,3                                          9(1,4)(5,6)2(10,7,8)3                                           0       1111111111111111開幕週で芝の状態は良好。落ち着いた頭数での３歳上２勝クラスの特別戦で上位人気は拮抗。１番人気に支持されたロードトレゾールが外から先手。やや速いペースで逃げて直線粘り込み図るもひと踏ん張り利かず。道中内ピッタリを回ったヤマニンアンフィルが直線も内埒ピッタリを伸びて抜け出す。逃馬見ながらだったテーオースパローが決め手の差で２着に。                                                                                                                                                                                    
