0621150101 10.0  0.1 -1.0  0.0  0.0  0.0  9.100010570石川裕紀人　5600101 155.3  32.00956432+ 6                                
0621150102 23.0  0.2  0.0  0.0  0.0  0.0 23.210010604原優介　　　5303101  25.8   3.00956472  0                                
0621150103 35.0  1.4  2.2  2.5  2.2  0.0 43.310070176Ｍ．デムーロ5600101  11.4   2.60956428+ 2343                             
0621150104 38.0  2.4  3.7  3.0  3.6  0.0 50.702010416吉田豊　　　5400101   4.0   1.20956462+ 6211                             
0621150105 12.0  0.6  0.0  0.0  0.0  0.0 12.600010590横山武史　　5400101  47.3   7.40956460  0 9                              
0621150106 20.0  0.1 -1.0  0.0  0.0  0.0 19.112010444武士沢友治　5400101 118.7  18.70956450- 4                                
0621150107 33.0  1.0  2.2  1.5  2.3  0.0 40.000010516大野拓弥　　5600101  13.9   2.10956460- 6534                             
0621150108 10.0  0.0  0.0  0.0  0.0  0.0 10.000010603小林脩斗　　5303101 113.9  19.20956478                                   
0621150109 20.1  0.1  0.0  0.0  0.0  0.0 20.212010412岩部純二　　5400101  61.4   6.50956414- 8                                
0621150110 14.0  0.4 -1.0  0.0  0.0  0.0 13.400010537丸田恭介　　5400101  46.0   5.60956464+ 2                                
0621150111 10.0  0.9  2.8  0.0  2.1  0.0 15.800010582木幡巧也　　5600101  16.3   3.10956496- 4 5                              
0621150112 34.0  2.7  2.6  3.5  2.4  0.0 45.200010542三浦皇成　　5600101   2.0   1.10956510+ 2122                             
0621150113 22.0  1.2  0.0  2.0  0.0  0.0 25.200010375江田照男　　5600101  11.0   2.10956432- 44 6                             
0621150114 10.0  0.0 -1.0  0.0  0.0  0.0  9.000010513高野和馬　　5600101 188.0  37.90956470- 8                                
0621150115 21.0  0.2  0.0  0.0  0.0  0.0 21.200010577野中悠太郎　5600101  26.5   3.30956488  0                                
0621150116 26.0  0.5 -1.0  0.0  0.0  0.0 25.500010462北村宏司　　5400101  23.6   4.50956460  0  5                             
0621150201 17.0  0.1  0.0  0.0  0.0  0.0 17.112010528的場勇人　　5600101 151.4  36.51026476  0                                
0621150202 10.0  0.0 -1.0  0.0  0.0  0.0  9.010010577野中悠太郎　5600101 109.6  10.51026492+ 2                                
0621150203 23.0  0.0 -1.0  0.0  0.0  0.0 22.000010603小林脩斗　　5103101  84.7  26.31026426+ 4                                
0621150204 27.0  0.4  0.4  0.0  0.0  0.0 27.800010429柴田大知　　5600101  23.8   4.51026488  0                                
0621150205 12.0  0.3  0.0  0.0  0.0  0.0 12.300010507津村明秀　　5600101  53.8  10.31026410+ 2                                
0621150206 18.0  0.0  0.0  0.0  0.0  0.0 18.000010604原優介　　　5303101 128.3  26.51026456- 2                                
0621150207 25.0  0.3  0.0  0.0  0.0  0.0 25.300010539伊藤工真　　5600101  13.7   3.31026472- 2                                
0621150208 24.0  0.2  0.0  0.0  0.0  0.0 24.200010582木幡巧也　　5600101  39.2   9.11026476+16                                
0621150209 38.0  1.9  2.1  2.5  3.6  0.0 48.100010547丸山元気　　5600101   5.5   1.61026498+ 4311                             
0621150210 32.0  2.1  1.7  3.5  3.2  0.0 42.510010542三浦皇成　　5600101   3.3   1.51026516- 4133                             
0621150211 33.0  0.6  1.0  0.0  2.4  0.0 37.002010375江田照男　　5600101  11.7   2.71026488- 2 44                             
0621150212 34.0  2.3  2.1  3.0  3.4  0.0 44.800030113内田博幸　　5600101   4.7   1.31026500- 2222                             
0621150213 20.0  0.0  0.0  0.0  0.0  0.0 20.000010554嶋田純次　　5600101  91.4  20.91026414-12                                
0621150214 15.1  0.6  1.1  0.0  0.0  0.0 16.810010516大野拓弥　　5600101  23.4   4.11026452- 2                                
0621150215 30.0  0.9  1.9  1.5  0.0  0.0 34.302010537丸田恭介　　5600101  16.9   3.31026466  05 6                             
0621150216 29.0  1.8  4.0  2.0  0.0  0.0 36.800010416吉田豊　　　5600101   6.0   1.81026508+ 2495                             
0621150301 28.0  0.9  1.7  0.0  0.0  0.0 30.602010491田辺裕信　　5600101  15.5   3.01055496+ 2  6                             
0621150302 24.0  0.1  0.0  0.0  0.0  0.0 24.100010577野中悠太郎　5600101  89.6   9.21055456+ 8                                
0621150303 39.0  3.1  2.3  3.0  2.3  0.0 49.700030113内田博幸　　5600101   4.6   1.21055468- 8242                             
0621150304 38.0  0.8  2.1  2.0  3.0  0.0 45.900010582木幡巧也　　5600101   7.7   1.61055458- 4423                             
0621150305 19.0  0.1  0.0  0.0  0.0  0.0 19.100010444武士沢友治　5400101 213.3  37.91055466+12                                
0621150306 13.0  0.3  0.0  0.0  0.0  0.0 13.300010429柴田大知　　5400101 103.9  18.91055470- 2                                
0621150307 22.0  0.1 -1.0  0.0  0.0  0.0 21.110010554嶋田純次　　5400101 132.7  15.41055430- 4                                
0621150308 25.0  0.2  0.0  0.0  2.2  0.0 27.400010539伊藤工真　　5400101  58.6   7.91055460- 2 5                              
0621150309 10.0  0.2  0.0  0.0  0.0  0.0 10.200010507津村明秀　　5400101  30.6   6.31055434+ 4                                
0621150310 10.0  0.0  0.0  0.0  0.0  0.0 10.000010555杉原誠人　　5600101 236.4  51.01055402+12                                
0621150311 40.0  2.9  2.9  3.5  3.6  0.0 52.900010375江田照男　　5600101   2.3   1.11055498- 2111                             
0621150312 10.0  0.3 -1.0  0.0  0.0  0.0  9.310010516大野拓弥　　5400101 134.1  20.01055446- 4                                
0621150313 10.0  0.2 -1.0  0.0  0.0  0.0  9.200010349蛯名正義　　5400101 106.9  14.31055450- 4                                
0621150314 32.0  1.4  2.6  1.5  2.1  0.0 39.610010412岩部純二　　5600101   9.3   2.21055490+ 2564                             
0621150315 10.0  0.2 -1.0  0.0  0.0  0.0  9.212010537丸田恭介　　5600101  29.5   4.41055482+ 2                                
0621150316 25.1  1.4  3.2  2.5  2.4  0.0 34.610010542三浦皇成　　5400101   5.6   1.61055444- 4335                             
0621150401 10.2  0.2 -1.0  0.0  0.0  0.0  9.400010537丸田恭介　　5400101  52.2  11.41129432                                   
0621150402 22.6  0.5  1.2  0.0  0.0  0.0 24.300010429柴田大知　　5400101  14.5   3.71129468     6                             
0621150403 10.0  0.2 -1.0  0.0  0.0  0.0  9.200010349蛯名正義　　5400101  36.1   7.91129432                                   
0621150404 20.0  0.4  0.8  0.0  0.0  0.0 21.200010551西村太一　　5400101  21.8   5.01129424                                   
0621150405 11.2  0.9 -1.0  0.0  0.0  0.0 11.100010462北村宏司　　5400101  16.5   4.01129510                                   
0621150406 10.7  0.1  0.0  0.0  0.0  0.0 10.800010555杉原誠人　　5400101  99.1  19.21129440                                   
0621150407 10.6  0.1  0.0  0.0  0.0  0.0 10.700010570石川裕紀人　5400101  34.1   5.91129496                                   
0621150408 27.7  1.5  1.9  2.5  3.6  0.0 37.200010516大野拓弥　　5400101   4.0   1.41129476   313                             
0621150409 27.9  2.1  1.9  1.5  2.3  0.0 35.700010547丸山元気　　5400101   7.7   2.11129446   544                             
0621150410 26.9  1.6  2.0  2.0  2.2  0.0 34.700010590横山武史　　5400101   5.7   1.91129494   455                             
0621150411 10.3  0.0 -1.0  0.0  0.0  0.0  9.300010603小林脩斗　　5103101  92.2  19.51129496                                   
0621150412 28.7  1.4  2.1  3.5  2.4  0.0 38.100010582木幡巧也　　5400101   7.2   2.01129484   132                             
0621150413 11.3  0.2  0.0  0.0  0.0  0.0 11.500010375江田照男　　5400101  34.6   7.51129454                                   
0621150414 10.1  0.1 -1.0  0.0  0.0  0.0  9.200010604原優介　　　5103101  60.2   8.11129434                                   
0621150415 14.3  0.4  0.0  0.0  0.0  0.0 14.700010577野中悠太郎　5400101  31.5   6.31129446                                   
0621150416 39.5  1.9  4.5  3.0  3.2  0.0 52.100010497石橋脩　　　5400101   4.6   1.81129444   221                             
0621150501 20.0  0.2 -1.0  0.0  0.0  0.0 19.210010516大野拓弥　　5600101  96.4   9.81218472-12                                
0621150502 26.0  0.1 -1.0  0.0  0.0  0.0 25.100010577野中悠太郎　5600101 102.0   7.11218458- 6                                
0621150503 28.0  0.2  0.0  0.0  0.0  0.0 28.200010537丸田恭介　　5600101 131.0  16.51218488+10                                
0621150504 16.0  0.1  0.0  0.0  2.4  0.0 18.500010570石川裕紀人　5600101 204.9  21.71218472- 4 3                              
0621150505 35.0  0.4  0.6  0.0  2.2  0.0 38.210010582木幡巧也　　5600101  35.1   4.11218504+12 5                              
0621150506 41.0  0.4  0.0  0.0  0.0  0.0 41.400010444武士沢友治　5400101  64.7   5.11218454+ 6  5                             
0621150507 42.0  2.7  3.1  3.0  3.0  0.0 53.800010429柴田大知　　5600101   6.0   1.11218440- 2222                             
0621150508 33.0  1.2  2.2  2.0  0.0  0.0 38.400010497石橋脩　　　5600101  14.9   1.91218500- 44                               
0621150509 38.9  1.2  3.3  2.5  0.0  0.0 45.910010547丸山元気　　5400101  13.9   1.91218440+ 23 3                             
0621150510 37.0  0.0 -1.0  0.0  0.0  0.0 36.010010603小林脩斗　　5303101 154.1   9.41218462  0                                
0621150511 39.1  0.7  2.9  0.0  0.0  0.0 42.700010542三浦皇成　　5600101  25.5   3.21218482+10  4                             
0621150512 40.0  0.6  0.7  0.0  0.0  0.0 41.302010590横山武史　　5600101  19.8   2.91218462- 6 96                             
0621150513 27.0  0.4 -1.0  0.0  0.0  0.0 26.400030113内田博幸　　5600101  91.2   9.71218464  0                                
0621150514 39.0  0.0  0.0  0.0  0.0  0.0  0.000110604原優介　　　5103101            1218                                      
0621150515 42.1  3.2  4.1  3.5  3.6  0.0 56.500010462北村宏司　　5600101   1.3   1.11218472  0111                             
0621150516 33.8  0.8  1.6  1.5  2.3  0.0 40.010010507津村明秀　　5400101  22.0   2.61218404- 854                              
0621150601 20.9  0.4  0.3  0.0  0.0  0.0 21.600010554嶋田純次　　5400101  27.7   3.61251408                                   
0621150602 15.6  0.2  0.0  0.0  0.0  0.0 15.800010416吉田豊　　　5400101  50.6   7.11251422                                   
0621150603 16.4  0.9  0.0  0.0  0.0  0.0 17.300030113内田博幸　　5400101  20.5   3.41251458                                   
0621150604 15.3  0.1  0.0  0.0  0.0  0.0 15.400010513高野和馬　　5600101  74.4   8.21251442                                   
0621150605 16.0  0.5  0.0  0.0  0.0  0.0 16.500010497石橋脩　　　5600101  39.6   5.11251504                                   
0621150606 24.9  0.8  1.0  0.0  0.0  0.0 26.700010516大野拓弥　　5400101  23.8   3.61251452    93                             
0621150607 15.1  0.1 -1.0  0.0  0.0  0.0 14.200010555杉原誠人　　5400101 115.4  18.51251468                                   
0621150608 15.5  0.6  0.0  1.5  2.2  0.0 19.800010570石川裕紀人　5600101  22.0   3.81251436   55                              
0621150609 16.1  0.7  0.0  0.0  3.0  0.0 19.800010375江田照男　　5600101  30.9   4.31251500    2                              
0621150610 42.9  3.0  4.1  3.5  2.3  0.0 55.800010590横山武史　　5400101   1.7   1.11251452   141                             
0621150611 18.6  1.5  0.0  3.0  2.4  0.0 25.500010507津村明秀　　5400101   6.3   1.71251420   234                             
0621150612 22.9  0.3  0.3  0.0  0.0  0.0 23.503010339横山典弘　　5400101  46.7   6.51251414     5                             
0621150613 18.5  1.1  0.0  2.5  0.0  0.0 22.100010547丸山元気　　5600101   9.0   1.91251460   3 6                             
0621150614 33.2  1.4  2.2  2.0  3.6  0.0 42.402010582木幡巧也　　5600101  11.3   2.01251482   412                             
0621150615 17.5  0.2  0.0  0.0  0.0  0.0 17.700010538宮崎北斗　　5400101 104.8  17.31251474                                   
0621150616 15.7  0.0  0.0  0.0  0.0  0.0 15.700010604原優介　　　5103101 171.1  19.81251386                                   
0621150701 44.5  1.6  2.9  2.5  2.4  0.0 53.910010339横山典弘　　5400101   7.1   1.91321470+ 8334                             
0621150702 39.0  0.4  0.1  0.0  0.0  0.0 39.500010590横山武史　　5500101  20.0   4.11321490  0                                
0621150703 35.0  0.2  0.0  0.0  0.0  0.0 35.200010577野中悠太郎　5500101  36.8   6.81321488+14                                
0621150704 22.0  0.2  0.0  0.0  0.0  0.0 22.200010537丸田恭介　　5500101 126.6  24.41321404- 8                                
0621150705 46.9  0.2  0.1  0.0  0.0  0.0 47.210010349蛯名正義　　5400101  21.0   5.21321462+ 8                                
0621150706 41.0  0.3  0.0  0.0  0.0  0.0 41.302010462北村宏司　　5500101 117.0  19.01321462+ 8                                
0621150707 34.0  0.2  0.0  0.0  0.0  0.0 34.210010416吉田豊　　　5400101 117.4  20.61321470+10                                
0621150708 27.0  0.2  0.0  0.0  0.0  0.0 27.202010375江田照男　　5400101  38.2   7.41321478+ 1                                
0621150709 36.1  1.6  3.1  3.5  3.6  0.0 47.912010547丸山元気　　5400101   5.3   1.81321482+ 8116                             
0621150710 49.1  1.1  2.1  0.0  2.3  0.0 54.612010542三浦皇成　　5500101  17.9   4.11321446  0 42                             
0621150711 49.0  0.4  0.0  2.0  0.0  0.0 51.400010603小林脩斗　　5103101  15.1   3.21321444+ 84 5                             
0621150712 50.0  2.6  3.4  1.5  3.0  0.0 60.500010604原優介　　　5103101   2.7   1.21321472+ 2521                             
0621150713 42.1  1.3  1.1  0.0  2.1  0.0 46.610030113内田博幸　　5400101  11.2   2.51321474+14 6                              
0621150714 38.0  0.2 -1.0  0.0  0.0  0.0 37.210010429柴田大知　　5500101 107.5  15.91321446+ 6                                
0621150715 39.3  0.4  1.1  0.0  0.0  0.0 40.800010582木幡巧也　　5400101  23.0   4.31321440- 4                                
0621150716 48.0  0.9  0.2  3.0  2.2  0.0 54.300010516大野拓弥　　5500101   8.1   2.01321526+ 4253                             
0621150801 53.0  0.4 -1.0  0.0  0.0  0.0 52.400010375江田照男　　5600101  19.5   4.01350462- 8                                
0621150802 43.1  0.8  0.4  1.5  0.0  0.0 45.800010507津村明秀　　5700101   9.7   2.41350504+ 459                              
0621150803 52.9  1.3  1.3  2.0  0.0  0.0 57.500010491田辺裕信　　5700101   6.3   1.81350526+ 64 4                             
0621150804 46.0  0.4 -1.0  0.0  0.0  0.0 45.400010582木幡巧也　　5700101  20.3   4.21350544+ 8                                
0621150805 50.0  0.2  0.0  0.0  3.2  0.0 53.410010349蛯名正義　　5600101  84.8  11.71350510+12 26                             
0621150806 44.0  1.6  3.1  3.5  2.2  0.0 54.400010416吉田豊　　　5600101   4.2   1.81350514+14155                             
0621150807 34.0  0.1  0.0  0.0  0.0  0.0 34.100010554嶋田純次　　5700101  82.8  12.51350520+ 4                                
0621150808 41.0  0.6  0.0  0.0  0.0  0.0 41.610010462北村宏司　　5600101  27.0   5.81350500+12                                
0621150809 51.9  2.7  3.3  2.5  2.3  0.0 62.702010542三浦皇成　　5600101   5.1   1.51350486  0342                             
0621150810 43.0  0.0  0.0  0.0  0.0  0.0 43.002010604原優介　　　5103101 114.3  15.61350462+ 6                                
0621150811 35.0  0.2  1.3  0.0  0.0  0.0 36.500010537丸田恭介　　5400101  60.3   8.01350464+ 4                                
0621150812 35.0  0.0 -1.0  0.0  0.0  0.0 34.010010577野中悠太郎　5600101 119.0  19.91350492  0                                
0621150813 54.0  2.6  3.7  3.0  2.4  0.0 65.700010590横山武史　　5600101   3.5   1.51350458+ 2231                             
0621150814 47.0  0.4 -1.0  0.0  0.0  0.0 46.402010497石橋脩　　　5700101  40.5   6.81350486+ 4                                
0621150815 52.0  0.8  2.1  0.0  3.6  0.0 58.502010444武士沢友治　5600101  17.0   3.01350498+ 4 13                             
0621150901 32.0  0.1  0.0  0.0  0.0  0.0 32.100010444武士沢友治　5400101 163.1  26.41420464+ 6                                
0621150902 33.1  0.2  0.0  0.0  0.0  0.0 33.300010547丸山元気　　5400101  44.2   7.21420422  0                                
0621150903 47.0  2.1  3.1  1.5  0.0  0.0 53.700010590横山武史　　5400101   5.0   1.41420428  0592                             
0621150904 43.9  1.5  3.7  3.0  0.0  0.0 52.100070176Ｍ．デムーロ5400101   4.5   1.61420512+122 5                             
0621150905 25.0  0.2 -1.0  0.0  0.0  0.0 24.200010429柴田大知　　5400101 159.4  27.31420428- 2                                
0621150906 43.0  0.4  0.0  0.0  0.0  0.0 43.400010516大野拓弥　　5400101  44.5   8.51420388-10                                
0621150907 39.0  1.3  1.6  2.0  2.3  0.0 46.200010507津村明秀　　5400101   6.4   2.01420486+ 2446                             
0621150908 42.0  0.7  0.4  0.0  0.0  0.0 43.100010542三浦皇成　　5400101  10.7   2.31420434+ 2                                
0621150909 41.0  0.4  0.0  0.0  2.2  0.0 43.600010570石川裕紀人　5400101  23.6   5.41420424  0 5                              
0621150910 49.0  2.4  2.9  3.5  3.2  0.0 61.000010497石橋脩　　　5400101   3.7   1.31420426+ 4121                             
0621150911 45.1  1.5  1.2  2.5  2.4  0.0 52.702010416吉田豊　　　5400101   7.3   2.01420478- 4333                             
0621150912 46.0  1.4  1.5  0.0  3.6  0.0 52.500010349蛯名正義　　5400101  12.2   3.01420474+ 6 14                             
0621151001 46.0  0.1 -1.0  0.0  0.0  0.0 45.100010577野中悠太郎　5700101  96.6  18.31452474- 2                                
0621151002 56.0  1.6  2.3  3.5  3.2  0.0 66.602010570石川裕紀人　5700101   4.4   1.61452538+ 6122                             
0621151003 51.1  0.6  0.0  0.0  0.0  0.0 51.700070176Ｍ．デムーロ5500101  25.6   6.61452482+ 6                                
0621151004 50.0  0.7  0.3  0.0  2.3  0.0 53.300010491田辺裕信　　5700101  20.3   4.91452480  0 46                             
0621151005 49.1  0.2  0.0  0.0  0.0  0.0 49.302010429柴田大知　　5700101  71.8  12.11452490+ 4                                
0621151006 43.1  0.5  0.0  0.0  0.0  0.0 43.610010339横山典弘　　5400101  29.0   8.51452434+ 6                                
0621151007 53.1  2.3  2.2  2.5  0.0  0.0 60.100010542三浦皇成　　5700101   5.2   1.61452512- 23 4                             
0621151008 56.1  1.8  1.7  0.0  2.2  0.0 61.800010462北村宏司　　5500101  10.8   3.41452520+ 2 53                             
0621151009 56.2  1.4  3.4  2.0  3.6  0.0 66.602010590横山武史　　5500101   6.2   1.81452446- 4411                             
0621151010 44.0  0.3 -1.0  3.0  0.0  0.0 46.300010516大野拓弥　　5700101  14.7   3.81452476+ 62                               
0621151011 53.0  0.2  0.0  0.0  0.0  0.0 53.200010375江田照男　　5400101  32.1   5.91452462+ 4                                
0621151012 42.1  0.3  0.0  0.0  0.0  0.0 42.410010507津村明秀　　5500101  23.5   5.91452472-12 9                              
0621151013 43.0  0.2  0.0  0.0  0.0  0.0 43.202010538宮崎北斗　　5700101  37.6   7.91452508+10                                
0621151014 52.2  0.6 -1.0  0.0  0.0  0.0 51.802030113内田博幸　　5700101  18.8   4.31452460- 2                                
0621151015 49.1  0.8  1.2  0.0  2.1  0.0 53.202010547丸山元気　　5700101  10.4   3.11452500  0 6                              
0621151016 52.0  0.8  0.3  1.5  2.4  0.0 57.002010582木幡巧也　　5700101   8.5   2.41452552+ 6535                             
0621151101 55.2  0.2  0.0  0.0  0.0  0.0 55.410010416吉田豊　　　5400101 102.7  16.11529464+12                                
0621151102 66.2  0.9  2.0  0.0  0.0  0.0 69.100010375江田照男　　5400101  15.2   3.01529498- 4  4                             
0621151103 56.2  0.3  0.0  0.0  0.0  0.0 56.500010429柴田大知　　5200101  30.5   5.01529452-16 9                              
0621151104 68.0  0.2  0.0  0.0  0.0  0.0 68.200010547丸山元気　　5600101  38.2   5.71529512+12  5                             
0621151105 54.1  0.4  1.0  0.0  3.2  0.0 58.700010582木幡巧也　　5500101  40.0   5.91529494+ 6 2                              
0621151106 59.0  0.4  0.0  2.5  0.0  0.0 61.900010590横山武史　　5700101  18.7   4.11529484+ 43                               
0621151107 67.1  3.1  4.3  3.5  3.6  0.0 81.600010542三浦皇成　　5300101   1.7   1.11529482+ 2111                             
0621151108 55.1  0.2  0.0  0.0  0.0  0.0 55.300010555杉原誠人　　5300101  35.9   5.81529478- 8                                
0621151109 62.0  1.2  1.0  1.5  2.4  0.0 68.100010491田辺裕信　　5700101  17.1   2.91529524+ 6536                             
0621151110 64.1  0.6  0.7  0.0  0.0  0.0 65.400010462北村宏司　　5200101  29.1   3.31529430- 4                                
0621151111 50.0  0.2 -1.0  0.0  0.0  0.0 49.200010539伊藤工真　　5000101  70.6  11.11529468+10                                
0621151112 64.3  1.5  2.3  3.0  2.3  0.0 73.400010507津村明秀　　5300101  10.4   2.51529472+ 2242                             
0621151113 61.0  0.8  1.3  0.0  2.2  0.0 65.300010570石川裕紀人　5500101  11.6   2.91529528+14 5                              
0621151114 65.0  0.4  0.0  0.0  0.0  0.0 65.400010537丸田恭介　　5100101  24.5   4.11529414+ 2                                
0621151115 65.2  1.6  2.6  2.0  0.0  0.0 71.400010349蛯名正義　　5300101  14.5   3.21529486- 24 3                             
0621151116 64.0  0.3 -1.0  0.0  0.0  0.0 63.300010339横山典弘　　5200101  19.6   3.71529460- 2                                
0621151201 48.0  0.3  0.0  0.0  0.0  0.0 48.302010507津村明秀　　5500101  30.4   7.51601462- 4                                
0621151202 53.9  1.6  3.7  2.0  2.1  0.0 63.302010547丸山元気　　5400101   6.9   1.81601500+12463                             
0621151203 56.0  0.4  1.0  0.0  0.0  0.0 57.400010416吉田豊　　　5400101  21.2   4.61601466+ 4  6                             
0621151204 56.1  2.3  2.9  3.5  3.6  0.0 68.400070176Ｍ．デムーロ5500101   3.1   1.41601460- 2111                             
0621151205 57.0  0.4 -1.0  0.0  0.0  0.0 56.400010537丸田恭介　　5400101  67.7   9.91601448- 4                                
0621151206 55.0  0.2  0.0  0.0  0.0  0.0 55.200010375江田照男　　5500101  31.5   5.61601468+ 6                                
0621151207 50.1  0.8  0.0  0.0  0.0  0.0 50.902010491田辺裕信　　5500101  22.8   4.71601468+14                                
0621151208 53.0  1.6  4.4  2.5  2.2  0.0 63.702010590横山武史　　5500101   4.6   1.51601472  0352                             
0621151209 54.0  0.7  1.2  0.0  2.3  0.0 58.202010542三浦皇成　　5400101  12.0   2.01601458- 2 45                             
0621151210 56.2  0.7  0.0  0.0  0.0  0.0 56.902030113内田博幸　　5500101  22.4   4.51601474+ 2                                
0621151211 45.0  0.6  0.1  0.0  2.4  0.0 48.100010516大野拓弥　　5400101  27.2   6.01601478+ 2 3                              
0621151212 53.1  1.3  2.0  1.5  3.2  0.0 61.100010339横山典弘　　5400101   6.0   2.11601488+12524                             
0621151213 46.0  0.4  0.0  0.0  0.0  0.0 46.410010462北村宏司　　5500101  61.4   9.91601470-14                                
0621151214 49.6  0.4  0.0  3.0  0.0  0.0 53.000010497石橋脩　　　5500101  17.9   4.01601508+ 22                               
0721150101 14.0  0.8  0.7  0.0  0.0  0.0 15.500010574松若風馬　　5400101  35.0   3.30940434- 2                                
0721150102 14.0  0.6  0.0  0.0  0.0  0.0 14.610010455池添謙一　　5400101  45.7   3.90940420- 2                                
0721150103 17.0  0.2  0.0  0.0  0.0  0.0 17.200010548川須栄彦　　5400101  59.1   4.70940526-12                                
0721150104 36.0  3.1  3.8  3.5  3.3  0.0 49.700030182岩田康誠　　5400101   1.3   1.00940452- 2111                             
0721150105 23.5  0.6  1.5  0.0  2.0  0.0 27.600010522北村友一　　5400101  22.8   2.60940452-12 54                             
0721150106 16.0  0.8  0.8  2.0  2.1  0.0 21.700010546松山弘平　　5400101  16.2   1.80940460- 8446                             
0721150107 21.0  0.4  0.0  1.5  0.0  0.0 22.900010589武藤雅　　　5400101  26.6   2.80940392-125 5                             
0721150108 20.9  2.6  3.2  2.5  2.2  0.0 31.410010419幸英明　　　5400101   6.3   1.30940454- 2332                             
0721150109 21.4  1.6  2.4  3.0  2.3  0.0 30.700010438和田竜二　　5400101   6.7   1.10940442-12223                             
0721150201 19.0  0.7 -1.0  0.0  0.0  0.0 18.700030468戸崎圭太　　5600102  53.3   6.81017504- 2                                
0721150202 25.0  0.1  0.0  0.0  0.0  0.0 25.110010589武藤雅　　　5600102 133.7  28.61017438- 8                                
0721150203 25.0  0.2  0.0  0.0  0.0  0.0 25.210010583坂井瑠星　　5600102  60.4   8.51017440- 6                                
0721150204 35.0  2.3  3.5  3.0  2.2  0.0 46.000070234Ｃ．ルメール5400102   3.9   1.61017450-10232                             
0721150205 24.0  0.2 -1.0  0.0  0.0  0.0 23.210010460太宰啓介　　5600102  92.6  24.21017460+ 8                                
0721150206 34.0  1.0  2.2  1.5  2.3  0.0 41.000010546松山弘平　　5600102   8.4   1.91017456  0524                             
0721150207 32.0  0.9  1.2  0.0  1.9  0.0 36.010010455池添謙一　　5600102  11.6   2.61017466  0 65                             
0721150208 43.0  3.1  3.9  3.5  3.3  0.0 56.800010545国分優作　　5600102   2.7   1.11017472- 2111                             
0721150209 20.0  1.0  0.0  0.0  0.0  0.0 21.000010438和田竜二　　5600102  23.6   4.11017432- 6                                
0721150210 14.0  0.2  0.0  0.0  0.0  0.0 14.200010550高倉稜　　　5600102  48.3  10.71017476- 4                                
0721150211 34.3  1.6  2.4  2.5  2.1  0.0 42.910010594岩田望来　　5400102   9.9   1.91017442- 8343                             
0721150212 22.0  0.1 -1.0  0.0  0.0  0.0 21.110010548川須栄彦　　5400102  58.4  10.11017392  0                                
0721150213 30.0  0.1  0.0  0.0  0.0  0.0 30.100010569城戸義政　　5400102  59.8   6.71017418+ 6                                
0721150214 27.0  0.4  0.0  2.0  2.0  0.0 31.410030182岩田康誠　　5600102   9.9   2.71017456-12456                             
0721150215 14.0  0.2 -1.0  0.0  0.0  0.0 13.200030546藤井勘一郎　5600102  95.0  20.21017470- 2                                
0721150216 26.0  0.3  0.0  0.0  0.0  0.0 26.300010522北村友一　　5600102  14.6   3.51017456- 2                                
0721150301 33.0  0.2  0.0  1.5  0.0  0.0 34.700010589武藤雅　　　5600102  23.9   4.11043452- 85 4                             
0721150302 32.0  0.2  0.0  0.0  2.0  0.0 34.210010583坂井瑠星　　5600102  21.7   4.01043448-10 55                             
0721150303 32.9  1.9  3.1  3.0  2.3  0.0 43.200010546松山弘平　　5600102   3.8   1.11043456+ 2222                             
0721150304 16.0  0.1  0.0  0.0  0.0  0.0 16.100030505岡田祥嗣　　5600102  98.2  17.21043510+ 2                                
0721150305 27.0  0.4 -1.0  0.0  0.0  0.0 26.410010545国分優作　　5600102  34.5   5.91043486+ 4                                
0721150306 29.0  0.2  0.0  0.0  0.0  0.0 29.200010548川須栄彦　　5600102  48.1   5.51043442- 4                                
0721150307 14.0  0.2 -1.0  0.0  0.0  0.0 13.200010460太宰啓介　　5600102 117.1  16.51043472+ 4                                
0721150308 32.2  2.3  3.1  2.0  2.2  0.0 41.810030468戸崎圭太　　5600102   4.7   1.41043496  0433                             
0721150309 19.0  0.2 -1.0  0.0  0.0  0.0 18.210010419幸英明　　　5600102  55.9   6.31043500- 2                                
0721150310 30.0  0.7  0.0  0.0  2.1  0.0 32.810010574松若風馬　　5600102  11.8   3.21043538- 4 46                             
0721150311 14.0  0.4  0.3  0.0  0.0  0.0 14.700010550高倉稜　　　5600102  21.8   5.01043460+ 8                                
0721150312 28.0  0.2  0.0  0.0  1.9  0.0 30.100010561中井裕二　　5600102  23.6   3.31043486-14 6                              
0721150313 33.1  3.4  2.9  3.5  3.3  0.0 46.200070234Ｃ．ルメール5600102   2.7   1.21043472  0111                             
0721150314 20.0  0.8  1.7  0.0  0.0  0.0 22.510030546藤井勘一郎　5600102  53.8   8.61043494+ 4                                
0721150315 20.0  0.1  0.0  2.5  0.0  0.0 22.600010581菊沢一樹　　5501102  21.1   4.41043474- 43                               
0721150316 14.0  0.1  0.0  0.0  0.0  0.0 14.100030378柴山雄一　　5600102 175.4  24.21043494- 8                                
0721150401 40.0  0.8  0.0  0.0  0.0  0.0 40.800030468戸崎圭太　　5600102  14.4   3.11114460  0                                
0721150402 41.1  0.4  1.6  0.0  2.1  0.0 45.210010583坂井瑠星　　5600102  15.9   5.61114468  0 4                              
0721150403 47.0  0.6  0.0  0.0  0.0  0.0 47.610010589武藤雅　　　5600102  24.0   4.41114448- 2  5                             
0721150404 46.0  2.4  2.6  2.5  2.2  0.0 55.700010355武豊　　　　5600102   4.3   1.51114508+ 2332                             
0721150405 37.0  0.8  0.0  2.0  0.0  0.0 39.800010546松山弘平　　5400102   7.7   2.21114498+ 84                               
0721150406 41.0  1.4  2.2  0.0  1.9  0.0 46.500010455池添謙一　　5400102  12.7   3.01114470- 6 66                             
0721150407 45.0  1.6  1.9  3.5  2.0  0.0 54.000010574松若風馬　　5600102   4.8   1.71114462+10153                             
0721150408 45.1  0.6  1.2  1.5  2.3  0.0 50.700010550高倉稜　　　5400102  12.0   2.81114452- 2524                             
0721150409 38.0  0.4  0.0  0.0  0.0  0.0 38.400010522北村友一　　5400102  27.4   6.01114480- 4                                
0721150410 47.3  2.5  2.9  3.0  3.3  0.0 59.000010419幸英明　　　5600102   4.3   1.41114440- 6211                             
0721150411 30.0  0.2  0.0  0.0  0.0  0.0 30.210010562長岡禎仁　　5600102  24.5   4.41114486+ 4                                
0721150412 33.0  1.2  1.9  0.0  0.0  0.0 36.100030018小牧太　　　5400102  21.7   5.31114436+ 4                                
0721150501 36.3  1.4  2.9  2.5  2.0  0.0 45.100070234Ｃ．ルメール5400101   6.4   1.71206460- 4353                             
0721150502 32.0  0.2 -1.0  0.0  0.0  0.0 31.200010583坂井瑠星　　5400101  70.2  10.71206434  0                                
0721150503 32.7  0.7  1.3  0.0  1.9  0.0 36.600010546松山弘平　　5600101   9.9   2.81206474  0 6                              
0721150504 40.0  0.4  0.0  2.0  2.2  0.0 44.600030182岩田康誠　　5600101  12.9   2.31206474+ 6434                             
0721150505 38.0  1.7  0.2  1.5  2.1  0.0 43.500010512川田将雅　　5400101   8.1   2.01206442+ 2545                             
0721150506 20.3  0.2 -1.0  0.0  0.0  0.0 19.500010594岩田望来　　5400101 117.5  19.61206448- 8                                
0721150507 36.0  0.7  2.7  0.0  0.0  0.0 39.400010545国分優作　　5600101  19.1   3.61206484+ 2  6                             
0721150508 35.0  0.4  1.7  0.0  0.0  0.0 37.110010419幸英明　　　5600101  36.0   5.11206450-12                                
0721150509 45.0  2.5  3.4  3.0  3.3  0.0 57.200010435福永祐一　　5600101   3.6   1.41206494  0211                             
0721150510 20.4  0.4  0.0  0.0  0.0  0.0 20.800010438和田竜二　　5600101  41.6   7.01206484+26                                
0721150511 21.0  0.0  0.0  0.0  0.0  0.0 21.010010562長岡禎仁　　5400101 275.2  61.51206418- 6                                
0721150512 41.0  2.6  3.0  3.5  2.3  0.0 52.400010522北村友一　　5600101   3.2   1.31206472+ 6122                             
0721150513 21.1  0.3  0.0  0.0  0.0  0.0 21.400010455池添謙一　　5400101  81.1  16.81206498+14                                
0721150514 33.0  0.1 -1.0  0.0  0.0  0.0 32.110010574松若風馬　　5400101 117.6  18.51206428- 2                                
0721150515 19.0  0.4  0.0  0.0  0.0  0.0 19.400010532荻野琢真　　5600101  26.2   5.41206424+ 2                                
0721150516 31.0  0.7  0.0  0.0  0.0  0.0 31.700030468戸崎圭太　　5400101  55.8   7.41206432- 2                                
0721150601 25.1  0.6  1.0  0.0  0.0  0.0 26.700010455池添謙一　　5600101  16.3   3.81233472                                   
0721150602 27.1  1.0  1.1  0.0  0.0  0.0 29.200010522北村友一　　5400101  25.4   5.71233448     5                             
0721150603 21.7  0.9  0.2  2.5  2.1  0.0 27.400010438和田竜二　　5400101  13.4   3.01233446   346                             
0721150604 15.0  0.2  0.0  0.0  0.0  0.0 15.200010545国分優作　　5600101  22.0   3.91233458                                   
0721150605 30.8  2.0  1.9  3.0  2.2  0.0 39.900010512川田将雅　　5400101   4.2   1.91233498   233                             
0721150606 15.0  0.1 -1.0  0.0  0.0  0.0 14.100010569城戸義政　　5600101 144.8  20.41233430                                   
0721150607 15.4  0.2 -1.0  0.0  0.0  0.0 14.600010584藤田菜七子　5200101  28.5   4.21233410                                   
0721150608 26.7  0.7  1.2  0.0  2.0  0.0 30.600010546松山弘平　　5600101  15.4   3.21233530    54                             
0721150609 15.0  0.6  0.0  0.0  0.0  0.0 15.600010435福永祐一　　5400101  31.7   6.31233422                                   
0721150610 36.0  2.6  2.9  3.5  3.3  0.0 48.300070234Ｃ．ルメール5400101   2.9   1.51233404   111                             
0721150611 15.0  0.4  0.0  0.0  0.0  0.0 15.400030505岡田祥嗣　　5600101  24.3   5.41233518                                   
0721150612 18.1  0.2  0.0  0.0  0.0  0.0 18.300010594岩田望来　　5600101  32.5   4.51233530                                   
0721150613 15.0  0.4  0.0  0.0  1.9  0.0 17.300010589武藤雅　　　5400101  26.6   4.91233406    6                              
0721150614 15.0  0.2 -1.0  0.0  0.0  0.0 14.200030546藤井勘一郎　5400101  46.6   7.21233482                                   
0721150615 35.1  2.2  2.7  1.5  2.3  0.0 43.800030182岩田康誠　　5400101   8.2   2.31233456   522                             
0721150616 18.0  0.3  0.0  2.0  0.0  0.0 20.300010419幸英明　　　5600101  15.4   3.51233488   4                               
0721150701 49.0  3.1  2.7  3.0  3.3  0.0 61.100070234Ｃ．ルメール5600103   4.1   1.61312446+ 4211                             
0721150702 36.2  0.4  0.4  0.0  0.0  0.0 37.000030018小牧太　　　5600103  30.8   5.41312434- 4                                
0721150703 31.0  0.4  0.0  0.0  0.0  0.0 31.410010589武藤雅　　　5400103  87.8  14.91312480- 6                                
0721150704 33.0  0.6  0.9  2.5  0.0  0.0 37.000010550高倉稜　　　5500103   6.8   1.81312474-283                               
0721150705 36.0  0.4 -1.0  1.5  0.0  0.0 36.900010584藤田菜七子　5500103  19.1   3.81312514+185                               
0721150706 30.0  0.4  0.0  0.0  0.0  0.0 30.410010561中井裕二　　5700103  24.4   4.91312520- 2                                
0721150707 37.0  1.0  2.8  0.0  2.0  0.0 42.800010455池添謙一　　5700103  33.0   4.91312494+12 56                             
0721150708 42.2  1.7  1.8  3.5  2.1  0.0 51.310010438和田竜二　　5700103   2.8   1.41312512+20142                             
0721150709 44.0  0.4  0.5  0.0  2.2  0.0 47.100010581菊沢一樹　　5601103  20.6   3.41312468- 4 34                             
0721150710 40.0  0.9  0.3  0.0  1.9  0.0 43.100010419幸英明　　　5500103  18.2   3.21312464+ 4 65                             
0721150711 41.0  2.0  3.8  2.0  2.3  0.0 51.100010522北村友一　　5500103   6.9   1.91312484- 2423                             
0721150712 37.4  0.2  1.7  0.0  0.0  0.0 39.310010548川須栄彦　　5700103  43.6   9.81312516+24                                
0721150713 25.0  0.2 -1.0  0.0  0.0  0.0 24.200010583坂井瑠星　　5700103  48.9   7.51312490- 4                                
0721150714 32.0  0.1  0.0  0.0  0.0  0.0 32.110010562長岡禎仁　　5400103 164.5  34.71312438  0                                
0721150715 35.0  0.1  0.0  0.0  0.0  0.0 35.100010532荻野琢真　　5600103  32.4   4.71312534- 2                                
0721150716 25.0  0.2  0.0  0.0  0.0  0.0 25.200010574松若風馬　　5600103  98.1  16.61312484  0                                
0721150801 53.0  0.4  0.0  0.0  1.9  0.0 55.300030546藤井勘一郎　5500102  38.4   3.71338458+ 8 66                             
0721150802 48.0  0.4  0.0  0.0  0.0  0.0 48.400010584藤田菜七子　5300102  43.3   5.61338446- 4                                
0721150803 40.0  0.2  0.0  0.0  0.0  0.0 40.200010550高倉稜　　　5600102  73.7  11.01338454+11                                
0721150804 40.0  0.1  0.0  0.0  0.0  0.0 40.100010581菊沢一樹　　5601102 172.7  27.61338486+ 6                                
0721150805 48.0  0.2  0.0  0.0  0.0  0.0 48.200010548川須栄彦　　5700102 108.7  16.11338494+ 6                                
0721150806 51.5  1.5  3.7  2.0  2.0  0.0 60.700010438和田竜二　　5400102   8.2   1.61338506+ 6453                             
0721150807 45.0  0.3 -1.0  0.0  0.0  0.0 44.300010460太宰啓介　　5700102  75.9  11.81338502-14                                
0721150808 51.6  1.5  2.5  3.0  2.1  0.0 60.700010355武豊　　　　5700102   7.0   1.61338506+16244                             
0721150809 58.0  1.3  2.9  2.5  2.2  0.0 66.900010562長岡禎仁　　5700102  12.5   1.81338508+ 4331                             
0721150810 49.3  1.2  1.6  1.5  2.3  0.0 55.900010435福永祐一　　5600102   7.2   1.81338512+ 2525                             
0721150811 43.0  0.2 -1.0  0.0  0.0  0.0 42.200010419幸英明　　　5700102  46.9   7.71338482+12                                
0721150812 45.0  0.4  0.0  0.0  0.0  0.0 45.400010574松若風馬　　5700102  31.9   6.21338504+ 6                                
0721150813 53.2  3.4  3.2  3.5  3.3  0.0 66.600070234Ｃ．ルメール5600102   1.7   1.11338476- 2112                             
0721150814 41.0  0.6  0.0  0.0  0.0  0.0 41.600010522北村友一　　5700102  25.7   4.31338558- 4                                
0721150901 46.0  0.8  0.0  0.0  0.0  0.0 46.800030468戸崎圭太　　5400102  24.0   2.91417426- 6                                
0721150902 48.0  0.4  0.0  0.0  0.0  0.0 48.400010546松山弘平　　5600102  23.2   3.51417462+ 2                                
0721150903 46.0  1.3  2.2  2.5  2.0  0.0 54.000010355武豊　　　　5700102   8.4   1.31417500+ 2355                             
0721150904 57.8  3.4  4.6  3.5  3.3  0.0 72.600010435福永祐一　　5600102   1.5   1.11417460+10111                             
0721150905 56.0  2.3  3.5  2.0  2.3  0.0 66.100010512川田将雅　　5700102   8.7   1.61417500  0422                             
0721150906 54.0  2.1  2.9  3.0  2.2  0.0 64.210070234Ｃ．ルメール5700102   6.0   1.21417522- 4233                             
0721150907 45.0  0.4  0.0  0.0  0.0  0.0 45.400010589武藤雅　　　5700102  68.1   6.61417504- 4                                
0721150908 42.0  0.2 -1.0  0.0  0.0  0.0 41.200010419幸英明　　　5700102  75.5  11.11417486+ 2                                
0721150909 49.0  0.6  0.5  1.5  0.0  0.0 51.602010460太宰啓介　　5700102  14.1   3.11417550  05 6                             
0721150910 53.0  0.5  0.0  0.0  2.1  0.0 55.600010522北村友一　　5400102  39.6   4.91417460+ 4 44                             
0721151001 30.0  0.4  0.0  0.0  0.0  0.0 30.400010584藤田菜七子　5400102  74.4  11.01437426+ 2                                
0721151002 43.2  1.1  1.3  0.0  2.3  0.0 47.910030468戸崎圭太　　5400102  10.4   2.11437458- 2 25                             
0721151003 46.0  2.5  3.3  3.0  3.3  0.0 58.100010435福永祐一　　5400102   5.3   1.61437418- 6213                             
0721151004 50.4  2.0  2.8  1.5  2.2  0.0 58.900010512川田将雅　　5400102   7.6   1.91437438+ 2532                             
0721151005 40.0  0.2  0.0  0.0  0.0  0.0 40.200010546松山弘平　　5400102  37.6   6.71437458- 2                                
0721151006 47.0  3.0  3.6  3.5  2.1  0.0 59.200070234Ｃ．ルメール5400102   2.7   1.21437480- 2141                             
0721151007 52.0  0.8  1.6  2.0  0.0  0.0 56.400010368田中勝春　　5400102   6.8   1.81437440+ 2494                             
0721151008 43.5  0.4  0.4  0.0  2.0  0.0 46.300010561中井裕二　　5400102  39.5   6.11437444- 8 5                              
0721151009 43.0  0.6  0.0  0.0  0.0  0.0 43.600010594岩田望来　　5400102  46.8   5.81437448  0                                
0721151010 41.0  0.9  2.1  2.5  0.0  0.0 46.500010355武豊　　　　5400102   4.8   1.71437412- 63 6                             
0721151011 43.0  0.2  0.0  0.0  0.0  0.0 43.210010545国分優作　　5500102  25.5   4.41437438+ 2                                
0721151101 62.0  0.4  0.0  0.0  2.0  0.0 64.410010594岩田望来　　5400102  41.6   9.71517446- 2 5                              
0721151102 59.2  0.4  0.7  0.0  0.0  0.0 60.310010574松若風馬　　5300102  20.0   5.01517472- 8                                
0721151103 59.0  0.3  0.0  0.0  0.0  0.0 59.300010455池添謙一　　5400102  94.8  19.21517504+12                                
0721151104 65.2  0.4  0.0  0.0  0.0  0.0 65.600030182岩田康誠　　5400102  18.2   5.01517504+ 6                                
0721151105 66.2  2.3  2.7  3.5  2.3  0.0 77.000070234Ｃ．ルメール5600102   3.3   1.71517486+10122                             
0721151106 58.0  0.2 -1.0  0.0  0.0  0.0 57.200010522北村友一　　5200102  85.1  16.11517518  0                                
0721151107 62.0  0.4  0.0  0.0  0.0  0.0 62.402010583坂井瑠星　　5500102  19.7   4.31517444+ 2                                
0721151108 61.7  0.2  0.0  0.0  0.0  0.0 61.910010419幸英明　　　5200102  47.3   8.61517470+10                                
0721151109 59.0  0.4  0.0  0.0  0.0  0.0 59.400010546松山弘平　　5300102  21.7   4.51517552-12                                
0721151110 64.3  1.0  1.7  2.0  1.9  0.0 70.900010512川田将雅　　5300102   9.6   2.71517462- 8466                             
0721151111 60.0  0.1  0.0  0.0  0.0  0.0 60.100010324柴田善臣　　5600102  29.4   5.61517478+ 6                                
0721151112 64.7  0.9  2.2  1.5  2.1  0.0 71.400010355武豊　　　　5300102   8.3   2.51517444- 6545                             
0721151113 51.0  0.1 -1.0  0.0  0.0  0.0 50.110030546藤井勘一郎　5300102  60.3  12.51517484-10                                
0721151114 68.1  1.5  1.7  0.0  3.3  0.0 74.600010435福永祐一　　5400102  10.1   2.91517480+10 13                             
0721151115 64.0  1.6  3.5  2.5  0.0  0.0 71.600010438和田竜二　　5400102   8.3   2.11517480+ 23 4                             
0721151116 68.0  0.2  0.0  0.0  0.0  0.0 68.202010589武藤雅　　　5200102  63.1  10.21517468+ 2                                
0721151117 63.0  0.2 -1.0  0.0  0.0  0.0 62.200010584藤田菜七子　5200102  50.5  10.31517516+ 6                                
0721151118 68.2  1.6  3.8  3.0  2.2  0.0 78.800030468戸崎圭太　　5400102   6.5   2.21517444+12231                             
0721151201 58.0  0.2  0.0  0.0  0.0  0.0 58.200010581菊沢一樹　　5501101  25.3   4.41557484  0                                
0721151202 45.0  0.1 -1.0  0.0  0.0  0.0 44.100010324柴田善臣　　5500101 126.2  19.21557448- 4                                
0721151203 50.8  0.8  1.8  0.0  0.0  0.0 53.400010589武藤雅　　　5600101  16.4   4.91557496+14                                
0721151204 60.1  1.6  2.8  2.0  1.9  0.0 68.400010546松山弘平　　5700101   5.3   1.61557492- 4463                             
0721151205 52.0  0.2 -1.0  0.0  0.0  0.0 51.200010545国分優作　　5500101 120.3  15.71557500+ 4                                
0721151206 46.0  0.2  0.0  0.0  0.0  0.0 46.210030378柴山雄一　　5700101  58.1   8.41557530+ 8                                
0721151207 57.0  1.7  2.4  0.0  2.1  0.0 63.200010460太宰啓介　　5700101  14.3   2.91557476+ 4 45                             
0721151208 57.1  1.1  1.2  3.0  2.0  0.0 64.400010522北村友一　　5600101   4.9   1.81557474+ 6254                             
0721151209 50.0  0.1  0.0  0.0  0.0  0.0 50.100010430柴田未崎　　5700101 144.2  22.91557490+ 8                                
0721151210 51.0  0.1 -1.0  0.0  0.0  0.0 50.100010561中井裕二　　5700101 224.5  29.51557536+ 4                                
0721151211 60.0  0.4  0.0  0.0  2.2  0.0 62.600010562長岡禎仁　　5700101  31.8   4.41557536  0 36                             
0721151212 54.0  0.5  0.0  1.5  0.0  0.0 56.000010419幸英明　　　5500101  17.4   2.71557452  05                               
0721151213 48.0  0.4 -1.0  0.0  0.0  0.0 47.410030182岩田康誠　　5700101  98.8  13.11557534+ 2                                
0721151214 62.6  2.9  3.6  3.5  3.3  0.0 75.910010512川田将雅　　5600101   2.8   1.41557468-12111                             
0721151215 51.0  0.2 -1.0  0.0  0.0  0.0 50.200010550高倉稜　　　5700101  68.3   7.71557510+10                                
0721151216 59.2  1.7  3.3  2.5  2.3  0.0 69.000010438和田竜二　　5600101   5.6   1.71557514- 4322                             
1021110101 27.5  1.8  3.3  3.0  0.0  0.0 35.610010536藤岡康太　　5600202   6.4   1.60937504+ 42 5                             
1021110102 22.0  1.5  1.5  2.5  0.0  0.0 27.500010510吉田隼人　　5400202   6.6   2.30937502-163                               
1021110103 13.0  0.4 -1.0  0.0  0.0  0.0 12.400010600団野大成　　5501202  32.5   6.40937468- 2                                
1021110104 39.0  1.4  1.9  1.5  3.5  0.0 47.310010601秋山稔樹　　5303202   5.7   1.60937508- 2511                             
1021110105 31.0  1.4  2.6  2.0  2.4  0.0 39.400010585森裕太朗　　5501202   7.8   2.00937458+ 4423                             
1021110106 17.0  0.3 -1.0  0.0  0.0  0.0 16.300010442勝浦正樹　　5600202 112.9  24.00937574+ 6                                
1021110107 10.0  0.1 -1.0  0.0  0.0  0.0  9.110010529黛弘人　　　5600202  90.5  16.20937482+ 8                                
1021110108 36.0  1.0  0.0  0.0  0.0  0.0 37.000010598斎藤新　　　5501202   8.8   2.20937470- 6  4                             
1021110109 33.0  0.4 -1.0  0.0  0.0  0.0 32.410010515丹内祐次　　5600202  36.1   6.60937486+ 2  6                             
1021110110 33.5  2.6  3.8  3.5  2.3  0.0 45.700010535浜中俊　　　5600202   3.0   1.40937496+14132                             
1021110111 27.0  1.0  1.3  0.0  0.0  0.0 29.300010580荻野極　　　5600202  22.9   4.20937494- 8                                
1021110112 10.0  0.2 -1.0  0.0  0.0  0.0  9.200010596亀田温心　　5501202  63.5  22.20937464+ 6                                
1021110113 20.0  0.2 -1.0  0.0  0.0  0.0 19.210010593山田敬士　　5402202  72.2  12.60937442- 2                                
1021110114 10.8  0.2  0.5  0.0  0.0  0.0 11.510010586川又賢治　　5600202  19.3   4.40937508+20                                
1021110201 42.0  1.4  0.3  0.0  0.0  0.0 43.710010588富田暁　　　5301102  10.5   2.51005410+ 4  3                             
1021110202 40.0  2.5  3.0  3.5  2.2  0.0 51.200010482川島信二　　5600102   3.4   1.51005452- 2131                             
1021110203 37.1  0.8  1.4  1.5  0.0  0.0 40.810010536藤岡康太　　5400102  12.7   2.91005472+ 25 6                             
1021110204 26.0  0.4 -1.0  0.0  0.0  0.0 25.410010597小林凌大　　5303102  31.6   7.41005444-10                                
1021110205 10.0  0.1 -1.0  0.0  0.0  0.0  9.100010563原田和真　　5400102 187.4  38.11005406+ 2                                
1021110206 36.0  0.8  3.0  2.5  0.0  0.0 42.300010578鮫島克駿　　5400102   7.1   1.91005442- 63 4                             
1021110207 30.0  0.2 -1.0  0.0  0.0  0.0 29.210010529黛弘人　　　5400102  96.1  13.11005442- 6                                
1021110208 37.0  1.6  0.0  3.0  0.0  0.0 41.600010572小崎綾也　　5400102   5.1   1.71005458+ 22 5                             
1021110209 22.0  0.3  0.0  0.0  0.0  0.0 22.310010442勝浦正樹　　5400102  59.6  10.61005412+ 8                                
1021110210 29.0  0.1 -1.0  0.0  0.0  0.0 28.100010602泉谷楓真　　5103102  56.6  12.61005438-10                                
1021110211 33.0  0.4 -1.0  0.0  0.0  0.0 32.400010515丹内祐次　　5600102  13.8   3.41005492+ 6                                
1021110212 18.0  0.4 -1.0  0.0  0.0  0.0 17.410010599菅原明良　　5501102  73.8  11.81005458+ 2                                
1021110213 32.0  0.4  1.0  0.0  0.0  0.0 33.410010587木幡育也　　5501102  33.9   6.31005464-10                                
1021110214 41.0  1.5  3.8  0.0  3.6  0.0 49.910010436古川吉洋　　5400102  12.2   2.61005434- 2 12                             
1021110215 10.0  0.1 -1.0  0.0  0.0  0.0  9.112010593山田敬士　　5202102 180.2  35.11005402+ 4                                
1021110216 27.0  0.2 -1.0  0.0  0.0  0.0 26.200010544国分恭介　　5400102  69.8  12.41005410-16                                
1021110217 27.0  0.1 -1.0  0.0  0.0  0.0 26.100010601秋山稔樹　　5103102 161.5  32.81005408- 4                                
1021110218 28.0  1.3  2.0  2.0  3.1  0.0 36.410010510吉田隼人　　5400102   6.7   2.61005474- 442                              
1021110301 38.0  0.6  1.3  3.0  2.3  0.0 45.200010593山田敬士　　5402202   7.9   1.61031486  0223                             
1021110302 15.0  0.4 -1.0  0.0  0.0  0.0 14.410010596亀田温心　　5501202  25.5   2.41031444- 4                                
1021110303 35.0  2.4  3.7  2.5  2.1  0.0 45.710010442勝浦正樹　　5600202  11.8   1.71031414-10342                             
1021110304 20.0  0.2 -1.0  0.0  0.0  0.0 19.210010600団野大成　　5301202  82.1  11.01031402-10                                
1021110305 24.0  0.2 -1.0  0.0  0.0  0.0 23.200010586川又賢治　　5400202  96.7  17.21031428  0                                
1021110306 10.0  0.2 -1.0  0.0  0.0  0.0  9.210010572小崎綾也　　5600202 107.0  18.81031492+ 4                                
1021110307 32.0  1.0  3.1  0.0  0.0  0.0 36.110010482川島信二　　5400202  13.6   2.61031460  0  5                             
1021110308 40.0  3.3  4.9  3.5  3.6  0.0 55.300010510吉田隼人　　5600202   1.4   1.11031472- 4111                             
1021110309 10.0  1.0  1.2  0.0  0.0  0.0 12.200010536藤岡康太　　5400202  27.0   3.91031436-10                                
1021110310 21.0  0.1 -1.0  0.0  0.0  0.0 20.110010601秋山稔樹　　5303202  81.4  11.81031436  0                                
1021110311 10.7  0.4  0.0  0.0  2.2  0.0 13.310010563原田和真　　5400202  31.9   4.61031432- 8 3                              
1021110312 33.0  0.7  1.3  1.5  0.0  0.0 36.510010597小林凌大　　5103202  25.7   3.61031440  05 4                             
1021110313 10.0  0.1  0.0  0.0  0.0  0.0 10.100010592服部寿希　　5303202 108.7  18.61031458+10                                
1021110314 29.1  1.3  2.3  2.0  0.0  0.0 34.710010599菅原明良　　5301202  11.4   1.81031448+ 44 6                             
1021110401 10.0  0.8  2.7  0.0  0.0  0.0 13.510010343熊沢重文　　6000102  10.1   3.81100516- 4                                
1021110402 11.1  1.7  2.2  2.5  3.0  0.0 20.500010479石神深一　　6000102   4.8   1.61100484  0322                             
1021110403 10.0  0.3 -1.0  0.0  0.0  0.0  9.310010493黒岩悠　　　5900102  59.7  17.81100518  0                                
1021110404 10.4  1.0  2.6  1.5  0.0  0.0 15.500010486難波剛健　　5900102  16.2   3.21100452+ 65 5                             
1021110405 10.5  1.8  2.1  0.0  3.6  0.0 18.000010427西谷誠　　　6000102   5.7   1.41100506+ 6 14                             
1021110406 11.0  2.4  4.0  3.0  2.4  0.0 22.800010417植野貴也　　5900102   5.4   1.81100468  0231                             
1021110407 10.0  0.3 -1.0  0.0  0.0  0.0  9.310010472金子光希　　6000102  73.3  13.81100560+14                                
1021110408 10.0  1.7  2.2  3.5  2.3  0.0 19.710010559森一馬　　　6000102   3.9   1.71100454- 2143                             
1021110409 10.0  0.3 -1.0  0.0  0.0  0.0  9.300010511上野翔　　　6000102  65.8  11.91100444+10                                
1021110410 10.2  1.0  1.1  0.0  0.0  0.0 12.310010481大庭和弥　　6000102  15.2   2.81100526+ 2                                
1021110411 10.0  1.0  1.2  2.0  0.0  0.0 14.200010458白浜雄造　　6000102   7.0   2.01100514+ 84 6                             
1021110412 10.3  0.3 -1.0  0.0  0.0  0.0  9.600010567伴啓太　　　6000102  49.4   7.41100462+12                                
1021110501 10.2  0.3  0.0  0.0  0.0  0.0 10.500010567伴啓太　　　5900102  25.2   5.71155468-19                                
1021110502 10.0  0.5 -1.0  0.0  0.0  0.0  9.500010483小坂忠士　　6000102  21.5   5.91155468+ 2                                
1021110503 10.0  0.3 -1.0  0.0  0.0  0.0  9.300010533草野太郎　　5900102  70.3  12.21155478- 1                                
1021110504 10.3  2.4  3.6  2.5  3.6  0.0 22.400010458白浜雄造　　5900102   6.0   1.41155496+ 6312                             
1021110505 10.1  0.8  0.0  1.5  0.0  0.0 12.410010543小野寺祐太　6000102  17.0   3.31155508+ 45 6                             
1021110506 10.0  0.5 -1.0  0.0  0.0  0.0  9.500010417植野貴也　　5900102  50.5  10.11155450-14                                
1021110507 10.6  0.8  1.3  0.0  0.0  0.0 12.700010481大庭和弥　　5700102  11.0   2.11155492+ 2  5                             
1021110508 10.5  1.7  2.6  2.0  0.0  0.0 16.800010521中村将之　　6000102   8.0   1.91155446- 64 4                             
1021110509 10.4  1.8  3.6  3.0  2.2  0.0 21.000010427西谷誠　　　6000102   3.0   1.41155478- 4233                             
1021110510 10.0  0.5 -1.0  0.0  0.0  0.0  9.500010479石神深一　　6000102  45.8   6.91155494  0                                
1021110511 10.0  0.5  0.0  0.0  0.0  0.0 10.510010511上野翔　　　6000102  38.4   5.21155516+ 4                                
1021110512 11.0  2.7  3.8  3.5  2.4  0.0 23.400010487平沢健治　　6000102   3.1   1.11155486- 6121                             
1021110601 27.0  0.2 -1.0  0.0  0.0  0.0 26.210010436古川吉洋　　5400101  83.5  14.01227408- 6                                
1021110602 27.0  0.9  3.8  0.0  2.1  0.0 33.810010586川又賢治　　5600101  14.4   3.11227480- 2 46                             
1021110603 36.0  1.2  0.6  3.0  2.2  0.0 43.000010600団野大成　　5501101   6.5   1.71227448+ 4233                             
1021110604 18.0  0.2  0.0  0.0  0.0  0.0 18.200010519鮫島良太　　5600101  81.0  11.11227480+ 8                                
1021110605 29.0  0.7  0.0  0.0  0.0  0.0 29.700010602泉谷楓真　　5103101   9.7   2.51227460- 2                                
1021110606 33.0  0.7  0.0  0.0  0.0  0.0 33.700010560横山和生　　5600101  15.5   3.31227474+10                                
1021110607 45.0  2.8  2.7  3.5  0.0  0.0 54.000010536藤岡康太　　5400101   2.5   1.31227418-121 1                             
1021110608 32.0  0.4  0.0  0.0  0.0  0.0 32.410010599菅原明良　　5301101  80.7   9.91227458+ 2                                
1021110609 24.0  0.2 -1.0  0.0  0.0  0.0 23.200010534田中健　　　5400101 101.4  16.71227428- 4                                
1021110610 24.0  0.4  0.0  0.0  0.0  0.0 24.400010579加藤祥太　　5600101  35.9   4.91227456- 4                                
1021110611 31.0  0.1 -1.0  0.0  0.0  0.0 30.112010587木幡育也　　5301101 136.9  23.61227400- 6                                
1021110612 30.0  0.9  3.5  2.0  3.6  0.0 40.010010588富田暁　　　5501101   9.1   2.31227496- 4414                             
1021110613 38.0  2.5  3.5  2.5  2.3  0.0 48.810010535浜中俊　　　5600101   5.5   1.61227472+ 6322                             
1021110614 26.0  0.2 -1.0  0.0  0.0  0.0 25.200010580荻野極　　　5400101  50.6   7.01227462- 8                                
1021110615 32.1  0.6  0.0  1.5  0.0  0.0 34.200010591西村淳也　　5400101  16.0   3.51227452-145 5                             
1021110616 19.0  0.4 -1.0  0.0  0.0  0.0 18.400010597小林凌大　　5103101  96.3  15.31227438- 6                                
1021110701 40.1  0.2  0.0  0.0  2.0  0.0 42.300010515丹内祐次　　5500101  44.9   6.51304458- 2 5                              
1021110702 34.0  0.4 -1.0  0.0  0.0  0.0 33.410010558藤懸貴志　　5600101  23.6   4.51304498+28                                
1021110703 40.0  0.4  0.0  2.0  0.0  0.0 42.400010602泉谷楓真　　5303101  10.0   3.01304438+ 84                               
1021110704 51.0  3.0  4.4  3.5  0.0  0.0 61.900010600団野大成　　5501101   2.7   1.21304452- 61 1                             
1021110705 46.0  0.4 -1.0  0.0  0.0  0.0 45.400010587木幡育也　　5401101  31.6   4.81304466+ 8  6                             
1021110706 37.6  0.8  0.0  0.0  0.0  0.0 38.400010588富田暁　　　5301101  12.4   3.51304426- 2                                
1021110707 42.8  0.9  2.7  3.0  0.0  0.0 49.400010536藤岡康太　　5400101   7.9   1.81304482+ 82 4                             
1021110708 41.0  1.0  0.0  1.5  3.4  0.0 46.910010508藤岡佑介　　5400101  14.4   3.41304416  0515                             
1021110709 38.0  0.2 -1.0  0.0  0.0  0.0 37.210010436古川吉洋　　5700101  68.7  12.21304452+ 2                                
1021110710 45.9  1.9  3.2  2.5  2.2  0.0 55.700010599菅原明良　　5301101   5.2   1.61304468  0343                             
1021110711 31.0  0.2 -1.0  0.0  0.0  0.0 30.200010596亀田温心　　5401101  44.7   8.11304500  0                                
1021110712 30.0  0.3 -1.0  0.0  2.3  0.0 31.610010442勝浦正樹　　5700101  39.3   6.01304498+12 3                              
1021110713 37.0  0.2 -1.0  0.0  0.0  0.0 36.200010598斎藤新　　　5301101  72.8  16.71304414-14                                
1021110714 41.1  0.2 -1.0  0.0  0.0  0.0 40.300010544国分恭介　　5500101  25.0   6.41304468  0                                
1021110715 27.0  0.2  0.0  0.0  0.0  0.0 27.200010572小崎綾也　　5500101  49.5   9.61304470- 1                                
1021110716 25.2  0.5  0.5  0.0  0.0  0.0 26.200010510吉田隼人　　5400101  22.5   7.01304506+ 2                                
1021110717 30.0  0.2  0.0  0.0  0.0  0.0 30.200010529黛弘人　　　5400101  81.9  12.41304424+ 8                                
1021110718 51.1  0.9  1.7  0.0  2.4  0.0 56.100010580荻野極　　　5700101  25.2   3.71304492+ 6 22                             
1021110801 37.0  0.2 -1.0  0.0  0.0  0.0 36.210010544国分恭介　　5700201 120.8  19.41328470+ 7                                
1021110802 40.0  0.1 -1.0  0.0  0.0  0.0 39.100010588富田暁　　　5601201  76.7   7.91328512- 2                                
1021110803 39.0  0.0 -1.0  0.0  0.0  0.0 38.000010586川又賢治　　5600201  57.5   8.11328554  0                                
1021110804 45.1  1.5  0.0  0.0  0.0  0.0 46.610010519鮫島良太　　5700201   7.6   1.81328440- 2  6                             
1021110805 46.1  1.3  2.7  1.5  2.3  0.0 53.900010601秋山稔樹　　5303201   9.5   3.41328444- 6533                             
1021110806 42.0  0.8 -1.0  3.5  2.2  0.0 47.510010510吉田隼人　　5600201   6.8   2.01328474- 4145                             
1021110807 45.0  0.8  0.0  0.0  3.5  0.0 49.310010591西村淳也　　5600201  10.8   2.41328498- 2 14                             
1021110808 37.0  0.1 -1.0  0.0  0.0  0.0 36.110010593山田敬士　　5402201  86.4  15.21328460- 6                                
1021110809 43.1  0.6  0.0  0.0  0.0  0.0 43.710010572小崎綾也　　5600201  29.2   6.21328552-10                                
1021110810 44.1  2.6  3.1  3.0  2.0  0.0 54.800010535浜中俊　　　5400201   3.9   1.41328422- 6252                             
1021110811 35.8  0.8  0.1  0.0  0.0  0.0 36.700010534田中健　　　5400201  15.3   3.71328434- 2                                
1021110812 35.0  0.3 -1.0  0.0  0.0  0.0 34.310010442勝浦正樹　　5500201  91.5  11.71328462-12                                
1021110813 53.0  1.9  3.4  2.5  2.4  0.0 63.200010515丹内祐次　　5700201   5.0   1.61328478+ 4321                             
1021110814 34.0  0.4  1.4  2.0  0.0  0.0 37.800010436古川吉洋　　5600201   8.0   3.91328490- 44                               
1021110815 42.1  0.7 -1.0  0.0  0.0  0.0 41.800010457酒井学　　　5700201  25.4   5.21328486- 2                                
1021110901 46.1  0.6  0.1  0.0  0.0  0.0 46.800010599菅原明良　　5301101  19.3   4.01357454  0                                
1021110902 30.0  0.2  0.0  0.0  0.0  0.0 30.200010544国分恭介　　5400101 157.9  45.91357460+ 2                                
1021110903 50.0  0.9  1.7  3.0  0.0  0.0 55.600010536藤岡康太　　5500101   8.3   2.41357470+122 5                             
1021110904 48.0  0.4  0.0  0.0  0.0  0.0 48.400010598斎藤新　　　5301101  15.9   3.61357432- 4                                
1021110905 48.1  0.4  1.3  0.0  0.0  0.0 49.800010560横山和生　　5400101  12.9   3.51357490  0  6                             
1021110906 37.2  0.7  2.3  2.0  2.2  0.0 44.400010591西村淳也　　5400101   9.4   3.01357462+ 244                              
1021110907 45.0  0.2 -1.0  0.0  0.0  0.0 44.200010515丹内祐次　　5400101  31.6   6.11357414- 8                                
1021110908 51.1  3.0  5.1  3.5  3.5  0.0 66.200010510吉田隼人　　5500101   3.5   1.41357500+ 4111                             
1021110909 37.0  0.2 -1.0  0.0  0.0  0.0 36.200010580荻野極　　　5500101  62.7  13.81357448  0                                
1021110910 52.0  0.4  0.0  1.5  2.3  0.0 56.200010587木幡育也　　5401101  12.2   4.21357446+ 2534                             
1021110911 52.1  1.7  0.0  2.5  2.1  0.0 58.400010535浜中俊　　　5400101   6.6   1.91357488+ 2353                             
1021110912 40.0  0.2  0.0  0.0  0.0  0.0 40.200010600団野大成　　5401101  53.2   9.81357454- 6                                
1021110913 51.0  2.1  3.2  0.0  2.4  0.0 58.700010588富田暁　　　5301101   7.0   1.91357482-10 22                             
1021110914 36.0  0.2 -1.0  0.0  0.0  0.0 35.200010558藤懸貴志　　5500101 113.2  25.01357526+ 2                                
1021110915 46.0  0.1 -1.0  0.0  0.0  0.0 45.100010592服部寿希　　5103101  22.6   4.61357430+ 4                                
1021110916 42.0  0.4 -1.0  0.0  0.0  0.0 41.400010578鮫島克駿　　5400101  20.3   4.91357472-12                                
1021110917 36.0  0.1  0.0  0.0  0.0  0.0 36.100010593山田敬士　　5202101 168.3  39.91357398+ 2                                
1021111001 44.0  0.4 -1.0  0.0  0.0  0.0 43.400010599菅原明良　　5100101  17.8   4.51430492+12                                
1021111002 53.0  2.2  3.4  3.5  3.6  0.0 65.710010519鮫島良太　　5400101   3.0   1.41430460- 2112                             
1021111003 51.4  0.4 -1.0  0.0  0.0  0.0 50.810010598斎藤新　　　5500101  18.1   2.71430472- 2                                
1021111004 53.7  1.2  2.3  2.5  2.2  0.0 61.900010600団野大成　　5400101   7.9   2.51430464+ 2344                             
1021111005 40.0  0.1 -1.0  0.0  0.0  0.0 39.100010579加藤祥太　　5300101  97.8  21.81430506+18                                
1021111006 54.8  0.5  1.3  0.0  3.0  0.0 59.600010515丹内祐次　　5200101  16.1   2.71430476- 4 25                             
1021111007 43.0  0.3 -1.0  0.0  0.0  0.0 42.300010442勝浦正樹　　5400101  43.1   9.41430512+ 6                                
1021111008 39.0  0.5  1.2  0.0  0.0  0.0 40.710010508藤岡佑介　　5400101  25.7   5.81430476+ 6                                
1021111009 49.8  0.3  1.5  1.5  0.0  0.0 53.100010457酒井学　　　5500101  20.8   4.41430452+125 6                             
1021111010 49.0  0.4  0.0  0.0  0.0  0.0 49.400010596亀田温心　　5200101  37.2   8.81430508+ 2                                
1021111011 56.0  2.6  2.8  3.0  2.4  0.0 66.810010591西村淳也　　5400101   5.2   1.81430500+ 2231                             
1021111012 47.0  0.2 -1.0  0.0  0.0  0.0 46.200010586川又賢治　　5400101  39.3   6.51430494- 2                                
1021111013 45.0  0.2 -1.0  0.0  0.0  0.0 44.200010436古川吉洋　　5300101  88.2  25.11430480- 4                                
1021111014 48.8  0.4 -1.0  0.0  0.0  0.0 48.200010580荻野極　　　5200101  28.5   5.41430438+ 4                                
1021111015 43.0  0.5  0.0  0.0  0.0  0.0 43.510010536藤岡康太　　5400101  25.1   5.41430502+10                                
1021111016 50.2  0.2 -1.0  0.0  0.0  0.0 49.400010585森裕太朗　　5400101  30.1   6.31430446  0                                
1021111017 58.6  0.6  3.0  2.0  0.0  0.0 64.200010588富田暁　　　5200101  13.8   3.51430472+ 44 3                             
1021111018 52.0  0.8  0.0  0.0  0.0  0.0 52.800010572小崎綾也　　5300101  15.3   4.51430458  0                                
1021111101 48.0  0.6 -1.0  0.0  0.0  0.0 47.600010535浜中俊　　　5700101  18.4   4.01505502  0                                
1021111102 47.0  0.4 -1.0  0.0  0.0  0.0 46.400010598斎藤新　　　5700101  62.6   9.51505426  0                                
1021111103 61.0  2.1  4.4  3.0  2.2  0.0 72.700010579加藤祥太　　5400101   4.8   1.51505460- 2232                             
1021111104 54.0  0.1 -1.0  0.0  0.0  0.0 53.100010588富田暁　　　5700101  96.3  16.11505496+ 2                                
1021111105 50.0  0.2  0.0  0.0  0.0  0.0 50.200010436古川吉洋　　5600101  45.4   8.11505462+ 6                                
1021111106 49.0  0.2  0.0  0.0  0.0  0.0 49.200010572小崎綾也　　5700101  94.9  13.81505488+10                                
1021111107 60.0  1.3  0.0  1.5  0.0  0.0 62.810010457酒井学　　　5700101   8.1   1.81505492- 85 4                             
1021111108 61.1  2.7  4.5  3.5  3.6  0.0 75.400010510吉田隼人　　5500101   3.0   1.31505450- 6111                             
1021111109 59.2  1.3  1.0  2.5  3.0  0.0 67.000010508藤岡佑介　　5700101   7.2   2.21505454- 2323                             
1021111110 57.0  0.9  2.0  2.0  0.0  0.0 61.900010600団野大成　　5700101  12.3   2.71505510- 24 5                             
1021111111 51.0  0.5  0.0  0.0  0.0  0.0 51.500010442勝浦正樹　　5700101  30.7   4.41505522-12                                
1021111112 57.1  0.9  0.0  0.0  0.0  0.0 58.010010536藤岡康太　　5600101   8.9   2.51505468+ 6                                
1021111113 50.0  0.2 -1.0  0.0  0.0  0.0 49.210010578鮫島克駿　　5700101  65.7   9.81505450- 2                                
1021111114 59.0  1.2  0.3  0.0  0.0  0.0 60.500010591西村淳也　　5400101   9.4   2.81505436+ 4  6                             
1021111201 49.1  0.7  0.0  0.0  0.0  0.0 49.800010578鮫島克駿　　5500201  13.8   2.71547472- 4  6                             
1021111202 48.0  0.6  0.0  0.0  0.0  0.0 48.600010508藤岡佑介　　5400201  18.6   6.01547476- 2                                
1021111203 43.0  0.2  0.2  0.0  0.0  0.0 43.400010600団野大成　　5500201  27.7   5.41547450-10                                
1021111204 46.0  0.1 -1.0  0.0  0.0  0.0 45.102010515丹内祐次　　5500201  75.5   7.11547514- 4                                
1021111205 39.0  0.2 -1.0  0.0  0.0  0.0 38.210010580荻野極　　　5500201 104.4  15.31547464- 4                                
1021111206 42.0  0.2 -1.0  0.0  0.0  0.0 41.200010599菅原明良　　5500201  47.4   7.81547506-10                                
1021111207 57.0  3.1  3.1  3.5  2.3  0.0 69.000010535浜中俊　　　5500201   2.5   1.11547472- 8131                             
1021111208 49.0  0.4  0.0  0.0  2.2  0.0 51.600010560横山和生　　5500201  18.0   3.51547464-10 45                             
1021111209 38.0  0.0  0.0  0.0  0.0  0.0 38.000010601秋山稔樹　　5400201  99.2  17.01547458-25                                
1021111210 43.0  0.4 -1.0  1.5  0.0  0.0 43.910010586川又賢治　　5500201  16.9   3.51547484- 45                               
1021111211 45.0  0.2 -1.0  0.0  0.0  0.0 44.200010587木幡育也　　5500201  69.5   7.61547460- 2                                
1021111212 51.0  2.4  5.1  3.0  3.1  0.0 64.600010510吉田隼人　　5500201   5.3   1.61547492  0222                             
1021111213 53.8  1.1  0.3  2.0  3.6  0.0 60.800010544国分恭介　　5400201   8.1   1.91547480+ 4413                             
1021111214 46.0  0.6  0.0  0.0  0.0  0.0 46.600010591西村淳也　　5500201  25.4   4.11547496  0                                
1021111215 52.0  1.5  2.3  2.5  0.0  0.0 58.300010536藤岡康太　　5500201   6.2   1.91547438- 43 4                             
