0421550101 10.6  1.6  2.2  3.0  3.3  0.0 20.700010489五十嵐雄祐　6000202   5.7   1.50930456- 221233                           
0421550102 10.2  0.5  0.0  0.0  0.0  0.0 10.710010493黒岩悠　　　6000202  19.0   4.60930478+ 6   22                           
0421550103 10.0  1.0  0.0  0.0  1.9  0.0 12.900010521中村将之　　6000202  10.8   2.30930468-12 6 23                           
0421550104 10.5  3.3  4.1  3.5  2.3  0.0 23.702010380北沢伸也　　6000202   3.3   1.40930490+ 212132                           
0421550105 10.3  1.3  2.8  0.0  2.2  0.0 16.600010479石神深一　　5800202  13.8   3.10930490- 2 3422                           
0421550106 10.0  0.5  0.0  0.0  0.0  0.0 10.510010543小野寺祐太　6000202  44.6   9.50930504+ 4   22                           
0421550107 10.0  0.5  0.0  0.0  0.0  0.0 10.500010511上野翔　　　6000202  45.0   7.80930474+ 2   23                           
0421550108 10.0  0.3  0.0  0.0  0.0  0.0 10.310010458白浜雄造　　5800202  42.9  10.50930452- 8   23                           
0421550109 10.0  0.3 -1.0  0.0  0.0  0.0  9.300010533草野太郎　　6000202  59.5   7.90930502+ 6   22                           
0421550110 10.1  0.7  0.0  2.0  2.1  0.0 14.900010559森一馬　　　5800202   6.3   2.30930512+1044623                           
0421550111 10.4  2.6  1.7  2.5  2.0  0.0 19.200010343熊沢重文　　6000202   5.4   1.50930518  035323                           
0421550112 10.0  1.2  2.6  1.5  0.0  0.0 15.310010427西谷誠　　　6000202   7.5   2.20930502- 25 523                           
0421550201 10.0  0.4  1.8  0.0  0.0  0.0 12.200010507津村明秀　　5500303  40.2   5.01007544- 2   22                           
0421550202 28.0  2.3  4.2  3.0  2.3  0.0 39.810010596亀田温心　　5401303   5.8   1.81007470- 822333                           
0421550203 10.0  0.2  0.0  0.0  0.0  0.0 10.200010560横山和生　　5500303  16.5   4.21007500- 2   37                           
0421550204 10.0  0.2 -1.0  0.0  0.0  0.0  9.200010598斎藤新　　　5500303 105.4  18.11007488+ 6   22                           
0421550205 22.0  0.1  0.0  0.0  0.0  0.0 22.100010604原優介　　　5103303  72.7  10.01007490+ 2   23                           
0421550206 35.0  1.2  0.2  1.5  3.3  0.0 41.200010612横山琉人　　5203303  10.3   2.51007482- 451132                           
0421550207 10.0  1.0  0.0  2.5  0.0  0.0 13.500010510吉田隼人　　5500303   3.9   2.91007510+ 63  23                           
0421550208 26.0  0.9  0.3  0.0  2.2  0.0 29.400030378柴山雄一　　5500303  24.0   3.31007486- 8 3622                           
0421550209 34.0  1.2  1.3  2.0  2.1  0.0 40.600010581菊沢一樹　　5500303   7.6   2.61007506-1044222                           
0421550210 25.0  0.6  0.9  0.0  0.0  0.0 26.500010588富田暁　　　5401303  21.8   4.21007464-16   32                           
0421550211 25.1  0.3  0.0  0.0  0.0  0.0 25.400010442勝浦正樹　　5500303  13.1   3.41007474  0   33                           
0421550212 14.0  0.4 -1.0  0.0  0.0  0.0 13.400010599菅原明良　　5400303  40.3   7.61007442- 2   33                           
0421550213 12.0  0.9  0.9  0.0  0.0  0.0 13.800010591西村淳也　　5500303  15.8   5.11007462+ 6   33                           
0421550214 27.0  1.2  1.4  0.0  2.0  0.0 31.600010515丹内祐次　　5400303  19.6   3.11007456- 2 5533                           
0421550215 23.7  1.2  1.3  3.5  1.9  0.0 31.610010601秋山稔樹　　5401303   8.1   2.21007476+ 416433                           
0421550301 38.0  0.2  0.0  0.0  0.0  0.0 38.202010532荻野琢真　　5500302  73.4   6.81035414-10   32                           
0421550302 48.0  3.1  3.5  3.5  3.3  0.0 61.400010507津村明秀　　5300302   2.2   1.11035494+ 211122                           
0421550303 39.0  0.5  0.0  0.0  2.1  0.0 41.600010442勝浦正樹　　5500302  23.2   2.81035476- 6 4 23                           
0421550304 44.0  0.8  1.6  0.0  1.9  0.0 48.300010591西村淳也　　5300302  17.2   2.41035478- 4 6637                           
0421550305 46.0  1.2  1.7  1.5  0.0  0.0 50.400010611松本大輝　　5203302  16.7   3.71035480  05 537                           
0421550306 46.1  0.6 -1.0  0.0  0.0  0.0 45.700010581菊沢一樹　　5500302  23.2   2.91035486+ 4   23                           
0421550307 45.0  1.8  2.9  3.0  2.2  0.0 54.900010510吉田隼人　　5300302   4.6   1.41035438- 623337                           
0421550308 48.5  1.4  2.2  2.5  2.3  0.0 56.902010601秋山稔樹　　5401302   8.7   2.31035488+ 632237                           
0421550309 47.0  1.4  2.1  2.0  2.0  0.0 54.500010560横山和生　　5300302   6.5   1.81035472+ 245432                           
0421550310 37.0  0.7  0.0  0.0  0.0  0.0 37.700010603小林脩斗　　5203302  39.0   9.61035454- 2   37                           
0421550311 43.1  0.4  0.0  0.0  0.0  0.0 43.500010587木幡育也　　5201302  16.4   3.01035508+24   33                           
0421550312 37.0  0.2 -1.0  0.0  0.0  0.0 36.210010612横山琉人　　5203302  35.4  12.41035460+ 2   33                           
0421550401 11.0  0.5  0.0  0.0  0.0  0.0 11.500010533草野太郎　　6000202  36.9   5.61107554- 4   22                           
0421550402 11.1  0.7  0.7  0.0  0.0  0.0 12.500010511上野翔　　　6000202  16.3   4.01107484- 2   22                           
0421550403 10.0  0.3 -1.0  0.0  0.0  0.0  9.300010567伴啓太　　　6000202  66.9  13.11107488- 6   22                           
0421550404 11.4  2.2  2.3  3.0  2.2  0.0 21.100010559森一馬　　　6000202   5.6   1.51107488+ 423232                           
0421550405 11.0  1.3  0.8  1.5  2.0  0.0 16.610010479石神深一　　6000202  10.7   2.21107488+ 255622                           
0421550406 12.0  1.6  3.9  0.0  2.3  0.0 19.802010488蓑島靖典　　6000202   9.0   2.21107464+ 2 2332                           
0421550407 12.1  2.9  3.3  3.5  3.3  0.0 25.102010458白浜雄造　　6100202   2.7   1.51107490- 411133                           
0421550408 11.0  0.3 -1.0  0.0  0.0  0.0 10.300010543小野寺祐太　6000202  32.8   6.01107524- 4   23                           
0421550409 11.2  1.5  2.4  2.5  2.1  0.0 19.702010417植野貴也　　6100202   4.6   1.61107534- 234433                           
0421550410 11.3  1.6  2.5  2.0  1.9  0.0 19.300010489五十嵐雄祐　6100202   7.4   2.01107506+ 246522                           
0421550411 11.0  0.3 -1.0  0.0  0.0  0.0 10.310010521中村将之　　5800202  33.6   5.01107454- 6   22                           
0421550501 35.4  2.1  2.4  2.5  2.2  0.0 44.600010560横山和生　　5400202   4.1   1.41159430-1033232                           
0421550502 30.1  0.6  0.0  0.0  2.1  0.0 32.800010591西村淳也　　5400202   9.7   1.81159494  0 4523                           
0421550503 33.0  1.4  2.0  1.5  2.0  0.0 39.912010442勝浦正樹　　5400202  15.1   2.61159446-1255432                           
0421550504 34.1  2.4  2.4  3.0  2.3  0.0 44.200010515丹内祐次　　5500202   5.7   1.51159484- 622333                           
0421550505 10.0  0.2 -1.0  0.0  0.0  0.0  9.200010532荻野琢真　　5500202 138.8  16.81159494+ 6   27                           
0421550506 19.0  0.2 -1.0  0.0  0.0  0.0 18.200010599菅原明良　　5500202  70.9  15.51159448+ 8   32                           
0421550507 28.0  0.3  0.0  0.0  0.0  0.0 28.310010529黛弘人　　　5500202  96.3   9.51159472- 8   22                           
0421550508 28.0  0.4  0.0  0.0  0.0  0.0 28.412010601秋山稔樹　　5401202  61.4   9.31159448-12   33                           
0421550509 34.0  2.8  3.7  3.5  3.3  0.0 47.310010507津村明秀　　5500202   2.5   1.11159514- 411122                           
0421550510 29.0  0.6  0.4  0.0  0.0  0.0 30.000010598斎藤新　　　5400202  39.5   5.81159414+ 2   33                           
0421550511 29.1  0.5  0.0  0.0  1.9  0.0 31.500010510吉田隼人　　5400202  23.0   3.91159482  0 6623                           
0421550512 25.0  0.4  0.0  2.0  0.0  0.0 27.400010603小林脩斗　　5203202  11.3   2.51159400- 64  33                           
0421550513 24.0  0.6  1.0  0.0  0.0  0.0 25.600010604原優介　　　5203202  52.2   6.11159472+ 6   33                           
0421550601 25.0  1.7  2.1  1.5  2.2  0.0 32.500010510吉田隼人　　5400202  14.5   3.71229456- 453 32                           
0421550602 38.0  2.1  3.2  0.0  2.1  0.0 45.400010605小沢大仁　　5103202  10.9   2.41229450+ 6 4123                           
0421550603 30.0  0.4  0.0  0.0  0.0  0.0 30.402010555杉原誠人　　5500202  48.2   7.41229448+ 2   23                           
0421550604 34.2  1.2  1.7  0.0  1.9  0.0 39.002010581菊沢一樹　　5400202  23.0   4.01229438- 4 6423                           
0421550605 22.0  0.2 -1.0  0.0  0.0  0.0 21.202010598斎藤新　　　5400202 175.5  23.61229386+ 4   22                           
0421550606 32.0  2.6  3.4  3.0  3.3  0.0 44.300010599菅原明良　　5400202   3.9   1.51229456- 621232                           
0421550607 34.1  0.4  0.6  0.0  2.3  0.0 37.400010515丹内祐次　　5500202  17.2   2.41229460- 4 2532                           
0421550608 25.0  0.2 -1.0  0.0  0.0  0.0 24.200010603小林脩斗　　5103202  58.0  10.01229436- 4   23                           
0421550609 15.0  0.0 -1.0  0.0  0.0  0.0 14.000010549菅原隆一　　5400202 150.4  18.91229408- 6   33                           
0421550610 20.0  0.2 -1.0  0.0  0.0  0.0 19.200010612横山琉人　　5203202 121.5  17.11229420+14   23                           
0421550611 34.0  1.6  0.9  3.5  2.0  0.0 42.000010611松本大輝　　5203202   3.9   1.61229464+ 415333                           
0421550612 15.0  0.1  0.0  0.0  0.0  0.0 15.112010587木幡育也　　5301202  73.4  10.31229450+ 2   23                           
0421550613 28.0  0.4  0.0  2.0  0.0  0.0 30.402010529黛弘人　　　5400202   8.1   3.01229426- 64  22                           
0421550614 33.0  0.7  0.2  2.5  0.0  0.0 36.400010604原優介　　　5103202   5.5   1.61229462- 23 623                           
0421550615 25.0  0.3  0.0  0.0  0.0  0.0 25.300010442勝浦正樹　　5400202  21.6   3.81229444+ 4   33                           
0421550701 42.0  0.6  0.0  0.0  1.9  0.0 44.500010612横山琉人　　5403302  31.9   3.51257450- 6 6632                           
0421550702 32.0  0.2 -1.0  0.0  0.0  0.0 31.200010604原優介　　　5403302  26.0   4.71257502+ 4   32                           
0421550703 41.0  1.2  2.6  2.5  2.2  0.0 49.500010605小沢大仁　　5203302   5.5   1.71257522+ 433523                           
0421550704 37.8  0.7  1.4  0.0  0.0  0.0 39.900010596亀田温心　　5401302  14.6   2.61257470+ 4   23                           
0421550705 36.0  0.4 -1.0  0.0  0.0  0.0 35.410010581菊沢一樹　　5700302  76.9  10.11257486- 6   23                           
0421550706 42.1  0.6  0.1  1.5  0.0  0.0 44.300010599菅原明良　　5700302  14.5   3.51257550- 65  23                           
0421550707 45.0  1.4  2.1  2.0  2.1  0.0 52.613010609西谷凜　　　5403302   7.5   2.11257504- 844432                           
0421550708 34.0  0.2 -1.0  0.0  0.0  0.0 33.200010603小林脩斗　　5203302  92.3  11.41257440-10   33                           
0421550709 48.0  2.3  2.3  0.0  2.3  0.0 54.900010588富田暁　　　5201302   8.9   2.11257462+ 6 2233                           
0421550710 49.0  3.1  3.8  3.0  3.3  0.0 62.200010598斎藤新　　　5500302   4.0   1.21257476- 421123                           
0421550711 20.0  0.1 -1.0  0.0  0.0  0.0 19.100010587木幡育也　　5401302  50.5   9.21257488- 4   32                           
0421550712 44.5  1.4  2.1  3.5  2.0  0.0 53.500010601秋山稔樹　　5401302   3.0   1.61257470+ 415332                           
0421550801 42.0  0.6  2.2  0.0  0.0  0.0 44.800010588富田暁　　　5401202  39.6   9.11332388-14   32                           
0421550802 43.0  0.6  0.0  0.0  0.0  0.0 43.600010572小崎綾也　　5300202  19.4   3.11332458- 4   33                           
0421550803 46.2  0.5  0.0  0.0  1.9  0.0 48.600010515丹内祐次　　5300202  15.0   2.31332446-14 6537                           
0421550804 46.3  1.4  2.2  2.5  3.3  0.0 55.700010555杉原誠人　　5300202   7.2   1.81332440+1031333                           
0421550805 31.2  0.4  0.0  0.0  0.0  0.0 31.600010601秋山稔樹　　5201202  47.8   8.01332468      33                           
0421550806 46.0  0.2 -1.0  0.0  0.0  0.0 45.200010603小林脩斗　　5203202  53.6   8.11332464- 2   32                           
0421550807 44.0  0.4  0.0  3.0  0.0  0.0 47.400030378柴山雄一　　5300202   5.1   2.01332480- 42 623                           
0421550808 46.1  1.1  2.7  0.0  2.0  0.0 51.910010560横山和生　　5300202  27.8   5.11332432- 6 5433                           
0421550809 36.0  0.4  0.0  0.0  2.1  0.0 38.500010611松本大輝　　5003202  34.7   4.91332486+ 6 4 33                           
0421550810 40.0  0.4  0.0  1.5  0.0  0.0 41.900010596亀田温心　　5201202  15.8   3.21332432+ 45  37                           
0421550811 43.0  1.0  1.3  0.0  0.0  0.0 45.302010507津村明秀　　5500202  20.3   3.31332436  0   23                           
0421550812 54.0  3.0  4.5  3.5  2.2  0.0 67.210010510吉田隼人　　5300202   2.2   1.21332414- 413133                           
0421550813 40.0  0.2 -1.0  0.0  0.0  0.0 39.212010605小沢大仁　　5203202  98.0  10.41332460+16   23                           
0421550814 48.0  1.6  2.9  2.0  2.3  0.0 56.800010591西村淳也　　5500202   8.8   2.51332478+1042233                           
0421550901 49.0  1.9  2.3  1.5  2.0  0.0 56.700010603小林脩斗　　5403302  11.5   2.11357456- 255223                           
0421550902 39.0  0.4  0.8  0.0  0.0  0.0 40.200010581菊沢一樹　　5500302  18.1   3.21357484- 4   33                           
0421550903 41.0  0.6  0.8  0.0  1.9  0.0 44.300010605小沢大仁　　5203302  19.2   3.61357470+12 6 32                           
0421550904 41.0  0.9  2.1  2.5  0.0  0.0 46.500010601秋山稔樹　　5601302   9.3   3.41357536  03 623                           
0421550905 30.0  0.2  0.0  0.0  0.0  0.0 30.210010586川又賢治　　5700302  48.2   7.51357454- 2   23                           
0421550906 46.0  2.0  4.0  0.0  3.3  0.0 55.300010515丹内祐次　　5700302   7.9   1.81357480- 4 1333                           
0421550907 45.0  0.9  1.5  2.0  2.2  0.0 51.600010611松本大輝　　5403302   8.9   2.41357514- 143523                           
0421550908 45.2  3.1  3.9  3.5  2.3  0.0 58.000010510吉田隼人　　5500302   2.6   1.31357494+ 412132                           
0421550909 45.1  0.8  1.2  3.0  2.1  0.0 52.200010585森裕太朗　　5700302   5.7   2.01357480+ 424422                           
0421550910 41.0  0.4  0.0  0.0  0.0  0.0 41.400010587木幡育也　　5401302  17.2   3.91357456- 6   23                           
0421550911 35.0  0.2 -1.0  0.0  0.0  0.0 34.200010588富田暁　　　5601302  91.4  13.41357520-18   23                           
0421550912 42.0  0.4  0.0  0.0  0.0  0.0 42.400010598斎藤新　　　5700302  13.8   2.91357490+ 2   33                           
0421551001 44.2  1.2  0.0  0.0  0.0  0.0 45.410010510吉田隼人　　5700202   7.9   2.61429486+ 6   22                           
0421551002 36.2  0.4 -1.0  0.0  0.0  0.0 35.601010601秋山稔樹　　5400202  30.6   5.91429510+16   32                           
0421551003 53.0  2.5  3.2  3.5  2.3  0.0 64.500010446秋山真一郎　5400202   2.5   1.31429454- 212132                           
0421551004 41.0  0.4  0.0  0.0  0.0  0.0 41.400010598斎藤新　　　5400202  30.8   5.31429482+ 6   22                           
0421551005 47.1  0.9  0.2  0.0  2.1  0.0 50.310010442勝浦正樹　　5700202  18.0   3.31429482- 2 4523                           
0421551006 33.0  0.4 -1.0  0.0  0.0  0.0 32.410010605小沢大仁　　5700202 102.3  13.31429468+ 2   32                           
0421551007 51.0  1.6  1.2  3.0  3.3  0.0 60.110010560横山和生　　5700202   7.0   1.61429494- 221232                           
0421551008 45.0  1.4  0.1  0.0  1.9  0.0 48.410010591西村淳也　　5200202  12.2   3.51429474- 4 6 32                           
0421551009 50.3  1.6  2.4  2.0  2.0  0.0 58.300010588富田暁　　　5700202   7.4   1.81429472+ 845322                           
0421551010 45.0  1.0  0.5  0.0  0.0  0.0 46.512010368田中勝春　　5400202  13.5   2.81429494- 2   22                           
0421551011 47.0  0.6  1.1  1.5  0.0  0.0 50.200010572小崎綾也　　5200202  15.2   3.11429448+ 45 633                           
0421551012 52.1  0.5  0.0  2.5  2.2  0.0 57.300010515丹内祐次　　5500202   9.7   2.31429480  033433                           
0421551101 53.0  0.8  0.0  0.0  0.0  0.0 53.810010611松本大輝　　5700302  19.6   4.41509506- 6   27                           
0421551102 53.3  0.9  1.3  0.0  2.1  0.0 57.600010560横山和生　　5700302  11.8   2.61509532+ 2 4422                           
0421551103 55.0  2.1  1.5  3.0  3.3  0.0 64.900110596亀田温心　　5500302   4.8   1.71509496+ 421223                           
0421551104 50.1  0.2 -1.0  0.0  1.9  0.0 51.202010601秋山稔樹　　5500302  31.7   5.31509478+ 4 6 32                           
0421551105 44.0  0.2  0.0  0.0  0.0  0.0 44.202030378柴山雄一　　5700302  70.5   9.31509470+ 2   37                           
0421551106 53.1  1.1  0.6  0.0  0.0  0.0 54.800010591西村淳也　　5700302  17.6   4.11509432- 2   32                           
0421551107 53.2  1.4  2.6  2.0  2.2  0.0 61.400010515丹内祐次　　5300302   7.5   2.31509506  043333                           
0421551108 55.1  0.2  0.0  0.0  0.0  0.0 55.300010529黛弘人　　　5500302  36.1   4.81509450+ 2  632                           
0421551109 57.0  2.5  2.4  3.5  2.3  0.0 67.700010507津村明秀　　5700302   4.7   1.71509468- 212122                           
0421551110 50.1  1.4  2.3  2.5  0.0  0.0 56.310010555杉原誠人　　5500302   4.6   2.31509496  03 533                           
0421551111 41.0  0.3 -1.0  0.0  0.0  0.0 40.311010442勝浦正樹　　5700302  61.5   9.71509492- 2   27                           
0421551112 48.1  0.4  0.0  0.0  0.0  0.0 48.502010598斎藤新　　　5500302  19.8   4.61509478- 6   22                           
0421551113 46.0  0.4  0.0  0.0  0.0  0.0 46.400010612横山琉人　　5500302  33.4   7.21509470- 2   37                           
0421551114 42.4  0.6  1.2  1.5  0.0  0.0 45.700010599菅原明良　　5300302  11.4   2.91509480+ 65  37                           
0421551115 48.0  0.4  0.3  0.0  2.0  0.0 50.702010586川又賢治　　5500302  26.9   6.81509442+ 2 5 32                           
0421551201 44.1  0.6 -1.0  0.0  0.0  0.0 43.710010598斎藤新　　　5700202  24.1   5.61543482- 4   22                           
0421551202 54.2  2.4  3.0  3.5  2.3  0.0 65.410010510吉田隼人　　5300202   4.1   1.71543482- 412123                           
0421551203 52.0  0.5  0.0  0.0  0.0  0.0 52.500010507津村明秀　　5500202  19.4   2.81543480+ 2   33                           
0421551204 50.8  1.6  2.0  2.5  2.0  0.0 58.900010560横山和生　　5500202   4.7   1.71543492- 435533                           
0421551205 52.0  0.4 -1.0  0.0  0.0  0.0 51.400010446秋山真一郎　5500202  29.0   4.21543440- 4   23                           
0421551206 52.1  0.8  1.5  0.0  2.1  0.0 56.500010515丹内祐次　　5300202  11.0   3.01543432+ 4 4632                           
0421551207 55.0  1.2  2.1  0.0  2.2  0.0 60.500010596亀田温心　　5500202   7.5   2.11543494+ 2 3333                           
0421551208 54.1  1.4  1.9  3.0  3.3  0.0 63.700010588富田暁　　　5500202   6.9   1.91543470  021233                           
0421551209 54.0  1.6  0.8  1.5  1.9  0.0 59.800010599菅原明良　　5300202   6.3   2.11543450  056433                           
0421551210 38.0  0.3  0.0  0.0  0.0  0.0 38.312010529黛弘人　　　5500202  51.8   9.21543482+ 2   32                           
0421551211 50.0  1.6  2.7  2.0  0.0  0.0 56.300010591西村淳也　　5500202   7.6   2.81543458- 64  32                           
0521450101 20.1  2.1  2.9  3.0  2.2  0.0 30.302030113内田博幸　　5400201   4.9   1.70958512+ 423423                           
0521450102 13.7  1.5  2.4  2.0  2.4  0.0 22.010010435福永祐一　　5400201   6.8   1.80958490  042 22                           
0521450103 33.0  2.1  3.9  3.5  3.6  0.0 46.100030468戸崎圭太　　5400201   4.2   1.50958496- 611122                           
0521450104 30.0  1.0  1.3  1.5  0.0  0.0 33.800010589武藤雅　　　5400201  13.1   2.90958412  05 233                           
0521450105 10.0  0.2 -1.0  0.0  0.0  0.0  9.200010375江田照男　　5400201 182.1  35.80958446  0   33                           
0521450106 28.0  0.8  2.3  0.0  0.0  0.0 31.100010455池添謙一　　5400201  16.8   3.90958452+ 4  332                           
0521450107 22.0  1.0  0.6  0.0  0.0  0.0 23.610070176Ｍ．デムーロ5400201  15.8   3.90958452- 4   22                           
0521450108 18.0  0.5  2.0  0.0  2.0  0.0 22.510010542三浦皇成　　5400201  22.7   4.80958440+ 8 4 33                           
0521450109 10.0  0.3 -1.0  0.0  0.0  0.0  9.300010491田辺裕信　　5400201 115.1  17.90958454+ 6   32                           
0521450110 21.0  0.4  1.7  0.0  0.0  0.0 23.100010582木幡巧也　　5400201  13.4   3.80958446+ 6   33                           
0521450111 20.0  0.4  0.0  0.0  0.0  0.0 20.400010516大野拓弥　　5400201  31.5   6.50958456- 2   33                           
0521450112 10.0  0.2  0.0  0.0  0.0  0.0 10.212010583坂井瑠星　　5400201  70.3  13.90958454+10   22                           
0521450113 14.0  0.3 -1.0  0.0  0.0  0.0 13.300010538宮崎北斗　　5400201  50.1   8.40958456  0   33                           
0521450114 10.0  0.2  0.0  0.0  0.0  0.0 10.200010539伊藤工真　　5400201  79.7  11.20958530+ 6   23                           
0521450115 29.0  0.4  0.0  0.0  0.0  0.0 29.400010547丸山元気　　5400201  19.3   3.10958468+ 6  532                           
0521450116 22.1  1.4  2.3  2.5  0.0  0.0 28.300010608永野猛蔵　　5103201   6.9   2.30958462  03 622                           
0521450201 33.0  0.5  0.0  0.0  0.0  0.0 33.500010542三浦皇成　　5500201  25.5   4.51031466+ 6  522                           
0521450202 20.0  0.1 -1.0  0.0  2.0  0.0 21.100010444武士沢友治　5500201 172.2  19.61031482+14 5 23                           
0521450203 37.0  3.4  3.9  3.5  2.3  0.0 50.110070234Ｃ．ルメール5400201   1.7   1.11031470  013133                           
0521450204 10.0  0.7  0.0  0.0  0.0  0.0 10.700030468戸崎圭太　　5400201  71.4   8.61031454+10   37                           
0521450205 22.0  0.2  0.0  0.0  0.0  0.0 22.200010589武藤雅　　　5500201  31.3   3.71031472+ 8   23                           
0521450206 28.0  0.3  0.0  1.5  0.0  0.0 29.800070176Ｍ．デムーロ5500201  25.0   3.91031424+ 85  37                           
0521450207 17.0  0.1  0.0  0.0  0.0  0.0 17.101030113内田博幸　　5400201 119.8  12.91031444- 2   33                           
0521450208 22.0  0.3 -1.0  0.0  0.0  0.0 21.300010516大野拓弥　　5500201  99.2  13.31031530- 4   22                           
0521450209 32.0  1.5  2.8  3.0  3.5  0.0 42.800010324柴田善臣　　5500201   7.2   1.61031494+1621427                           
0521450210 38.0  1.2  2.5  2.5  2.4  0.0 46.600010412岩部純二　　5500201   8.9   1.81031486+ 632232                           
0521450211 25.0  0.8  1.4  0.0  0.0  0.0 27.200010608永野猛蔵　　5103201  22.5   3.71031426+ 2   33                           
0521450212 19.0  0.2 -1.0  0.0  0.0  0.0 18.210010375江田照男　　5400201 118.5  12.81031450+ 4   32                           
0521450213 30.0  0.7  1.6  0.0  0.0  0.0 32.310010416吉田豊　　　5500201  22.8   2.61031480+ 4  632                           
0521450214 38.2  1.4  2.1  2.0  2.2  0.0 45.900010577野中悠太郎　5500201   9.7   1.51031450+ 244323                           
0521450215 24.0  0.3 -1.0  0.0  0.0  0.0 23.300010491田辺裕信　　5400201 179.0  18.71031458+ 2   23                           
0521450301 15.0  0.1 -1.0  0.0  0.0  0.0 14.100010593山田敬士　　5202201 244.9  27.61101414+ 2   37                           
0521450302 30.0  0.4  1.3  1.5  0.0  0.0 33.202010444武士沢友治　5500201  16.8   2.81101454+165 622                           
0521450303 37.0  2.6  4.0  3.0  2.2  0.0 48.802010590横山武史　　5400201   4.5   1.21101422+ 223233                           
0521450304 32.0  0.4  0.1  0.0  0.0  0.0 32.502010589武藤雅　　　5400201  45.3   5.71101482  0   22                           
0521450305 35.0  0.6  1.7  0.0  3.4  0.0 40.710010608永野猛蔵　　5103201  24.6   3.51101470+ 2 1422                           
0521450306 12.0  0.1  0.0  0.0  0.0  0.0 12.102010577野中悠太郎　5500201 232.0  25.71101436  0   23                           
0521450307 36.7  3.2  3.7  3.5  2.3  0.0 49.400010512川田将雅　　5500201   2.2   1.11101482+ 812122                           
0521450308 29.0  0.2 -1.0  0.0  0.0  0.0 28.200010429柴田大知　　5400201 113.4  12.51101420  0   23                           
0521450309 32.1  1.0  2.2  2.0  2.1  0.0 39.402010537丸田恭介　　5500201  11.0   2.01101442+ 644537                           
0521450310 35.1  2.6  3.6  2.5  0.0  0.0 43.800070234Ｃ．ルメール5400201   4.1   1.21101452- 83 323                           
0521450311 17.0  0.3 -1.0  0.0  0.0  0.0 16.300010516大野拓弥　　5400201 128.0  11.11101452  0   33                           
0521450312 28.0  0.1  0.0  0.0  0.0  0.0 28.102010582木幡巧也　　5500201 145.7  12.51101480+ 2   22                           
0521450313 24.0  0.4  0.0  0.0  0.0  0.0 24.400010570石川裕紀人　5500201  23.4   3.31101490- 4   22                           
0521450401 20.0  0.2  0.0  0.0  0.0  0.0 20.200010429柴田大知　　5400201 125.8  15.71133438      22                           
0521450402 20.0  0.4  0.0  2.0  2.1  0.0 24.502010537丸田恭介　　5400201  13.9   3.21133424   44 32                           
0521450403 20.0  0.1  0.0  0.0  0.0  0.0 20.100010582木幡巧也　　5500201  70.3  11.01133454      32                           
0521450404 36.6  1.2  2.2  2.5  0.0  0.0 42.500010570石川裕紀人　5400201   6.2   1.81133448   3 423                           
0521450405 32.9  1.0  1.6  0.0  2.4  0.0 37.900010516大野拓弥　　5500201  15.7   3.31133460    2523                           
0521450406 20.0  0.1 -1.0  0.0  0.0  0.0 19.100010481大庭和弥　　5500201 146.8  19.51133470      27                           
0521450407 20.4  0.1 -1.0  0.0  0.0  0.0 19.502030113内田博幸　　5500201 138.5  23.81133470      23                           
0521450408 25.4  0.6  0.0  0.0  0.0  0.0 26.000010608永野猛蔵　　5103201  13.2   3.41133460      23                           
0521450409 20.0  0.1 -1.0  0.0  0.0  0.0 19.102010538宮崎北斗　　5500201 125.9  15.81133462      23                           
0521450410 20.3  0.1  0.0  0.0  0.0  0.0 20.400010547丸山元気　　5500201 100.1  14.71133484      22                           
0521450411 20.8  0.4  0.0  0.0  0.0  0.0 21.200010589武藤雅　　　5400201  21.7   5.41133432      23                           
0521450412 30.7  0.6  1.1  0.0  0.0  0.0 32.400010324柴田善臣　　5400201  18.4   3.51133440     633                           
0521450413 40.0  1.4  2.8  0.0  0.0  0.0 44.200010590横山武史　　5400201  15.1   3.21133438     322                           
0521450414 20.0  0.4  0.0  0.0  0.0  0.0 20.400010583坂井瑠星　　5400201  39.8   6.91133420      33                           
0521450415 39.0  1.6  2.6  3.0  2.3  0.0 48.500030468戸崎圭太　　5500201   7.3   1.71133490   23223                           
0521450416 20.0  0.1  0.0  0.0  0.0  0.0 20.100010577野中悠太郎　5400201  76.8  10.01133402      33                           
0521450417 38.6  2.6  2.4  3.5  3.6  0.0 50.700070234Ｃ．ルメール5400201   2.7   1.31133424   11133                           
0521450418 27.0  1.0  0.5  1.5  0.0  0.0 30.000010491田辺裕信　　5400201  16.2   3.11133426   5  33                           
0521450501 20.6  0.5  0.0  0.0  0.0  0.0 21.100010497石橋脩　　　5500101  24.1   4.31223492      23                           
0521450502 39.8  1.3  2.8  3.0  0.0  0.0 46.900010339横山典弘　　5500101   5.7   1.61223506   2 323                           
0521450503 44.7  3.0  3.6  3.5  3.0  0.0 57.800070234Ｃ．ルメール5500101   2.6   1.11223470   12123                           
0521450504 20.0  0.2  0.0  0.0  0.0  0.0 20.200010570石川裕紀人　5500101  26.7   4.31223480      22                           
0521450505 22.0  0.4  0.0  0.0  2.0  0.0 24.400010455池添謙一　　5500101  22.4   3.91223460    4622                           
0521450506 20.1  0.3  0.0  0.0  0.0  0.0 20.402010516大野拓弥　　5500101  48.8   6.61223458      33                           
0521450507 39.7  1.6  2.7  2.5  2.4  0.0 48.900010355武豊　　　　5500101   5.1   1.31223458   33233                           
0521450508 33.1  1.0  1.7  1.5  0.0  0.0 37.300010491田辺裕信　　5500101  19.3   3.21223516   5 523                           
0521450509 20.0  0.3  0.0  0.0  0.0  0.0 20.300010542三浦皇成　　5400101  34.6   6.01223470      22                           
0521450510 20.4  0.6  0.0  0.0  0.0  0.0 21.000070176Ｍ．デムーロ5500101  36.0   4.91223492      23                           
0521450511 33.4  1.9  1.5  2.0  3.6  0.0 42.400010512川田将雅　　5500101   7.3   1.91223500   41423                           
0521450512 20.0  0.1 -1.0  0.0  0.0  0.0 19.100010375江田照男　　5500101 219.5  29.11223466      23                           
0521450513 20.2  0.1 -1.0  0.0  0.0  0.0 19.300010547丸山元気　　5500101 216.9  33.01223482      23                           
0521450514 21.5  0.2  0.0  0.0  0.0  0.0 21.702010416吉田豊　　　5400101  90.1  11.61223444      23                           
0521450515 20.0  0.2  0.0  0.0  0.0  0.0 20.200010583坂井瑠星　　5500101  47.0   7.31223452      23                           
0521450516 20.5  0.2  0.0  0.0  0.0  0.0 20.700010590横山武史　　5500101  94.3  15.21223494      23                           
0521450601 39.0  0.2 -1.0  0.0  0.0  0.0 38.212010537丸田恭介　　5500201 117.0  16.81251440-16   22                           
0521450602 42.1  0.4  0.6  0.0  0.0  0.0 43.100030113内田博幸　　5700201  38.3   6.61251504- 4   23                           
0521450603 52.9  1.8  3.6  2.5  2.3  0.0 63.101010516大野拓弥　　5500201   4.9   1.91251532+ 633132                           
0521450604 36.0  0.4  0.0  1.5  0.0  0.0 37.912010547丸山元気　　5700201  18.2   5.51251502  059 37                           
0521450605 45.9  1.1  0.9  2.0  0.0  0.0 49.900010435福永祐一　　5500201   5.9   1.61251492- 44 622                           
0521450606 42.0  0.2  0.0  0.0  0.0  0.0 42.210010416吉田豊　　　5700201  79.1  10.31251526+ 2   22                           
0521450607 32.0  0.1 -1.0  0.0  0.0  0.0 31.100010583坂井瑠星　　5700201  35.8   5.91251474- 6   32                           
0521450608 41.0  0.4  0.0  0.0  0.0  0.0 41.410010608永野猛蔵　　5403201  24.5   5.51251490  0   22                           
0521450609 30.0  0.1 -1.0  0.0  0.0  0.0 29.100030546藤井勘一郎　5700201 191.7  30.81251478+ 2   23                           
0521450610 45.0  1.1  2.7  0.0  3.4  0.0 52.210010590横山武史　　5300201  11.3   2.81251496  0 1432                           
0521450611 44.0  0.2  0.0  0.0  2.2  0.0 46.402010582木幡巧也　　5700201  38.9   3.31251528+ 4 4 33                           
0521450612 42.8  2.3  3.1  3.0  0.0  0.0 51.200030468戸崎圭太　　5500201   5.2   1.71251510+102 532                           
0521450613 53.0  0.9  2.2  0.0  0.0  0.0 56.100010429柴田大知　　5700201  12.0   2.81251438+ 4  333                           
0521450614 37.0  0.0 -1.0  0.0  0.0  0.0 36.000010577野中悠太郎　5500201 110.5  18.21251448+ 5   22                           
0521450615 47.0  2.7  4.7  3.5  2.4  0.0 60.300010542三浦皇成　　5500201   3.2   1.41251470- 212222                           
0521450701 44.2  3.4  3.5  3.5  3.0  0.0 57.600010590横山武史　　5700201   1.9   1.11319484  012122                           
0521450702 39.0  1.2  1.7  2.0  0.0  0.0 43.900010608永野猛蔵　　5203201  13.3   2.41319462+ 24  32                           
0521450703 38.0  0.4  0.0  0.0  0.0  0.0 38.410010570石川裕紀人　5700201  40.8   5.91319460  0   33                           
0521450704 44.0  0.8  3.1  0.0  3.6  0.0 51.502010537丸田恭介　　5500201  17.5   2.51319528+ 6 1337                           
0521450705 46.0  1.8  2.4  1.5  0.0  0.0 51.700010444武士沢友治　5300201   9.8   1.91319466+ 25 237                           
0521450706 41.3  2.3  2.5  3.0  0.0  0.0 49.100070234Ｃ．ルメール5700201   4.1   1.21319478  02 433                           
0521450707 43.9  1.4  1.2  2.5  0.0  0.0 49.000030468戸崎圭太　　5700201   6.8   1.41319464+ 43 532                           
0521450708 38.0  0.4  0.0  0.0  0.0  0.0 38.402010577野中悠太郎　5700201  43.5   4.31319510- 8   37                           
0521450709 42.0  0.9  2.2  0.0  2.3  0.0 47.400010582木幡巧也　　5700201  16.6   2.21319504+ 6 3627                           
0521450801 45.9  0.7  1.7  0.0  0.0  0.0 48.302010542三浦皇成　　5500101  17.6   2.61354468- 6   22                           
0521450802 44.1  0.1  0.0  0.0  0.0  0.0 44.202010583坂井瑠星　　5500101  70.5   6.41354470  0   23                           
0521450803 48.2  1.0  1.0  0.0  0.0  0.0 50.200070234Ｃ．ルメール5500101  19.9   4.21354444+ 2  632                           
0521450804 41.0  0.1 -1.0  0.0  0.0  0.0 40.100010538宮崎北斗　　5500101 141.0  20.11354416- 6   32                           
0521450805 35.0  0.1  0.0  0.0  0.0  0.0 35.111010412岩部純二　　5300101 167.0  18.11354424+ 6   37                           
0521450806 39.0  0.1  0.0  0.0  0.0  0.0 39.100010589武藤雅　　　5500101 195.9  27.41354488+ 4   33                           
0521450807 44.0  0.1 -1.0  0.0  0.0  0.0 43.100010608永野猛蔵　　5203101  70.1  10.41354464- 8   32                           
0521450808 56.0  2.8  3.1  3.5  3.6  0.0 69.000010435福永祐一　　5300101   1.7   1.11354444  011133                           
0521450809 48.0  0.7  1.0  0.0  0.0  0.0 49.702030468戸崎圭太　　5500101  37.9   5.01354470+ 6   32                           
0521450810 42.0  0.4 -1.0  0.0  0.0  0.0 41.413010355武豊　　　　5300101  45.1   6.01354472+ 6   23                           
0521450811 52.0  0.9  2.1  3.0  2.1  0.0 60.102030113内田博幸　　5500101   8.4   1.71354516+ 224332                           
0521450812 45.0  0.7  0.8  0.0  0.0  0.0 46.502010491田辺裕信　　5500101  33.8   5.81354470+20   23                           
0521450813 42.0  0.1  0.0  0.0  0.0  0.0 42.100010582木幡巧也　　5300101 217.5  19.81354432  0   32                           
0521450814 52.1  2.2  4.1  2.0  3.0  0.0 63.400010512川田将雅　　5300101   9.5   1.81354470+ 642233                           
0521450815 46.0  1.0  1.4  1.5  2.4  0.0 52.302070176Ｍ．デムーロ5500101  14.3   2.51354488+ 253533                           
0521450816 42.0  0.1 -1.0  0.0  0.0  0.0 41.102010547丸山元気　　5500101 168.8  20.51354436+ 6   33                           
0521450817 43.0  0.2 -1.0  0.0  0.0  0.0 42.203010516大野拓弥　　5500101 109.4  15.41354470+ 4   23                           
0521450818 47.8  1.2  2.6  2.5  0.0  0.0 54.100010590横山武史　　5500101   8.0   2.11354462-103 432                           
0521450901 43.3  1.4  3.2  1.5  2.1  0.0 51.500010542三浦皇成　　5500101   8.9   1.61416518+ 454423                           
0521450902 45.0  3.0  3.6  3.5  3.0  0.0 58.100030468戸崎圭太　　5500101   2.3   1.11416468  012232                           
0521450903 46.0  2.4  2.6  2.5  2.2  0.0 55.700010512川田将雅　　5400101   4.2   1.11416484+ 833322                           
0521450904 47.0  2.2  3.0  3.0  3.6  0.0 58.802010355武豊　　　　5500101   3.8   1.11416506+1221122                           
0521450905 43.5  1.9  1.8  2.0  0.0  0.0 49.200070234Ｃ．ルメール5500101   8.5   1.61416506- 44 533                           
0521450906 22.0  0.2  0.0  0.0  0.0  0.0 22.200010554嶋田純次　　5400101 194.5  17.21416464- 6   37                           
0521450907 35.1  0.7  0.0  0.0  0.0  0.0 35.802010491田辺裕信　　5500101  46.5   5.21416484+ 4  633                           
0521450908 35.0  0.3 -1.0  0.0  0.0  0.0 34.302010429柴田大知　　5500101  71.8   7.21416480+ 2   23                           
0521451001 59.6  2.9  3.6  3.5  3.6  0.0 73.210010339横山典弘　　5700201   3.9   1.51451504+ 411132                           
0521451002 50.0  0.6  0.0  0.0  0.0  0.0 50.610030113内田博幸　　5700201  35.1   7.01451510+ 6   32                           
0521451003 57.4  0.9  1.3  2.0  2.4  0.0 64.000010435福永祐一　　5700201   9.5   2.71451486+ 842533                           
0521451004 62.0  0.6  0.9  0.0  0.0  0.0 63.503010497石橋脩　　　5700201  23.9   4.81451450- 2  633                           
0521451005 57.1  0.4  0.0  0.0  0.0  0.0 57.500010608永野猛蔵　　5700201  36.7   6.01451478+ 2   32                           
0521451006 53.0  0.2  0.0  0.0  0.0  0.0 53.200010582木幡巧也　　5700201  59.7   8.61451476- 6   22                           
0521451007 53.0  0.2  0.0  0.0  0.0  0.0 53.200030546藤井勘一郎　5700201  13.3   5.91451504- 8   22                           
0521451008 65.0  1.4  0.9  2.5  2.1  0.0 71.900070234Ｃ．ルメール5700201   7.4   2.31451488- 235222                           
0521451009 56.1  0.2 -1.0  0.0  0.0  0.0 55.300010583坂井瑠星　　5700201  33.3   6.81451518  0   22                           
0521451010 60.1  0.7  1.9  1.5  0.0  0.0 64.200010542三浦皇成　　5700201  11.1   2.31451490- 65 433                           
0521451011 51.0  0.1 -1.0  0.0  0.0  0.0 50.100010444武士沢友治　5700201  42.4   7.91451464- 4   32                           
0521451012 53.0  1.1  0.0  0.0  0.0  0.0 54.100010491田辺裕信　　5700201  18.6   4.01451568- 4   23                           
0521451013 57.0  0.2  0.0  0.0  0.0  0.0 57.200010324柴田善臣　　5700201  30.4   3.61451458+ 8   32                           
0521451014 52.0  0.6  0.0  0.0  2.2  0.0 54.800010570石川裕紀人　5700201  15.7   3.21451488+ 4 4 33                           
0521451015 61.0  2.6  2.9  3.0  2.3  0.0 71.800030468戸崎圭太　　5500201   3.7   1.61451474- 823332                           
0521451016 46.0  0.2 -1.0  0.0  0.0  0.0 45.200010537丸田恭介　　5700201  89.6  12.81451502- 2   23                           
0521451101 68.1  2.9  4.0  3.5  2.2  0.0 80.700010455池添謙一　　5200101   4.0   1.51531484- 215132                           
0521451102 67.0  0.5  1.9  0.0  0.0  0.0 69.400010497石橋脩　　　5600101  14.8   3.61531500- 4 9 32                           
0521451103 63.1  0.4 -1.0  0.0  0.0  0.0 62.500010355武豊　　　　5600101  58.6  10.21531506- 2   32                           
0521451104 59.0  0.6  0.0  0.0  0.0  0.0 59.602010583坂井瑠星　　5500101  14.1   4.01531486+ 4   27                           
0521451105 68.0  1.6  2.3  2.5  3.0  0.0 77.402010491田辺裕信　　5400101   5.9   1.81531472+1033232                           
0521451106 62.0  0.1  0.0  0.0  0.0  0.0 62.112010580荻野極　　　5600101 264.3  44.11531440- 4   32                           
0521451107 61.0  0.3  0.0  0.0  0.0  0.0 61.300010324柴田善臣　　5400101  29.1   4.71531480+ 6   32                           
0521451108 64.0  0.6  0.0  2.0  3.1  0.0 69.710070176Ｍ．デムーロ5700101  10.4   2.71531514- 442632                           
0521451109 55.0  0.6  0.2  0.0  0.0  0.0 55.800010590横山武史　　5600101  39.5   8.71531538+ 2   27                           
0521451110 64.8  1.1  0.8  1.5  2.4  0.0 70.600070234Ｃ．ルメール5600101  11.5   2.81531468+ 654433                           
0521451111 60.0  0.1 -1.0  0.0  0.0  0.0 59.100030113内田博幸　　5600101 106.4  12.81531484+ 4   32                           
0521451112 63.2  0.3 -1.0  0.0  0.0  0.0 62.500010516大野拓弥　　5600101  54.5   8.01531510+10   32                           
0521451113 59.0  0.2 -1.0  0.0  0.0  0.0 58.210010542三浦皇成　　5600101 113.5  15.31531486  0   37                           
0521451114 64.2  0.7  1.5  0.0  0.0  0.0 66.411010435福永祐一　　5700101   8.2   2.81531466- 6   32                           
0521451115 56.0  0.1 -1.0  0.0  0.0  0.0 55.100010547丸山元気　　5600101 187.8  32.31531462- 6   22                           
0521451116 65.0  2.0  2.9  3.0  3.7  0.0 76.600010512川田将雅　　5400101   4.6   1.81531526+2221333                           
0521451117 68.4  0.8  0.5  0.0  0.0  0.0 69.702030468戸崎圭太　　5600101  16.8   3.81531512+ 2  522                           
0521451201 48.0  0.4  0.0  0.0  0.0  0.0 48.410010590横山武史　　5700201  25.8   4.41603454+ 6   32                           
0521451202 40.0  0.1  0.0  0.0  0.0  0.0 40.102010593山田敬士　　5502201 125.0  21.61603526+ 6   32                           
0521451203 38.0  0.3  0.0  0.0  0.0  0.0 38.300010429柴田大知　　5300201  70.7  10.91603456  0   32                           
0521451204 51.0  1.2  2.4  3.0  0.0  0.0 57.600010355武豊　　　　5500201   7.2   1.81603444- 22 532                           
0521451205 49.0  0.2  0.0  0.0  2.1  0.0 51.312010324柴田善臣　　5500201  46.0   6.01603448- 2 4 32                           
0521451206 48.1  0.4  1.2  2.0  0.0  0.0 51.700030113内田博幸　　5700201  27.2   3.91603474+ 44  32                           
0521451207 48.0  0.3  0.0  0.0  0.0  0.0 48.310010455池添謙一　　5700201  64.5   8.71603486- 2   22                           
0521451208 58.0  3.4  3.6  3.5  2.3  0.0 70.802010512川田将雅　　5300201   1.8   1.11603452- 213133                           
0521451209 56.3  0.8  2.3  0.0  2.0  0.0 61.400010542三浦皇成　　5700201  18.0   3.11603488+14 5422                           
0521451210 53.0  0.4  0.9  1.5  0.0  0.0 55.812010554嶋田純次　　5500201  29.9   3.11603476- 45 632                           
0521451211 56.7  2.1  2.7  2.5  3.6  0.0 67.600070176Ｍ．デムーロ5700201   5.5   1.61603472+1631233                           
0521451212 56.0  1.1  1.6  0.0  3.0  0.0 61.700010582木幡巧也　　5500201  12.2   2.31603500+ 2 2322                           
0521451213 42.0  0.1 -1.0  0.0  0.0  0.0 41.100010444武士沢友治　5700201  99.4  11.61603478-20   22                           
0521451214 45.0  0.1  0.0  0.0  0.0  0.0 45.100010589武藤雅　　　5500201  98.3  10.31603484+ 2   32                           
0521451215 25.0  0.4  0.0  0.0  0.0  0.0 25.400010608永野猛蔵　　5403201  37.8   4.61603486- 6   23                           
0521451216 48.0  0.2  0.0  0.0  0.0  0.0 48.200010375江田照男　　5700201  39.3   4.81603502  0   32                           
0921450101 35.1  1.8  3.1  3.0  2.3  0.0 45.310010457酒井学　　　5500101   6.6   1.70946446+ 223222                           
0921450102 15.0  0.2 -1.0  0.0  0.0  0.0 14.200010544国分恭介　　5500101  92.9  16.50946494+ 8   22                           
0921450103 32.0  1.2  1.1  0.0  2.1  0.0 36.400010578鮫島克駿　　5400101   9.7   2.70946482- 2 4532                           
0921450104 32.2  1.6  2.7  3.5  2.4  0.0 42.400010546松山弘平　　5400101   5.3   1.60946500  012432                           
0921450105 19.4  0.5  0.0  1.5  0.0  0.0 21.410010508藤岡佑介　　5500101   7.7   2.70946494+ 25  22                           
0921450106 25.0  0.2  0.0  0.0  0.0  0.0 25.200010561中井裕二　　5400101  29.5   6.20946448- 2   22                           
0921450107 19.0  0.4  0.0  0.0  0.0  0.0 19.400010606角田大和　　5103101  67.4   7.80946436+ 2   22                           
0921450108 14.0  0.2 -1.0  0.0  0.0  0.0 13.202010419幸英明　　　5500101  43.0   7.20946484- 6   22                           
0921450109 23.0  0.6  0.9  0.0  1.9  0.0 26.400010594岩田望来　　5500101  16.3   3.50946496+ 4 6622                           
0921450110 40.0  2.3  3.6  2.5  3.3  0.0 51.700010602泉谷楓真　　5401101   3.9   1.30946472+ 231122                           
0921450111 14.0  0.2 -1.0  0.0  0.0  0.0 13.210010579加藤祥太　　5400101 191.6  31.20946452+ 2   37                           
0921450112 15.0  0.4  0.0  0.0  0.0  0.0 15.400030182岩田康誠　　5500101  31.0   6.70946506-12   32                           
0921450113 35.0  1.4  2.3  2.0  2.0  0.0 42.700010564菱田裕二　　5500101   7.6   1.90946428- 245332                           
0921450114 22.0  0.6  0.0  0.0  0.0  0.0 22.610010438和田竜二　　5500101  19.2   4.30946468- 2   32                           
0921450201 21.0  0.2  0.0  0.0  0.0  0.0 21.200010564菱田裕二　　5400101  59.3   8.11018432+ 2   32                           
0921450202 19.0  0.4  0.0  0.0  0.0  0.0 19.400010519鮫島良太　　5400101  13.3   4.31018430+16   32                           
0921450203 19.0  0.4 -1.0  0.0  0.0  0.0 18.410010536藤岡康太　　5400101  27.3   5.41018438- 6   22                           
0921450204 35.0  1.4  2.0  3.5  2.2  0.0 44.110010436古川吉洋　　5400101   5.2   2.01018462  013232                           
0921450205 32.2  1.2  1.4  0.0  0.0  0.0  0.000110578鮫島克駿　　5400101            1018         32                           
0921450206 32.3  1.4  1.9  1.5  2.0  0.0 39.110010574松若風馬　　5400101   6.2   1.71018518-1055422                           
0921450207 26.0  0.4  1.1  0.0  0.0  0.0 27.500010545国分優作　　5400101  24.5   3.81018444  0   22                           
0921450208 31.0  1.3  1.7  3.0  0.0  0.0 37.000010457酒井学　　　5400101   5.5   1.61018470- 82 522                           
0921450209 21.0  0.4 -1.0  0.0  0.0  0.0 20.400030182岩田康誠　　5400101  54.7  11.21018416+20   32                           
0921450210 30.0  2.3  3.3  2.0  2.3  0.0 39.910010546松山弘平　　5400101   5.4   1.51018422+ 442332                           
0921450211 27.2  1.1  0.0  0.0  2.1  0.0 30.402010438和田竜二　　5400101   9.4   2.61018484+18 4622                           
0921450212 37.0  1.9  3.5  2.5  3.3  0.0 48.200010594岩田望来　　5400101   5.7   1.71018508  031122                           
0921450301 24.0  0.6  0.0  0.0  0.0  0.0 24.610010606角田大和　　5203101  63.8   3.91050474+ 2  632                           
0921450302 21.0  0.2  0.0  0.0  0.0  0.0 21.210010534田中健　　　5500101  57.2   4.31050514+ 4   32                           
0921450303 23.0  0.5  1.3  0.0  2.1  0.0 26.910010536藤岡康太　　5500101  36.8   3.11050496- 6 4522                           
0921450304 41.0  3.5  4.5  3.0  3.3  0.0 55.302010438和田竜二　　5500101   1.4   1.01050490+ 421132                           
0921450305 35.0  1.4  2.2  2.0  2.3  0.0 42.900010574松若風馬　　5500101  18.4   1.61050460+ 442322                           
0921450306 34.9  1.9  2.9  2.5  2.0  0.0 44.202010419幸英明　　　5400101   7.3   1.11050466- 235222                           
0921450307 24.1  1.6  3.0  3.5  2.2  0.0 34.410010594岩田望来　　5500101   4.8   1.41050482+ 613432                           
0921450308 19.0  0.4  0.2  1.5  0.0  0.0 21.112010546松山弘平　　5400101  22.7   1.91050486  05  22                           
0921450309 22.9  0.3 -1.0  0.0  0.0  0.0 22.200010436古川吉洋　　5500101 126.3   7.91050494  0   22                           
0921450401 38.2  3.4  4.1  3.5  2.2  0.0 51.400010594岩田望来　　5400101   2.9   1.31118484   13122                           
0921450402 10.0  0.2  0.0  0.0  0.0  0.0 10.200010545国分優作　　5400101  78.2  10.61118422      22                           
0921450403 23.5  0.9  1.4  0.0  0.0  0.0 25.800010460太宰啓介　　5500101  21.2   4.01118454     532                           
0921450404 10.0  0.3 -1.0  0.0  0.0  0.0  9.302010457酒井学　　　5400101  36.7   5.31118428      22                           
0921450405 12.5  0.6  0.0  0.0  0.0  0.0 13.100010568和田翼　　　5500101  21.0   3.71118462      22                           
0921450406 24.3  1.1  1.5  3.0  2.0  0.0 31.900010546松山弘平　　5500101   4.6   1.71118488   25322                           
0921450407 10.0  0.2 -1.0  0.0  0.0  0.0  9.200010482川島信二　　5500101  53.7   8.31118574      22                           
0921450408 12.3  0.4  0.0  1.5  0.0  0.0 14.202010558藤懸貴志　　5400101  11.7   2.61118456   5  22                           
0921450409 38.4  2.0  4.6  0.0  3.3  0.0 48.300010536藤岡康太　　5500101   6.8   1.41118506    1222                           
0921450410 16.3  0.6  0.4  0.0  1.9  0.0 19.200010436古川吉洋　　5500101  19.9   4.01118444    6 22                           
0921450411 24.0  1.0  1.4  2.0  2.3  0.0 30.700010438和田竜二　　5500101  12.3   2.41118446   42432                           
0921450412 14.7  0.9  0.0  2.5  2.1  0.0 20.200010610古川奈穂　　5100101   8.5   2.21118442   34632                           
0921450501 15.1  0.4 -1.0  0.0  0.0  0.0 14.500010606角田大和　　5203101  48.3   7.41210420      32                           
0921450502 15.0  0.2 -1.0  0.0  0.0  0.0 14.200010519鮫島良太　　5500101  45.9   9.91210504      22                           
0921450503 15.1  0.8  0.0  1.5  0.0  0.0 17.400010602泉谷楓真　　5301101   8.7   2.11210462   5  32                           
0921450504 28.2  0.9  1.5  0.0  0.0  0.0 30.600010548川須栄彦　　5500101  18.0   3.91210448     532                           
0921450505 28.7  2.1  1.6  2.0  2.2  0.0 36.600010594岩田望来　　5400101   6.1   1.51210462   43432                           
0921450506 15.0  0.4 -1.0  0.0  0.0  0.0 14.400030018小牧太　　　5500101  40.5   6.11210398      32                           
0921450507 15.0  0.4  0.0  2.5  1.9  0.0 19.800010419幸英明　　　5400101   8.5   2.11210438   36 22                           
0921450508 33.8  1.1  2.5  0.0  2.1  0.0 39.500010545国分優作　　5400101  16.8   3.01210434    4222                           
0921450509 41.1  3.0  3.9  3.0  3.3  0.0 54.300010578鮫島克駿　　5500101   4.2   1.41210460   21132                           
0921450510 30.1  1.6  1.9  3.5  2.3  0.0 39.400010546松山弘平　　5400101   3.2   1.31210456   12332                           
0921450511 17.9  0.8  0.0  0.0  2.0  0.0 20.702010544国分恭介　　5400101  40.2   6.41210428    5 32                           
0921450512 25.4  0.7  1.1  0.0  0.0  0.0 27.200010534田中健　　　5400101  21.9   4.11210460     632                           
0921450601 33.0  0.7 -1.0  0.0  0.0  0.0 32.710010419幸英明　　　5300101  28.7   5.21238470+ 4   22                           
0921450602 45.3  1.2  1.6  3.0  1.9  0.0 53.010010594岩田望来　　5300101   5.7   1.91238488+ 226422                           
0921450603 47.0  1.6  2.3  2.5  2.2  0.0 55.600010606角田大和　　5203101   6.5   1.61238466- 633332                           
0921450604 45.0  1.0  1.6  1.5  0.0  0.0 49.100010535浜中俊　　　5300101  11.2   3.01238484+ 85 622                           
0921450605 47.9  1.1  1.8  0.0  2.1  0.0 52.902010574松若風馬　　5300101  10.1   2.41238482+12 4532                           
0921450606 35.0  0.2  0.0  0.0  0.0  0.0 35.200010578鮫島克駿　　5300101  34.4   7.71238470- 4   22                           
0921450607 37.0  0.3  0.0  0.0  0.0  0.0 37.300010536藤岡康太　　5300101  28.8   5.61238486  0   32                           
0921450608 48.0  2.6  4.4  3.5  2.3  0.0 60.800010546松山弘平　　5300101   2.5   1.21238486+ 212232                           
0921450609 35.0  0.2 -1.0  0.0  0.0  0.0 34.200010602泉谷楓真　　5201101  89.7  10.81238422- 2   32                           
0921450610 44.0  0.8  0.0  0.0  2.0  0.0 46.800010508藤岡佑介　　5500101  15.2   2.31238416-10 5 32                           
0921450611 50.0  2.6  3.3  2.0  3.3  0.0 61.200010438和田竜二　　5300101   5.8   1.51238466+ 241122                           
0921450701 38.0  0.1 -1.0  0.0  0.0  0.0 37.110010561中井裕二　　5700101 104.0  12.71312478+10   22                           
0921450702 44.0  0.6  0.8  2.0  0.0  0.0 47.410010578鮫島克駿　　5500101  15.9   1.91312458- 84 632                           
0921450703 33.0  0.2  0.0  0.0  0.0  0.0 33.210010610古川奈穂　　5100101  31.3   6.61312508  0   22                           
0921450704 43.0  0.3  0.0  0.0  2.0  0.0 45.310010536藤岡康太　　5500101  19.8   5.41312484+ 6 5 22                           
0921450705 40.2  0.2 -1.0  0.0  0.0  0.0 39.400010544国分恭介　　5500101  25.4   3.91312514+ 3   27                           
0921450706 42.8  1.1  2.0  2.5  1.9  0.0 50.300010546松山弘平　　5500101   6.6   2.41312502+1236337                           
0921450707 40.0  0.4  0.0  0.0  0.0  0.0 40.402030018小牧太　　　5700101  23.5   3.71312468  0   22                           
0921450708 40.0  0.4  0.0  0.0  0.0  0.0 40.410010606角田大和　　5403101  71.4   6.81312494+ 8   22                           
0921450709 35.0  0.1 -1.0  0.0  0.0  0.0 34.100010568和田翼　　　5700101 123.0  17.01312508  0   22                           
0921450710 47.0  3.1  3.8  3.5  3.3  0.0 60.700010438和田竜二　　5500101   2.4   1.31312500- 811122                           
0921450711 42.2  1.2  2.2  1.5  2.3  0.0 49.412010574松若風馬　　5500101  10.1   2.31312490- 852422                           
0921450712 49.0  2.0  3.3  3.0  2.2  0.0 59.500010457酒井学　　　5700101   4.9   1.31312516+ 623222                           
0921450713 42.0  0.2 -1.0  0.0  0.0  0.0 41.200010436古川吉洋　　5700101  81.6  13.41312464- 2   22                           
0921450714 44.1  0.9  2.2  0.0  2.1  0.0 49.300010419幸英明　　　5500101  11.2   3.01312494+ 4 4532                           
0921450715 40.1  0.4  0.0  0.0  0.0  0.0 40.500010460太宰啓介　　5700101  34.5   4.91312516+ 2   22                           
0921450801 40.0  0.2 -1.0  0.0  0.0  0.0 39.200010419幸英明　　　5300101  40.1   8.41340408- 4   32                           
0921450802 55.1  2.6  3.1  3.0  2.1  0.0 65.900010594岩田望来　　5300101   3.6   1.41340486+ 424232                           
0921450803 55.0  0.8  2.5  2.0  2.3  0.0 62.600010578鮫島克駿　　5300101  10.0   2.71340478+1242332                           
0921450804 44.0  0.4  0.0  0.0  0.0  0.0 44.410030182岩田康誠　　5500101  25.9   6.61340438+ 6   22                           
0921450805 44.0  0.3  0.0  0.0  0.0  0.0 44.310010457酒井学　　　5500101  12.2   3.41340456+ 2   22                           
0921450806 43.0  0.1  0.0  0.0  0.0  0.0 43.112010558藤懸貴志　　5500101  51.0   5.11340492+ 4   22                           
0921450807 51.9  0.5  2.4  0.0  2.0  0.0 56.802010536藤岡康太　　5500101  17.6   3.81340466+ 4 5532                           
0921450808 43.2  0.4 -1.0  0.0  0.0  0.0 42.600010606角田大和　　5203101  29.9   5.61340458+18   22                           
0921450809 50.0  0.8  0.8  0.0  1.8  0.0 53.400010438和田竜二　　5500101  16.1   3.71340438- 6 6 32                           
0921450810 35.0  0.0 -1.0  0.0  0.0  0.0 34.000010592服部寿希　　5203101 126.7  22.11340448  0   22                           
0921450811 47.0  0.5  0.4  0.0  0.0  0.0 47.900010460太宰啓介　　5500101  21.0   4.21340482- 2   27                           
0921450812 58.0  1.0  1.9  2.5  3.3  0.0 66.710010546松山弘平　　5500101   6.7   2.21340498- 631122                           
0921450813 52.0  1.9  2.8  1.5  2.2  0.0 60.410010535浜中俊　　　5500101   9.9   2.01340416- 853422                           
0921450814 47.0  2.1  2.6  3.5  0.0  0.0 55.210010545国分優作　　5500101   4.2   1.81340468+ 41 622                           
0921450815 44.0  0.2 -1.0  0.0  0.0  0.0 43.200010574松若風馬　　5500101  54.0  10.01340468+ 6   22                           
0921450901 52.3  0.5  0.0  0.0  0.0  0.0 52.800030182岩田康誠　　5400101  18.3   3.31408524- 6   22                           
0921450902 61.0  2.3  3.2  3.5  3.3  0.0 73.300010546松山弘平　　5400101   2.7   1.11408486+ 411132                           
0921450903 57.1  1.1  1.5  2.0  2.0  0.0 63.700010594岩田望来　　5300101  14.6   2.31408474  045432                           
0921450904 57.0  2.6  3.0  3.0  2.1  0.0 67.700010564菱田裕二　　5400101   3.5   1.11408458  024332                           
0921450905 53.0  0.8  2.0  1.5  2.2  0.0 59.500010536藤岡康太　　5300101  13.8   2.31408482+ 253522                           
0921450906 51.1  0.4  0.0  0.0  0.0  0.0 51.510010574松若風馬　　5300101  36.0   5.01408502+12   32                           
0921450907 51.0  0.3 -1.0  0.0  0.0  0.0 50.310010419幸英明　　　5200101  37.8   4.61408456-14   32                           
0921450908 54.0  0.8  0.1  0.0  1.9  0.0 56.800010438和田竜二　　5400101  21.9   3.41408466+ 8 6632                           
0921450909 60.0  3.0  4.1  2.5  2.3  0.0 71.900010558藤懸貴志　　5200101   3.1   1.11408480+ 432237                           
0921451001 60.0  0.6  0.0  0.0  0.0  0.0 60.600010578鮫島克駿　　5500101  13.7   4.01438454- 6   32                           
0921451002 51.3  0.6  0.0  0.0  0.0  0.0 51.900010438和田竜二　　5500101  17.9   3.31438478+ 8   32                           
0921451003 63.8  1.7  1.9  2.0  2.3  0.0 71.700010508藤岡佑介　　5300101   6.4   2.51438510+ 642122                           
0921451004 53.0  0.2 -1.0  0.0  0.0  0.0 52.200010519鮫島良太　　5500101  60.8  11.01438504+ 4   32                           
0921451005 59.0  1.1  1.1  0.0  2.0  0.0 63.200010574松若風馬　　5500101   8.1   3.11438448-12 5632                           
0921451006 40.0  0.4 -1.0  0.0  0.0  0.0 39.400010610古川奈穂　　5500101  44.3   7.91438538+ 4   22                           
0921451007 56.7  2.1  2.6  1.5  3.3  0.0 66.200010594岩田望来　　5500101   6.2   2.21438474  051532                           
0921451008 43.0  0.2 -1.0  0.0  0.0  0.0 42.200010602泉谷楓真　　5500101  71.4  14.81438520-10   22                           
0921451009 61.0  1.4  2.1  0.0  1.9  0.0 66.402010562長岡禎仁　　5500101  10.8   2.71438518  0 6422                           
0921451010 48.0  0.1  0.0  0.0  0.0  0.0 48.100010592服部寿希　　5500101  58.6   8.31438504-12   32                           
0921451011 57.6  1.4  2.9  3.0  2.2  0.0 67.110010419幸英明　　　5500101   6.1   2.01438484+ 423332                           
0921451012 63.0  2.1  2.4  0.0  2.1  0.0 69.610010460太宰啓介　　5500101   7.4   2.51438478+ 2 4232                           
0921451013 49.0  0.1 -1.0  2.5  0.0  0.0 50.610030505岡田祥嗣　　5500101  18.4   3.91438510  03  32                           
0921451014 40.0  0.1  0.0  0.0  0.0  0.0 40.100010564菱田裕二　　5500101  87.6  13.41438516+12   32                           
0921451015 54.3  0.4  0.0  3.5  0.0  0.0 58.210010436古川吉洋　　5500101   7.6   3.21438446+181  37                           
0921451016 54.0  0.2 -1.0  0.0  0.0  0.0 53.200010451松田大作　　5500101  37.1  10.91438428- 4   32                           
0921451101 56.0  0.6  0.1  0.0  0.0  0.0 56.700010438和田竜二　　5700101  13.7   3.41519498  0   22                           
0921451102 62.1  0.6  0.8  0.0  0.0  0.0 63.500010536藤岡康太　　5700101  17.1   3.41519480+ 4   22                           
0921451103 55.0  0.2 -1.0  0.0  0.0  0.0 54.200010569城戸義政　　5700101  49.3   8.41519494  0   22                           
0921451104 60.0  0.4  0.0  0.0  0.0  0.0 60.400010602泉谷楓真　　5700101  41.5   7.81519470+ 2   33                           
0921451105 58.0  0.3 -1.0  0.0  0.0  0.0 57.302010460太宰啓介　　5700101  42.6   9.51519498  0   22                           
0921451106 64.0  1.0  0.7  0.0  2.1  0.0 67.800010574松若風馬　　5700101  15.0   3.91519476+ 2 4422                           
0921451107 55.0  2.1  4.0  3.0  1.9  0.0 66.000010548川須栄彦　　5500101   5.8   1.71519476  026632                           
0921451108 51.0  0.9  0.0  0.0  0.0  0.0 51.912010419幸英明　　　5400101  19.9   3.81519470- 2   32                           
0921451109 61.0  0.6  1.0  0.0  0.0  0.0 62.612010534田中健　　　5500101  14.4   3.71519478+10   27                           
0921451110 62.2  1.2  2.5  3.5  2.2  0.0 71.602010594岩田望来　　5700101   4.6   1.71519506+ 213322                           
0921451111 63.0  0.2 -1.0  0.0  0.0  0.0 62.200010545国分優作　　5700101  37.1   6.91519446- 4   22                           
0921451112 65.8  1.6  2.9  2.0  2.3  0.0 74.600010561中井裕二　　5400101   6.3   2.61519506+ 642132                           
0921451113 56.0  0.8 -1.0  0.0  0.0  0.0 55.802010535浜中俊　　　5500101  47.2   8.01519486+ 6   22                           
0921451114 62.0  0.7  0.4  1.5  2.0  0.0 66.602010457酒井学　　　5400101  11.7   3.61519506- 255522                           
0921451115 64.1  1.4  2.3  2.5  3.3  0.0 73.610010546松山弘平　　5500101   5.8   2.21519478- 431232                           
0921451116 60.0  0.2 -1.0  0.0  0.0  0.0 59.200010578鮫島克駿　　5700101  53.9  10.71519454- 4   32                           
0921451201 47.0  0.2 -1.0  0.0  0.0  0.0 46.202010562長岡禎仁　　5700101  34.5   4.71555482+ 6   22                           
0921451202 48.0  0.2  0.0  0.0  2.0  0.0 50.212010602泉谷楓真　　5401101  61.3   8.91555458  0 5 32                           
0921451203 54.0  2.3  1.2  3.0  3.3  0.0 63.800010594岩田望来　　5700101   5.9   1.81555496+ 621222                           
0921451204 53.0  1.4  3.2  0.0  0.0  0.0 57.600010548川須栄彦　　5300101  10.1   3.01555492+ 2  322                           
0921451205 43.0  0.2 -1.0  0.0  0.0  0.0 42.210010457酒井学　　　5500101  54.4  10.01555466+ 4   32                           
0921451206 49.0  1.2  1.6  2.5  2.3  0.0 56.610010546松山弘平　　5700101   4.0   1.71555474+ 232432                           
0921451207 53.1  0.9  1.2  0.0  0.0  0.0 55.200010419幸英明　　　5700101  18.3   3.31555530  0  522                           
0921451208 45.0  0.6  0.0  2.0  1.9  0.0 49.502010610古川奈穂　　5300101  12.2   3.71555494- 246 22                           
0921451209 45.0  0.4  0.0  0.0  0.0  0.0 45.400010606角田大和　　5403101  21.6   6.21555496- 2   32                           
0921451210 59.0  1.7  2.6  1.5  2.2  0.0 67.002030182岩田康誠　　5500101   7.2   1.91555458+ 253132                           
0921451211 42.1  1.5  1.9  0.0  2.1  0.0 47.602010536藤岡康太　　5700101  11.3   3.01555480+18 4 32                           
0921451212 40.0  0.1 -1.0  0.0  0.0  0.0 39.100010544国分恭介　　5700101 127.9  25.71555466+ 2   22                           
0921451213 40.4  0.2  0.0  0.0  0.0  0.0 40.610010578鮫島克駿　　5500101  45.8   9.41555524  0   27                           
0921451214 47.0  0.1 -1.0  0.0  0.0  0.0 46.110010569城戸義政　　5700101  44.0   9.21555452- 2   22                           
0921451215 42.0  1.3  4.7  3.5  0.0  0.0 51.500010436古川吉洋　　5500101   6.3   2.71555454+ 21 622                           
0921451216 41.0  0.2  0.0  0.0  0.0  0.0 41.200010564菱田裕二　　5300101  18.3   4.71555456- 4   32                           
