0625330101 22.0  0.2  0.0  0.0  0.0  0.0 22.210010577野中悠太郎　5500301  34.2   6.00949452-10   221005                       
0625330102 27.0  1.4  2.3  2.5  2.4  0.0 35.610010546松山弘平　　5500301   5.3   2.20949472  0324331005                       
0625330103 34.0  1.8  3.4  2.0  3.5  0.0 44.712010416吉田豊　　　5500301   6.2   1.70949516-10412221005                       
0625330104 29.0  0.4  0.0  0.0  0.0  0.0 29.400010623石田拓郎　　5203301  29.7   6.10949434+ 6   331005                       
0625330105 10.0  0.2 -1.0  0.0  0.0  0.0  9.200010529黛弘人　　　5500301 120.1  20.10949400      221005                       
0625330106 10.0  0.2  0.0  0.0  0.0  0.0 10.210010539伊藤工真　　5500301  96.7  10.90949502-12   231005                       
0625330107 31.0  1.4  1.9  3.0  0.0  0.0 37.302010515丹内祐次　　5500301   6.1   1.70949444+ 22 3371005                       
0625330108 19.0  0.1  0.0  0.0  0.0  0.0 19.102010561中井裕二　　5500301 131.2  17.70949480+ 8   231005                       
0625330109 14.0  0.1 -1.0  0.0  0.0  0.0 13.102010641舟山瑠泉　　5203301 233.6  41.60949424- 6   321005                       
0625330110 24.5  1.4  1.6  1.5  2.2  0.0 31.210010590横山武史　　5500301   7.5   2.20949476- 6546331005                       
0625330111 35.0  2.6  2.5  3.5  2.3  0.0 45.900010626小林美駒　　5100301   3.2   1.50949442- 8131371005                       
0625330112 25.0  1.1  2.4  0.0  0.0  0.0 28.500010581菊沢一樹　　5500301  12.0   2.30949458+ 4   271005                       
0625330113 33.9  0.4  0.0  0.0  0.0  0.0 34.302010537丸田恭介　　5500301  14.2   3.40949414- 1  5331005                       
0625330114 22.0  0.4  0.0  0.0  0.0  0.0 22.400010634長浜鴻緒　　5203301  54.8   7.40949448- 2   331005                       
0625330115 20.0  0.2 -1.0  0.0  0.0  0.0 19.200010375江田照男　　5500301  33.3   6.40949496  0 9 231005                       
0625330201 24.1  0.6  2.2  2.0  0.0  0.0 28.900010627佐藤翔馬　　5203301  29.2   1.91024442- 64 4421035                       
0625330202 14.0  0.1 -1.0  0.0  0.0  0.0 13.100010634長浜鴻緒　　5403301 181.9   8.71024444- 3   271035                       
0625330203 19.5  0.4  0.9  1.5  0.0  0.0 22.300010551西村太一　　5700301  54.8   3.61024418- 25 6231035                       
0625330204 19.0  0.1  0.0  0.0  0.0  0.0 19.101010529黛弘人　　　5700301 271.0  16.21024446- 4   371035                       
0625330205 10.0  0.1 -1.0  0.0  0.0  0.0  9.100010637上里直汰　　5203301 153.7   7.31024482      221035                       
0625330206 24.0  0.6  0.0  0.0  0.0  0.0 24.600010612横山琉人　　5401301  66.5   3.51024444+10  5371035                       
0625330207 23.0  1.2  1.6  2.5  2.3  0.0 30.610010515丹内祐次　　5500301  30.2   1.81024446- 4333331035                       
0625330208 10.0  0.0  0.0  0.0  0.0  0.0 10.000010629石神深道　　5203301 285.2  11.91024450  0   221035                       
0625330209 10.0  0.1  0.0  0.0  0.0  0.0 10.110010603小林脩斗　　5700301 362.5  32.51024496+ 4   221035                       
0625330210 12.0  0.8  1.3  0.0  0.0  0.0 14.112030113内田博幸　　5700301  56.8   2.41024572- 6   231035                       
0625330211 21.0  0.4  0.7  0.0  0.0  0.0 22.102010549菅原隆一　　5500301  95.6   3.71024466  0   271035                       
0625330212 18.0  0.1  0.0  0.0  0.0  0.0 18.102010638遠藤汰月　　5203301 192.2  12.31024432  0   331035                       
0625330213 40.0  3.8  5.0  3.5  3.6  0.0 55.902070314Ｊ．モレイラ5500301   1.1   1.01024462+ 2111331035                       
0625330214 10.0  0.2  0.0  0.0  0.0  0.0 10.200010429柴田大知　　5700301 340.9  25.91024442  0   331035                       
0625330215 28.0  1.6  2.8  3.0  2.4  0.0 37.800010604原優介　　　5500301  16.3   1.71024472-14222371035                       
0625330216 10.0  0.2  0.0  0.0  0.0  0.0 10.202010582木幡巧也　　5700301  68.0   4.81024478      231035                       
0625330301 10.0  0.4  0.0  0.0  0.0  0.0 10.400010560横山和生　　5700301  59.9   7.71050432- 2   331105                       
0625330302 40.0  2.1  3.2  3.5  2.4  0.0 51.200030113内田博幸　　5700301   2.7   1.21050528- 2122221105                       
0625330303 24.0  0.9  1.7  1.5  0.0  0.0 28.110070129Ａ．シュタル5700301   9.1   2.41050488-125 5231105                       
0625330304 25.0  0.3  0.0  0.0  0.0  0.0 25.310010537丸田恭介　　5700301  45.5   5.61050508  0  6231105                       
0625330305 39.0  3.5  3.8  3.0  2.2  0.0 51.500010590横山武史　　5700301   2.5   1.11050436- 6231331105                       
0625330306 33.0  1.6  2.1  2.5  0.0  0.0 39.200010555杉原誠人　　5700301   6.2   1.51050426  03 3331105                       
0625330307 14.0  0.4  0.0  0.0  3.5  0.0 17.900010573木幡初也　　5700301  29.2   4.01050482    1 331105                       
0625330308 10.0  0.4 -1.0  0.0  0.0  0.0  9.400010604原優介　　　5700301  63.0   3.71050440-12   331105                       
0625330309 18.0  0.4  0.0  0.0  0.0  0.0 18.410010563原田和真　　5700301 126.7   6.51050474- 8   371105                       
0625330310 18.0  0.2 -1.0  0.0  0.0  0.0 17.200010598斎藤新　　　5500301 100.2  16.31050450- 2   331105                       
0625330311 32.0  1.2  1.7  2.0  2.1  0.0 39.000010515丹内祐次　　5700301   8.2   1.51050462- 2444331105                       
0625330312 20.0  0.2 -1.0  0.0  0.0  0.0 19.200010429柴田大知　　5500301 216.4  22.61050422+ 4   371105                       
0625330401 10.0  0.1 -1.0  0.0  0.0  0.0  9.100010621水沼元輝　　5703201  97.2  18.61121490+10   171135                       
0625330402 10.0  0.1 -1.0  0.0  0.0  0.0  9.110010618土田真翔　　5703201  42.3  14.81121478+26   131135                       
0625330403 10.6  3.1  3.6  3.0  2.4  0.0 22.700010616小牧加矢太　6000201   3.0   1.41121500- 6231321135                       
0625330404 10.0  0.2  0.5  0.0  2.2  0.0 12.910010472金子光希　　6000201  28.9   5.41121486+ 6 4 331135                       
0625330405 10.4  1.7  0.9  0.0  0.0  0.0 13.002010468高田潤　　　6000201  10.3   2.71121512  0   321135                       
0625330406 10.0  0.2 -1.0  0.0  0.0  0.0  9.210010543小野寺祐太　6000201  47.0  12.01121514- 6   221135                       
0625330407 10.0  0.7  1.3  1.5  0.0  0.0 13.502010559森一馬　　　6000201   9.1   2.41121494- 65 5331135                       
0625330408 10.0  0.2 -1.0  0.0  0.0  0.0  9.200010479石神深一　　5900201  60.5  12.41121454- 2   231135                       
0625330409 10.0  0.2  0.0  0.0  0.0  0.0 10.200010533草野太郎　　5900201  33.6   5.81121470- 4   231135                       
0625330410 10.0  0.2  0.0  0.0  0.0  0.0 10.212010486難波剛健　　6000201  49.4   8.81121494+18   231135                       
0625330411 10.2  1.3  1.9  2.0  0.0  0.0 15.400010540大江原圭　　6000201   8.6   2.21121468- 44 4371135                       
0625330412 10.3  1.5  2.5  2.5  3.5  0.0 20.300010567伴啓太　　　6000201   5.8   1.31121446- 8313321135                       
0625330413 10.5  2.5  2.8  3.5  3.0  0.0 22.300010511上野翔　　　5900201   4.6   1.41121550+ 2122221135                       
0625330414 10.1  1.0  1.9  0.0  0.0  0.0 13.010010489五十嵐雄祐　5900201  17.8   3.61121454  0  6321135                       
0625330501 33.6  1.4  1.6  2.0  0.0  0.0 38.600010546松山弘平　　5700101   6.9   1.81213526   4 6221225                       
0625330502 39.0  3.0  3.2  3.5  2.3  0.0 51.000070314Ｊ．モレイラ5700101   1.8   1.11213512-12132231225                       
0625330503 37.0  0.5  0.0  0.0  0.0  0.0 37.500030113内田博幸　　5700101  77.9   7.21213454+ 2   331225                       
0625330504 30.0  0.5  0.6  1.5  0.0  0.0 32.602010551西村太一　　5700101  17.7   2.51213456-145  231225                       
0625330505 38.4  1.1  1.8  2.5  2.4  0.0 46.210010560横山和生　　5700101   7.9   1.61213470- 2323371225                       
0625330506 10.0  0.0 -1.0  0.0  0.0  0.0  9.002010604原優介　　　5700101 200.4  22.71213462- 6   221225                       
0625330507 18.0  0.2 -1.0  0.0  0.0  0.0 17.202010507津村明秀　　5700101 108.1  10.41213466+14   231225                       
0625330508 24.0  0.0 -1.0  0.0  0.0  0.0 23.000010582木幡巧也　　5700101 167.3  19.11213534+ 4   221225                       
0625330509 14.0  0.1  0.0  0.0  0.0  0.0 14.100010581菊沢一樹　　5700101 130.5  12.81213492+10   231225                       
0625330510 32.0  0.1 -1.0  0.0  0.0  0.0 31.102010529黛弘人　　　5700101 223.0  22.31213400- 6   331225                       
0625330511 23.0  0.3  0.0  0.0  0.0  0.0 23.310010537丸田恭介　　5500101 115.9  10.81213418- 6   231225                       
0625330512 10.0  0.1 -1.0  0.0  0.0  0.0  9.100010603小林脩斗　　5700101 250.5  24.51213442- 2   231225                       
0625330513 33.5  0.6  2.2  0.0  3.6  0.0 39.900010416吉田豊　　　5500101  21.8   3.01213486+26 15331225                       
0625330514 41.0  2.5  3.4  3.0  2.2  0.0 52.100010516大野拓弥　　5700101   4.7   1.21213462- 4241221225                       
0625330515 27.0  0.0 -1.0  0.0  0.0  0.0 26.000010621水沼元輝　　5403101 275.2  29.61213452- 4   371225                       
0625330516 21.0  0.2  0.0  0.0  0.0  0.0 21.210010429柴田大知　　5700101  95.4   9.01213508+12   231225                       
0625330517 20.0  0.4  0.0  0.0  0.0  0.0 20.400010462北村宏司　　5500101 102.5   9.41213490      231225                       
0625330518 38.0  0.4  1.0  0.0  2.0  0.0 41.400010555杉原誠人　　5700101  26.8   3.11213462- 4 54231225                       
0625330601 12.0  0.1  0.0  0.0  0.0  0.0 12.102010573木幡初也　　5500201 105.9  11.21241434+ 6   231255                       
0625330602 18.7  0.3  0.7  0.0  0.0  0.0 19.702010416吉田豊　　　5500201  56.3   7.01241516      231255                       
0625330603 19.0  0.3  0.0  0.0  0.0  0.0 19.302010515丹内祐次　　5500201  97.0  10.41241454+ 2   231255                       
0625330604 28.0  0.9  1.8  0.0  0.0  0.0 30.710010627佐藤翔馬　　5203201  16.8   2.41241452- 4  6331255                       
0625330605 32.0  1.1  2.3  1.5  2.1  0.0 39.000010429柴田大知　　5500201  18.3   2.31241480  0553331255                       
0625330606 10.0  0.2 -1.0  0.0  0.0  0.0  9.210010375江田照男　　5500201  61.7   5.71241434- 6   371255                       
0625330607 10.0  0.2 -1.0  0.0  0.0  0.0  9.200010581菊沢一樹　　5700201  59.8   6.41241472      131255                       
0625330608 10.0  0.0  0.0  0.0  0.0  0.0 10.000010621水沼元輝　　5203201 121.7  13.71241502      221255                       
0625330609 15.0  0.1 -1.0  0.0  0.0  0.0 14.112010629石神深道　　5203201 169.9  14.61241486- 6   271255                       
0625330610 23.0  0.8  1.4  2.5  3.1  0.0 30.801010500松岡正海　　5700201   8.6   2.11241460- 6325331255                       
0625330611 16.0  0.1 -1.0  0.0  0.0  0.0 15.110010634長浜鴻緒　　5403201 149.5  14.51241438- 2   321255                       
0625330612 39.0  3.5  4.1  3.5  3.6  0.0 53.700010590横山武史　　5700201   1.5   1.11241520  0111221255                       
0625330613 18.0  0.4  0.0  0.0  0.0  0.0 18.400010612横山琉人　　5601201  19.7   3.51241460- 4   321255                       
0625330614 28.8  1.4  3.0  3.0  0.0  0.0 36.200010547丸山元気　　5700201   8.1   1.91241520- 42 4231255                       
0625330615 15.0  0.3  0.0  0.0  2.4  0.0 17.700010516大野拓弥　　5500201  98.7   9.41241468+ 8 3 321255                       
0625330616 31.0  1.6  3.0  2.0  2.2  0.0 39.810010589武藤雅　　　5500201   8.3   1.91241452-14442331255                       
0625330701 39.0  0.4  0.0  0.0  0.0  0.0 39.400010582木幡巧也　　5800201  18.1   2.91308458- 6   231325                       
0625330702 35.0  1.1  0.0  0.0  0.0  0.0 36.100030113内田博幸　　5600201  15.4   3.71308460+ 4   331325                       
0625330703 40.0  1.5  1.9  2.0  3.0  0.0 48.402010462北村宏司　　5800201   8.7   2.21308514+18423231325                       
0625330704 48.0  3.5  3.9  3.0  2.4  0.0 60.800010637上里直汰　　5503201   2.7   1.11308494  0231331325                       
0625330705 42.2  0.5  0.4  0.0  0.0  0.0 43.102010412岩部純二　　5800201  53.0   5.61308504+10   271325                       
0625330706 41.0  0.4  0.7  2.5  0.0  0.0 44.600010604原優介　　　5800201   7.6   1.81308480- 23 4221325                       
0625330707 39.8  0.8  2.5  1.5  0.0  0.0 44.600010612横山琉人　　5701201  10.9   2.61308502- 45 5231325                       
0625330708 42.0  0.9  0.4  0.0  0.0  0.0 43.300010546松山弘平　　5800201  13.4   2.31308518  0  6321325                       
0625330709 35.0  0.8  1.2  0.0  0.0  0.0 37.000010500松岡正海　　5800201  14.7   3.01308496+ 2   321325                       
0625330710 29.0  0.1 -1.0  0.0  0.0  0.0 28.100010533草野太郎　　5800201 137.8  18.41308442  0   321325                       
0625330711 45.0  1.5  2.4  3.5  3.5  0.0 55.910010515丹内祐次　　5800201   3.8   1.41308550+ 4112231325                       
0625330801 49.1  0.4  1.6  0.0  0.0  0.0 51.100010416吉田豊　　　5600101  23.4   4.71341428+ 2   321401                       
0625330802 52.0  0.4  1.2  1.5  0.0  0.0 55.100010626小林美駒　　5200101  10.5   2.31341460- 25 5321401                       
0625330803 49.0  1.9  3.4  2.5  0.0  0.0 56.800010581菊沢一樹　　5600101   6.5   1.61341436+ 63 4371401                       
0625330804 54.0  1.9  2.6  3.0  3.6  0.0 65.100010638遠藤汰月　　5303101   4.6   1.61341468- 2211331401                       
0625330805 48.0  0.4  0.0  0.0  0.0  0.0 48.410010546松山弘平　　5800101  18.0   3.81341462- 6   221401                       
0625330806 44.0  0.1  0.0  0.0  0.0  0.0 44.110010555杉原誠人　　5800101 127.7  22.41341476-12   321401                       
0625330807 49.0  0.4  0.0  0.0  0.0  0.0 49.402010516大野拓弥　　5800101  29.7   4.41341488-14   331401                       
0625330808 49.3  3.0  3.6  3.5  3.0  0.0 62.400070314Ｊ．モレイラ5600101   2.3   1.21341474+ 6122371401                       
0625330809 47.0  0.2  0.0  0.0  0.0  0.0 47.202010549菅原隆一　　5800101 110.2  10.01341510+ 2   271401                       
0625330810 46.0  0.4  0.0  0.0  0.0  0.0 46.402010580荻野極　　　5800101  46.6   6.01341504+ 4   331401                       
0625330811 43.0  0.4  0.0  0.0  0.0  0.0 43.400010547丸山元気　　5800101  60.8   6.71341436- 2   321401                       
0625330812 49.2  0.6  0.0  0.0  2.2  0.0 52.000010339横山典弘　　5800101  25.2   3.81341492- 2 46371401                       
0625330813 51.0  1.4  2.4  2.0  2.4  0.0 59.200010590横山武史　　5800101   7.7   1.81341514+ 2433321401                       
0625330901 39.0  1.1  0.5  1.5  0.0  0.0 42.100010590横山武史　　5700101  16.5   4.41415446+ 25  221435                       
0625330902 43.0  1.1  3.4  2.5  0.0  0.0 50.002070129Ａ．シュタル5700101  11.4   3.61415498- 23 4231435                       
0625330903 42.0  0.4  0.0  0.0  2.3  0.0 44.700010497石橋脩　　　5700101  19.8   4.81415458  0 36331435                       
0625330904 41.9  1.6  2.5  2.0  2.0  0.0 50.000010582木幡巧也　　5700101  12.0   2.91415492- 4443221435                       
0625330905 53.0  2.9  4.0  3.0  3.4  0.0 66.300010604原優介　　　5700101   4.8   1.31415468+ 6211331435                       
0625330906 45.0  3.4  4.2  3.5  2.4  0.0 58.500070314Ｊ．モレイラ5700101   1.3   1.11415454  0122331435                       
0625330907 44.0  0.8  0.2  0.0  0.0  0.0 45.000010598斎藤新　　　5700101  26.4   4.71415506- 4  5231435                       
0625331001 44.0  0.1  0.0  0.0  0.0  0.0 44.100010582木幡巧也　　5800201  74.3  11.01451460- 2   331510                       
0625331002 38.0  0.2  0.0  0.0  0.0  0.0 38.200010580荻野極　　　5800201  49.0   6.71451506- 2   231510                       
0625331003 45.0  0.2 -1.0  0.0  0.0  0.0 44.200010581菊沢一樹　　5800201  39.1   7.51451528- 8   331510                       
0625331004 48.2  1.1  1.3  2.0  2.4  0.0 55.010070129Ａ．シュタル5800201  10.9   2.91451480+ 6434321510                       
0625331005 53.0  1.9  3.7  2.5  3.6  0.0 64.700010577野中悠太郎　5800201   5.3   1.71451464  0311331510                       
0625331006 48.1  0.4  0.1  0.0  0.0  0.0 48.602010515丹内祐次　　5800201  35.4   4.61451490+ 8   221510                       
0625331007 52.0  2.1  3.2  3.5  3.0  0.0 63.800070314Ｊ．モレイラ5600201   3.4   1.41451486+ 2122321510                       
0625331008 51.0  0.8  1.4  0.0  0.0  0.0 53.202010516大野拓弥　　5800201  12.1   3.01451538+ 2  5221510                       
0625331009 47.0  0.2  0.0  0.0  0.0  0.0 47.200010604原優介　　　5800201  31.9   7.61451492- 4   231510                       
0625331010 26.0  0.1  0.0  0.0  0.0  0.0 26.100010429柴田大知　　5800201 196.8  27.91451504-10   231510                       
0625331011 44.0  0.4  0.0  0.0  0.0  0.0 44.410010560横山和生　　5800201  28.5   5.11451490+ 4   331510                       
0625331012 46.0  0.4  0.0  0.0  0.0  0.0 46.400010555杉原誠人　　5800201  22.5   4.51451496- 2   331510                       
0625331013 43.3  0.8  0.7  0.0  0.0  0.0 44.802010598斎藤新　　　5800201  13.3   3.21451504+ 2   231510                       
0625331014 47.0  0.4  0.3  1.5  0.0  0.0 49.200010561中井裕二　　5800201  10.8   3.01451506+ 85 6231510                       
0625331015 51.1  2.9  3.4  3.0  2.2  0.0 62.602010507津村明秀　　5800201   4.5   1.61451532  0243371510                       
0625331016 44.0  0.1 -1.0  0.0  0.0  0.0 43.102010634長浜鴻緒　　5800201 137.4  17.81451462+ 8   231510                       
0625331101 66.1  0.8  1.2  0.0  2.2  0.0 70.300010598斎藤新　　　5800101  15.2   3.51527532+ 6 43221545                       
0625331102 66.0  3.0  4.6  3.5  2.3  0.0 79.400070314Ｊ．モレイラ5750101   2.1   1.21527508+10131271545                       
0625331103 59.1  0.8  0.0  2.5  0.0  0.0 62.400110590横山武史　　5750101   6.4   2.21527472  03  231545                       
0625331104 58.2  0.6  0.3  0.0  0.0  0.0 59.110010507津村明秀　　5750101  28.6   4.51527496- 2   321545                       
0625331105 65.0  0.3  0.0  0.0  2.0  0.0 67.300010416吉田豊　　　5700101  28.8   4.91527474- 2 65371545                       
0625331106 58.0  0.3 -1.0  0.0  0.0  0.0 57.310010516大野拓弥　　5700101 108.2  11.81527502- 4   331545                       
0625331107 62.0  1.0  0.1  0.0  0.0  0.0 63.100010491田辺裕信　　5500101  14.8   3.01527472- 2   321545                       
0625331108 57.0  0.4  2.0  1.5  0.0  0.0 60.900070129Ａ．シュタル5600101  13.3   2.71527490- 45  331545                       
0625331109 62.1  0.5  0.0  0.0  0.0  0.0 62.600010339横山典弘　　5600101  24.6   4.41527472-14   231545                       
0625331110 60.1  0.9  2.0  2.0  2.4  0.0 67.400010560横山和生　　5600101  13.8   2.61527470- 4424371545                       
0625331111 58.0  0.4  0.0  0.0  0.0  0.0 58.400010570石川裕紀人　5500101  46.9   6.31527482+ 6   371545                       
0625331112 63.0  0.4  0.0  0.0  2.1  0.0 65.500030113内田博幸　　5850101  15.6   4.11527512- 2 56221545                       
0625331113 59.0  0.2 -1.0  0.0  0.0  0.0 58.200010580荻野極　　　5750101  39.6   5.01527476- 2   221545                       
0625331114 64.0  2.1  3.1  3.0  3.6  0.0 75.802010546松山弘平　　5850101   7.8   2.21527498  0212371545                       
0625331201 30.0  0.0 -1.0  0.0  0.0  0.0 29.000010621水沼元輝　　5303201 181.9  20.01615468  0   371630                       
0625331202 39.1  0.4  0.0  2.0  0.0  0.0 41.500010634長浜鴻緒　　5303201  21.4   3.41615454- 44  331630                       
0625331203 39.7  0.6  1.1  0.0  0.0  0.0 41.410010547丸山元気　　5600201  17.2   2.91615530- 8   221630                       
0625331204 42.0  0.4  0.0  0.0  0.0  0.0 42.400010560横山和生　　5600201  47.3   4.71615472  0   331630                       
0625331205 39.0  0.1  0.0  0.0  0.0  0.0 39.102010623石田拓郎　　5503201  99.6   8.21615478+ 4   231630                       
0625331206 44.2  0.4  0.0  0.0  2.2  0.0 46.800010516大野拓弥　　5800201  67.1   5.71615486+ 2 45321630                       
0625331207 36.0  0.4 -1.0  0.0  0.0  0.0 35.412010546松山弘平　　5800201  50.3   6.01615448- 4   331630                       
0625331208 28.0  0.2 -1.0  0.0  0.0  0.0 27.202010538宮崎北斗　　5600201 151.9  17.01615484-14   371630                       
0625331209 47.0  1.6  3.3  2.5  2.3  0.0 56.702010581菊沢一樹　　5800201   6.2   1.71615520+ 4332231630                       
0625331210 44.0  0.7  1.7  1.5  2.0  0.0 49.902010515丹内祐次　　5800201  15.0   2.31615468- 8564221630                       
0625331211 39.0  0.4  0.9  0.0  0.0  0.0 40.300010604原優介　　　5600201  31.6   4.31615480- 4   271630                       
0625331212 39.8  0.7  0.9  0.0  2.1  0.0 43.500010598斎藤新　　　5800201  38.7   5.31615466  0 56331630                       
0625331213 44.1  2.4  2.7  3.0  3.5  0.0 55.710010590横山武史　　5800201   4.8   1.51615486-22213221630                       
0625331214 38.0  0.2  0.0  0.0  0.0  0.0 38.200010500松岡正海　　5800201  26.5   5.21615520+ 2   371630                       
0625331215 36.0  0.1  0.0  0.0  0.0  0.0 36.100010582木幡巧也　　5600201 158.5  16.51615452- 2   331630                       
0625331216 45.0  3.1  3.4  3.5  2.4  0.0 57.400070314Ｊ．モレイラ5800201   1.8   1.11615514  0121331630                       
0925230101 16.0  0.9  1.4  1.5  0.0  0.0 19.810010586川又賢治　　5500101  12.5   2.30931534+ 45  320950                       
0925230102 23.3  0.4  0.0  0.0  0.0  0.0 23.710010574松若風馬　　5500101  35.7   4.40931464- 8   320950                       
0925230103 22.1  0.2 -1.0  0.0  0.0  0.0 21.300010613今村聖奈　　5203101 135.4  11.10931450- 2   320950                       
0925230104 29.0  0.4  0.7  0.0  2.2  0.0 32.300010628田口貫太　　5500101  53.4   4.40931466- 6 34320950                       
0925230105 21.9  1.2  1.9  2.0  1.9  0.0 28.900010636吉村誠之助　5302101   9.4   1.80931466+ 8465320950                       
0925230106 10.0  0.3  0.0  0.0  0.0  0.0 10.300010419幸英明　　　5500101  46.5   6.00931428      370950                       
0925230107 12.1  0.2  0.0  0.0  0.0  0.0 12.300010635橋木太希　　5203101 101.4  10.50931430      320950                       
0925230108 22.0  0.2  0.0  0.0  2.0  0.0 24.210010617佐々木大輔　5500101  58.8   5.40931482+ 6 56320950                       
0925230109 19.0  0.2  0.0  0.0  0.0  0.0 19.202010596亀田温心　　5500101 124.1  11.60931418+ 2   320950                       
0925230110 13.0  0.4  0.0  0.0  0.0  0.0 13.400010606角田大和　　5500101  34.4   4.80931482      320950                       
0925230111 17.0  0.2  0.0  0.0  0.0  0.0 17.200010610古川奈穂　　5203101  98.8  11.10931434  0   320950                       
0925230112 35.0  2.1  2.7  3.0  2.3  0.0 45.100010522北村友一　　5500101   5.2   1.30931482+ 4222320950                       
0925230113 45.0  3.5  4.1  3.5  3.3  0.0 59.410010594岩田望来　　5500101   1.5   1.10931476+ 2111320950                       
0925230114 20.0  0.2 -1.0  0.0  0.0  0.0 19.200010633高杉吏麒　　5401101 127.1  12.70931474-10   320950                       
0925230115 15.9  0.1  0.0  0.0  0.0  0.0 16.000010558藤懸貴志　　5500101 123.9  11.60931396- 6   320950                       
0925230116 29.2  1.2  2.0  2.5  2.1  0.0 37.010010622鷲頭虎太　　5203101  15.3   1.80931436- 2343320950                       
0925230201 10.0  0.3  0.0  0.0  0.0  0.0 10.300010457酒井学　　　5700101  33.2   4.91004412      321020                       
0925230202 16.2  0.2  0.0  0.0  0.0  0.0 16.412010633高杉吏麒　　5601101  47.1   5.51004474+ 8   321020                       
0925230203 18.0  0.2 -1.0  0.0  0.0  0.0 17.210010419幸英明　　　5500101 102.1   9.91004490+ 6   321020                       
0925230204 24.9  0.4  0.0  0.0  2.0  0.0 27.300010611松本大輝　　5601101  51.5   5.51004436+ 2 55321020                       
0925230205 23.0  0.5  0.0  0.0  1.9  0.0 25.410070176Ｍ．デムーロ5700101  22.9   4.51004458- 2 66321020                       
0925230206 20.5  0.8  0.0  0.0  0.0  0.0 21.310010535浜中俊　　　5700101  27.6   3.51004500- 6   321020                       
0925230207 25.0  0.4  0.0  0.0  0.0  0.0 25.400010615川端海翼　　5203101  24.0   4.51004448- 6   321020                       
0925230208 30.2  0.7  0.3  3.0  2.2  0.0 36.400010562長岡禎仁　　5500101   6.5   2.01004480+16233321020                       
0925230209 14.0  0.1 -1.0  0.0  0.0  0.0 13.110010572小崎綾也　　5500101  93.5  11.51004478+ 6   321020                       
0925230210 19.0  0.1  0.0  0.0  0.0  0.0 19.100010579加藤祥太　　5500101  96.2  12.51004444- 8   321020                       
0925230211 41.0  3.3  4.4  3.5  2.3  0.0 54.500010455池添謙一　　5700101   1.8   1.11004484  0121371020                       
0925230212 15.7  0.2  0.0  0.0  0.0  0.0 15.900010635橋木太希　　5403101  60.4   6.71004514- 4   321020                       
0925230213 20.0  0.7  1.9  1.5  0.0  0.0 24.100010622鷲頭虎太　　5203101  17.7   3.41004456+ 45  321020                       
0925230214 28.0  1.1  1.3  2.0  2.1  0.0 34.510010594岩田望来　　5500101  13.8   2.01004446  0444321020                       
0925230215 20.3  0.2  0.1  0.0  0.0  0.0 20.610010642森田誠也　　5403101  20.3   5.71004470-14   321020                       
0925230216 38.0  2.0  2.8  2.5  3.3  0.0 48.600010438和田竜二　　5700101   7.4   1.61004522+ 2312321020                       
0925230301 34.0  3.1  3.5  3.0  3.3  0.0 46.910010591西村淳也　　5700101   3.3   1.41032502  0211321050                       
0925230302 26.4  0.6  0.4  2.5  0.0  0.0 29.900010600団野大成　　5700101   7.4   2.11032492+ 63 5321050                       
0925230303 14.0  0.8  0.0  0.0  0.0  0.0 14.810010438和田竜二　　5700101  38.1   6.11032480- 8   321050                       
0925230304 23.0  0.2 -1.0  0.0  1.9  0.0 24.100010633高杉吏麒　　5601101  45.2   9.11032456  0 6 321050                       
0925230305 24.2  0.6  0.0  0.0  0.0  0.0 24.800030182岩田康誠　　5700101  16.5   3.41032442-10   321050                       
0925230306 30.0  0.9  1.8  0.0  2.1  0.0 34.810010419幸英明　　　5700101   8.2   2.11032516- 2 43221050                       
0925230307 10.0  0.1 -1.0  0.0  0.0  0.0  9.100010532荻野琢真　　5700101 144.4  20.71032478      221050                       
0925230308 21.0  0.4  0.0  0.0  2.0  0.0 23.410010628田口貫太　　5700101  54.8   6.61032438- 8 5 371050                       
0925230309 24.0  0.6  1.1  0.0  0.0  0.0 25.710010562長岡禎仁　　5700101  30.4   5.31032490- 6   321050                       
0925230310 27.0  1.0  0.6  3.5  2.2  0.0 34.300010636吉村誠之助　5502101   4.9   1.11032480- 2134371050                       
0925230311 10.0  0.2  0.0  0.0  0.0  0.0 10.200010578鮫島克駿　　5700101  59.5  10.81032510      321050                       
0925230312 26.0  0.2  0.1  0.0  0.0  0.0 26.300010558藤懸貴志　　5700101  28.4   5.51032462+ 6  6321050                       
0925230313 28.0  2.1  2.7  2.0  2.3  0.0 37.110010574松若風馬　　5700101   6.8   2.01032484  0422371050                       
0925230314 24.0  0.1  0.0  0.0  0.0  0.0 24.100010615川端海翼　　5403101 189.3  21.61032496+ 2   321050                       
0925230315 10.0  0.3 -1.0  0.0  0.0  0.0  9.300010460太宰啓介　　5700101  53.9  10.31032510      221050                       
0925230316 16.0  0.7  0.4  1.5  0.0  0.0 18.600010586川又賢治　　5700101   9.8   3.41032520  05  371050                       
0925230401 22.0  0.1  0.0  0.0  0.0  0.0 22.110010635橋木太希　　5403101  83.9  13.61103452  0   321120                       
0925230402 19.0  0.1 -1.0  0.0  0.0  0.0 18.100010548川須栄彦　　5500101 191.4  31.81103458-10   321120                       
0925230403 32.0  0.5  1.4  1.5  2.0  0.0 37.400010617佐々木大輔　5700101   6.8   2.11103476- 2554321120                       
0925230404 15.0  0.2 -1.0  0.0  0.0  0.0 14.200110591西村淳也　　5500101  68.3  13.01103474      321120                       
0925230405 15.0  0.0 -1.0  0.0  0.0  0.0 14.000010615川端海翼　　5203101 165.9  26.21103406      221120                       
0925230406 28.0  0.2  0.0  0.0  0.0  0.0 28.200010564菱田裕二　　5500101   9.2   4.81103442+ 2  6321120                       
0925230407 15.0  0.2 -1.0  0.0  0.0  0.0 14.200010643和田陽希　　5203101  38.1   5.51103436      321120                       
0925230408 34.2  1.8  2.7  3.0  2.1  0.0 43.800030182岩田康誠　　5500101   5.3   1.91103424+ 4241321120                       
0925230409 15.1  0.8  0.0  2.0  1.9  0.0 19.800010628田口貫太　　5500101  14.6   3.11103450   46 321120                       
0925230410 23.1  1.0  0.6  0.0  0.0  0.0 24.700010455池添謙一　　5500101  12.6   2.51103460      321120                       
0925230411 19.0  0.1 -1.0  0.0  0.0  0.0 18.100010586川又賢治　　5700101 153.6  24.71103482-10   221120                       
0925230412 19.0  0.4 -1.0  0.0  0.0  0.0 18.410010578鮫島克駿　　5700101  45.8   9.11103470+ 4   321120                       
0925230413 24.0  1.2  1.7  3.5  3.3  0.0 33.700010633高杉吏麒　　5401101   4.9   2.01103410+ 6115321120                       
0925230414 35.0  1.6  1.4  2.5  2.3  0.0 42.800010522北村友一　　5300101   8.3   2.31103450  0322321120                       
0925230415 33.0  2.5  3.1  0.0  2.2  0.0 40.810010535浜中俊　　　5700101   8.8   2.81103440- 4 33321120                       
0925230416 22.9  0.3  0.0  0.0  0.0  0.0 23.210010419幸英明　　　5500101   9.9   5.01103490+ 4   321120                       
0925230417 25.0  0.4  0.4  0.0  0.0  0.0 25.800010632柴田裕一郎　5403101  50.8   6.81103430-10   321120                       
0925230418 22.5  0.4  0.4  0.0  0.0  0.0 23.300010606角田大和　　5500101  63.5  13.01103448      321120                       
0925230501 38.1  1.4  2.6  2.5  2.3  0.0 46.902010617佐々木大輔　5700101   6.7   1.31157516  0322321210                       
0925230502 30.4  0.3  0.0  0.0  2.0  0.0 32.700010522北村友一　　5500101  48.8   5.71157470+ 6 5 321210                       
0925230503 38.0  0.9  1.4  2.0  2.2  0.0 44.500010640田山旺佑　　5403101  11.7   2.11157464- 2433321210                       
0925230504 15.0  0.1 -1.0  0.0  0.0  0.0 14.100010633高杉吏麒　　5601101  81.4  10.91157482    9 321210                       
0925230505 19.0  0.4  0.0  0.0  2.1  0.0 21.500010636吉村誠之助　5302101  48.3   4.91157474+10 4 321210                       
0925230506 19.0  0.1 -1.0  0.0  0.0  0.0 18.100010642森田誠也　　5203101 285.7  42.71157484- 4   321210                       
0925230507 15.0  0.1 -1.0  0.0  0.0  0.0 14.100010632柴田裕一郎　5203101 235.3  24.71157446      221210                       
0925230508 40.0  3.4  4.5  3.5  3.3  0.0 54.700010594岩田望来　　5700101   1.6   1.11157500- 4111321210                       
0925230509 35.5  1.2  2.9  0.0  0.0  0.0 39.602010578鮫島克駿　　5500101  15.6   2.61157440     4321210                       
0925230510 19.0  0.1  0.0  0.0  0.0  0.0 19.110010635橋木太希　　5203101 270.9  25.01157460- 6   321210                       
0925230511 35.0  0.5  1.0  1.5  0.0  0.0 38.000010606角田大和　　5700101  21.1   2.21157470- 65 5371210                       
0925230512 34.0  0.4  0.7  0.0  1.9  0.0 37.000030182岩田康誠　　5500101  22.2   2.91157440  0 66321210                       
0925230513 22.0  0.2 -1.0  0.0  0.0  0.0 21.210010419幸英明　　　5500101 131.9  11.61157438- 2   321210                       
0925230514 15.0  0.1 -1.0  0.0  0.0  0.0 14.100010564菱田裕二　　5500101 208.0  22.21157370      321210                       
0925230515 20.8  0.1  0.0  0.0  0.0  0.0 20.910010550高倉稜　　　5700101 263.2  11.81157460  0   321210                       
0925230516 27.2  1.4  1.4  3.0  0.0  0.0 33.000010591西村淳也　　5500101   6.5   1.81157464   2  321210                       
0925230517 23.0  0.2  0.0  0.0  0.0  0.0 23.200010600団野大成　　5700101 159.4  10.01157466- 3   321210                       
0925230601 47.0  2.6  3.0  3.0  3.3  0.0 58.910010591西村淳也　　5800101   3.4   1.21221496- 2211321240                       
0925230602 27.0  0.5 -1.0  0.0  0.0  0.0  0.000110419幸英明　　　5800101            1221         321240                       
0925230603 46.0  2.2  2.6  2.5  2.2  0.0 55.500010438和田竜二　　5800101   5.0   1.41221470+ 2333371240                       
0925230604 40.0  0.6  0.1  1.5  0.0  0.0 42.200010578鮫島克駿　　5800101  11.8   1.61221576-105 5321240                       
0925230605 34.0  1.8  3.4  2.0  2.1  0.0 43.312010510吉田隼人　　5800101   6.5   1.81221490  0444321240                       
0925230606 45.0  2.7  2.5  3.5  2.3  0.0 56.000010535浜中俊　　　5800101   2.9   1.11221442+ 6122321240                       
0925230607 38.0  0.8  0.0  0.0  2.0  0.0 40.800010594岩田望来　　5800101   8.9   2.31221480- 2 56321240                       
0925230608 34.2  0.7  1.3  0.0  0.0  0.0 36.210010596亀田温心　　5800101  13.6   2.61221560+ 2   321240                       
0925230701 25.6  0.3  0.0  1.5  0.0  0.0 27.400010419幸英明　　　5600101  16.0   3.11253474+ 25  271310                       
0925230702 35.0  0.4  0.0  0.0  2.0  0.0 37.400010628田口貫太　　5600101  30.7   4.81253456- 4 5 321310                       
0925230703 47.0  0.9  1.2  0.0  2.1  0.0 51.200010615川端海翼　　5303101  16.0   3.51253462- 4 44321310                       
0925230704 23.0  0.2 -1.0  0.0  0.0  0.0 22.210010636吉村誠之助　5602101  62.8   9.11253486- 4   321310                       
0925230705 46.5  2.0  3.9  2.5  3.3  0.0 58.202010438和田竜二　　5800101   4.7   1.71253446- 2311321310                       
0925230706 36.0  0.2  0.0  0.0  0.0  0.0 36.210010600団野大成　　5800101  44.3   7.41253510+ 2   371310                       
0925230707 44.0  2.1  2.5  3.0  2.2  0.0 53.800010591西村淳也　　5800101   4.3   1.91253468- 6232321310                       
0925230708 41.2  2.6  3.3  3.5  2.3  0.0 52.900010578鮫島克駿　　5800101   4.4   1.51253512+ 2123321310                       
0925230709 30.0  0.2  0.0  0.0  0.0  0.0 30.210010611松本大輝　　5501101  62.4   8.41253430- 4   321310                       
0925230710 37.0  0.6  0.0  0.0  0.0  0.0 37.600010455池添謙一　　5800101  10.1   4.21253520+ 2   321310                       
0925230711 36.0  0.2 -1.0  0.0  0.0  0.0 35.210010613今村聖奈　　5303101 129.0  12.61253444+ 4   221310                       
0925230712 36.0  0.2  0.3  0.0  0.0  0.0 36.510010620西塚洸二　　5501101 118.1  10.11253476+12   221310                       
0925230713 40.0  0.7  1.4  2.0  0.0  0.0 44.100070176Ｍ．デムーロ5800101   5.7   2.21253522- 44 5221310                       
0925230714 29.0  0.2  0.0  0.0  0.0  0.0 29.200010640田山旺佑　　5303101 157.9   8.91253454- 4   371310                       
0925230715 41.0  0.4  0.0  0.0  0.0  0.0 41.410010622鷲頭虎太　　5503101  27.0   3.81253484+ 8  6321310                       
0925230716 36.0  0.2  0.0  0.0  1.9  0.0 38.100010550高倉稜　　　5800101  24.8   3.91253488+ 4 6 321310                       
0925230801 51.0  1.2  1.4  2.0  2.0  0.0 57.610010438和田竜二　　5800101   9.1   1.91319466  0455321345                       
0925230802 55.0  2.9  3.9  3.0  2.3  0.0 67.100010591西村淳也　　5800101   3.4   1.11319486- 6221371345                       
0925230803 52.0  1.9  2.7  2.5  3.3  0.0 62.410010617佐々木大輔　5800101   6.7   1.31319450- 6313321345                       
0925230804 52.1  1.6  2.1  1.5  2.1  0.0 59.400070176Ｍ．デムーロ5800101   5.3   1.31319488  0544371345                       
0925230805 40.0  0.2 -1.0  0.0  0.0  0.0 39.200010615川端海翼　　5503101 133.6  10.21319470- 8   321345                       
0925230806 54.0  3.0  3.8  3.5  2.2  0.0 66.502010620西塚洸二　　5701101   2.2   1.11319506  0132321345                       
0925230807 25.0  0.4 -1.0  0.0  0.0  0.0 24.400010622鷲頭虎太　　5503101  75.9   6.11319488  0   321345                       
0925230808 47.0  0.4  0.0  0.0  1.9  0.0 49.300010600団野大成　　5800101  19.3   2.71319432- 8 66371345                       
0925230901 43.1  2.9  3.9  3.5  3.3  0.0 56.700010591西村淳也　　5700101   2.4   1.11355488  0111321420                       
0925230902 39.0  1.2  2.2  2.5  2.2  0.0 47.110010578鮫島克駿　　5700101   6.6   1.61355516-12333321420                       
0925230903 35.0  0.2 -1.0  0.0  0.0  0.0 34.200010519鮫島良太　　5700101 103.4  12.71355478+ 4   321420                       
0925230904 43.0  0.3  0.0  0.0  2.0  0.0 45.300010419幸英明　　　5700101  41.0   4.11355452- 8 55371420                       
0925230905 37.1  1.0  0.0  0.0  0.0  0.0 38.110010535浜中俊　　　5700101  10.6   2.01355494- 8   321420                       
0925230906 37.0  0.8  1.0  1.5  0.0  0.0 40.300010633高杉吏麒　　5700101  10.0   2.21355440-265 6321420                       
0925230907 42.0  3.0  4.2  3.0  2.3  0.0 54.500010594岩田望来　　5700101   3.7   1.11355504+ 2222321420                       
0925230908 40.0  1.1  1.7  2.0  2.1  0.0 46.910010617佐々木大輔　5700101   7.1   1.61355500- 2444371420                       
0925230909 33.1  1.0  0.0  0.0  0.0  0.0 34.100010522北村友一　　5500101  16.7   2.91355454  0   321420                       
0925231001 63.0  1.1  1.9  0.0  0.0  0.0 66.002010562長岡禎仁　　5500101  13.7   3.11434496- 6   321455                       
0925231002 63.1  0.7  0.8  1.5  2.0  0.0 68.102010457酒井学　　　5700101  11.4   3.51434486- 8555321455                       
0925231003 56.4  0.2  0.0  0.0  0.0  0.0 56.602010633高杉吏麒　　5500101  23.8   5.11434510+ 4   321455                       
0925231004 45.0  0.3 -1.0  0.0  0.0  0.0 44.300010438和田竜二　　5300101  80.9  12.71434536+ 2   321455                       
0925231005 59.0  0.4  0.0  0.0  0.0  0.0 59.400010578鮫島克駿　　5600101  21.5   4.31434500- 2   321455                       
0925231006 62.0  1.6  2.5  2.5  2.1  0.0 70.710010419幸英明　　　5650101   7.0   2.11434466  0344371455                       
0925231007 53.0  0.1 -1.0  0.0  0.0  0.0 52.110010620西塚洸二　　5500101  47.0   9.31434530+ 4   321455                       
0925231008 51.0  0.1 -1.0  0.0  0.0  0.0 50.102010596亀田温心　　5400101 125.6  18.91434532+ 2   221455                       
0925231009 66.0  1.4  2.5  3.0  3.3  0.0 76.210010594岩田望来　　5500101   6.8   2.01434490+ 4211321455                       
0925231010 53.0  0.1 -1.0  0.0  0.0  0.0 52.102010558藤懸貴志　　5300101 157.2  16.31434498  0   321455                       
0925231011 63.2  1.1  1.2  0.0  2.2  0.0 67.700010535浜中俊　　　5600101  17.2   2.81434476  0 36371455                       
0925231012 61.2  0.9  0.1  0.0  0.0  0.0 62.200010522北村友一　　5850101  15.3   3.81434490+14   321455                       
0925231013 60.0  3.1  4.4  3.5  2.3  0.0 73.300010564菱田裕二　　5850101   2.7   1.21434522  0122371455                       
0925231014 52.0  0.3 -1.0  0.0  0.0  0.0 51.310070176Ｍ．デムーロ5500101  36.1   6.01434510+ 8   321455                       
0925231015 63.3  0.2  0.0  0.0  0.0  0.0 63.500010636吉村誠之助　5700101  25.2   5.81434498- 4 9 321455                       
0925231016 64.0  1.0  2.3  2.0  1.9  0.0 71.200010617佐々木大輔　5300101   8.6   2.31434492+ 4463321455                       
0925231101 40.0  0.5  0.0  0.0  0.0  0.0 40.500010535浜中俊　　　5700101  30.5   3.71507492- 4   321530                       
0925231102 41.0  0.9  0.0  0.0  0.0  0.0 41.912010522北村友一　　5700101  25.9   4.21507494+ 6   321530                       
0925231103 39.0  0.4 -1.0  0.0  0.0  0.0 38.402010455池添謙一　　5700101  45.6   5.61507468- 6   321530                       
0925231104 48.4  0.8  1.3  0.0  2.2  0.0 52.700010419幸英明　　　5500101  12.2   2.61507440+ 6 34321530                       
0925231105 43.0  0.7  0.7  0.0  1.9  0.0 46.310010578鮫島克駿　　5700101  20.3   3.31507468  0 6 371530                       
0925231106 54.3  2.6  3.7  3.0  2.3  0.0 65.900010617佐々木大輔　5700101   2.8   1.21507462  0221321530                       
0925231107 50.0  2.6  3.5  3.5  3.3  0.0 62.910010636吉村誠之助　5700101   3.6   1.31507496- 2112321530                       
0925231108 38.3  1.6  2.4  2.5  2.1  0.0 46.910010594岩田望来　　5700101   5.3   1.71507476- 8345321530                       
0925231109 44.0  0.5  0.4  1.5  0.0  0.0 46.400030182岩田康誠　　5700101  14.8   2.61507452-105 6321530                       
0925231110 35.0  0.2  0.0  0.0  0.0  0.0 35.200010600団野大成　　5700101  72.7   8.11507504  0   321530                       
0925231111 47.0  1.1  2.1  2.0  2.0  0.0 54.200010591西村淳也　　5700101   7.2   1.81507498+ 4453221530                       
0925231201 50.3  1.1  1.7  1.5  0.0  0.0 54.600010591西村淳也　　5800101  13.7   3.01543466+ 6596371610                       
0925231202 41.0  0.1 -1.0  0.0  0.0  0.0 40.110010615川端海翼　　5503101 146.2  25.51543468- 4   221610                       
0925231203 56.0  0.8  2.1  0.0  2.3  0.0 61.200010633高杉吏麒　　5701101  10.7   2.61543496+ 2 22221610                       
0925231204 54.0  0.9  0.9  0.0  2.2  0.0 58.000010436古川吉洋　　5600101  24.6   4.91543428+ 4 34321610                       
0925231205 40.0  0.3 -1.0  0.0  0.0  0.0 39.300010438和田竜二　　5800101  77.3  10.11543524  0   221610                       
0925231206 41.0  0.1 -1.0  0.0  0.0  0.0 40.100010620西塚洸二　　5701101 105.3  14.61543478- 2   321610                       
0925231207 46.0  0.5  0.0  0.0  2.0  0.0 48.500030182岩田康誠　　5800101  18.6   3.81543492-10 5 321610                       
0925231208 46.5  0.4  0.0  0.0  0.0  0.0 46.900010578鮫島克駿　　5800101  16.5   4.21543492+ 2   321610                       
0925231209 55.0  2.1  2.5  3.0  3.3  0.0 65.900010572小崎綾也　　5800101   6.4   2.01543452  0211321610                       
0925231210 47.0  0.5  0.0  0.0  0.0  0.0 47.500010419幸英明　　　5600101  28.6   6.41543472- 2   321610                       
0925231211 48.0  1.1  0.0  0.0  0.0  0.0 49.100010522北村友一　　5800101  21.4   4.81543484  0   321610                       
0925231212 45.0  0.4  0.0  2.5  0.0  0.0 47.910010636吉村誠之助　5602101   6.9   3.11543522+ 23  321610                       
0925231213 35.0  0.4  0.0  0.0  0.0  0.0 35.400010628田口貫太　　5800101  34.6   7.01543520- 4   321610                       
0925231214 49.0  1.2  1.7  3.5  2.1  0.0 57.500010594岩田望来　　5800101   3.6   1.91543472- 6145321610                       
0925231215 46.0  0.5  0.0  0.0  0.0  0.0 46.500010535浜中俊　　　5800101  14.5   3.21543512  0   321610                       
0925231216 50.0  2.1  3.3  2.0  1.9  0.0 59.300010457酒井学　　　5800101   6.7   2.21543482- 4463221610                       
