02251b0101 13.0  0.6  0.0  0.0  2.1  0.0 15.700010529黛弘人　　　5500102  52.7   4.30904442+ 4 4 220950                       
02251b0102 31.0  1.8  2.6  2.5  2.3  0.0 40.200010515丹内祐次　　5500102   8.6   1.20904416- 4322330950                       
02251b0103 24.0  0.6  0.0  2.0  2.0  0.0 28.600010626小林美駒　　5100102  22.5   2.40904444  0454320950                       
02251b0104 14.0  0.4 -1.0  0.0  0.0  0.0 13.410010643和田陽希　　5203102  80.4   8.90904434  0   320950                       
02251b0105 18.0  0.4  0.0  0.0  0.0  0.0 18.400010563原田和真　　5500102  67.9   4.30904466  0  6220950                       
02251b0106 13.0  0.4  0.0  0.0  0.0  0.0 13.410010642森田誠也　　5203102 100.2  10.40904406+ 2   230950                       
02251b0107 20.0  0.9  0.0  1.5  1.9  0.0 24.310010578鮫島克駿　　5500102  27.0   2.90904444  0565330950                       
02251b0108 16.0  0.6  0.0  0.0  0.0  0.0 16.600010617佐々木大輔　5500102  38.1   3.40904482+ 2   370950                       
02251b0109 33.0  3.2  6.3  3.5  3.3  0.0 49.310010355武豊　　　　5500102   1.2   1.00904466+ 2111320950                       
02251b0110 22.0  2.2  3.0  3.0  2.2  0.0 32.400010522北村友一　　5500102   7.7   1.20904528-10233220950                       
02251b0111 16.0  0.7  0.0  0.0  0.0  0.0 16.700010611松本大輝　　5401102  39.6   3.10904468- 2   230950                       
02251b0201 36.0  2.6  4.1  3.5  3.3  0.0 49.500010626小林美駒　　5100102   2.3   1.11006454  0111321025                       
02251b0202 32.1  0.6  0.0  0.0  0.0  0.0 32.700010643和田陽希　　5403102  45.8   5.21006438+ 2   321025                       
02251b0203 31.0  0.6  0.4  0.0  0.0  0.0 32.000010641舟山瑠泉　　5403102  31.3   3.31006464+ 2   371025                       
02251b0204 26.0  0.4  0.0  0.0  0.0  0.0 26.400010515丹内祐次　　5500102  37.8   6.31006454+ 6   271025                       
02251b0205 31.2  1.2  1.9  1.5  2.0  0.0 37.800010642森田誠也　　5203102  20.3   2.61006404- 6555321025                       
02251b0206 35.0  1.9  2.8  2.0  2.3  0.0 44.000070358Ｒ．キング　5500102   6.5   1.41006444  0423371025                       
02251b0207 32.0  2.1  4.8  3.0  2.2  0.0 44.100010617佐々木大輔　5500102   3.7   1.11006422+ 2232381025                       
02251b0208 29.0  0.6  0.0  0.0  0.0  0.0 29.600010578鮫島克駿　　5700102  67.4   6.11006460  0   221025                       
02251b0209 10.0  0.4 -1.0  0.0  0.0  0.0  9.410010635橋木太希　　5403102  67.3  11.31006520-18   221025                       
02251b0210 31.3  0.9  1.4  2.5  1.9  0.0 38.010010598斎藤新　　　5500102   5.7   2.01006460  0364481025                       
02251b0211 24.0  0.2 -1.0  0.0  0.0  0.0 23.200010532荻野琢真　　5700102 123.2  10.71006476- 4   271025                       
02251b0212 31.1  0.6  0.6  0.0  2.1  0.0 34.410010622鷲頭虎太　　5403102  16.0   2.71006464-10 46231025                       
02251b0301 44.0  2.9  2.3  3.5  3.3  0.0 56.012010355武豊　　　　5700102   2.0   1.11039508+ 6111221055                       
02251b0302 30.0  0.6  1.3  0.0  0.0  0.0 31.910010586川又賢治　　5700102  22.2   3.81039522- 4   221055                       
02251b0303 37.0  0.4  0.7  1.5  1.9  0.0 41.510010515丹内祐次　　5700102  14.1   3.11039468  0564321055                       
02251b0304 39.0  0.9  1.0  0.0  0.0  0.0 40.900010500松岡正海　　5700102  19.9   3.01039492  0  6221055                       
02251b0305 38.0  1.9  2.2  3.0  2.2  0.0 47.300010522北村友一　　5700102   8.4   1.41039462+ 6233321055                       
02251b0306 24.0  0.2  0.0  0.0  0.0  0.0 24.200010610古川奈穂　　5203102  84.9   8.31039438+12   321055                       
02251b0307 35.0  0.2  0.0  0.0  0.0  0.0 35.200010436古川吉洋　　5700102  98.1   9.31039486  0   231055                       
02251b0308 42.0  2.4  2.6  2.5  2.3  0.0 51.800010590横山武史　　5700102   4.3   1.41039516- 2322221055                       
02251b0309 27.0  0.2 -1.0  0.0  0.0  0.0 26.210010626小林美駒　　5100102  46.5   6.31039470-10   321055                       
02251b0310 25.0  0.2  0.0  0.0  0.0  0.0 25.210010642森田誠也　　5203102  93.2  12.21039482  0   271055                       
02251b0311 26.0  0.8  0.0  2.0  2.1  0.0 30.900070358Ｒ．キング　5500102   8.2   2.41039480+2044 331055                       
02251b0312 36.0  1.6  1.6  0.0  2.0  0.0 41.200010632柴田裕一郎　5403102  12.6   2.51039480- 4 55371055                       
02251b0401 34.0  0.5  0.0  0.0  0.0  0.0 34.510010500松岡正海　　5700102  63.8   9.31112456+ 4   331125                       
02251b0402 32.0  0.4  0.0  0.0  0.0  0.0 32.400010622鷲頭虎太　　5203102  40.4   6.41112428- 6   371125                       
02251b0403 42.0  1.8  2.5  3.0  2.3  0.0 51.600010515丹内祐次　　5700102   5.3   1.61112462+ 8221321125                       
02251b0404 39.1  1.9  1.5  2.0  3.3  0.0 47.800010611松本大輝　　5601102   5.2   1.81112468+ 2412321125                       
02251b0405 32.0  1.6  2.2  3.5  2.2  0.0 41.510010560横山和生　　5500102   3.9   1.91112468- 4135321125                       
02251b0406 38.1  1.5  1.4  2.5  0.0  0.0 43.500010510吉田隼人　　5500102   5.8   2.31112450+ 6394321125                       
02251b0407 33.0  0.2 -1.0  0.0  0.0  0.0 32.210010635橋木太希　　5203102  62.0   8.61112436- 8   371125                       
02251b0408 34.0  1.3  1.0  0.0  0.0  0.0 36.300010508藤岡佑介　　5700102  13.3   4.31112486- 2   221125                       
02251b0409 39.0  0.4  0.0  0.0  0.0  0.0 39.400010641舟山瑠泉　　5403102  14.4   4.21112456  0   321125                       
02251b0410 36.0  1.4  2.6  1.5  2.0  0.0 43.500010626小林美駒　　5300102   9.0   2.01112456+ 4553371125                       
02251b0411 30.0  0.4  0.0  0.0  2.1  0.0 32.500010642森田誠也　　5203102  37.0   5.61112448  0 4 221125                       
02251b0412 35.0  1.0  1.9  0.0  1.9  0.0 39.800010535浜中俊　　　5700102  17.3   3.41112498+ 2 66321125                       
02251b0413 13.0  0.2  0.0  0.0  0.0  0.0 13.210010610古川奈穂　　5203102  43.3   7.91112460+ 6   321125                       
02251b0414 25.0  0.2 -1.0  0.0  0.0  0.0 24.200010643和田陽希　　5403102  94.4  13.01112470+ 4   321125                       
02251b0415 38.0  0.2 -1.0  0.0  0.0  0.0 37.210010632柴田裕一郎　5203102  47.4   9.11112426+ 6   321125                       
02251b0501 36.0  0.2  0.0  0.0  0.0  0.0 36.200010563原田和真　　5500101  35.5   5.61159460  0  6271215                       
02251b0502 34.0  0.4 -1.0  0.0  0.0  0.0 33.400010515丹内祐次　　5700101  23.7   4.51159482- 2   371215                       
02251b0503 25.0  0.4 -1.0  0.0  1.9  0.0 26.300010510吉田隼人　　5700101  55.4   9.31159474- 6 6 371215                       
02251b0504 39.0  1.9  2.9  3.0  3.3  0.0 50.100010590横山武史　　5500101   3.5   1.61159444+ 4211311215                       
02251b0505 31.8  0.4  0.6  0.0  0.0  0.0 32.800010610古川奈穂　　5203101  31.3   4.41159430  0   371215                       
02251b0506 30.0  0.4  0.2  0.0  0.0  0.0 30.600010626小林美駒　　5100101  17.1   4.41159446+ 6   331215                       
02251b0507 31.0  0.2 -1.0  0.0  0.0  0.0 30.200010632柴田裕一郎　5403101 230.6  34.91159460+ 2   331215                       
02251b0508 32.0  0.4 -1.0  0.0  0.0  0.0 31.410010564菱田裕二　　5500101 103.3  13.91159430-12   331215                       
02251b0509 36.3  1.5  2.2  1.5  2.3  0.0 43.800010529黛弘人　　　5700101   7.0   1.71159472- 2524221215                       
02251b0510 24.0  0.7  0.1  2.5  0.0  0.0 27.310010508藤岡佑介　　5500101  12.0   2.61159438+ 839 321215                       
02251b0511 20.0  0.2 -1.0  0.0  0.0  0.0 19.200010643和田陽希　　5203101 100.7  18.71159430- 6   371215                       
02251b0512 34.1  0.4  0.0  0.0  0.0  0.0 34.510010522北村友一　　5500101  15.9   5.11159480+ 4   321215                       
02251b0513 36.2  1.6  2.5  2.0  2.1  0.0 44.410070358Ｒ．キング　5700101   6.1   2.21159510- 6443221215                       
02251b0514 36.1  0.6  0.0  0.0  2.0  0.0 38.700010560横山和生　　5700101  14.5   3.71159488- 2 55221215                       
02251b0515 38.0  2.6  2.0  3.5  2.2  0.0 48.310010622鷲頭虎太　　5203101   4.5   1.41159438- 4132331215                       
02251b0516 24.0  0.4  0.0  0.0  0.0  0.0 24.400010617佐々木大輔　5700101  39.6   7.71159490+ 2   221215                       
02251b0601 42.0  1.2  2.3  0.0  1.9  0.0 47.400110560横山和生　　5700101  15.5   2.81230466- 4 63331245                       
02251b0602 10.0  0.2 -1.0  0.0  0.0  0.0  9.210010642森田誠也　　5403101 105.0  16.11230508- 8   321245                       
02251b0603 38.3  2.1  3.1  3.5  2.3  0.0 49.300010355武豊　　　　5700101   3.8   1.51230458+ 8122371245                       
02251b0604 37.0  0.6  0.0  0.0  0.0  0.0 37.600010436古川吉洋　　5500101  15.2   3.11230494+ 2   381245                       
02251b0605 38.2  0.7  0.0  0.0  0.0  0.0 38.900010626小林美駒　　5100101  20.5   4.21230464- 2   331245                       
02251b0606 23.2  0.6  0.0  1.5  2.0  0.0 27.310010643和田陽希　　5403101  11.7   4.01230510+1855 331245                       
02251b0607 38.0  0.7  1.1  0.0  2.2  0.0 42.000010617佐々木大輔　5700101   9.4   3.21230504+ 4 36221245                       
02251b0608 10.0  0.4 -1.0  0.0  0.0  0.0  9.410010641舟山瑠泉　　5403101  43.3  11.01230524+12   221245                       
02251b0609 42.1  0.8  0.0  0.0  0.0  0.0 42.900010515丹内祐次　　5700101  11.6   2.71230480  0  5321245                       
02251b0610 36.0  1.2  2.4  2.5  2.1  0.0 44.200010610古川奈穂　　5403101   9.8   1.61230454- 2344221245                       
02251b0611 21.0  0.2 -1.0  0.0  0.0  0.0 20.200010611松本大輝　　5601101  71.4  14.91230474+ 6   321245                       
02251b0612 21.0  0.4 -1.0  0.0  0.0  0.0 20.400010564菱田裕二　　5700101  37.1  13.71230488- 8   221245                       
02251b0613 42.3  2.4  2.8  3.0  3.3  0.0 53.800010590横山武史　　5700101   3.8   1.31230490+ 6211221245                       
02251b0614 31.0  0.6  0.0  2.0  0.0  0.0 33.600010578鮫島克駿　　5700101  10.2   3.31230486- 24  221245                       
02251b0701 48.0  1.6  1.6  3.0  2.1  0.0 56.300010560横山和生　　5300101   6.6   2.51301450+ 4243331315                       
02251b0702 52.0  2.6  3.4  3.5  3.3  0.0 64.800010510吉田隼人　　5600101   3.8   1.51301458+ 2111321315                       
02251b0703 39.0  0.4 -1.0  0.0  1.9  0.0 40.300010508藤岡佑介　　5600101  21.9   6.41301482+10 6 321315                       
02251b0704 33.0  0.2 -1.0  0.0  0.0  0.0 32.210010529黛弘人　　　5600101  56.1   8.91301444-16   331315                       
02251b0705 41.0  0.4  0.0  0.0  0.0  0.0 41.400010617佐々木大輔　5600101  27.3   6.21301456+ 8   231315                       
02251b0706 43.1  0.2  0.0  0.0  0.0  0.0 43.300010436古川吉洋　　5600101  18.5   4.21301458- 6   321315                       
02251b0707 43.0  1.4  1.5  0.0  0.0  0.0 45.900010590横山武史　　5300101  11.5   2.61301456+ 6   321315                       
02251b0708 44.0  0.7  1.2  0.0  0.0  0.0 45.900010610古川奈穂　　5003101  14.2   3.31301394+ 4  6321315                       
02251b0709 34.0  0.4 -1.0  0.0  0.0  0.0 33.400010598斎藤新　　　5600101  47.9  12.51301460-10   331315                       
02251b0710 38.0  0.4  0.0  0.0  0.0  0.0 38.400010586川又賢治　　5600101  34.6   7.21301452+10   321315                       
02251b0711 45.0  0.4  1.7  2.5  2.3  0.0 51.910010626小林美駒　　5200101   9.3   2.71301452  0324331315                       
02251b0712 50.0  1.6  2.4  2.0  2.2  0.0 58.200010641舟山瑠泉　　5303101   7.3   2.21301478+ 6432331315                       
02251b0713 41.0  0.6  0.1  0.0  0.0  0.0 41.700010578鮫島克駿　　5600101  21.5   4.31301466- 2   231315                       
02251b0714 37.0  0.7  0.0  1.5  2.0  0.0 41.210010515丹内祐次　　5600101   8.9   2.91301538+1055 231315                       
02251b0715 38.0  0.1 -1.0  0.0  0.0  0.0 37.110010563原田和真　　5300101  69.9  23.11301446  0   371315                       
02251b0716 46.0  1.3  1.2  0.0  0.0  0.0 48.500010455池添謙一　　5300101  15.5   3.71301444- 6  5371315                       
02251b0801 44.1  1.6  1.6  1.5  2.1  0.0 50.900010522北村友一　　5500101  11.7   2.21327514+ 2544221345                       
02251b0802 42.0  1.1  1.7  2.5  0.0  0.0 47.300010355武豊　　　　5800101   6.8   1.71327522  03  221345                       
02251b0803 32.0  0.4 -1.0  0.0  0.0  0.0 31.410010641舟山瑠泉　　5503101  66.2   6.81327512  0   221345                       
02251b0804 51.0  1.7  3.1  2.0  3.3  0.0 61.100010455池添謙一　　5500101   7.4   1.61327500- 2412221345                       
02251b0805 25.0  0.2 -1.0  0.0  0.0  0.0 24.210010558藤懸貴志　　5300101  92.6  11.41327422- 4   321345                       
02251b0806 44.0  0.6  0.0  0.0  2.2  0.0 46.800010610古川奈穂　　5203101  13.6   2.81327494+ 2 3 321345                       
02251b0807 44.2  1.6  2.2  0.0  2.0  0.0 50.000010436古川吉洋　　5600101  20.6   2.61327484+ 6 55221345                       
02251b0808 48.0  2.7  5.1  3.5  2.3  0.0 61.600010515丹内祐次　　5500101   2.3   1.11327514  0121331345                       
02251b0809 45.0  1.2  0.0  3.0  1.9  0.0 51.100010578鮫島克駿　　5500101   4.2   1.81327448  0263321345                       
02251b0810 46.0  1.1  1.2  0.0  0.0  0.0 48.300010617佐々木大輔　5600101  12.3   2.51327512+16  6221345                       
02251b0901 45.1  0.6  0.0  1.5  0.0  0.0 47.200010355武豊　　　　5500101  13.1   1.91400446- 259 321415                       
02251b0902 55.0  2.3  3.8  3.5  3.3  0.0 67.900070358Ｒ．キング　5500101   2.5   1.21400506- 2112331415                       
02251b0903 57.0  2.3  3.8  3.0  2.2  0.0 68.300010590横山武史　　5500101   2.8   1.11400526  0231371415                       
02251b0904 44.0  0.2 -1.0  0.0  0.0  0.0 43.200010641舟山瑠泉　　5300101 103.6  13.11400440+ 6   321415                       
02251b0905 43.1  0.6  0.7  0.0  2.1  0.0 46.500010611松本大輝　　5500101  28.8   5.31400508+ 2 4 321415                       
02251b0906 52.4  1.4  2.6  2.5  2.0  0.0 60.900010617佐々木大輔　5500101   8.9   2.11400464  0353371415                       
02251b0907 47.1  0.4  0.0  0.0  0.0  0.0 47.510010515丹内祐次　　5500101  19.6   3.31400464+ 2   321415                       
02251b0908 43.0  1.3  1.7  0.0  2.3  0.0 48.300010500松岡正海　　5800101  19.3   3.01400456+ 8 26321415                       
02251b0909 48.0  0.5  0.0  2.0  0.0  0.0 50.501010436古川吉洋　　5500101  16.0   2.61400484+ 64 5271415                       
02251b0910 32.9  0.6 -1.0  0.0  0.0  0.0 32.510010578鮫島克駿　　5800101  48.3   9.41400514+ 2   231415                       
02251b0911 47.0  1.1  1.2  0.0  1.9  0.0 51.200010560横山和生　　5500101  25.6   3.61400494+ 4 64321415                       
02251b0912 42.0  0.4  0.0  0.0  0.0  0.0 42.400010598斎藤新　　　5300101  40.9   6.11400404  0   371415                       
02251b0913 41.0  0.2 -1.0  0.0  0.0  0.0 40.200010563原田和真　　5600101 196.0  19.61400444-12   321415                       
02251b0914 42.0  0.4  0.0  0.0  0.0  0.0 42.400010535浜中俊　　　5800101  39.7   5.11400478- 2   221415                       
02251b1001 51.0  0.6  0.0  0.0  0.0  0.0 51.600010603小林脩斗　　5600101  53.5   6.51430488+ 4   311450                       
02251b1002 47.0  0.2 -1.0  0.0  0.0  0.0 46.200010436古川吉洋　　5600101  81.4  12.31430456- 4   321450                       
02251b1003 55.2  2.6  3.9  3.5  3.3  0.0 68.500010617佐々木大輔　5300101   2.0   1.21430456+ 6111321450                       
02251b1004 46.0  0.6  1.0  0.0  2.1  0.0 49.700010564菱田裕二　　5600101  13.0   3.21430464- 6 4 321450                       
02251b1005 50.0  0.9  0.0  2.5  2.0  0.0 55.400010560横山和生　　5600101  12.8   2.41430494- 2354221450                       
02251b1006 46.0  0.4 -1.0  0.0  0.0  0.0 45.400010500松岡正海　　5600101  46.9  10.51430472- 2   371450                       
02251b1007 51.1  1.3  4.9  1.5  2.3  0.0 61.100010508藤岡佑介　　5600101   8.1   1.91430466+ 6523321450                       
02251b1008 53.0  0.4  0.1  0.0  0.0  0.0 53.500010529黛弘人　　　5600101  30.8   4.01430438+10  6371450                       
02251b1009 49.1  0.9  0.9  2.0  2.2  0.0 55.100010355武豊　　　　5600101   9.2   2.31430462+ 4435331450                       
02251b1010 43.0  0.4  0.0  0.0  0.0  0.0 43.400010515丹内祐次　　5600101  25.0   5.01430448+ 8   371450                       
02251b1011 52.0  1.4  0.0  0.0  0.0  0.0 53.400010590横山武史　　5600101  13.5   3.01430486+ 2   221450                       
02251b1012 48.0  0.6  0.0  0.0  0.0  0.0 48.600070358Ｒ．キング　5600101  23.1   4.91430476+ 6   221450                       
02251b1013 48.0  0.4 -1.0  0.0  0.0  0.0 47.400010598斎藤新　　　5600101  84.2  11.21430388- 2   331450                       
02251b1014 53.1  1.7  2.5  3.0  1.9  0.0 62.200010535浜中俊　　　5600101   7.8   1.81430478+10262381450                       
02251b1101 59.0  0.4  0.1  0.0  2.1  0.0 61.610010535浜中俊　　　5500101  34.5   6.01508512  0 4 321525                       
02251b1102 64.2  0.9  2.6  2.5  3.3  0.0 73.500010547丸山元気　　5800101   6.0   2.11508500- 4313321525                       
02251b1103 63.0  0.8  1.0  1.5  1.9  0.0 68.200010416吉田豊　　　5600101   8.6   2.21508514+ 6565321525                       
02251b1104 62.1  0.8  0.6  0.0  0.0  0.0 63.500010598斎藤新　　　5700101  11.5   3.41508504- 4   231525                       
02251b1105 56.0  0.6  0.0  0.0  0.0  0.0 56.600010455池添謙一　　5700101  29.9   5.71508502  0   331525                       
02251b1106 64.1  2.4  3.1  3.5  2.3  0.0 75.400070358Ｒ．キング　5700101   4.1   1.61508512+ 6121221525                       
02251b1107 60.0  0.2  0.0  0.0  0.0  0.0 60.200010436古川吉洋　　5500101  20.3   4.01508484  0   321525                       
02251b1108 65.0  1.6  3.0  2.0  2.0  0.0 73.600010590横山武史　　5600101   7.0   2.21508490+ 6452331525                       
02251b1109 51.0  0.2 -1.0  0.0  0.0  0.0 50.200010558藤懸貴志　　5600101  81.3  11.31508514+ 2   221525                       
02251b1110 57.1  0.6  0.0  0.0  0.0  0.0 57.700010578鮫島克駿　　5500101  34.3   6.41508472  0   221525                       
02251b1111 57.0  0.4  0.0  0.0  0.0  0.0 57.400010560横山和生　　5600101  39.7   8.61508462- 4   381525                       
02251b1112 40.0  0.4 -1.0  0.0  0.0  0.0 39.400010626小林美駒　　5100101  49.5   8.51508496+12   321525                       
02251b1113 62.0  2.0  3.1  3.0  2.2  0.0 72.300010515丹内祐次　　5750101   4.4   1.51508516  0234221525                       
02251b1114 63.1  1.1  0.4  0.0  0.0  0.0 64.600010617佐々木大輔　5700101  13.7   2.61508488- 6  6331525                       
02251b1201 32.0  0.4  0.0  0.0  0.0  0.0 32.410010598斎藤新　　　5600101  31.3   5.71554456- 6   231605                       
02251b1202 46.0  0.4  0.0  0.0  0.0  0.0 46.400010617佐々木大輔　5600101  12.9   3.11554456+ 6  6331605                       
02251b1203 42.0  0.2  0.6  1.5  1.9  0.0 46.200010416吉田豊　　　5800101  17.6   4.01554470+ 856 321605                       
02251b1204 37.0  1.4  1.5  3.0  2.0  0.0 44.910070358Ｒ．キング　5300101   7.4   2.41554444- 825 331605                       
02251b1205 40.0  0.4 -1.0  0.0  0.0  0.0 39.400010500松岡正海　　5600101  94.1  12.41554476- 2   371605                       
02251b1206 45.9  1.3  2.8  3.5  2.2  0.0 55.700010355武豊　　　　5300101   4.9   1.91554492+10133371605                       
02251b1207 38.0  0.1  0.0  0.0  0.0  0.0 38.100010632柴田裕一郎　5303101 152.7  24.21554478  0   371605                       
02251b1208 30.0  0.1 -1.0  0.0  0.0  0.0 29.110010642森田誠也　　5303101 101.7  15.21554464+ 4   371605                       
02251b1209 45.0  2.3  4.8  2.5  3.3  0.0 57.900010590横山武史　　5500101   3.8   1.51554480+ 4312221605                       
02251b1210 40.0  0.2 -1.0  0.0  0.0  0.0 39.200010610古川奈穂　　5503101  72.5   8.51554492+ 2   221605                       
02251b1211 34.0  0.4  0.0  0.0  0.0  0.0 34.400010515丹内祐次　　5800101  25.9   5.61554460- 4   321605                       
02251b1212 46.1  1.4  1.9  0.0  2.3  0.0 51.700010578鮫島克駿　　5800101  11.5   2.51554492- 2 24321605                       
02251b1213 41.0  0.4  0.0  0.0  0.0  0.0 41.400010622鷲頭虎太　　5003101  23.8   5.31554390+ 8   321605                       
02251b1214 38.0  0.4 -1.0  0.0  0.0  0.0 37.410010547丸山元気　　5800101  34.1   4.91554468+ 2   321605                       
02251b1215 49.0  1.9  3.4  2.0  2.1  0.0 58.400010626小林美駒　　5100101   4.7   1.61554448+ 4441321605                       
02251b1216 44.7  0.7  1.4  0.0  0.0  0.0 46.810010611松本大輝　　5701101  25.2   4.81554458  0 95331605                       
0325270101 10.0  0.8  0.2  0.0  2.2  0.0 13.200010540大江原圭　　6000102  13.4   1.90955438- 6 4 321010                       
0325270102 11.2  1.8  2.4  3.0  2.3  0.0 20.700010479石神深一　　6000102   4.6   1.50955448+10232271010                       
0325270103 12.0  3.4  3.9  3.5  3.0  0.0 25.800010468高田潤　　　6000102   2.5   1.10955478- 4121371010                       
0325270104 11.0  1.0  1.6  0.0  0.0  0.0 13.600010493黒岩悠　　　6100102  13.9   2.70955486- 4  6321010                       
0325270105 11.4  1.8  1.0  2.5  3.5  0.0 20.200010521中村将之　　6000102   4.5   1.60955478+ 2313321010                       
0325270106 11.3  1.5  0.8  0.0  0.0  0.0 13.600010511上野翔　　　6000102  11.6   2.40955444  0  5321010                       
0325270107 11.1  1.2  0.0  2.0  0.0  0.0 14.300010543小野寺祐太　6000102   8.5   2.10955460+104 4321010                       
0325270108 10.0  0.9  0.0  1.5  0.0  0.0 12.410010533草野太郎　　6000102  12.8   2.40955486- 25  321010                       
0325270201 11.0  0.2 -1.0  0.0  0.0  0.0 10.210010537丸田恭介　　5500102  70.8  10.41031442- 8   331045                       
0325270202 27.1  0.6  0.5  0.0  2.2  0.0 30.400010613今村聖奈　　5300102  16.2   3.41031440+10 45331045                       
0325270203 18.0  0.2  0.0  0.0  0.0  0.0 18.200030113内田博幸　　5500102  35.4   6.01031426- 4   331045                       
0325270204 27.0  0.2  0.0  0.0  0.0  0.0 27.200010638遠藤汰月　　5203102  51.7  10.31031408- 6   331045                       
0325270205 30.5  1.6  2.4  2.5  2.1  0.0 39.100010491田辺裕信　　5500102   5.5   1.71031464+12354231045                       
0325270206 25.0  0.8  0.4  2.0  0.0  0.0 28.210010582木幡巧也　　5500102  11.4   2.41031446- 64 6331045                       
0325270207 34.0  1.0  2.0  1.5  2.4  0.0 40.900010581菊沢一樹　　5500102   9.1   1.91031460-12523331045                       
0325270208 15.0  0.1  0.0  0.0  0.0  0.0 15.110010555杉原誠人　　5500102  82.4   8.91031472+ 8   221045                       
0325270209 45.0  2.9  4.6  3.5  3.5  0.0 59.500010507津村明秀　　5500102   2.8   1.21031500- 2111221045                       
0325270210 19.5  0.2  0.0  0.0  0.0  0.0 19.703010429柴田大知　　5500102  71.0  10.71031450- 2   231045                       
0325270211 25.1  0.4  0.0  0.0  0.0  0.0 25.510010543小野寺祐太　5500102  36.7   4.31031456- 6   321045                       
0325270212 24.0  0.2  0.0  0.0  0.0  0.0 24.200010612横山琉人　　5500102  32.2   6.51031436+ 3   321045                       
0325270213 23.0  0.1 -1.0  0.0  0.0  0.0 22.100010623石田拓郎　　5203102  66.1  11.61031422- 2   371045                       
0325270214 38.0  3.1  3.3  3.0  2.3  0.0 49.700030468戸崎圭太　　5500102   3.9   1.51031464- 2232371045                       
0325270215 13.0  0.6  0.0  0.0  0.0  0.0 13.610010516大野拓弥　　5500102  23.5   4.31031438- 4   431045                       
0325270301 31.0  0.7  1.2  0.0  0.0  0.0 32.900010429柴田大知　　5500101  18.0   2.41101442- 6  5331115                       
0325270302 26.0  0.4  1.0  0.0  0.0  0.0 27.402010604原優介　　　5500101  18.3   3.71101428  0   231115                       
0325270303 31.1  2.3  2.7  2.0  2.3  0.0 40.400010599菅原明良　　5500101   5.2   1.61101506  0433221115                       
0325270304 10.0  0.2 -1.0  0.0  0.0  0.0  9.200010638遠藤汰月　　5203101 100.8  15.51101484- 2   231115                       
0325270305 33.0  2.2  3.2  3.0  3.6  0.0 45.002010516大野拓弥　　5500101   4.0   1.31101440- 6211331115                       
0325270306 26.0  0.6 -1.0  1.5  0.0  0.0 27.110010507津村明秀　　5500101  15.3   3.01101460+ 25  331115                       
0325270307 23.0  0.2 -1.0  0.0  0.0  0.0 22.200010528的場勇人　　5500101  31.9   5.01101454+ 6   231115                       
0325270308 30.0  2.1  2.5  2.5  0.0  0.0 37.102030468戸崎圭太　　5500101   4.1   1.51101494-123 4231115                       
0325270309 29.0  0.2  0.0  0.0  2.0  0.0 31.200010629石神深道　　5203101  24.0   3.71101450  0 46321115                       
0325270310 32.0  2.6  3.0  3.5  2.4  0.0 43.500010570石川裕紀人　5500101   3.2   1.11101448- 4122371115                       
0325270401 20.0  0.4  0.0  0.0  0.0  0.0 20.400010604原優介　　　5500101  16.3   4.81135418      221145                       
0325270402 41.5  2.3  3.1  3.0  0.0  0.0 49.900010537丸田恭介　　5500101   7.2   2.11135422   2 2231145                       
0325270403 20.1  0.1 -1.0  0.0  0.0  0.0 19.200010555杉原誠人　　5500101  56.9  10.81135420      231145                       
0325270404 20.0  0.3 -1.0  0.0  0.0  0.0 19.302010429柴田大知　　5500101  49.0   9.31135430      221145                       
0325270405 24.1  0.4  0.0  0.0  0.0  0.0 24.500010577野中悠太郎　5500101  17.9   3.71135434      221145                       
0325270406 24.1  0.2  0.0  0.0  0.0  0.0 24.302010570石川裕紀人　5500101  19.1   4.31135412      331145                       
0325270407 20.0  0.2 -1.0  0.0  0.0  0.0 19.202010627佐藤翔馬　　5203101  86.3  22.41135406      221145                       
0325270408 33.6  0.4  1.8  0.0  3.0  0.0 38.802010412岩部純二　　5500101  21.3   4.71135460    25321145                       
0325270409 20.2  0.2  0.0  0.0  0.0  0.0 20.400010629石神深道　　5203101  12.4   3.11135412      331145                       
0325270410 42.3  3.0  3.1  3.5  3.5  0.0 55.400010599菅原明良　　5500101   2.9   1.11135468   111231145                       
0325270411 27.5  0.2  0.6  0.0  0.0  0.0 28.300010497石橋脩　　　5500101  41.1   8.11135400      231145                       
0325270412 29.8  1.6  0.9  2.5  0.0  0.0 34.802010507津村明秀　　5500101   5.8   1.71135452   3 6231145                       
0325270413 35.4  0.8  1.9  1.5  2.3  0.0 41.900010542三浦皇成　　5500101  12.8   2.91135470   534231145                       
0325270414 20.0  0.1  0.0  0.0  0.0  0.0 20.100010581菊沢一樹　　5500101  29.3   4.51135436      271145                       
0325270415 20.0  0.1  0.0  0.0  0.0  0.0 20.100010612横山琉人　　5500101  56.7   9.21135446      231145                       
0325270416 35.3  1.0  1.9  2.0  2.0  0.0 42.202010613今村聖奈　　5300101   9.4   2.31135404   443331145                       
0325270501 20.9  0.7  0.0  0.0  0.0  0.0 21.600010429柴田大知　　5500101  28.0   3.81226414      371235                       
0325270502 22.3  0.4  0.0  0.0  0.0  0.0 22.703010581菊沢一樹　　5500101  33.6   4.81226490      131235                       
0325270503 39.5  1.2  2.7  2.0  2.1  0.0 47.500010542三浦皇成　　5500101   7.1   1.91226490   453231235                       
0325270504 20.0  0.1 -1.0  0.0  0.0  0.0 19.100010539伊藤工真　　5500101  55.9   7.61226456      231235                       
0325270505 40.7  2.6  2.9  3.0  2.4  0.0 51.600030468戸崎圭太　　5500101   5.0   1.61226540   232231235                       
0325270506 20.4  0.4  0.0  0.0  2.2  0.0 23.000010516大野拓弥　　5500101  10.8   2.81226442    4 331235                       
0325270507 20.0  0.0 -1.0  0.0  0.0  0.0 19.002010604原優介　　　5500101  47.0   6.91226534      131235                       
0325270508 20.0  0.3  0.0  0.0  0.0  0.0 20.300010537丸田恭介　　5500101 115.1  17.41226442      331235                       
0325270509 46.8  3.4  4.1  3.5  3.0  0.0 60.802010570石川裕紀人　5500101   2.1   1.11226462   121231235                       
0325270510 20.0  0.2  0.0  0.0  0.0  0.0 20.200010582木幡巧也　　5500101  56.4   6.71226470      231235                       
0325270511 20.0  0.1 -1.0  0.0  0.0  0.0 19.100010629石神深道　　5203101  85.9   8.61226434      231235                       
0325270512 26.1  0.9  0.3  0.0  2.0  0.0 29.300030113内田博幸　　5500101  40.6   4.71226490    65231235                       
0325270513 20.1  0.1  0.0  0.0  0.0  0.0 20.200010587木幡育也　　5500101  77.1   7.11226468      231235                       
0325270514 35.4  0.8  2.0  1.5  3.6  0.0 43.300010580荻野極　　　5500101  11.0   2.61226466   514321235                       
0325270515 26.0  0.3  0.2  2.5  0.0  0.0 29.000010507津村明秀　　5500101  18.3   2.91226440   3 6231235                       
0325270516 20.0  0.4 -1.0  0.0  0.0  0.0 19.400010612横山琉人　　5500101  40.3   6.61226460      271235                       
0325270601 51.0  0.8  1.0  1.5  0.0  0.0 54.300010507津村明秀　　5300101  12.3   2.81250452- 25 4221305                       
0325270602 44.9  1.4  2.0  2.5  2.2  0.0 53.010010516大野拓弥　　5300101   7.0   2.01250434- 6345331305                       
0325270603 41.0  0.4  0.0  0.0  0.0  0.0 41.400010623石田拓郎　　5303101  32.2   5.71250488-12   281305                       
0325270604 46.0  0.2 -1.0  0.0  0.0  0.0 45.200010582木幡巧也　　5600101  38.7   5.81250464- 2   231305                       
0325270605 51.1  1.2  2.3  0.0  2.4  0.0 57.000010581菊沢一樹　　5300101  10.3   2.21250498- 6 23221305                       
0325270606 31.0  0.1 -1.0  0.0  0.0  0.0 30.102010555杉原誠人　　5600101  98.6  19.61250422+ 2   331305                       
0325270607 39.0  1.4  2.5  2.0  0.0  0.0 44.900030468戸崎圭太　　5300101   6.4   1.91250450- 64  321305                       
0325270608 53.0  2.4  3.0  3.5  2.3  0.0 64.200010580荻野極　　　5300101   4.2   1.41250462  0131371305                       
0325270609 50.0  0.4  0.0  0.0  2.1  0.0 52.510010570石川裕紀人　5300101  11.2   5.41250466- 6 56321305                       
0325270610 45.0  0.7  0.4  0.0  0.0  0.0 46.102010542三浦皇成　　5300101  17.3   3.51250430- 4   371305                       
0325270611 49.0  2.4  2.6  3.0  3.6  0.0 60.600010604原優介　　　5300101   3.6   1.61250476+ 4212331305                       
0325270612 36.0  0.3 -1.0  0.0  0.0  0.0 35.300010537丸田恭介　　5600101 107.9  14.11250470- 2   221305                       
0325270613 24.0  0.1  0.0  0.0  0.0  0.0 24.102010621水沼元輝　　5303101 178.9  27.41250464- 2   331305                       
0325270614 34.0  0.4  0.0  0.0  0.0  0.0 34.400010599菅原明良　　5300101  23.0   4.41250440+ 2   331305                       
0325270701 40.0  3.1  4.0  3.5  0.0  0.0 50.610010542三浦皇成　　5700101   3.0   1.31324482- 61 1231335                       
0325270702 28.0  0.2  0.0  0.0  0.0  0.0 28.202010582木幡巧也　　5500101  21.4   4.41324450  0   331335                       
0325270703 28.0  0.2 -1.0  0.0  0.0  0.0 27.212010570石川裕紀人　5500101  78.1  11.61324424  0   371335                       
0325270704 26.0  0.4  0.0  0.0  0.0  0.0 26.410010497石橋脩　　　5700101  27.6   5.61324450- 2   321335                       
0325270705 25.0  0.1 -1.0  0.0  0.0  0.0 24.100010623石田拓郎　　5203101  95.5  14.41324410- 4   331335                       
0325270706 26.3  0.7  0.5  0.0  3.5  0.0 31.002010580荻野極　　　5500101  13.5   3.01324458+18 1 321335                       
0325270707 30.0  0.2 -1.0  0.0  0.0  0.0 29.202010555杉原誠人　　5700101  31.3   4.31324452- 4   331335                       
0325270708 20.0  0.3 -1.0  0.0  2.2  0.0 21.510010516大野拓弥　　5500101  34.5   7.11324450-12 4 331335                       
0325270709 27.0  0.3 -1.0  0.0  0.0  0.0 26.312010429柴田大知　　5500101 114.4  14.71324448  0   271335                       
0325270710 34.0  0.2  0.0  1.5  0.0  0.0 35.700010627佐藤翔馬　　5203101  19.8   3.31324420  05 5331335                       
0325270711 28.0  1.4  3.3  0.0  2.4  0.0 35.110010599菅原明良　　5700101  10.5   3.81324452- 6 26321335                       
0325270712 35.0  0.6 -1.0  0.0  0.0  0.0 34.600030113内田博幸　　5700101  19.4   3.41324462- 2   221335                       
0325270713 34.2  1.4  2.2  2.5  0.0  0.0 40.310010613今村聖奈　　5300101   8.4   2.31324418- 23 4331335                       
0325270714 35.1  1.6  2.5  3.0  0.0  0.0 42.210010581菊沢一樹　　5700101   4.8   1.41324468- 42 3231335                       
0325270715 36.0  1.1  2.5  2.0  2.3  0.0 43.910010612横山琉人　　5500101   8.6   2.21324412  0432231335                       
0325270716 29.0  0.2 -1.0  0.0  0.0  0.0 28.212010621水沼元輝　　5203101  31.3   7.41324416-14   331335                       
0325270801 26.0  0.2 -1.0  0.0  0.0  0.0 25.200010554嶋田純次　　5500101  73.7  10.21354434+18   331405                       
0325270802 35.1  0.5  0.0  0.0  0.0  0.0 35.602010537丸田恭介　　5700101  36.3   6.41354398  0   331405                       
0325270803 36.3  2.5  3.7  3.5  2.1  0.0 48.102010542三浦皇成　　5700101   3.3   1.41354458  0142371405                       
0325270804 36.1  0.7  0.8  2.0  2.2  0.0 41.800010599菅原明良　　5700101  11.2   3.01354486+ 6433221405                       
0325270805 32.0  0.4  0.0  1.5  0.0  0.0 33.910010612横山琉人　　5500101  24.1   4.41354456- 25  231405                       
0325270806 35.0  0.2  0.0  0.0  0.0  0.0 35.202010581菊沢一樹　　5700101  22.3   3.71354452+ 6   271405                       
0325270807 31.0  0.2 -1.0  0.0  0.0  0.0 30.200010605小沢大仁　　5700101  58.6   9.81354466  0   271405                       
0325270808 36.2  0.7  1.3  0.0  0.0  0.0 38.210010429柴田大知　　5700101  13.8   2.71354430- 2  6331405                       
0325270809 29.0  0.1 -1.0  0.0  0.0  0.0 28.100010555杉原誠人　　5700101 120.3  18.61354430- 4   321405                       
0325270810 20.0  0.4  0.0  0.0  0.0  0.0 20.400010580荻野極　　　5700101  42.3   8.81354494      231405                       
0325270811 36.0  0.4  0.0  0.0  0.0  0.0 36.410010507津村明秀　　5500101  24.1   4.81354448+ 8   331405                       
0325270812 37.1  2.3  3.5  3.0  2.3  0.0 48.210030468戸崎圭太　　5500101   4.3   1.81354514- 2221331405                       
0325270813 35.7  1.3  2.1  2.5  0.0  0.0 41.600010491田辺裕信　　5700101   7.1   2.31354452- 83 4331405                       
0325270814 37.0  0.4  0.0  0.0  0.0  0.0 37.402010604原優介　　　5700101  10.4   3.91354464- 4   371405                       
0325270815 34.3  1.4  1.4  0.0  3.4  0.0 40.502030113内田博幸　　5700101  13.5   2.41354422+ 2 15371405                       
0325270816 26.8  0.4  0.0  0.0  0.0  0.0 27.200010570石川裕紀人　5500101  30.8   6.11354446+ 4   231405                       
0325270901 36.0  0.8  0.7  0.0  0.0  0.0 37.510010516大野拓弥　　5800101  24.3   4.01425450-12  6221435                       
0325270902 49.0  2.5  2.6  2.5  0.0  0.0 56.600010542三浦皇成　　5500101   4.0   1.31425476- 43 2331435                       
0325270903 44.0  2.6  3.2  3.5  2.1  0.0 55.400030468戸崎圭太　　5500101   3.5   1.31425462-12134331435                       
0325270904 47.0  1.4  2.0  2.0  3.4  0.0 55.802010612横山琉人　　5800101   6.7   1.91425490+ 2413221435                       
0325270905 53.0  3.0  4.2  3.0  2.3  0.0 65.510010582木幡巧也　　5500101   2.9   1.21425502+12221221435                       
0325270906 38.0  0.2 -1.0  0.0  2.0  0.0 39.202010581菊沢一樹　　5800101  32.1   4.21425478- 4 45321435                       
0325270907 35.9  0.6  0.0  0.0  0.0  0.0 36.500010507津村明秀　　5600101  14.1   2.51425458+ 4   331435                       
0325270908 35.0  0.6  0.0  1.5  0.0  0.0 37.100010613今村聖奈　　5300101  10.1   1.91425452  05  331435                       
0325271001 50.0  0.4  0.4  0.0  0.0  0.0 50.800010604原優介　　　5800101  12.7   3.21458486+10  5231510                       
0325271002 42.0  0.0 -1.0  0.0  0.0  0.0 41.002010555杉原誠人　　5800101 114.0  20.51458504- 2   231510                       
0325271003 51.0  1.0  1.5  2.0  0.0  0.0 55.510010542三浦皇成　　5800101   8.4   2.71458474- 84 4331510                       
0325271004 48.0  0.2  0.3  0.0  0.0  0.0 48.500010605小沢大仁　　5600101  20.3   3.81458462-18  6321510                       
0325271005 54.0  2.6  3.5  2.5  2.4  0.0 65.000010599菅原明良　　5800101   5.4   1.61458464- 8333231510                       
0325271006 43.0  0.7  1.6  1.5  0.0  0.0 46.802010491田辺裕信　　5800101   9.5   2.81458530- 25  221510                       
0325271007 40.0  0.4  0.0  0.0  0.0  0.0 40.402010581菊沢一樹　　5800101  26.0   3.81458484- 1   331510                       
0325271008 40.2  0.1 -1.0  0.0  0.0  0.0 39.300010554嶋田純次　　5800101 118.0  19.91458576+ 8   221510                       
0325271009 47.0  0.4  0.0  0.0  0.0  0.0 47.400010507津村明秀　　5600101  26.9   6.61458460-12   331510                       
0325271010 57.0  2.6  2.6  3.0  3.1  0.0 68.300010580荻野極　　　5600101   4.6   1.41458448- 8221331510                       
0325271011 44.0  0.2  0.0  0.0  0.0  0.0 44.200010375江田照男　　5800101  27.7   6.01458476  0   321510                       
0325271012 53.6  1.9  3.3  3.5  3.6  0.0 65.900010612横山琉人　　5500101   3.6   1.51458488+ 6112221510                       
0325271013 40.0  0.2 -1.0  0.0  0.0  0.0 39.210010589武藤雅　　　5600101  48.3  11.51458456-10   321510                       
0325271014 42.0  0.2  0.0  0.0  0.0  0.0 42.200010570石川裕紀人　5800101  26.9   5.91458466  0   321510                       
0325271015 33.0  0.2  0.0  0.0  0.0  0.0 33.210010497石橋脩　　　5800101  54.0   9.71458494- 2   321510                       
0325271016 46.0  0.4 -1.0  0.0  2.1  0.0 47.500030113内田博幸　　5800101  41.0   6.41458482  0 4 231510                       
0325271101 60.0  2.3  3.2  2.5  3.6  0.0 71.602010605小沢大仁　　5700101   6.1   1.71532482  0311321545                       
0325271102 54.0  0.6  0.0  0.0  0.0  0.0 54.602010580荻野極　　　5300101  12.5   2.71532482  0   371545                       
0325271103 54.1  0.9  0.8  1.5  0.0  0.0 57.310010555杉原誠人　　5400101  14.0   2.91532434-125  331545                       
0325271104 58.0  1.0  0.7  0.0  0.0  0.0 59.700010516大野拓弥　　5500101  10.4   2.51532470  0  6321545                       
0325271105 50.0  0.7  0.2  0.0  0.0  0.0 50.900010537丸田恭介　　5500101  13.0   3.11532468+ 2   331545                       
0325271106 50.1  0.4  0.0  0.0  2.0  0.0 52.500030113内田博幸　　5300101  63.8   8.91532492- 2 5 321545                       
0325271107 55.0  1.3  2.1  2.0  0.0  0.0 60.400010497石橋脩　　　5600101   7.7   1.91532460+ 44 5231545                       
0325271108 56.0  1.6  2.7  3.0  2.2  0.0 65.500110507津村明秀　　5600101   5.5   1.51532478+ 2243321545                       
0325271109 59.5  0.6  0.2  0.0  3.0  0.0 63.310010570石川裕紀人　5500101  21.4   4.61532502- 2 24331545                       
0325271110 48.0  0.2 -1.0  0.0  0.0  0.0 47.210010589武藤雅　　　5300101  86.6  12.01532526  0   231545                       
0325271111 59.0  3.0  3.0  3.5  2.4  0.0 70.900030468戸崎圭太　　5600101   2.6   1.21532484- 2132271545                       
0325271201 38.2  0.7  1.3  0.0  0.0  0.0 40.202010554嶋田純次　　5600101  19.8   2.11618470  0   231630                       
0325271202 25.0  0.1 -1.0  0.0  0.0  0.0 24.102010627佐藤翔馬　　5503101  87.8   9.21618474- 6   231630                       
0325271203 53.0  3.8  4.0  3.5  3.0  0.0 67.302010570石川裕紀人　5200101   1.4   1.01618484+ 2121231630                       
0325271204 50.0  2.4  3.5  3.0  3.6  0.0 62.502010542三浦皇成　　5500101   4.4   1.21618492+ 8212321630                       
0325271205 35.0  0.2  0.7  0.0  0.0  0.0 35.910010577野中悠太郎　5600101  77.2   5.41618460  0   231630                       
0325271206 39.5  0.8  2.0  2.0  0.0  0.0 44.300010581菊沢一樹　　5800101  16.6   2.01618486- 24 5321630                       
0325271207 40.0  0.8  1.2  0.0  2.0  0.0 44.010010507津村明秀　　5800101  23.8   3.41618466+ 4 46271630                       
0325271208 40.1  0.2  0.0  0.0  0.0  0.0 40.312010623石田拓郎　　5303101  32.3   2.81618502+12   271630                       
0325271209 28.4  0.2  0.0  0.0  0.0  0.0 28.610010618土田真翔　　5503101  82.2   8.81618486+ 2   221630                       
0325271210 44.0  1.4  2.3  2.5  2.3  0.0 52.500010516大野拓弥　　5600101  11.0   1.91618454-12333371630                       
0325271211 40.3  0.8  2.8  1.5  0.0  0.0 45.400010621水沼元輝　　5303101  21.4   2.41618476-125 4321630                       
1025270101 24.0  2.6  4.0  2.5  2.2  0.0 35.300010596亀田温心　　5500202   3.1   1.10944512  0333321001                       
1025270102 23.9  1.6  2.7  2.0  2.1  0.0 32.310010419幸英明　　　5500202   5.3   1.40944494+ 4444321001                       
1025270103 32.0  3.0  3.1  3.5  3.3  0.0 44.900010546松山弘平　　5500202   2.6   1.10944452- 6111321001                       
1025270104 31.0  1.6  2.6  3.0  2.3  0.0 40.510010633高杉吏麒　　5401202   4.7   1.20944460  0222321001                       
1025270105 19.0  0.4  0.0  0.0  1.9  0.0 21.300010628田口貫太　　5500202  33.3   4.20944418  0 66321001                       
1025270106 19.0  0.2  0.0  0.0  0.0  0.0 19.210010624河原田菜々　5100202  40.4   5.30944406+ 2   321001                       
1025270107 19.0  0.4 -1.0  0.0  0.0  0.0 18.400010572小崎綾也　　5500202  76.9   9.20944432- 4   321001                       
1025270108 19.0  0.4 -1.0  0.0  0.0  0.0 18.400010601秋山稔樹　　5500202  62.2   7.30944416+10   221001                       
1025270109 19.2  0.5  0.0  1.5  0.0  0.0 21.200010438和田竜二　　5500202  29.1   4.20944428+ 65  221001                       
1025270110 19.1  0.6  0.0  0.0  2.0  0.0 21.700010636吉村誠之助　5401202  26.5   3.90944438- 2 55321001                       
1025270201 14.6  0.2  0.0  0.0  0.0  0.0 14.800010569城戸義政　　5500301 127.5  12.41019400+ 2   321035                       
1025270202 14.0  0.1 -1.0  0.0  0.0  0.0 13.100010615川端海翼　　5203301 111.4   9.51019438- 4   321035                       
1025270203 28.0  1.9  3.0  2.5  2.1  0.0 37.500010633高杉吏麒　　5401301   5.4   1.71019436+ 2343371035                       
1025270204 26.0  0.6  1.0  1.5  0.0  0.0 29.102010601秋山稔樹　　5700301   6.9   2.31019466+125 6321035                       
1025270205 25.9  0.9  1.6  0.0  1.9  0.0 30.300010640田山旺佑　　5203301  21.7   3.31019446  0 65321035                       
1025270206 14.0  0.2  0.0  0.0  0.0  0.0 14.210010562長岡禎仁　　5500301 108.5  10.91019416- 6   321035                       
1025270207 14.0  0.2 -1.0  0.0  0.0  0.0 13.200010624河原田菜々　5300301 104.4  10.61019436- 4   321035                       
1025270208 24.0  0.2 -1.0  0.0  0.0  0.0 23.200010596亀田温心　　5500301  45.2   5.91019428+10   321035                       
1025270209 38.0  3.1  3.2  3.5  3.3  0.0 51.100010583坂井瑠星　　5700301   2.5   1.11019458- 8111321035                       
1025270210 30.0  1.1  1.9  2.0  2.2  0.0 37.210010419幸英明　　　5700301   8.1   2.11019466- 8434321035                       
1025270211 39.0  2.1  3.1  3.0  2.3  0.0 49.500010546松山弘平　　5700301   4.9   1.31019462+ 4222371035                       
1025270212 10.0  0.2 -1.0  0.0  0.0  0.0  9.200010607永島まなみ　5300301  62.7   7.51019402      321035                       
1025270213 25.0  0.4  0.0  0.0  2.0  0.0 27.400010636吉村誠之助　5401301  32.4   3.71019424- 2 5 321035                       
1025270214 27.0  0.4  0.2  0.0  0.0  0.0 27.600010572小崎綾也　　5700301  15.8   3.01019480- 2   321035                       
1025270301 31.9  1.2  2.3  2.0  2.1  0.0 39.500010546松山弘平　　5500201   6.8   2.11049454   444321105                       
1025270302 44.1  2.4  3.3  3.0  2.3  0.0 55.100010438和田竜二　　5500201   3.1   1.51049492+ 4221321105                       
1025270303 25.0  0.2 -1.0  0.0  0.0  0.0 24.210010562長岡禎仁　　5500201 102.0   6.61049436- 8   321105                       
1025270304 19.0  0.1 -1.0  0.0  0.0  0.0 18.100010620西塚洸二　　5401201  85.6  13.91049482+ 4   321105                       
1025270305 33.1  0.2 -1.0  0.0  0.0  0.0 32.300010636吉村誠之助　5401201  80.1  12.81049440- 2   321105                       
1025270306 25.0  2.0  2.1  2.5  0.0  0.0 31.610010512川田将雅　　5500201   5.9   1.91049454- 43  321105                       
1025270307 30.0  0.2  0.0  0.0  0.0  0.0 30.200010550高倉稜　　　5500201  41.9   6.21049458- 2   321105                       
1025270308 27.0  0.2  0.0  0.0  0.0  0.0 27.200010607永島まなみ　5300201  46.1   8.21049472+ 2   221105                       
1025270309 33.2  0.2 -1.0  0.0  1.9  0.0 34.300010628田口貫太　　5500201  33.6   5.11049418- 2 6 321105                       
1025270310 37.0  0.3  0.3  0.0  2.2  0.0 39.800010457酒井学　　　5500201  31.4   4.81049436+ 4 33321105                       
1025270311 19.0  0.2  0.0  0.0  0.0  0.0 19.210010606角田大和　　5500201 150.1  19.31049502  0   321105                       
1025270312 33.3  0.3  0.1  1.5  0.0  0.0 35.200010419幸英明　　　5500201  14.3   4.11049438  05 6321105                       
1025270313 32.0  0.4  0.4  0.0  2.0  0.0 34.800010633高杉吏麒　　5401201  24.8   3.51049414+ 2 5 321105                       
1025270314 21.0  0.2  0.0  0.0  0.0  0.0 21.200010544国分恭介　　5500201  39.4   5.21049436- 2   321105                       
1025270315 40.0  3.0  3.5  3.5  3.3  0.0 53.300010583坂井瑠星　　5500201   3.8   1.11049438+ 2112321105                       
1025270316 26.0  0.1 -1.0  0.0  0.0  0.0 25.110010640田山旺佑　　5203201  37.1  16.81049408  0   321105                       
1025270317 33.0  0.2  0.2  0.0  0.0  0.0 33.400010624河原田菜々　5100201  31.7   3.71049452+10   321105                       
1025270318 35.0  0.4  0.9  0.0  0.0  0.0 36.300010574松若風馬　　5500201  57.3   8.51049438- 8  5321105                       
1025270401 34.0  3.0  4.1  3.5  3.3  0.0 47.900010546松山弘平　　5500201   3.4   1.41118436- 8112321135                       
1025270402 25.6  0.4  0.0  0.0  0.0  0.0 26.000010572小崎綾也　　5500201  15.1   3.61118470+ 6   321135                       
1025270403 29.5  0.7  1.7  0.0  0.0  0.0 31.910010620西塚洸二　　5401201  10.4   3.21118506+ 4  5321135                       
1025270404 23.1  1.9  3.0  2.5  2.1  0.0 32.600010600団野大成　　5500201   6.0   1.91118430- 6344371135                       
1025270405 24.0  1.1  2.0  2.0  2.0  0.0 31.110010601秋山稔樹　　5700201   9.0   2.21118480+ 2456321135                       
1025270406 19.0  0.2  0.0  0.0  0.0  0.0 19.210010607永島まなみ　5300201  69.8  10.01118446- 2   321135                       
1025270407 22.0  0.1 -1.0  0.0  0.0  0.0 21.110010561中井裕二　　5700201  73.5   9.11118450+10   371135                       
1025270408 21.0  0.2 -1.0  0.0  0.0  0.0 20.200010544国分恭介　　5500201  41.3   5.71118424- 2   321135                       
1025270409 38.0  2.3  2.8  3.0  2.3  0.0 48.400010636吉村誠之助　5601201   4.8   1.61118442  0221371135                       
1025270410 21.0  0.1 -1.0  0.0  0.0  0.0 20.100010548川須栄彦　　5700201  87.7  15.61118500- 8   221135                       
1025270411 29.0  0.2  0.0  0.0  0.0  0.0 29.200010550高倉稜　　　5500201  48.0   7.11118430+ 4   321135                       
1025270412 19.0  0.1 -1.0  0.0  0.0  0.0 18.100010624河原田菜々　5100201  45.8   5.11118426- 6   321135                       
1025270413 29.1  0.9  0.8  1.5  2.2  0.0 34.502010438和田竜二　　5700201   8.4   2.91118474-10533321135                       
1025270414 20.0  0.2 -1.0  0.0  0.0  0.0 19.210010457酒井学　　　5700201  33.5   6.21118478+10   321135                       
1025270415 25.0  0.3  0.8  0.0  1.9  0.0 28.000010419幸英明　　　5500201  20.2   4.81118480- 6 6 321135                       
1025270416 20.0  0.2  0.0  0.0  0.0  0.0 20.200010640田山旺佑　　5203201  76.9  10.51118466- 4   321135                       
1025270501 20.2  0.6  0.1  0.0  0.0  0.0 20.900010548川須栄彦　　5500101  25.2   4.81209412     6321225                       
1025270502 38.0  2.9  3.4  2.5  2.3  0.0 49.100010600団野大成　　5500101   3.9   1.21209478   322371225                       
1025270503 23.9  1.0  0.7  2.0  2.1  0.0 29.700010419幸英明　　　5500101   8.0   1.81209442   445321225                       
1025270504 30.7  2.3  2.0  3.5  2.2  0.0 40.700010633高杉吏麒　　5401101   2.9   1.11209460   133321225                       
1025270505 15.3  0.7  0.0  0.0  0.0  0.0 16.000010438和田竜二　　5500101  21.8   3.81209472      321225                       
1025270506 25.7  0.7  1.0  1.5  2.0  0.0 30.900010574松若風馬　　5500101  16.1   2.11209468   554321225                       
1025270507 15.0  0.4  0.0  0.0  0.0  0.0 15.400010569城戸義政　　5500101  36.9   6.11209446      321225                       
1025270508 40.5  3.0  3.7  3.0  3.3  0.0 53.500010546松山弘平　　5500101   3.2   1.21209472   211321225                       
1025270509 15.2  0.6  0.0  0.0  0.0  0.0 15.800010607永島まなみ　5300101  21.8   3.61209436      321225                       
1025270601 31.0  0.2  0.0  0.0  0.0  0.0 31.210010548川須栄彦　　5500301  64.6  11.01239420+ 2   321255                       
1025270602 32.0  0.1  0.0  0.0  0.0  0.0 32.100010624河原田菜々　5300301  45.8   7.51239468+11   321255                       
1025270603 14.0  0.2  0.0  0.0  0.0  0.0 14.210030182岩田康誠　　5700301  31.5   6.51239504- 2   321255                       
1025270604 14.0  0.1 -1.0  0.0  0.0  0.0 13.100010579加藤祥太　　5700301 181.9  29.91239476- 6   321255                       
1025270605 39.0  1.6  1.8  2.5  3.3  0.0 48.200010633高杉吏麒　　5601301   6.8   1.91239518- 2312321255                       
1025270606 20.1  0.4  0.0  0.0  0.0  0.0 20.500010628田口貫太　　5700301  22.7   5.61239488+ 8   321255                       
1025270607 18.0  0.1 -1.0  0.0  0.0  0.0 17.110010561中井裕二　　5500301 109.4  20.21239460+16   321255                       
1025270608 37.2  1.1  1.8  3.0  2.3  0.0 45.402010636吉村誠之助　5601301   5.1   1.61239470- 4225321255                       
1025270609 19.0  0.0 -1.0  0.0  0.0  0.0 18.000010615川端海翼　　5403301  58.4  11.41239500-16   221255                       
1025270610 36.6  2.1  3.0  3.5  2.2  0.0 47.400010583坂井瑠星　　5700301   3.0   1.71239488- 2133321255                       
1025270611 20.0  0.2 -1.0  0.0  0.0  0.0 19.202010419幸英明　　　5700301  87.8  15.51239468  0   321255                       
1025270612 23.0  0.2 -1.0  0.0  0.0  0.0 22.200010606角田大和　　5500301 101.3  13.01239486-18   321255                       
1025270613 37.0  2.6  2.9  1.5  2.0  0.0 46.000010512川田将雅　　5700301   6.0   1.71239490- 2554321255                       
1025270614 41.0  1.6  2.5  2.0  2.1  0.0 49.200010640田山旺佑　　5203301   7.6   1.91239434- 2441321255                       
1025270615 31.0  1.0  3.0  0.0  1.9  0.0 36.900010607永島まなみ　5500301  13.4   3.01239486- 8 66321255                       
1025270616 30.0  0.6  0.3  0.0  0.0  0.0 30.912010438和田竜二　　5700301  22.8   4.71239462- 2   371255                       
1025270701 39.0  1.2  1.6  0.0  2.0  0.0 43.800010628田口貫太　　5500101  14.8   2.31306456+ 4 54321325                       
1025270702 48.0  1.6  3.5  1.5  2.3  0.0 56.910010640田山旺佑　　5303101   8.3   1.61306458  0522321325                       
1025270703 40.0  0.9  0.0  0.0  0.0  0.0 40.910010438和田竜二　　5600101  22.5   3.11306414- 4   371325                       
1025270704 39.9  0.6  0.0  0.0  0.0  0.0 40.512010624河原田菜々　5200101  34.7   3.31306450+ 8   321325                       
1025270705 41.0  1.4  2.3  3.0  2.2  0.0 49.900010606角田大和　　5600101  10.6   1.81306442- 4233321325                       
1025270706 47.0  3.4  3.9  3.5  3.3  0.0 61.100010512川田将雅　　5300101   1.5   1.01306500- 2111321325                       
1025270707 38.0  0.8  0.0  2.5  2.1  0.0 43.412010600団野大成　　5500101  12.6   1.91306496+10345321325                       
1025270708 35.0  0.4 -1.0  0.0  0.0  0.0 34.400010579加藤祥太　　5300101 103.8   9.91306448+ 4   321325                       
1025270709 37.0  1.2  2.0  2.0  0.0  0.0 42.210010607永島まなみ　5100101   6.3   1.41306468+ 44 6321325                       
1025270801 45.2  2.1  2.5  2.5  2.2  0.0 54.500010546松山弘平　　5300101   3.8   1.41340434- 2334321355                       
1025270802 43.2  0.8  0.1  0.0  0.0  0.0 44.101010419幸英明　　　5300101  12.3   2.91340456  0   321355                       
1025270803 45.0  1.2  1.9  0.0  2.1  0.0 50.200010550高倉稜　　　5300101  12.1   2.11340444+ 2 45371355                       
1025270804 35.0  0.4 -1.0  0.0  0.0  0.0 34.400010607永島まなみ　5400101  42.5   5.81340418-12   321355                       
1025270805 38.0  0.2  0.0  0.0  0.0  0.0 38.200010615川端海翼　　5303101  57.8   9.21340484-12   321355                       
1025270806 39.1  0.4  0.0  0.0  2.0  0.0 41.500010620西塚洸二　　5501101  57.8   7.41340434  0 5 321355                       
1025270807 52.0  2.6  3.6  3.0  3.3  0.0 64.500010583坂井瑠星　　5300101   3.7   1.41340442  0211321355                       
1025270808 39.4  0.7  0.5  2.0  1.9  0.0 44.500010636吉村誠之助　5201101   6.2   1.91340454  0466321355                       
1025270809 47.0  2.3  4.1  3.5  0.0  0.0 56.900010606角田大和　　5600101   5.2   1.51340498+ 61 2321355                       
1025270810 48.0  1.4  2.0  1.5  2.3  0.0 55.200010600団野大成　　5300101   6.7   2.11340482+12523321355                       
1025270901 31.0  3.1  4.1  3.5  3.3  0.0 45.010010419幸英明　　　5500101   1.9   1.11410478+ 2111321425                       
1025270902 19.0  0.1 -1.0  0.0  0.0  0.0 18.100010545国分優作　　5300101  66.7   7.91410404+12   321425                       
1025270903 19.2  0.2 -1.0  0.0  0.0  0.0 18.400010574松若風馬　　5300101  81.7   7.81410444- 2   321425                       
1025270904 19.3  0.1  0.0  0.0  0.0  0.0 19.400010548川須栄彦　　5300101  65.6   6.31410442- 4   321425                       
1025270905 19.0  0.1  0.0  0.0  0.0  0.0 19.100010620西塚洸二　　5300101 133.3  14.11410466-12   321425                       
1025270906 28.0  2.1  3.2  3.0  2.3  0.0 38.610010546松山弘平　　5300101   4.7   1.31410482+ 8222321425                       
1025270907 19.0  0.0 -1.0  0.0  0.0  0.0 18.000010615川端海翼　　5300101 168.1  17.51410500- 2   221425                       
1025270908 24.0  0.3  1.5  0.0  1.9  0.0 27.700010460太宰啓介　　5300101  22.6   3.31410424- 4 56321425                       
1025270909 19.0  0.1 -1.0  0.0  0.0  0.0 18.100010544国分恭介　　5300101 110.5  10.31410400+ 8   221425                       
1025270910 19.0  0.0 -1.0  0.0  0.0  0.0 18.000030640山田義貴　　5500101 116.1   9.81410440  0   321425                       
1025270911 24.1  0.4  0.6  2.0  0.0  0.0 27.100010600団野大成　　5300101  18.4   3.21410436+ 64  321425                       
1025270912 25.2  2.1  2.8  2.5  2.2  0.0 34.800010512川田将雅　　5500101   5.6   1.71410418+ 4333321425                       
1025270913 25.1  0.4  1.7  1.5  2.0  0.0 30.710010596亀田温心　　5300101  16.5   2.61410374- 2544321425                       
1025270914 19.0  0.1 -1.0  0.0  0.0  0.0 18.100010628田口貫太　　5300101 172.8  15.51410428-10   321425                       
1025270915 19.0  0.0 -1.0  0.0  0.0  0.0 18.000030599金山昇馬　　5500101  98.6   8.91410446- 5   221425                       
1025270916 19.0  0.0 -1.0  0.0  0.0  0.0 18.010010562長岡禎仁　　5300101 144.6  14.71410464- 2   321425                       
1025270917 26.0  0.8  1.9  0.0  1.8  0.0 30.500010550高倉稜　　　5500101  16.0   2.91410444- 2 65321425                       
1025270918 25.0  0.5  0.9  0.0  0.0  0.0 26.410010438和田竜二　　5300101  35.6   4.11410446+ 4   321425                       
1025271001 36.0  0.2 -1.0  0.0  0.0  0.0 35.210010574松若風馬　　5800301  50.0   9.41443498- 8   221501                       
1025271002 38.1  0.2 -1.0  0.0  0.0  0.0 37.300010633高杉吏麒　　5800301  38.5   6.21443490+14   321501                       
1025271003 48.2  1.4  1.7  2.0  2.1  0.0 55.400010546松山弘平　　5500301   6.4   2.11443516+ 8444321501                       
1025271004 44.0  0.1 -1.0  0.0  0.0  0.0 43.100010561中井裕二　　5800301  58.6  12.91443466- 2   321501                       
1025271005 47.0  0.6  1.2  1.5  0.0  0.0 50.300010600団野大成　　5800301   9.9   2.41443468-1059 321501                       
1025271006 46.0  0.5  0.6  0.0  0.0  0.0 47.110030182岩田康誠　　5800301  12.2   3.01443452- 4   321501                       
1025271007 42.9  0.1 -1.0  0.0  0.0  0.0 42.010010572小崎綾也　　5600301  63.7   9.81443476+10   321501                       
1025271008 40.0  0.2 -1.0  0.0  0.0  0.0 39.200010419幸英明　　　5800301  48.6   8.11443444-10   321501                       
1025271009 43.0  2.0  2.4  2.5  1.9  0.0 51.800010438和田竜二　　5300301   5.7   2.31443434- 6365321501                       
1025271010 48.0  0.6  1.2  0.0  2.0  0.0 51.800010636吉村誠之助　5800301  15.9   3.41443460- 2 56321501                       
1025271011 50.0  1.4  1.5  3.0  2.3  0.0 58.200010512川田将雅　　5800301   7.4   2.21443476+ 2223321501                       
1025271012 39.0  0.4  0.0  0.0  0.0  0.0 39.400010606角田大和　　5800301  91.2  10.71443442  0   321501                       
1025271013 46.0  0.2  0.0  0.0  0.0  0.0 46.200010545国分優作　　5600301  32.4   5.31443456- 6   321501                       
1025271014 45.0  0.1 -1.0  0.0  0.0  0.0 44.110010562長岡禎仁　　5800301  54.7   7.81443488-18   321501                       
1025271015 55.1  2.6  3.9  3.5  3.3  0.0 68.402010628田口貫太　　5300301   3.3   1.61443500+ 4111321501                       
1025271016 55.0  1.4  2.8  0.0  2.2  0.0 61.410010550高倉稜　　　5300301  11.5   3.71443486  0 32321501                       
1025271101 53.0  0.2  0.6  0.0  0.0  0.0 53.800010633高杉吏麒　　5600102  21.8   4.91521482- 6   321535                       
1025271102 45.0  0.3 -1.0  0.0  0.0  0.0 44.300010438和田竜二　　5800102 115.1  17.01521490  0   321535                       
1025271103 40.0  0.1  0.0  0.0  0.0  0.0 40.112010544国分恭介　　5600102  68.2  11.31521450+ 6   321535                       
1025271104 57.2  2.6  3.7  3.5  2.3  0.0 69.300010583坂井瑠星　　5800102   4.3   1.51521492- 4122321535                       
1025271105 53.4  0.2  0.0  0.0  0.0  0.0 53.600010628田口貫太　　5800102  29.8   4.51521494-16   321535                       
1025271106 56.0  1.6  2.2  2.5  2.2  0.0 64.500010546松山弘平　　5600102   5.7   2.11521430+ 4333321535                       
1025271107 59.2  2.1  3.1  3.0  3.3  0.0 70.700010512川田将雅　　5800102   4.4   1.71521468  0211321535                       
1025271108 49.0  0.2  0.0  0.0  0.0  0.0 49.210010606角田大和　　5800102  41.8   6.01521536- 4   321535                       
1025271109 57.0  0.2  0.0  0.0  0.0  0.0 57.200010457酒井学　　　5800102  23.3   5.21521530- 4  6221535                       
1025271110 40.0  0.2  0.0  0.0  0.0  0.0 40.200010620西塚洸二　　5800102  90.0  13.41521442-16   321535                       
1025271111 55.5  0.4 -1.0  0.0  0.0  0.0 54.900010600団野大成　　5800102  32.7   6.11521480- 8   321535                       
1025271112 46.0  0.3  0.0  0.0  0.0  0.0 46.302030182岩田康誠　　5800102  38.6   7.51521476- 4   321535                       
1025271113 54.0  0.6  1.1  0.0  0.0  0.0 55.700010548川須栄彦　　5600102  16.7   4.11521436  0   321535                       
1025271114 54.1  0.8  1.7  0.0  2.1  0.0 58.700010419幸英明　　　5800102  13.4   3.41521500  0 45321535                       
1025271115 55.0  1.4  2.3  2.0  2.0  0.0 62.712010636吉村誠之助　5800102   7.5   2.21521486- 4454321535                       
1025271116 53.0  0.7  0.1  1.5  0.0  0.0 55.300010460太宰啓介　　5600102  18.3   3.61521468  05  321535                       
1025271117 53.0  0.6  0.0  0.0  1.9  0.0 55.500010574松若風馬　　5800102  14.5   5.41521436-18 6 321535                       
1025271201 47.0  0.7  1.1  0.0  0.0  0.0 48.800010600団野大成　　5800302  17.2   3.41558472- 6 9 321615                       
1025271202 30.0  0.2 -1.0  0.0  0.0  0.0 29.200010640田山旺佑　　5503302 131.8  22.71558464+ 6   221615                       
1025271203 48.0  0.7  0.5  1.5  1.9  0.0 52.600030182岩田康誠　　5500302   9.3   2.91558492-14564321615                       
1025271204 30.0  0.1 -1.0  0.0  0.0  0.0 29.100010624河原田菜々　5400302 119.9  15.01558482+ 4   321615                       
1025271205 47.4  0.7  2.2  0.0  2.2  0.0 52.500010633高杉吏麒　　5401302  13.3   2.61558462+ 6 35371615                       
1025271206 44.0  0.6  0.7  0.0  0.0  0.0 45.302010607永島まなみ　5300302   8.4   2.21558458+ 4   371615                       
1025271207 46.0  0.1  0.0  0.0  0.0  0.0 46.100010544国分恭介　　5600302  64.6   7.31558470  0   371615                       
1025271208 44.0  0.3  0.0  2.5  0.0  0.0 46.800010419幸英明　　　5500302  26.4   3.01558466- 63  321615                       
1025271209 44.0  0.6  0.3  0.0  0.0  0.0 44.902010572小崎綾也　　5800302  31.6   4.31558476+ 4   321615                       
1025271210 47.3  0.8  0.9  3.0  2.1  0.0 54.110010636吉村誠之助　5401302  10.5   2.71558486- 4243371615                       
1025271211 54.0  3.5  4.5  3.5  3.3  0.0 68.800010583坂井瑠星　　5500302   2.2   1.11558480  0111321615                       
1025271212 47.2  0.9  1.4  0.0  2.0  0.0 51.502010596亀田温心　　5500302  15.1   3.41558466- 2 56321615                       
1025271213 30.0  0.3 -1.0  0.0  0.0  0.0 29.300010438和田竜二　　5800302  88.6  10.31558484+ 8   371615                       
1025271214 30.0  0.1 -1.0  0.0  0.0  0.0 29.110010562長岡禎仁　　5600302 144.1  18.91558468+ 4   321615                       
1025271215 51.0  1.9  3.2  2.0  2.3  0.0 60.400010546松山弘平　　5500302   6.5   1.91558458+12422321615                       
1025271216 37.8  0.1 -1.0  0.0  0.0  0.0 36.900010628田口貫太　　5800302  78.0  11.51558488  0   321615                       
