0620120101 17.0  0.1  0.0  0.0  0.0  0.0 17.110010589武藤雅　　　5600101 178.1  18.00933440- 2                                
0620120102 25.0  0.1  0.6  0.0  0.0  0.0 25.710010560横山和生　　5600101 210.0  34.60933466+ 6                                
0620120103 35.0  1.6  3.4  3.0  2.1  0.0 45.102010599菅原明良　　5402101   5.5   2.30933466+ 2263                             
0620120104 10.0  0.1 -1.0  0.0  0.0  0.0  9.102010593山田敬士　　5103101 226.7  31.50933468+ 6                                
0620120105 36.0  2.1  2.4  3.5  2.2  0.0 46.200070344Ｏ．マーフィ5400101   3.5   1.40933458- 4152                             
0620120106 37.0  0.7  0.0  0.0  0.0  0.0 37.700010584藤田菜七子　5303101  21.6   4.30933460+ 6                                
0620120107 19.0  0.3 -1.0  0.0  0.0  0.0 18.302010442勝浦正樹　　5400101 112.4  14.30933468+ 4                                
0620120108 37.1  0.9  1.4  2.0  2.3  0.0 43.700010507津村明秀　　5600101   7.9   2.10933500+ 8444                             
0620120109 12.0  0.1  0.0  0.0  0.0  0.0 12.100010555杉原誠人　　5600101 300.9  69.90933456+16                                
0620120110 14.0  0.2 -1.0  0.0  0.0  0.0 13.212010375江田照男　　5600101  72.2   9.70933496+ 4 9                              
0620120111 34.1  0.8  1.6  2.5  0.0  0.0 39.001010497石橋脩　　　5600101   8.1   1.80933498+163 5                             
0620120112 38.0  1.9  3.3  0.0  3.0  0.0 46.202010597小林凌大　　5303101   4.8   1.40933466- 4 21                             
0620120113 34.0  0.4  1.1  0.0  2.4  0.0 37.911010587木幡育也　　5402101  23.9   3.40933486+ 2 36                             
0620120114 31.0  0.3  0.0  0.0  0.0  0.0 31.300010529黛弘人　　　5600101  33.7   7.10933446+12                                
0620120115 21.5  1.3  3.1  1.5  0.0  0.0 27.402010368田中勝春　　5600101   8.7   2.80933476+ 85                               
0620120116 25.1  1.1  1.4  0.0  3.6  0.0 31.200010547丸山元気　　5600101  16.7   3.60933476+ 8 1                              
0620120201 26.0  0.6  0.5  0.0  2.2  0.0 29.312010537丸田恭介　　5600101  21.9   5.01005470  0 4                              
0620120202 15.0  0.1  0.0  0.0  0.0  0.0 15.100010599菅原明良　　5202101 188.5  23.51005454+ 6                                
0620120203 10.0  0.2  0.0  0.0  0.0  0.0 10.202010416吉田豊　　　5600101 123.9  13.11005440- 2                                
0620120204 28.0  0.8  0.0  0.0  0.0  0.0 28.800030113内田博幸　　5400101  56.0   7.91005452-10                                
0620120205 19.0  0.2  0.0  0.0  0.0  0.0 19.210010375江田照男　　5600101  30.1   4.31005488- 4                                
0620120206 25.0  0.6  0.8  1.5  0.0  0.0 27.900010547丸山元気　　5600101  22.1   4.31005450- 25                               
0620120207 30.0  0.1  0.0  0.0  0.0  0.0 30.102010560横山和生　　5400101  48.4   5.91005482  0  5                             
0620120208 10.0  0.2 -1.0  0.0  0.0  0.0  9.210010590横山武史　　5600101 112.5  10.11005530- 4                                
0620120209 23.0  0.1 -1.0  0.0  0.0  0.0 22.100010538宮崎北斗　　5400101 160.6  15.91005430- 8                                
0620120210 13.0  0.2  0.0  0.0  0.0  0.0 13.200010589武藤雅　　　5400101  64.9   7.41005494+14                                
0620120211 38.1  1.4  2.8  2.5  2.3  0.0 47.100010515丹内祐次　　5600101   7.2   1.51005530+ 2333                             
0620120212 38.0  1.8  3.4  2.0  2.4  0.0 47.600010500松岡正海　　5600101   8.3   1.61005500+ 2422                             
0620120213 38.7  3.2  4.1  3.5  3.6  0.0 53.100070176Ｍ．デムーロ5600101   1.7   1.11005466+ 6111                             
0620120214 35.0  1.8  2.5  3.0  0.0  0.0 42.300010522北村友一　　5600101   7.1   1.61005484+ 42 4                             
0620120215 29.0  0.6  0.0  0.0  0.0  0.0 29.600010491田辺裕信　　5600101  22.7   4.11005500  0  6                             
0620120216 10.0  0.4  0.0  0.0  0.0  0.0 10.410070321Ｆ．ミナリク5600101  57.6   8.51005488+26 9                              
0620120301 10.0  0.2 -1.0  0.0  0.0  0.0  9.200010570石川裕紀人　5400101 103.9   9.31035502+ 4                                
0620120302 15.0  0.3  0.0  0.0  0.0  0.0 15.300010462北村宏司　　5400101 180.4  16.41035486- 6                                
0620120303 29.0  0.8  1.1  0.0  2.0  0.0 32.902010589武藤雅　　　5600101  23.7   3.01035502+ 2 65                             
0620120304 30.1  2.3  3.7  2.5  2.3  0.0 40.900070321Ｆ．ミナリク5600101   5.4   1.51035502+ 8333                             
0620120305 24.1  0.4  0.9  0.0  2.1  0.0 27.500010516大野拓弥　　5600101  32.8   5.61035464+10 5                              
0620120306 15.0  0.1  0.0  0.0  0.0  0.0 15.100010481大庭和弥　　5400101 252.5  34.21035438- 8                                
0620120307 30.0  0.4  0.0  0.0  2.2  0.0 32.600010584藤田菜七子　5303101  36.1   4.31035450+ 6 46                             
0620120308 27.9  1.3  2.7  2.0  2.4  0.0 36.310010599菅原明良　　5402101  12.4   2.31035466+16424                             
0620120309 40.3  3.1  3.4  3.5  3.6  0.0 53.900070344Ｏ．マーフィ5600101   2.0   1.11035474+ 4111                             
0620120310 16.0  0.2  0.0  0.0  0.0  0.0 16.210010368田中勝春　　5600101 142.0  15.41035488+10                                
0620120311 27.0  0.6  2.0  1.5  0.0  0.0 31.102010429柴田大知　　5600101  17.4   2.31035472  05                               
0620120312 28.0  0.2  0.0  0.0  0.0  0.0 28.200010416吉田豊　　　5600101  66.5   6.71035460- 2                                
0620120313 38.0  1.6  2.7  3.0  0.0  0.0 45.300010497石橋脩　　　5600101   4.0   1.21035516  0292                             
0620120314 24.0  0.2  0.0  0.0  0.0  0.0 24.212010593山田敬士　　5303101  41.0   5.01035466+ 8                                
0620120315 21.0  0.2 -1.0  0.0  0.0  0.0 20.200010537丸田恭介　　5600101 123.3  16.11035486+18                                
0620120316 10.0  0.1 -1.0  0.0  0.0  0.0  9.102010547丸山元気　　5400101  37.5   8.21035476- 4                                
0620120401 10.0  0.2 -1.0  0.0  0.0  0.0  9.200010471嘉藤貴行　　5600101 174.4  15.71107448                                   
0620120402 10.7  0.4 -1.0  0.0  0.0  0.0 10.102010584藤田菜七子　5103101  28.9   3.41107354                                   
0620120403 37.9  3.2  3.7  3.5  0.0  0.0 48.302010547丸山元気　　5600101   1.4   1.11107482   192                             
0620120404 10.6  0.2  0.0  0.0  0.0  0.0 10.802010537丸田恭介　　5400101  86.9   7.71107478                                   
0620120405 10.5  0.3  0.0  0.0  0.0  0.0 10.800010429柴田大知　　5400101 119.8  10.11107414                                   
0620120406 11.2  0.4  0.0  0.0  2.2  0.0 13.800030113内田博幸　　5600101  94.1   8.91107438    2                              
0620120407 32.2  1.3  2.8  2.0  0.0  0.0 38.303070321Ｆ．ミナリク5600101  15.8   2.41107462   4 3                             
0620120408 25.9  0.6  1.8  0.0  0.0  0.0 28.300010554嶋田純次　　5600101  51.5   1.91107414     5                             
0620120409 10.2  0.1 -1.0  0.0  0.0  0.0  9.300010555杉原誠人　　5400101 160.0  14.91107456                                   
0620120410 11.0  0.5 -1.0  0.0  0.0  0.0 10.500010462北村宏司　　5400101  76.2   7.91107488                                   
0620120411 27.6  0.9  1.9  1.5  2.1  0.0 34.002010589武藤雅　　　5600101  21.3   3.01107470   534                             
0620120412 38.9  2.9  3.9  3.0  3.5  0.0 52.202070344Ｏ．マーフィ5600101   4.2   1.21107496   211                             
0620120413 14.4  0.3  0.0  2.5  0.0  0.0 17.200010515丹内祐次　　5600101  15.7   2.21107470   3                               
0620120414 19.9  0.3  0.7  0.0  0.0  0.0 20.900010324柴田善臣　　5400101  51.7   4.51107432     6                             
0620120415 14.9  0.2  0.0  0.0  0.0  0.0 15.100010599菅原明良　　5402101  32.0   4.21107496                                   
0620120416 10.1  0.1  0.0  0.0  0.0  0.0 10.200010573木幡初也　　5400101 186.4  14.21107466                                   
0620120501 16.0  0.4 -1.0  0.0  0.0  0.0 15.400010590横山武史　　5600101  21.7   4.11158480-10                                
0620120502 10.0  0.0  0.0  0.0  0.0  0.0 10.010010554嶋田純次　　5600101 269.0  61.51158466+ 2                                
0620120503 28.1  0.2  0.0  0.0  0.0  0.0 28.300010582木幡巧也　　5600101  69.5  11.41158436+ 8 9                              
0620120504 31.9  0.6  0.1  1.5  0.0  0.0 34.100010547丸山元気　　5600101  11.7   2.91158452+105 6                             
0620120505 20.0  0.1  0.0  0.0  0.0  0.0 20.100010589武藤雅　　　5600101 158.0  17.51158482+22                                
0620120506 21.3  0.3  0.0  0.0  0.0  0.0 21.602010462北村宏司　　5600101 106.8  15.21158480+28                                
0620120507 36.0  2.0  3.8  3.5  2.2  0.0 47.500070176Ｍ．デムーロ5400101   3.8   1.41158434+ 8143                             
0620120508 37.0  0.4  1.0  0.0  2.4  0.0 40.800010563原田和真　　5400101  16.4   2.61158444- 4 25                             
0620120509 37.1  1.7  3.6  2.0  2.1  0.0 46.500010375江田照男　　5600101   7.6   1.81158516+ 4454                             
0620120510 38.0  2.9  2.9  3.0  2.3  0.0 49.102070344Ｏ．マーフィ5400101   3.0   1.21158488+ 2232                             
0620120511 23.0  0.2  0.0  0.0  0.0  0.0 23.200010416吉田豊　　　5400101 139.1  18.21158466- 4                                
0620120512 28.0  0.1 -1.0  0.0  0.0  0.0 27.110010599菅原明良　　5202101 310.1  44.51158424- 2                                
0620120513 33.1  0.3  0.0  0.0  0.0  0.0 33.402010507津村明秀　　5600101  41.9   7.41158490+10                                
0620120514 33.0  0.5  0.5  0.0  0.0  0.0 34.000010429柴田大知　　5600101  27.1   4.31158408+ 2                                
0620120515 18.0  0.0 -1.0  0.0  0.0  0.0 17.010010587木幡育也　　5402101 139.8  17.51158446- 2                                
0620120516 38.1  2.4  3.7  2.5  3.6  0.0 50.300010515丹内祐次　　5600101   4.3   1.41158496+12311                             
0620120601 28.8  1.4  2.3  2.5  2.3  0.0 37.302010462北村宏司　　5400101   9.1   2.41227424   334                             
0620120602 29.9  1.4  2.3  2.0  2.4  0.0 38.000010589武藤雅　　　5400101   9.3   2.41227426   423                             
0620120603 10.2  0.1  0.0  0.0  0.0  0.0 10.300010577野中悠太郎　5301101  71.9   9.91227468                                   
0620120604 24.6  0.3  1.7  0.0  0.0  0.0 26.603010529黛弘人　　　5400101  26.9   4.21227456                                   
0620120605 22.2  0.7  1.0  1.5  2.2  0.0 27.600010582木幡巧也　　5400101  17.5   3.61227462   54                              
0620120606 33.9  1.4  3.2  0.0  3.5  0.0 42.000070321Ｆ．ミナリク5400101   7.1   2.01227518    12                             
0620120607 36.0  2.6  3.6  3.5  0.0  0.0 45.700010516大野拓弥　　5400101   2.8   1.41227480   191                             
0620120608 23.0  1.3  1.1  3.0  0.0  0.0 28.403070344Ｏ．マーフィ5400101   4.4   1.51227462   2 6                             
0620120609 10.0  0.2 -1.0  0.0  0.0  0.0  9.202010537丸田恭介　　5400101 108.1  17.31227502                                   
0620120610 10.6  0.2 -1.0  0.0  0.0  0.0  9.802010375江田照男　　5400101  65.1   8.51227508                                   
0620120611 10.8  0.2  0.0  0.0  0.0  0.0 11.000010599菅原明良　　5202101  34.4   5.51227478                                   
0620120612 12.8  0.1  0.0  0.0  2.1  0.0 15.000010471嘉藤貴行　　5400101  29.1   4.41227442    5                              
0620120613 32.1  1.4  2.8  0.0  0.0  0.0 36.300010442勝浦正樹　　5400101  20.7   3.81227458     5                             
0620120614 18.6  0.3  0.6  0.0  0.0  0.0 19.500010368田中勝春　　5400101  29.8   6.11227482                                   
0620120615 10.3  0.6  0.0  0.0  0.0  0.0 10.900010500松岡正海　　5400101  33.6   6.01227460                                   
0620120616 10.9  0.1  0.0  0.0  0.0  0.0 11.000010515丹内祐次　　5400101 106.3  14.21227470                                   
0620120701 44.0  0.2  0.0  0.0  0.0  0.0 44.210010368田中勝春　　5700101  80.1   8.41254462+ 2                                
0620120702 33.0  0.2 -1.0  0.0  0.0  0.0 32.210010599菅原明良　　5202101  76.7   6.61254510+22                                
0620120703 49.0  0.8  1.8  0.0  2.2  0.0 53.800010507津村明秀　　5700101  28.5   3.31254506- 2 55                             
0620120704 48.0  0.6  0.0  2.0  0.0  0.0 50.600010538宮崎北斗　　5600101  13.8   2.31254482+ 24 6                             
0620120705 48.9  1.9  3.3  2.5  2.3  0.0 58.900010491田辺裕信　　5600101   5.1   1.21254512+12343                             
0620120706 40.0  0.2  0.0  0.0  0.0  0.0 40.200010582木幡巧也　　5700101 131.0  14.31254472- 8                                
0620120707 45.0  0.5  0.0  0.0  0.0  0.0 45.502010442勝浦正樹　　5700101  24.1   5.01254528- 2                                
0620120708 30.0  0.2  0.0  0.0  0.0  0.0 30.202010571井上敏樹　　5700101 127.3  15.71254484  0                                
0620120709 53.0  3.4  3.5  3.5  3.0  0.0 66.402070344Ｏ．マーフィ5600101   1.6   1.01254546+18121                             
0620120710 54.0  2.3  1.9  3.0  3.6  0.0 64.802010547丸山元気　　5600101   5.3   1.11254476- 2212                             
0620120711 49.1  1.5  2.6  1.5  2.4  0.0 57.100010516大野拓弥　　5700101  14.8   1.91254556+ 6534                             
0620120801 51.0  0.9  1.5  2.5  2.2  0.0 58.102010537丸田恭介　　5400101   8.4   2.01328460+ 6343                             
0620120802 53.0  0.9  2.4  1.5  0.0  0.0 57.802010584藤田菜七子　5303101   5.7   1.71328466+ 2594                             
0620120803 49.0  0.3  0.0  0.0  0.0  0.0 49.302010422西田雄一郎　5700101  23.8   4.51328502- 2                                
0620120804 41.0  0.7  0.0  0.0  0.0  0.0 41.702010589武藤雅　　　5400101  26.2   4.21328460- 2                                
0620120805 41.0  0.2 -1.0  0.0  0.0  0.0 40.200010590横山武史　　5700101  47.6   8.61328490+18                                
0620120806 39.0  0.1  0.0  0.0  0.0  0.0 39.102010587木幡育也　　5302101 265.5  36.71328452+ 4                                
0620120807 34.0  0.1  0.0  0.0  0.0  0.0 34.100010412岩部純二　　5400101 127.0  10.81328452+ 6                                
0620120808 49.1  1.6  2.5  0.0  2.1  0.0 55.312010547丸山元気　　5700101  10.7   2.61328498+16 56                             
0620120809 35.1  0.2  0.0  0.0  0.0  0.0 35.310010507津村明秀　　5500101  95.9  11.31328508+26                                
0620120810 50.6  1.6  3.0  3.0  2.3  0.0 60.500010582木幡巧也　　5600101   6.8   1.71328526+12232                             
0620120811 45.0  0.1 -1.0  0.0  0.0  0.0 44.112010577野中悠太郎　5601101 193.1  23.41328492+ 8                                
0620120812 35.0  0.2  0.0  0.0  0.0  0.0 35.200010570石川裕紀人　5400101 137.4  18.81328426- 2                                
0620120813 50.0  1.3  1.4  0.0  3.6  0.0 56.302010599菅原明良　　5402101  18.3   2.91328482+12 15                             
0620120814 42.0  0.2 -1.0  0.0  0.0  0.0 41.200010515丹内祐次　　5700101  90.5  17.71328504+ 6                                
0620120815 53.1  3.4  4.0  3.5  2.4  0.0 66.402070344Ｏ．マーフィ5700101   2.2   1.21328494  0121                             
0620120816 41.2  0.6  1.3  2.0  2.0  0.0 47.100010516大野拓弥　　5400101  14.2   3.21328520+2246                              
0620120901 58.0  1.7  1.9  2.5  2.4  0.0 66.512010375江田照男　　5400101   8.4   2.01404510+ 6332                             
0620120902 57.3  1.5  1.3  0.0  0.0  0.0 60.100010516大野拓弥　　5700101  12.3   2.81404500  0 95                             
0620120903 54.0  0.2 -1.0  0.0  0.0  0.0 53.212010429柴田大知　　5700101 204.2  31.41404486+ 4                                
0620120904 50.3  0.1 -1.0  0.0  0.0  0.0 49.402010515丹内祐次　　5700101 138.1  17.61404524+22                                
0620120905 49.6  0.6  1.2  0.0  2.3  0.0 53.700010547丸山元気　　5600101  13.1   3.21404512+20 4                              
0620120906 51.9  0.6  1.8  0.0  0.0  0.0 54.300010577野中悠太郎　5700101  22.7   4.41404520+16                                
0620120907 54.3  0.6  0.0  0.0  0.0  0.0 54.902030113内田博幸　　5600101  28.1   4.91404454+ 2                                
0620120908 40.0  0.1 -1.0  0.0  0.0  0.0 39.102010589武藤雅　　　5700101 272.2  43.51404484+ 9                                
0620120909 52.0  0.1 -1.0  0.0  0.0  0.0 51.101010593山田敬士　　5700101 246.8  38.91404474-10                                
0620120910 57.4  1.6  2.0  3.5  3.6  0.0 68.102070176Ｍ．デムーロ5700101   3.0   1.31404534- 6111                             
0620120911 55.3  0.7  0.1  1.5  2.2  0.0 59.800010491田辺裕信　　5700101   9.1   2.81404522+ 8556                             
0620120912 55.1  1.4  2.9  2.0  2.1  0.0 63.500070321Ｆ．ミナリク5600101   5.4   1.81404522+ 2464                             
0620120913 50.2  0.5  0.0  0.0  0.0  0.0 50.712010462北村宏司　　5700101  66.3  11.61404526+ 6                                
0620120914 55.2  0.4  0.7  0.0  0.0  0.0 56.302010522北村友一　　5600101  40.2   6.51404470+ 4                                
0620120915 57.2  0.4  0.0  0.0  0.0  0.0 57.600010497石橋脩　　　5700101  20.3   5.61404528+ 2                                
0620120916 55.0  1.6  2.7  3.0  3.2  0.0 65.500070344Ｏ．マーフィ5600101   6.1   1.61404492-12223                             
0620121001 43.2  0.1 -1.0  0.0  0.0  0.0 42.302010577野中悠太郎　5600101  93.1   7.51438512+ 8                                
0620121002 47.0  1.4  0.4  2.5  3.2  0.0 54.510010522北村友一　　5600101   4.9   1.31438490  0324                             
0620121003 43.1  0.2  0.0  0.0  0.0  0.0 43.302010375江田照男　　5600101  88.2   7.31438460+12                                
0620121004 38.6  0.4  0.3  0.0  2.2  0.0 41.500010582木幡巧也　　5600101  47.2   5.11438460+10 5                              
0620121005 29.0  0.2  0.0  0.0  0.0  0.0 29.210010507津村明秀　　5600101 154.5  43.31438432-10                                
0620121006 48.0  2.6  3.6  3.5  0.0  0.0 57.700070344Ｏ．マーフィ5600101   2.4   1.21438518+10193                             
0620121007 50.0  0.4  1.4  1.5  0.0  0.0 53.302010534田中健　　　5600101  14.0   2.71438476+ 85 5                             
0620121008 31.0  0.9  0.0  0.0  2.3  0.0 34.200010516大野拓弥　　5600101  19.1   3.01438514+10 4                              
0620121009 48.1  2.8  3.7  3.0  3.6  0.0 61.210010497石橋脩　　　5600101   4.1   1.21438486+10212                             
0620121010 44.1  0.1  0.0  0.0  0.0  0.0 44.200010515丹内祐次　　5400101 138.2  15.51438446- 2  6                             
0620121011 40.3  0.6  0.0  0.0  0.0  0.0 40.910010547丸山元気　　5600101  34.4   7.11438522+16                                
0620121012 44.0  0.3 -1.0  0.0  0.0  0.0 43.302010462北村宏司　　5400101 274.0  23.71438468+ 6                                
0620121013 55.0  1.3  1.8  2.0  2.4  0.0 62.500010491田辺裕信　　5400101   7.2   2.01438454- 2431                             
0620121014 26.0  0.3 -1.0  0.0  0.0  0.0 25.310010500松岡正海　　5600101 272.3  26.31438470+12                                
0620121015 37.0  1.0  0.1  0.0  0.0  0.0 38.102070176Ｍ．デムーロ5600101  24.4   4.51438534+ 2                                
0620121101 67.2  1.3  1.4  2.0  0.0  0.0 71.900010507津村明秀　　5600101   6.9   1.81514492- 84 4                             
0620121102 62.2  0.7  0.2  0.0  0.0  0.0 63.100070321Ｆ．ミナリク5900101   9.5   2.61514518- 6                                
0620121103 62.3  2.1  2.2  3.0  2.3  0.0 71.902010555杉原誠人　　5500101   4.0   1.61514504+10243                             
0620121104 56.0  0.4  0.0  0.0  0.0  0.0 56.402010516大野拓弥　　5800101  60.9   9.51514460- 4                                
0620121105 59.1  1.3  0.7  1.5  2.4  0.0 65.000010500松岡正海　　5400101   7.4   2.11514426+ 4536                             
0620121106 62.1  0.1 -1.0  0.0  0.0  0.0 61.200010581菊沢一樹　　5600101  93.4  11.31514504+10                                
0620121107 65.0  1.3  2.2  0.0  0.0  0.0 68.500010462北村宏司　　5800101  13.3   2.81514504+ 6  5                             
0620121108 67.4  2.5  3.8  2.5  3.2  0.0 79.400010491田辺裕信　　5500101   6.0   1.71514492  0321                             
0620121109 60.0  0.3  0.0  0.0  0.0  0.0 60.300010375江田照男　　5700101 113.5  14.51514492+ 2                                
0620121110 67.1  1.9  2.9  3.5  3.6  0.0 79.010070344Ｏ．マーフィ5600101   3.1   1.61514468+ 6112                             
0620121111 63.0  0.7 -1.0  0.0  0.0  0.0 62.700010429柴田大知　　5600101  33.6   3.11514480  0 9                              
0620121201 50.2  0.6  3.2  0.0  2.3  0.0 56.300010599菅原明良　　5302101  29.1   3.61546468  0 3                              
0620121202 45.0  0.4 -1.0  0.0  0.0  0.0 44.412030113内田博幸　　5500101 173.3  19.41546416- 8                                
0620121203 56.1  1.1  2.2  3.0  0.0  0.0 62.400010560横山和生　　5600101   7.1   1.71546432+ 82 2                             
0620121204 52.3  2.3  2.5  2.5  2.2  0.0 61.800070176Ｍ．デムーロ5700101   7.0   1.51546508  0345                             
0620121205 54.1  1.6  2.2  1.5  2.4  0.0 61.802010368田中勝春　　5600101   9.2   1.81546488+ 8524                             
0620121206 50.0  0.1 -1.0  0.0  0.0  0.0 49.102010581菊沢一樹　　5601101  36.5   5.11546496  0                                
0620121207 57.0  0.2  0.0  0.0  0.0  0.0 57.202010577野中悠太郎　5401101  75.7   7.41546486+ 6  6                             
0620121208 56.0  1.4  2.8  2.0  0.0  0.0 62.200010584藤田菜七子　5103101   5.7   1.71546452+ 8493                             
0620121209 50.1  0.4  0.0  0.0  0.0  0.0 50.512010590横山武史　　5600101  26.0   4.81546472+ 4                                
0620121210 54.0  3.4  3.9  3.5  3.6  0.0 68.410070344Ｏ．マーフィ5600101   1.9   1.11546454+10111                             
0620121211 55.0  0.4  1.0  0.0  0.0  0.0 56.400010587木幡育也　　5502101  19.9   3.71546500+ 2                                
0820120101 19.0  0.2  0.0  0.0  0.0  0.0 19.200010482川島信二　　5400101  27.3   5.20949460- 6                                
0820120102 14.0  0.1 -1.0  0.0  0.0  0.0 13.110010510吉田隼人　　5400101 121.7  22.70949450  0                                
0820120103 14.0  0.2 -1.0  0.0  0.0  0.0 13.200010596亀田温心　　5103101 194.0  33.20949452- 2                                
0820120104 22.0  1.5  2.0  3.0  2.2  0.0 30.710010435福永祐一　　5400101   6.4   1.80949468  023                              
0820120105 18.0  0.2 -1.0  0.0  0.0  0.0 17.200010598斎藤新　　　5202101  95.9  15.60949442- 1                                
0820120106 31.0  0.4  0.0  0.0  1.9  0.0 33.300010578鮫島克駿　　5400101  18.8   4.30949468+ 4 64                             
0820120107 24.0  1.7  2.8  3.5  2.1  0.0 34.100010419幸英明　　　5400101   4.4   1.70949450+ 4142                             
0820120108 30.0  0.4  0.0  0.0  0.0  0.0 30.400010544国分恭介　　5400101  28.1   6.80949482  0                                
0820120109 24.0  1.6  2.4  1.5  2.0  0.0 31.500010594岩田望来　　5202101   6.9   2.20949458- 4556                             
0820120110 27.0  1.4  2.2  0.0  2.3  0.0 32.900010583坂井瑠星　　5400101   5.6   2.00949472- 6 25                             
0820120111 29.1  1.5  2.8  0.0  0.0  0.0 33.410010452中谷雄太　　5400101  13.2   2.80949476+ 4  3                             
0820120112 20.0  0.2 -1.0  0.0  0.0  0.0 19.210010548川須栄彦　　5400101 117.8  19.50949486+ 2                                
0820120113 34.0  1.6  1.5  2.0  3.3  0.0 42.400070329Ｓ．フォーリ5400101   6.6   2.20949444- 4411                             
0820120114 27.2  1.0  0.1  2.5  0.0  0.0 30.810010591西村淳也　　5301101   7.1   2.40949448+103                               
0820120115 29.0  0.7  0.0  0.0  0.0  0.0 29.700010586川又賢治　　5301101  38.6   7.60949482- 4                                
0820120201 15.8  0.8  0.1  0.0  1.9  0.0 18.600010594岩田望来　　5402101  11.6   4.01017486    6                              
0820120202 10.0  0.5  0.0  0.0  0.0  0.0 10.500030182岩田康誠　　5600101  22.7   4.11017468                                   
0820120203 10.0  0.2  0.0  0.0  0.0  0.0 10.200010550高倉稜　　　5600101 103.3  17.81017456                                   
0820120204 10.0  0.2  0.0  0.0  0.0  0.0 10.200010457酒井学　　　5600101  24.9   2.21017498                                   
0820120205 10.0  0.3 -1.0  0.0  0.0  0.0  9.300010508藤岡佑介　　5600101  41.1   7.21017484                                   
0820120206 20.8  1.0  1.0  3.0  0.0  0.0 25.800010536藤岡康太　　5600101   6.0   2.31017486   2 6                             
0820120207 21.8  0.6  1.2  0.0  2.3  0.0 25.900010591西村淳也　　5501101  25.5   5.71017492    25                             
0820120208 22.0  0.9  1.1  2.0  2.1  0.0 28.100010419幸英明　　　5600101   7.6   2.61017490   443                             
0820120209 19.8  1.7  0.7  2.5  2.2  0.0 26.900010438和田竜二　　5600101   6.7   2.21017498   334                             
0820120210 10.0  0.7  0.0  0.0  0.0  0.0 10.702010436古川吉洋　　5400101  30.8   5.01017504                                   
0820120211 35.7  1.9  3.6  1.5  3.3  0.0 46.000010574松若風馬　　5600101  11.6   2.71017546   511                             
0820120212 17.3  0.4  0.3  0.0  0.0  0.0 18.000010600団野大成　　5303101  36.7   7.81017540                                   
0820120213 10.0  0.1 -1.0  0.0  0.0  0.0  9.100030378柴山雄一　　5600101  69.3  12.71017472                                   
0820120214 34.5  2.4  3.2  3.5  2.0  0.0 45.600010435福永祐一　　5600101   2.8   1.51017520   152                             
0820120215 10.0  0.2  0.0  0.0  0.0  0.0 10.200010578鮫島克駿　　5600101  72.9   9.31017496                                   
0820120216 11.9  0.4  0.0  0.0  0.0  0.0 12.302010455池添謙一　　5600101  24.8   6.31017530                                   
0820120301 15.0  0.2 -1.0  0.0  0.0  0.0 14.200010574松若風馬　　5600101  40.4   6.11049462+18                                
0820120302 18.0  0.2 -1.0  0.0  0.0  0.0 17.210010532荻野琢真　　5600101  38.6   6.41049448- 2                                
0820120303 22.1  1.3  2.5  2.5  2.3  0.0 30.702010355武豊　　　　5600101   5.7   1.61049478+ 2326                             
0820120304 32.0  0.4  0.0  0.0  2.1  0.0 34.510030182岩田康誠　　5600101  12.8   3.71049534+ 4 44                             
0820120305 28.1  1.4  3.0  1.5  2.2  0.0 36.202010580荻野極　　　5600101  10.2   2.11049484  0532                             
0820120306 20.2  0.2  0.0  0.0  0.0  0.0 20.400010419幸英明　　　5600101  25.1   5.61049474+ 4                                
0820120307 22.2  1.0  2.2  3.0  2.0  0.0 30.410010438和田竜二　　5600101   4.4   1.61049476+1825                              
0820120308 36.0  2.8  3.2  3.5  3.3  0.0 48.800010512川田将雅　　5600101   2.8   1.21049518  0111                             
0820120309 30.0  0.4  0.8  0.0  1.9  0.0 33.110010594岩田望来　　5402101  27.1   4.21049466  0 65                             
0820120310 15.0  0.3  0.0  0.0  0.0  0.0 15.312010455池添謙一　　5600101  73.9  19.81049476+12                                
0820120311 14.0  0.2  0.0  0.0  0.0  0.0 14.210010598斎藤新　　　5402101 170.9  38.71049490+12                                
0820120312 27.0  2.5  3.6  2.0  0.0  0.0 35.110010460太宰啓介　　5600101   6.7   1.71049510+104 3                             
0820120313 14.0  0.2 -1.0  0.0  0.0  0.0  0.000110390四位洋文　　5600101            1049                                      
0820120314 14.0  0.1 -1.0  0.0  0.0  0.0 13.100010600団野大成　　5103101 149.0  18.11049510+12                                
0820120315 16.0  0.1  0.0  0.0  0.0  0.0 16.110010510吉田隼人　　5600101  50.9  10.11049438+10                                
0820120316 14.1  0.1 -1.0  0.0  0.0  0.0 13.210010568岩崎翼　　　5600101  90.4  15.01049434  0                                
0820120401 14.4  2.7  4.5  3.5  2.2  0.0 27.312010559森一馬　　　5900101   1.9   1.11121538+14132                             
0820120402 16.1  3.1  4.3  3.0  3.3  0.0 29.800010468高田潤　　　6000101   4.5   1.31121504+ 2211                             
0820120403 15.0  1.0  0.9  1.5  2.1  0.0 20.510010479石神深一　　6000101  14.8   2.91121496+ 6544                             
0820120404 14.0  0.7  1.4  0.0  0.0  0.0 16.100010567伴啓太　　　5900101  22.7   3.71121488+10                                
0820120405 14.3  0.3  0.7  0.0  2.0  0.0 17.300010424山本康志　　6000101  26.4   3.91121492+ 6 56                             
0820120406 14.0  0.3  0.0  0.0  0.0  0.0 14.300010511上野翔　　　6000101  97.6  12.41121458  0                                
0820120407 13.0  0.5  0.0  0.0  0.0  0.0 13.500010489五十嵐雄祐　6000101  55.7   6.61121456+ 2                                
0820120408 14.2  1.0  0.6  2.0  0.0  0.0 17.810010521中村将之　　6000101  11.4   2.21121440+ 44 5                             
0820120409 14.0  0.3  0.0  0.0  0.0  0.0 14.310010441江田勇亮　　5900101  77.6   9.81121476+10                                
0820120410 14.0  0.5  0.1  0.0  0.0  0.0 14.600010483小坂忠士　　5800101  31.3   4.31121430+12                                
0820120411 15.3  2.0  2.8  2.5  2.3  0.0 24.900010380北沢伸也　　6000101   6.6   1.41121496+ 2323                             
0820120412 15.1  0.8  0.0  0.0  0.0  0.0 15.910010486難波剛健　　5800101  22.2   2.81121484+10                                
0820120501 22.0  0.1 -1.0  0.0  0.0  0.0 21.100010559森一馬　　　5600101  87.5   7.91214494- 4                                
0820120502 28.0  0.1 -1.0  0.0  0.0  0.0 27.110010550高倉稜　　　5600101 164.6  12.01214480  0                                
0820120503 29.0  0.9  0.0  3.0  1.9  0.0 34.810010508藤岡佑介　　5600101   7.3   1.61214488+ 6265                             
0820120504 28.0  1.0  0.9  1.5  0.0  0.0 31.400010455池添謙一　　5600101  18.7   2.81214516  05                               
0820120505 22.0  0.1 -1.0  0.0  0.0  0.0 21.110010532荻野琢真　　5400101 204.0  23.61214420-14                                
0820120506 29.0  0.2  0.0  0.0  0.0  0.0 29.210010598斎藤新　　　5402101  58.6   8.01214448  0                                
0820120507 31.0  0.2  0.0  0.0  0.0  0.0 31.200010457酒井学　　　5600101 142.5  13.31214436- 6                                
0820120508 36.0  0.8  2.9  0.0  2.1  0.0 41.800010545国分優作　　5400101  19.9   2.31214404  0 44                             
0820120509 30.0  0.6  0.0  0.0  2.0  0.0 32.610010446秋山真一郎　5400101  35.3   4.31214446-10 56                             
0820120510 26.0  0.4  1.7  0.0  0.0  0.0 28.100010594岩田望来　　5402101  21.5   4.11214458  0                                
0820120511 38.0  3.4  4.5  3.5  3.3  0.0 52.700010512川田将雅　　5600101   1.6   1.11214466+ 4111                             
0820120512 38.2  1.4  3.2  2.0  2.2  0.0 47.000010419幸英明　　　5600101  10.1   1.81214482- 6433                             
0820120513 37.0  1.6  3.8  2.5  2.3  0.0 47.200010546松山弘平　　5400101   5.5   1.41214456  0322                             
0820120514 19.0  0.2 -1.0  0.0  0.0  0.0 18.212010580荻野極　　　5600101 273.3  37.01214464  0                                
0820120515 19.0  0.4 -1.0  0.0  0.0  0.0 18.400030182岩田康誠　　5400101 307.0  25.11214504+ 2                                
0820120516 19.0  0.2  0.0  0.0  0.0  0.0 19.200010460太宰啓介　　5600101 422.4  34.71214476- 6                                
0820120601 35.0  0.5  0.0  0.0  0.0  0.0 35.500010419幸英明　　　5600101  19.4   3.41236518- 2                                
0820120602 46.0  1.0  0.7  1.5  0.0  0.0 49.210010438和田竜二　　5600101  14.5   3.01236500  05 5                             
0820120603 32.0  0.6  0.0  0.0  0.0  0.0 32.600010598斎藤新　　　5402101  72.0   7.71236442  0                                
0820120604 49.7  2.7  2.9  3.0  3.3  0.0 61.600010435福永祐一　　5600101   4.1   1.11236468+18211                             
0820120605 37.0  0.4  0.0  0.0  0.0  0.0 37.402010583坂井瑠星　　5600101  91.7   9.31236450+10                                
0820120606 46.2  2.6  3.1  3.5  2.2  0.0 57.602010512川田将雅　　5400101   2.6   1.11236468+ 8133                             
0820120607 47.3  2.5  3.0  2.5  2.3  0.0 57.610010455池添謙一　　5400101   3.8   1.31236472  0322                             
0820120608 44.0  0.4  0.0  0.0  0.0  0.0 44.400010546松山弘平　　5600101  43.5   5.61236538+10  6                             
0820120609 47.0  1.9  2.8  2.0  2.1  0.0 55.800030182岩田康誠　　5600101   4.8   1.31236546- 6444                             
0820120701 43.2  0.2 -1.0  0.0  0.0  0.0 42.410010591西村淳也　　5401101  92.7  16.01309462+ 6                                
0820120702 51.0  1.7  2.3  2.5  2.1  0.0 59.600010435福永祐一　　5600101   5.2   1.71309496+14342                             
0820120703 48.1  0.4  0.0  0.0  0.0  0.0 48.500010594岩田望来　　5402101  15.2   5.21309452  0                                
0820120704 47.9  0.2  0.0  0.0  0.0  0.0 48.110010600団野大成　　5103101  42.4   7.41309448+ 2                                
0820120705 49.0  1.1  1.3  2.0  0.0  0.0 53.402030182岩田康誠　　5700101  10.4   1.71309468- 24 6                             
0820120706 55.0  2.3  3.3  3.5  3.3  0.0 67.400010546松山弘平　　5600101   3.4   1.51309474+10111                             
0820120707 52.0  0.9  1.6  1.5  2.3  0.0 58.300010583坂井瑠星　　5500101  11.1   3.01309444- 4524                             
0820120708 45.0  0.2 -1.0  0.0  0.0  0.0 44.200010419幸英明　　　5600101  27.6   5.31309466+10                                
0820120709 46.0  0.2 -1.0  0.0  0.0  0.0 45.200070329Ｓ．フォーリ5700101  33.1   6.31309478  0                                
0820120710 48.8  2.0  3.3  3.0  2.2  0.0 59.300010508藤岡佑介　　5600101   4.8   1.71309450+ 2233                             
0820120711 50.0  0.4  0.0  0.0  0.0  0.0 50.400010536藤岡康太　　5700101  30.3   4.81309484+ 4                                
0820120712 47.1  0.7  1.3  0.0  0.0  0.0 49.110010355武豊　　　　5700101  19.2   4.81309500+10                                
0820120713 43.0  0.3 -1.0  0.0  0.0  0.0 42.300010446秋山真一郎　5600101 118.7  13.31309500  0                                
0820120714 51.9  1.2  0.0  0.0  2.0  0.0 55.100010339横山典弘　　5600101  11.4   4.21309484+ 4 55                             
0820120715 48.0  0.3  0.0  0.0  0.0  0.0 48.300010457酒井学　　　5400101  31.8   8.91309456- 8                                
0820120801 30.0  0.4 -1.0  0.0  0.0  0.0 29.412010596亀田温心　　5303101  74.1  12.01341522+30                                
0820120802 48.0  1.3  2.2  1.5  1.9  0.0 54.902010553水口優也　　5700101   5.4   1.41341502+ 2564                             
0820120803 38.0  0.4  0.0  0.0  0.0  0.0 38.400010568岩崎翼　　　5600101  36.5   5.91341454+ 4                                
0820120804 50.0  1.1  1.3  0.0  2.0  0.0 54.400030182岩田康誠　　5700101  17.1   3.01341470+ 4 55                             
0820120805 52.9  2.9  3.0  3.5  2.3  0.0 64.600010355武豊　　　　5700101   2.7   1.21341476+ 6122                             
0820120806 51.0  1.6  2.5  2.5  2.2  0.0 59.800010578鮫島克駿　　5600101   7.4   2.11341438+ 8333                             
0820120807 45.0  0.9  0.0  2.0  2.1  0.0 50.000010600団野大成　　5103101   7.5   2.01341450+ 6446                             
0820120808 43.3  0.5 -1.0  0.0  0.0  0.0 42.810010438和田竜二　　5700101  27.5   4.51341450+ 6                                
0820120809 40.0  0.2 -1.0  0.0  0.0  0.0 39.200010546松山弘平　　5500101  37.8   7.51341430+10                                
0820120810 40.0  0.2  0.0  0.0  0.0  0.0 40.200010436古川吉洋　　5700101  31.3   5.91341522+ 6                                
0820120811 43.0  0.2 -1.0  0.0  0.0  0.0 42.200010586川又賢治　　5601101  57.8   8.11341502- 4                                
0820120812 53.0  2.3  3.6  3.0  3.3  0.0 65.200010583坂井瑠星　　5700101   4.4   1.41341488  0211                             
0820120901 56.1  0.4 -1.0  0.0  1.9  0.0 57.400010508藤岡佑介　　5600101  13.9   4.01410500  0 66                             
0820120902 50.0  0.3 -1.0  0.0  0.0  0.0 49.310010452中谷雄太　　5700101  87.8  14.21410472+ 4                                
0820120903 52.8  1.4  0.6  0.0  0.0  0.0 54.800010435福永祐一　　5700101  10.3   2.71410524+14                                
0820120904 49.0  0.4  0.0  0.0  0.0  0.0 49.411010455池添謙一　　5700101  34.3   7.11410478+12                                
0820120905 57.0  1.1  2.3  1.5  2.0  0.0 63.902010355武豊　　　　5700101   7.7   1.81410480- 2553                             
0820120906 56.2  1.9  2.9  3.0  2.1  0.0 66.100010580荻野極　　　5700101   5.3   1.61410476  0242                             
0820120907 51.0  0.4  0.0  0.0  0.0  0.0 51.410010536藤岡康太　　5400101  54.5   9.41410454+ 2                                
0820120908 54.0  1.3  2.9  2.0  2.2  0.0 62.402010460太宰啓介　　5700101   5.5   1.81410532+ 2435                             
0820120909 53.0  1.7  3.8  2.5  2.3  0.0 63.300010451松田大作　　5600101   7.2   1.91410520- 4324                             
0820120910 56.0  0.6  0.0  0.0  0.0  0.0 56.603010574松若風馬　　5500101  19.3   4.01410490  0                                
0820120911 58.0  2.7  2.5  3.5  3.3  0.0 70.000010512川田将雅　　5600101   3.1   1.31410500+ 4111                             
0820120912 50.0  0.4  0.0  0.0  0.0  0.0 50.410030546藤井勘一郎　5700101  48.0   7.31410486+ 8                                
0820121001 61.0  0.2  0.0  0.0  0.0  0.0 61.200030378柴山雄一　　5700102  54.0   8.51446480+ 8                                
0820121002 53.0  0.4  0.0  0.0  0.0  0.0 53.400030182岩田康誠　　5700102  15.5   3.01446532+ 4                                
0820121003 57.3  1.3  1.8  3.0  0.0  0.0 63.400010355武豊　　　　5700102   4.6   1.71446516+142 6                             
0820121004 57.0  0.2 -1.0  0.0  0.0  0.0 56.211010578鮫島克駿　　5500102  99.0  16.31446466- 4                                
0820121005 58.0  2.8  3.3  3.5  2.3  0.0 69.900010419幸英明　　　5700102   4.1   1.41446512+ 2121                             
0820121006 60.2  0.8  1.8  1.5  2.2  0.0 66.500070329Ｓ．フォーリ5400102   8.2   1.61446450+ 8534                             
0820121007 54.0  0.4  0.0  0.0  0.0  0.0 54.400010455池添謙一　　5600102  41.1   8.71446456+ 2                                
0820121008 45.0  0.4  0.0  0.0  0.0  0.0 45.400010591西村淳也　　5700102  85.7  14.61446490+10                                
0820121009 61.3  1.6  1.8  2.0  2.1  0.0 68.810010546松山弘平　　5400102   6.4   2.01446514+10443                             
0820121010 60.0  1.4  2.2  0.0  2.0  0.0 65.610010583坂井瑠星　　5600102   5.3   2.01446526+ 8 55                             
0820121011 59.0  2.2  2.8  2.5  3.3  0.0 69.800010435福永祐一　　5400102   4.9   1.81446452- 4312                             
0820121101 65.1  1.1  2.8  2.5  0.0  0.0 71.510070329Ｓ．フォーリ5500102   6.7   2.01522460+103 4                             
0820121102 64.0  0.4 -1.0  0.0  0.0  0.0 63.400010583坂井瑠星　　5500102  24.4   4.81522470+10                                
0820121103 65.7  0.7  0.4  0.0  3.3  0.0 70.100010390四位洋文　　5400102  14.8   3.61522532+10 15                             
0820121104 55.0  0.3  0.0  0.0  0.0  0.0 55.300010457酒井学　　　5100102  88.6  11.11522500  0                                
0820121105 63.0  0.9  0.3  1.5  0.0  0.0 65.700010510吉田隼人　　5100102  10.5   2.71522488+ 45                               
0820121106 62.0  0.4 -1.0  0.0  0.0  0.0 61.410030182岩田康誠　　5400102 165.9  24.91522492+ 8                                
0820121107 70.0  1.7  1.8  3.0  2.3  0.0 78.800010339横山典弘　　5100102   4.6   1.71522486+ 8222                             
0820121108 62.0  0.4  0.0  0.0  0.0  0.0 62.400010591西村淳也　　5200102  43.7   7.11522504+ 2                                
0820121109 65.2  0.5  0.0  0.0  1.9  0.0 67.600010355武豊　　　　5400102  15.8   3.31522506- 4 6                              
0820121110 57.0  0.3  0.0  0.0  0.0  0.0 57.300010455池添謙一　　5400102  48.7   8.51522554+26                                
0820121111 66.0  1.4  3.7  2.0  2.2  0.0 75.300030546藤井勘一郎　5400102   6.9   1.91522490+ 2433                             
0820121112 64.0  0.1 -1.0  0.0  0.0  0.0 63.100010545国分優作　　5200102  90.0  11.61522510+ 4                                
0820121113 65.0  0.4  1.2  0.0  0.0  0.0 66.600010574松若風馬　　5100102  40.2   5.81522428+ 6                                
0820121114 65.4  0.4  0.4  0.0  2.1  0.0 68.302010438和田竜二　　5100102  14.5   3.41522530+14 46                             
0820121115 74.8  3.2  3.6  3.5  2.0  0.0 87.103010512川田将雅　　5300102   3.2   1.51522478+ 8151                             
0820121201 58.1  1.9  2.7  3.0  2.1  0.0 67.800010546松山弘平　　5700102   3.7   1.51558526+ 8243                             
0820121202 52.0  0.2  0.0  0.0  0.0  0.0 52.200010436古川吉洋　　5700102  61.3   7.21558500-10                                
0820121203 54.0  0.3  0.7  2.0  0.0  0.0 57.000010510吉田隼人　　5700102  13.7   2.81558488+ 64                               
0820121204 58.0  0.4 -1.0  0.0  0.0  0.0  0.000110598斎藤新　　　5502102            1558                                      
0820121205 54.2  0.5  1.2  0.0  1.9  0.0 57.800030182岩田康誠　　5600102  16.2   2.91558500+ 6 65                             
0820121206 50.0  0.2 -1.0  0.0  0.0  0.0 49.200010600団野大成　　5403102  36.1   6.31558526+ 4                                
0820121207 49.0  0.2  0.0  0.0  0.0  0.0 49.202070329Ｓ．フォーリ5500102  53.1   6.21558496  0                                
0820121208 48.0  0.5 -1.0  0.0  0.0  0.0 47.500010435福永祐一　　5700102  25.1   4.31558524  0                                
0820121209 40.0  0.2 -1.0  0.0  0.0  0.0 39.200010591西村淳也　　5601102 144.0  18.71558494+ 2                                
0820121210 49.0  0.2  0.0  0.0  0.0  0.0 49.202010574松若風馬　　5700102  18.5   3.71558500+ 4                                
0820121211 58.2  2.1  3.0  2.5  2.3  0.0 68.100010594岩田望来　　5302102   5.9   1.81558506  0322                             
0820121212 51.0  0.2 -1.0  0.0  0.0  0.0 50.202010580荻野極　　　5400102 111.3  12.81558478  0                                
0820121213 55.0  0.5  0.2  0.0  2.0  0.0 57.700010438和田竜二　　5600102  27.8   4.21558484+ 2 56                             
0820121214 40.0  0.2 -1.0  0.0  0.0  0.0 39.200010544国分恭介　　5600102  62.1  10.31558510+ 4                                
0820121215 54.4  1.3  1.4  1.5  2.2  0.0 60.800010578鮫島克駿　　5700102  13.9   2.21558468  0534                             
0820121216 60.0  2.9  2.9  3.5  3.3  0.0 72.600010355武豊　　　　5600102   2.6   1.21558492+ 2111                             
