0325140101 36.0  2.6  2.6  3.0  2.0  0.0 46.200010604原優介　　　5500102   4.2   1.40936464- 8252370950                       
0325140102 11.0  0.4 -1.0  0.0  0.0  0.0 10.400010606角田大和　　5700102 134.4  16.10936462  0   220950                       
0325140103 10.0  0.2  0.0  0.0  0.0  0.0 10.200010610古川奈穂　　5203102 125.2  17.90936546- 8   270950                       
0325140104 30.0  1.0  1.3  1.5  2.1  0.0 35.900010581菊沢一樹　　5500102  11.5   2.40936462+ 2544320950                       
0325140105 12.9  0.2  0.0  0.0  0.0  0.0 13.100010626小林美駒　　5100102  30.5   6.50936454  0   330950                       
0325140106 10.0  0.2 -1.0  0.0  0.0  0.0  9.200010637上里直汰　　5403102 113.4  15.70936474      220950                       
0325140107 10.0  0.1  0.0  0.0  0.0  0.0 10.100010621水沼元輝　　5403102  71.8  12.20936502      230950                       
0325140108 12.0  0.2  0.0  0.0  0.0  0.0 12.200010611松本大輝　　5401102 117.6  13.60936436- 2   280950                       
0325140109 11.0  0.1 -1.0  0.0  0.0  0.0 10.110010623石田拓郎　　5203102  53.5   7.70936446+10   380950                       
0325140110 12.5  0.4  0.0  0.0  0.0  0.0 12.900010605小沢大仁　　5500102  45.8   6.00936460  0   320950                       
0325140111 15.7  0.7  0.1  0.0  0.0  0.0 16.500010601秋山稔樹　　5500102  45.5   6.90936474      320950                       
0325140112 10.0  0.1 -1.0  0.0  0.0  0.0  9.110010529黛弘人　　　5700102  99.0   9.60936456- 6 9 320950                       
0325140113 28.0  0.2  0.7  0.0  1.9  0.0 30.800010629石神深道　　5203102  24.2   3.40936444  0 66330950                       
0325140114 37.6  2.4  3.8  2.0  3.3  0.0 49.100010561中井裕二　　5700102   5.3   1.60936508+10411320950                       
0325140115 24.6  1.6  2.6  3.5  2.2  0.0 34.500010607永島まなみ　5300102   3.2   1.60936460- 8135230950                       
0325140116 33.0  1.9  2.2  2.5  2.3  0.0 41.900010491田辺裕信　　5500102   4.2   1.40936482  0323330950                       
0325140201 36.0  2.6  1.6  3.5  2.3  0.0 46.000010605小沢大仁　　5500102   4.9   1.31002494  0122231015                       
0325140202 20.2  0.6  0.9  0.0  0.0  0.0 21.700010596亀田温心　　5500102  26.0   4.71002482      221015                       
0325140203 26.0  1.2  1.1  2.5  0.0  0.0 30.800010491田辺裕信　　5500102   9.2   2.21002418- 23 5311015                       
0325140204 38.8  1.2  2.0  0.0  3.3  0.0 45.310010641舟山瑠泉　　5203102   8.1   2.81002450  0 13271015                       
0325140205 40.0  2.4  3.9  3.0  2.2  0.0 51.500010570石川裕紀人　5500102   3.7   1.51002460+ 2231321015                       
0325140206 10.0  0.2 -1.0  0.0  0.0  0.0  9.200010436古川吉洋　　5500102  33.8   7.21002478      321015                       
0325140207 18.6  0.9  1.8  2.0  1.9  0.0 25.200010547丸山元気　　5500102   7.6   1.81002448+ 846 321015                       
0325140208 24.0  1.1  1.1  0.0  2.0  0.0 28.210010542三浦皇成　　5500102  16.8   2.91002458+ 8 56331015                       
0325140209 29.6  1.4  5.0  1.5  2.1  0.0 39.600010510吉田隼人　　5500102   6.6   2.31002490- 6544331015                       
0325140210 11.1  0.2  0.2  0.0  0.0  0.0 11.500010638遠藤汰月　　5203102  12.4   5.41002446+ 4   331015                       
0325140211 10.0  0.1  0.0  0.0  0.0  0.0 10.100010529黛弘人　　　5500102 109.0  17.01002450      331015                       
0325140212 10.0  0.4  0.8  0.0  0.0  0.0 11.210010606角田大和　　5500102  71.5  11.81002504+14   221015                       
0325140213 11.8  0.2 -1.0  0.0  0.0  0.0 11.000010519鮫島良太　　5500102  40.9   8.41002460+ 4   321015                       
0325140214 10.0  0.1 -1.0  0.0  0.0  0.0  9.100010629石神深道　　5203102 142.8  16.11002406-10   331015                       
0325140215 10.0  0.1 -1.0  0.0  0.0  0.0  9.100010622鷲頭虎太　　5203102 134.8  18.01002440- 8   231015                       
0325140301 38.0  0.6  1.0  2.0  2.0  0.0 43.600010537丸田恭介　　5700102   9.2   2.41030534  0454231045                       
0325140302 32.7  1.6  2.8  3.5  2.3  0.0 42.900010547丸山元気　　5700102   4.0   1.41030502  0125221045                       
0325140303 31.0  0.2  0.0  0.0  1.9  0.0 33.100010581菊沢一樹　　5700102  72.4   8.91030464- 6 6 221045                       
0325140304 25.0  0.2 -1.0  0.0  0.0  0.0 24.200010612横山琉人　　5401102 101.8  15.11030406- 6   331045                       
0325140305 39.0  1.3  1.1  1.5  2.1  0.0 45.000010510吉田隼人　　5700102   6.6   2.81030460- 4543321045                       
0325140306 31.0  0.1 -1.0  0.0  0.0  0.0 30.100010626小林美駒　　5100102  91.2  12.41030414+ 4   321045                       
0325140307 39.1  2.6  2.1  2.5  3.3  0.0 49.610010606角田大和　　5500102   4.9   1.51030436- 2311331045                       
0325140308 30.0  0.5 -1.0  0.0  0.0  0.0 29.500010605小沢大仁　　5500102  26.5   4.31030450- 8   221045                       
0325140309 36.0  1.9  2.5  3.0  2.2  0.0 45.600010542三浦皇成　　5700102   4.0   1.31030454  0232221045                       
0325140310 40.0  1.0  1.7  0.0  0.0  0.0 42.700010629石神深道　　5203102  11.4   3.61030434- 4  6331045                       
0325140311 33.0  0.4  0.0  0.0  0.0  0.0 33.400010641舟山瑠泉　　5203102  89.2  15.51030426- 4   431045                       
0325140312 28.0  0.4  0.0  0.0  0.0  0.0 28.400010607永島まなみ　5300102  43.9   6.71030430- 4   321045                       
0325140313 32.8  0.5  0.4  0.0  0.0  0.0 33.700010598斎藤新　　　5500102  26.8   4.51030466  0   321045                       
0325140314 30.0  0.2 -1.0  0.0  0.0  0.0 29.200010611松本大輝　　5401102  74.1  16.01030446- 6   321045                       
0325140315 31.0  0.3 -1.0  0.0  0.0  0.0 30.300010436古川吉洋　　5700102  70.0  11.81030464+ 4   221045                       
0325140316 26.9  0.5  2.1  0.0  0.0  0.0 29.510010580荻野極　　　5500102  27.1   3.31030464+ 8   331045                       
0325140401 38.0  1.3  0.7  1.5  2.0  0.0 43.500010491田辺裕信　　5500102  13.0   2.61056420  0553321115                       
0325140402 22.0  0.1 -1.0  0.0  0.0  0.0 21.100010626小林美駒　　5100102  41.5   6.11056452  0   331115                       
0325140403 24.0  0.2  0.0  0.0  0.0  0.0 24.200010580荻野極　　　5500102  74.3  10.81056426  0   331115                       
0325140404 26.0  0.2 -1.0  0.0  0.0  0.0 25.200010581菊沢一樹　　5500102  57.3   7.71056446- 6   221115                       
0325140405 32.5  1.1  1.5  0.0  0.0  0.0 35.100010547丸山元気　　5500102  16.7   4.11056462      221115                       
0325140406 36.2  0.7  0.5  0.0  0.0  0.0 37.400010570石川裕紀人　5500102  23.1   4.81056408  0   331115                       
0325140407 40.0  2.8  3.9  3.5  3.3  0.0 53.500010542三浦皇成　　5500102   2.1   1.51056414- 2111321115                       
0325140408 17.0  0.1  0.0  0.0  0.0  0.0 17.110010629石神深道　　5203102  34.7   5.61056442  0   331115                       
0325140409 37.0  0.3 -1.0  0.0  0.0  0.0 36.310010537丸田恭介　　5500102  18.1   2.51056418  0   231115                       
0325140410 20.0  0.2 -1.0  0.0  0.0  0.0 19.200010612横山琉人　　5401102  44.7   6.81056426- 4 9 321115                       
0325140411 38.8  0.4  0.0  2.0  1.9  0.0 43.100010641舟山瑠泉　　5203102  12.2   2.61056470+ 2465321115                       
0325140412 23.0  0.8  3.0  0.0  0.0  0.0 26.810010510吉田隼人　　5500102  36.1   5.41056440- 8   331115                       
0325140413 28.0  0.1  0.0  0.0  0.0  0.0 28.100010589武藤雅　　　5500102 109.2  15.71056408- 2   371115                       
0325140414 36.0  0.4  1.7  3.0  2.1  0.0 43.200010601秋山稔樹　　5500102   9.4   4.31056476  0244331115                       
0325140415 33.0  1.6  1.2  0.0  2.2  0.0 38.000010605小沢大仁　　5500102   9.3   2.11056458- 6 36321115                       
0325140416 36.1  1.9  2.4  2.5  2.3  0.0 45.200010598斎藤新　　　5500102   8.3   2.41056436  0322371115                       
0325140501 18.0  0.2  0.0  0.0  0.0  0.0 18.210010613今村聖奈　　5203102  46.6   8.71150412- 4   321205                       
0325140502 24.0  0.0  0.0  0.0  2.0  0.0 26.010010623石田拓郎　　5403102 145.7  28.71150498+ 4 5 321205                       
0325140503 21.5  0.2  0.2  0.0  0.0  0.0 21.910010615川端海翼　　5403102  38.5   4.91150516+ 6   321205                       
0325140504 32.0  0.4 -1.0  2.0  0.0  0.0 33.400010606角田大和　　5700102  13.9   4.11150492+ 449 231205                       
0325140505 21.2  0.2  0.0  0.0  0.0  0.0 21.400010580荻野極　　　5700102  35.0   6.01150492  0   221205                       
0325140506 33.0  0.4  0.0  0.0  0.0  0.0 33.400010605小沢大仁　　5700102  64.3   8.21150440  0   371205                       
0325140507 31.1  0.4  0.2  0.0  0.0  0.0 31.700010570石川裕紀人　5500102  14.4   3.01150444  0   331205                       
0325140508 31.0  0.1 -1.0  0.0  0.0  0.0 30.100010641舟山瑠泉　　5403102  79.1  12.41150456- 2   321205                       
0325140509 30.0  0.9  0.3  2.5  1.9  0.0 35.610010581菊沢一樹　　5700102   7.8   2.01150498+ 6366271205                       
0325140510 33.1  0.4  1.6  0.0  0.0  0.0 35.100010612横山琉人　　5401102  47.4   9.11150444      221205                       
0325140511 36.0  2.6  3.0  3.0  2.3  0.0 46.900010626小林美駒　　5300102   2.7   1.41150424+ 2222371205                       
0325140512 22.0  0.1 -1.0  0.0  0.0  0.0 21.110010604原優介　　　5500102  80.5  14.41150396  0   331205                       
0325140513 37.0  1.2  0.3  0.0  2.2  0.0 40.700010629石神深道　　5403102  11.7   2.11150414- 2 33321205                       
0325140514 35.9  2.5  2.5  3.5  3.3  0.0 47.710010542三浦皇成　　5700102   4.1   1.61150504- 4111321205                       
0325140515 33.3  1.1  1.3  1.5  0.0  0.0 37.200010563原田和真　　5500102  12.9   2.71150446- 65 5331205                       
0325140516 34.0  1.3  2.9  0.0  2.1  0.0 40.300010529黛弘人　　　5700102  15.3   3.31150426- 4 44321205                       
0325140601 31.0  1.2  2.2  0.0  1.9  0.0 36.300010638遠藤汰月　　5403102   8.1   2.31222484- 4 64321235                       
0325140602 20.0  0.2 -1.0  0.0  0.0  0.0 19.200010581菊沢一樹　　5500102  60.8   8.81222462- 4   221235                       
0325140603 27.3  1.2  2.9  1.5  2.0  0.0 34.900010641舟山瑠泉　　5203102   9.0   2.81222404+ 4555331235                       
0325140604 28.3  1.6  2.1  2.5  2.2  0.0 36.700010637上里直汰　　5403102   4.9   2.41222502- 6333221235                       
0325140605 10.0  0.1  0.0  0.0  0.0  0.0 10.110010563原田和真　　5700102 132.0  16.61222458- 2   221235                       
0325140606 22.0  0.2 -1.0  0.0  0.0  0.0 21.200010605小沢大仁　　5500102  57.8   9.01222430+ 2   321235                       
0325140607 28.0  0.4  0.0  0.0  0.0  0.0 28.400010598斎藤新　　　5700102  25.7   5.11222486+10   221235                       
0325140608 28.1  1.6  2.0  3.0  3.3  0.0 38.000010580荻野極　　　5500102   5.1   1.51222468- 2212331235                       
0325140609 19.0  0.4  0.0  0.0  0.0  0.0 19.400010604原優介　　　5700102  17.5   4.41222462+ 4   321235                       
0325140610 19.0  0.4  0.0  0.0  0.0  0.0 19.410010544国分恭介　　5500102  32.8   5.61222438+ 4   321235                       
0325140611 21.4  1.8  2.3  3.5  2.1  0.0 31.100010436古川吉洋　　5700102   6.3   2.31222500+ 6146331235                       
0325140612 12.0  0.6  0.1  0.0  0.0  0.0 12.700010596亀田温心　　5700102  18.2   3.91222484  0   221235                       
0325140613 27.9  0.2  0.0  0.0  0.0  0.0 28.110010607永島まなみ　5500102  53.1   8.01222456- 4   371235                       
0325140614 27.0  0.4  0.0  0.0  0.0  0.0 27.410010606角田大和　　5700102  12.8   3.91222510- 2   231235                       
0325140615 37.0  2.1  4.1  2.0  2.3  0.0 47.500010610古川奈穂　　5403102   6.8   2.11222476+ 8421321235                       
0325140701 44.1  0.5  2.8  1.5  2.0  0.0 50.900010581菊沢一樹　　5800102  11.5   2.31252460- 4553331305                       
0325140702 41.0  0.1 -1.0  0.0  0.0  0.0 40.100010561中井裕二　　5800102  73.6  13.11252516  0   321305                       
0325140703 47.1  2.6  4.4  3.5  3.3  0.0 60.900010491田辺裕信　　5600102   2.6   1.51252422- 4111321305                       
0325140704 38.3  0.6  0.0  3.0  1.9  0.0 43.800010436古川吉洋　　5800102  11.2   2.51252472+ 426 321305                       
0325140705 45.0  1.6  0.9  2.5  2.3  0.0 52.300010547丸山元気　　5800102   7.4   1.91252466+ 4322221305                       
0325140706 30.0  0.1 -1.0  0.0  0.0  0.0 29.100010544国分恭介　　5800102 102.4  10.91252486- 2   331305                       
0325140707 42.0  0.1 -1.0  0.0  0.0  0.0 41.100010519鮫島良太　　5800102  32.9   5.71252478- 6   221305                       
0325140708 41.1  0.4  0.1  0.0  2.2  0.0 43.800010542三浦皇成　　5800102   9.9   3.51252478- 6 3 371305                       
0325140709 44.0  0.4  0.0  0.0  0.0  0.0 44.400010596亀田温心　　5800102  36.8   4.31252514+14   221305                       
0325140710 42.0  0.4  2.2  2.0  2.1  0.0 48.700010570石川裕紀人　5800102   8.7   3.51252468- 4446221305                       
0325140711 39.0  0.2 -1.0  0.0  0.0  0.0 38.200010580荻野極　　　5800102  34.3   6.71252512+ 2   221305                       
0325140712 43.0  0.2 -1.0  0.0  0.0  0.0 42.200010629石神深道　　5303102  57.0   6.81252462- 6   321305                       
0325140713 40.7  1.0  2.2  0.0  0.0  0.0 43.900010605小沢大仁　　5800102  12.7   3.51252456  0   321305                       
0325140714 31.0  0.2  0.0  0.0  0.0  0.0 31.200010626小林美駒　　5400102  59.2  11.61252506+ 6   221305                       
0325140715 47.0  1.2  2.0  0.0  0.0  0.0 50.200010607永島まなみ　5400102  14.1   3.31252478- 4  5321305                       
0325140716 46.0  1.9  2.9  0.0  0.0  0.0 50.800010641舟山瑠泉　　5503102  17.9   3.71252406- 2  4331305                       
0325140801 40.0  0.6  0.0  0.0  0.0  0.0 40.600010623石田拓郎　　5303102  27.9   5.31318508- 4   321335                       
0325140802 45.5  2.1  1.2  3.0  3.3  0.0 55.100010581菊沢一樹　　5800102   4.9   1.91318470+ 2211231335                       
0325140803 24.0  0.1 -1.0  0.0  0.0  0.0 23.100010528的場勇人　　5800102  97.9  15.71318450- 4   221335                       
0325140804 44.0  1.1  0.4  0.0  1.9  0.0 47.400010629石神深道　　5503102   8.7   2.31318472- 4 66331335                       
0325140805 34.0  0.1 -1.0  0.0  2.0  0.0 35.100010580荻野極　　　5800102  72.1  12.31318458-10 5 321335                       
0325140806 41.0  0.1 -1.0  0.0  0.0  0.0 40.100010615川端海翼　　5503102  38.5   5.31318492-14   221335                       
0325140807 43.0  0.7  2.1  1.5  0.0  0.0 47.300010601秋山稔樹　　5800102  12.9   3.01318502  05  321335                       
0325140808 42.0  0.4  0.0  0.0  0.0  0.0 42.400010624河原田菜々　5400102  23.3   4.01318510- 8   321335                       
0325140809 44.3  0.7  1.1  0.0  2.2  0.0 48.300010611松本大輝　　5701102  22.4   3.61318462+ 2 34231335                       
0325140810 26.0  0.2  0.0  2.5  0.0  0.0 28.700010621水沼元輝　　5503102   7.9   3.01318554- 239 221335                       
0325140811 36.1  0.6  0.3  0.0  0.0  0.0 37.000010641舟山瑠泉　　5503102  27.6   4.21318500+ 6   221335                       
0325140812 44.2  1.4  2.4  0.0  0.0  0.0 48.000010638遠藤汰月　　5503102  10.9   3.31318500+10  5321335                       
0325140813 43.1  2.8  3.2  2.0  2.3  0.0 53.400010542三浦皇成　　5800102   5.5   2.41318488- 8422221335                       
0325140814 20.0  0.1 -1.0  0.0  0.0  0.0 19.100010604原優介　　　5800102  59.1  15.41318490+15   221335                       
0325140815 43.2  1.4  0.0  3.5  2.1  0.0 50.200010547丸山元気　　5800102   4.2   1.11318460  0143221335                       
0325140901 43.5  1.6  3.1  3.5  2.2  0.0 53.900010542三浦皇成　　5800102   3.5   1.51347496- 6131271405                       
0325140902 43.1  0.7  1.7  3.0  2.0  0.0 50.500010479石神深一　　5800102   6.8   2.41347504- 2254221405                       
0325140903 33.0  0.1 -1.0  0.0  0.0  0.0 32.100010612横山琉人　　5600102  66.1  11.71347478  0   221405                       
0325140904 43.0  2.1  2.0  2.0  2.3  0.0 51.400010605小沢大仁　　5800102   5.3   1.71347504- 2423221405                       
0325140905 32.0  0.2 -1.0  0.0  0.0  0.0 31.200010601秋山稔樹　　5600102  89.3   9.71347458- 2   321405                       
0325140906 38.0  0.4  0.0  0.0  0.0  0.0 38.400010581菊沢一樹　　5800102  18.3   3.41347490- 2   321405                       
0325140907 44.1  1.0  0.0  0.0  1.9  0.0 47.000010598斎藤新　　　5800102   9.8   3.01347452  0 66331405                       
0325140908 38.0  0.5  1.3  0.0  0.0  0.0 39.800010436古川吉洋　　5600102  13.4   3.31347472- 2   231405                       
0325140909 41.0  1.2  1.6  0.0  0.0  0.0 43.800010606角田大和　　5600102  12.5   2.91347478- 4   321405                       
0325140910 40.0  0.1  0.0  0.0  0.0  0.0 40.100010573木幡初也　　5600102  82.2  11.21347478- 2   221405                       
0325140911 32.0  0.2  0.0  0.0  0.0  0.0 32.200010607永島まなみ　5600102  85.8  11.01347432  0   321405                       
0325140912 43.2  2.3  2.4  2.5  3.3  0.0 53.700010547丸山元気　　5600102   6.6   1.81347476+ 2312321405                       
0325140913 44.0  0.4  1.4  1.5  2.1  0.0 49.400010570石川裕紀人　5600102   9.8   3.01347478- 2545321405                       
0325140914 21.0  0.1  0.0  0.0  0.0  0.0 21.100010544国分恭介　　5600102  82.9   9.21347490+12   221405                       
0325140915 37.0  0.1 -1.0  0.0  0.0  0.0 36.100010580荻野極　　　5800102 106.5  14.41347476+10   221405                       
0325141001 49.4  2.1  2.7  3.0  3.3  0.0 60.500010547丸山元気　　5800102   5.6   1.81416460+ 6212221440                       
0325141002 46.0  0.1 -1.0  0.0  0.0  0.0 45.100010563原田和真　　5600102  64.8   9.61416476- 4   321440                       
0325141003 54.0  1.9  3.3  3.5  2.3  0.0 65.000010581菊沢一樹　　5800102   5.7   2.31416504+ 2121221440                       
0325141004 49.1  0.4  0.7  0.0  0.0  0.0 50.200010612横山琉人　　5600102  35.3   6.01416470- 2   331440                       
0325141005 52.0  0.5  0.0  0.0  0.0  0.0 52.500010611松本大輝　　5800102  17.6   4.51416480-14   321440                       
0325141006 44.0  0.1 -1.0  0.0  0.0  0.0 43.100010589武藤雅　　　5800102  70.8  12.91416528- 2   221440                       
0325141007 49.0  2.3  3.0  2.5  2.2  0.0 59.000010491田辺裕信　　5800102   5.1   1.81416448+ 4333221440                       
0325141008 49.0  0.5  1.6  1.5  0.0  0.0 52.600010596亀田温心　　5800102  11.1   3.61416492- 25 6221440                       
0325141009 43.0  0.1 -1.0  0.0  0.0  0.0 42.100010554嶋田純次　　5800102  88.7  15.41416492-10   221440                       
0325141010 53.0  0.9  1.4  0.0  2.0  0.0 57.300010580荻野極　　　5800102  12.5   3.41416482- 4 54221440                       
0325141011 50.2  1.9  2.0  0.0  2.1  0.0 56.200010598斎藤新　　　5800102   7.1   2.51416506- 4 45221440                       
0325141012 46.0  0.1 -1.0  0.0  0.0  0.0 45.100010604原優介　　　5800102  30.9   4.81416482- 2   221440                       
0325141013 49.0  0.4  0.0  2.0  0.0  0.0 51.400010529黛弘人　　　5600102  11.4   2.61416440+ 249 331440                       
0325141014 47.6  0.3  0.3  0.0  1.9  0.0 50.100010436古川吉洋　　5800102  10.7   3.21416492+16 6 221440                       
0325141015 49.0  0.4 -1.0  0.0  0.0  0.0 48.400010542三浦皇成　　5600102  16.7   4.11416448- 6   321440                       
0325141101 63.1  2.6  3.2  3.5  3.3  0.0 75.700010491田辺裕信　　5500102   3.9   1.61458452+ 2111371520                       
0325141102 61.1  0.8  4.5  2.5  2.1  0.0 71.000010570石川裕紀人　5500102   7.5   2.31458442- 4343321520                       
0325141103 62.0  0.4  0.0  0.0  2.0  0.0 64.400010580荻野極　　　5500102  10.4   2.81458454-10 5 331520                       
0325141104 62.1  0.5  3.3  0.0  2.3  0.0 68.200010612横山琉人　　5500102  16.2   3.31458456- 6 25221520                       
0325141105 61.5  1.6  1.3  2.0  1.9  0.0 68.300010547丸山元気　　5600102   9.2   2.91458454- 2464331520                       
0325141106 50.0  0.4  0.0  0.0  0.0  0.0 50.400010542三浦皇成　　5600102  21.0   4.11458472+ 2   221520                       
0325141107 56.0  0.2  0.0  0.0  0.0  0.0 56.200010537丸田恭介　　5500102  53.7   8.91458460  0   331520                       
0325141108 51.0  0.2  0.0  0.0  0.0  0.0 51.200010610古川奈穂　　5500102 129.4  15.01458460- 8 9 321520                       
0325141109 63.0  0.8  1.1  1.5  0.0  0.0 66.400010510吉田隼人　　5500102   9.6   3.31458454  05 6371520                       
0325141110 50.0  0.1 -1.0  0.0  0.0  0.0 49.100030480御神本訓史　5500102 153.8  18.11458490-10   331520                       
0325141111 59.0  1.2  0.5  0.0  0.0  0.0 60.700010573木幡初也　　5600102  10.7   2.91458464- 4   321520                       
0325141112 65.0  2.1  2.2  3.0  2.2  0.0 74.500010604原優介　　　5500102   4.8   1.81458482+ 4232331520                       
0325141113 57.0  0.2  3.6  0.0  0.0  0.0 60.800010589武藤雅　　　5500102  37.8   5.01458474- 4   321520                       
0325141114 55.0  0.2 -1.0  0.0  0.0  0.0 54.200010605小沢大仁　　5500102  20.2   5.21458512  0   221520                       
0325141115 57.9  0.5  0.0  0.0  0.0  0.0 58.400010581菊沢一樹　　5500102  33.1   5.11458464+ 8   221520                       
0325141116 56.0  0.2 -1.0  0.0  0.0  0.0 55.200010607永島まなみ　5500102  91.7  16.51458466  0   221520                       
0325141201 33.0  0.2  0.0  0.0  0.0  0.0 33.210010436古川吉洋　　5600102  30.1   5.01546442- 8   321601                       
0325141202 45.0  2.6  2.4  3.5  3.3  0.0 56.800010596亀田温心　　5800102   3.2   1.41546496- 6111321601                       
0325141203 34.0  0.6  0.0  0.0  0.0  0.0 34.600010613今村聖奈　　5503102  14.4   3.01546430  0   321601                       
0325141204 36.0  0.0  0.0  0.0  0.0  0.0 36.000010629石神深道　　5503102  59.9   7.81546492- 2   321601                       
0325141205 43.2  0.8  1.5  1.5  2.0  0.0 49.010010580荻野極　　　5800102  13.8   3.61546494- 2554321601                       
0325141206 44.0  0.6  0.0  0.0  1.9  0.0 46.510010621水沼元輝　　5503102  15.9   3.71546470- 6 65331601                       
0325141207 35.2  0.4  0.0  0.0  0.0  0.0 35.600010605小沢大仁　　5800102  13.7   3.81546488- 8   221601                       
0325141208 33.0  0.1 -1.0  0.0  0.0  0.0 32.100010529黛弘人　　　5800102  37.7   5.11546456-12   321601                       
0325141209 34.1  0.4  0.0  0.0  0.0  0.0 34.511010606角田大和　　5600102  39.5   6.51546492+ 2   321601                       
0325141210 42.0  1.1  1.6  2.5  2.1  0.0 49.300010581菊沢一樹　　5600102  11.0   2.71546460- 2343331601                       
0325141211 36.0  0.2  0.0  2.0  0.0  0.0 38.200010544国分恭介　　5800102  23.0   3.41546460- 64  221601                       
0325141212 38.5  0.2  0.0  0.0  0.0  0.0 38.700010641舟山瑠泉　　5303102  44.7   6.71546442+ 4   321601                       
0325141213 41.3  1.4  1.5  0.0  0.0  0.0 44.200010615川端海翼　　5303102  14.2   3.41546434- 2   321601                       
0325141214 45.1  2.4  3.1  3.0  2.2  0.0 55.810010607永島まなみ　5600102   3.8   1.81546472  0232221601                       
0325141215 41.0  1.1  1.5  0.0  2.3  0.0 45.900010598斎藤新　　　5800102  12.2   3.11546482- 8 26271601                       
0625380101 35.0  2.1  3.4  3.0  3.6  0.0 47.110010594岩田望来　　5500102   6.1   1.60944458- 2212321005                       
0625380102 10.0  0.2 -1.0  0.0  0.0  0.0  9.210010375江田照男　　5500102 110.3  15.00944442-12   321005                       
0625380103 20.0  0.2  0.0  0.0  0.0  0.0 20.200010497石橋脩　　　5500102 122.3  10.30944482  0   221005                       
0625380104 23.0  0.7  0.8  0.0  0.0  0.0 24.500010599菅原明良　　5500102  43.7   4.00944438- 2   371005                       
0625380105 30.0  1.9  3.5  2.5  2.3  0.0 40.200010590横山武史　　5500102   6.5   1.50944488  0333331005                       
0625380106 34.0  0.7  1.9  1.5  0.0  0.0 38.100010582木幡巧也　　5500102  24.0   2.40944436- 85 4371005                       
0625380107 23.0  0.2 -1.0  0.0  0.0  0.0 22.210010627佐藤翔馬　　5203102 159.3  15.00944516- 6   231005                       
0625380108 26.0  0.4  0.0  0.0  0.0  0.0 26.400010515丹内祐次　　5500102  38.1   4.20944440  0   371005                       
0625380109 14.0  0.1 -1.0  0.0  2.1  0.0 15.210010587木幡育也　　5500102 135.7  13.00944478+ 2 5 331005                       
0625380110 29.0  0.9  1.9  2.0  0.0  0.0 33.800010516大野拓弥　　5500102  14.1   1.60944480- 44 5371005                       
0625380111 10.0  0.1 -1.0  0.0  0.0  0.0  9.110010577野中悠太郎　5500102  78.8   9.00944506+ 4   271005                       
0625380112 45.0  3.1  4.0  3.5  3.0  0.0 58.602010560横山和生　　5500102   1.4   1.10944436+ 8121331005                       
0625380113 25.0  1.0  2.1  0.0  2.2  0.0 30.300010462北村宏司　　5500102  27.9   2.90944446- 2 46321005                       
0625380114 15.0  0.2 -1.0  0.0  0.0  0.0 14.200010500松岡正海　　5500102 117.9   9.90944444  0   371005                       
0625380201 30.0  1.4  1.9  2.5  2.3  0.0 38.110010590横山武史　　5500102   6.2   1.81022422- 6343371035                       
0625380202 27.0  0.8  0.9  2.0  0.0  0.0 30.700010583坂井瑠星　　5500102  19.9   2.81022454  04 4371035                       
0625380203 13.4  1.2  1.8  1.5  2.4  0.0 20.310010599菅原明良　　5500102  12.9   2.51022446- 853 331035                       
0625380204 10.0  0.1 -1.0  0.0  0.0  0.0  9.110010603小林脩斗　　5500102 281.8  37.11022438- 8   371035                       
0625380205 39.0  2.6  3.5  3.0  3.0  0.0 51.100010515丹内祐次　　5500102   3.1   1.11022440- 2221371035                       
0625380206 24.0  0.1 -1.0  0.0  0.0  0.0 23.100010587木幡育也　　5500102 150.3  12.41022428- 2   371035                       
0625380207 38.0  2.6  3.1  3.5  3.5  0.0 50.700030468戸崎圭太　　5500102   2.4   1.11022464- 2112331035                       
0625380208 25.0  0.1 -1.0  0.0  0.0  0.0 24.112010555杉原誠人　　5500102 158.1  11.11022488+ 2  5271035                       
0625380209 10.0  0.2 -1.0  0.0  0.0  0.0  9.202010582木幡巧也　　5700102  90.0   8.01022446+ 2   231035                       
0625380210 14.0  0.0 -1.0  0.0  0.0  0.0 13.000010577野中悠太郎　5700102 166.8  14.01022482+ 4   371035                       
0625380211 18.9  1.0  1.2  0.0  0.0  0.0 21.110070234Ｃ．ルメール5700102  20.4   2.81022480+ 6   221035                       
0625380212 10.0  0.1 -1.0  0.0  0.0  0.0  9.100010597小林凌大　　5700102  93.9  10.41022468      231035                       
0625380213 24.1  0.0 -1.0  0.0  0.0  0.0 23.102010627佐藤翔馬　　5403102 156.4  14.01022480  0  6221035                       
0625380214 20.0  0.8  1.7  0.0  0.0  0.0 22.510010546松山弘平　　5700102  10.9   2.11022476- 2   331035                       
0625380215 22.0  0.2 -1.0  0.0  0.0  0.0 21.210010560横山和生　　5500102  64.5   5.71022480- 2   231035                       
0625380216 16.0  0.2  0.0  0.0  2.0  0.0 18.210010497石橋脩　　　5700102  47.0   5.01022478+ 6 5 231035                       
0625380301 16.0  0.2  0.0  0.0  0.0  0.0 16.202010429柴田大知　　5500102 163.6   8.01050446- 2   321105                       
0625380302 23.0  0.8  1.4  0.0  0.0  0.0 25.202010594岩田望来　　5700102  37.0   3.01050524- 2   221105                       
0625380303 34.0  0.4  0.2  0.0  2.1  0.0 36.702010555杉原誠人　　5700102  37.3   3.01050488+ 8 43221105                       
0625380304 10.0  0.1 -1.0  0.0  0.0  0.0  9.100010412岩部純二　　5500102 257.2  13.31050428- 2   231105                       
0625380305 26.0  1.6  2.0  2.5  0.0  0.0 32.100010583坂井瑠星　　5700102   6.1   1.41050464- 43 4331105                       
0625380306 25.1  0.7  0.6  2.0  2.3  0.0 30.710010539伊藤工真　　5700102  11.7   2.11050482- 2435331105                       
0625380307 25.0  1.2  1.7  1.5  0.0  0.0 29.402010522北村友一　　5700102  20.5   2.71050526   5 6121105                       
0625380308 22.1  0.4  0.0  0.0  0.0  0.0 22.500010516大野拓弥　　5700102  57.5   4.21050532      221105                       
0625380309 40.0  2.9  4.2  3.0  3.5  0.0 53.612010508藤岡佑介　　5700102   4.8   1.11050508- 4212231105                       
0625380310 41.0  3.1  4.0  3.5  3.0  0.0 54.600010515丹内祐次　　5700102   1.5   1.11050500- 2121231105                       
0625380311 16.0  0.2  0.0  0.0  0.0  0.0 16.200010617佐々木大輔　5700102 166.0   8.21050446  0   271105                       
0625380312 13.0  0.4  0.0  0.0  0.0  0.0 13.400030113内田博幸　　5700102 143.0   8.11050482- 4   221105                       
0625380401 26.0  0.0 -1.0  0.0  0.0  0.0 25.000010617佐々木大輔　5500102 104.7  11.51122456- 4   221135                       
0625380402 39.0  0.5  0.6  0.0  0.0  0.0 40.100010599菅原明良　　5500102  26.3   3.61122450+ 8   271135                       
0625380403 33.1  0.3  1.7  1.5  0.0  0.0 36.600010375江田照男　　5700102  15.9   4.01122438   5  231135                       
0625380404 24.0  0.2 -1.0  0.0  0.0  0.0 23.200030113内田博幸　　5500102  75.6   8.21122418-12   321135                       
0625380405 41.0  2.6  3.2  3.5  2.2  0.0 52.500030468戸崎圭太　　5700102   3.3   1.21122450  0142331135                       
0625380406 33.0  0.3  0.0  0.0  0.0  0.0 33.300010507津村明秀　　5500102  65.1   7.11122442+ 2   331135                       
0625380407 21.0  0.0 -1.0  0.0  0.0  0.0 20.010010627佐藤翔馬　　5403102 102.6  12.01122488- 8   231135                       
0625380408 38.0  1.0  1.8  2.0  3.0  0.0 45.800010560横山和生　　5700102   9.1   2.11122482+ 2424331135                       
0625380409 47.1  3.0  4.1  2.5  3.6  0.0 60.310010590横山武史　　5700102   3.2   1.31122448+ 2311221135                       
0625380410 35.3  0.9  2.0  3.0  2.1  0.0 43.300010355武豊　　　　5700102   4.2   1.81122470   255221135                       
0625380411 40.0  0.9  1.4  0.0  0.0  0.0 42.300010515丹内祐次　　5700102  15.3   2.21122470- 4  6331135                       
0625380412 24.0  0.2 -1.0  0.0  0.0  0.0 23.200010500松岡正海　　5500102 244.6  22.81122464- 6   231135                       
0625380413 29.0  0.2 -1.0  0.0  0.0  0.0 28.200010546松山弘平　　5500102  74.7   9.91122432- 6   331135                       
0625380414 26.0  0.2 -1.0  0.0  0.0  0.0 25.210010416吉田豊　　　5700102 118.8  10.21122462- 8   371135                       
0625380415 30.0  0.1  0.0  0.0  0.0  0.0 30.102010582木幡巧也　　5700102 274.4  31.11122404- 8   331135                       
0625380416 42.0  1.2  1.4  0.0  2.3  0.0 46.900010497石橋脩　　　5700102  18.0   2.81122444  0 33331135                       
0625380501 33.4  0.6  1.1  2.5  0.0  0.0 37.600010355武豊　　　　5700102   7.3   1.61209422- 23 5321225                       
0625380502 26.0  0.2  0.0  0.0  0.0  0.0 26.200010617佐々木大輔　5700102  56.5   5.21209476+ 2   321225                       
0625380503 40.0  0.8  1.8  0.0  0.0  0.0 42.600010583坂井瑠星　　5700102  16.9   2.41209428- 2  4331225                       
0625380504 15.0  0.2 -1.0  0.0  0.0  0.0 14.200010603小林脩斗　　5500102 202.8  24.21209398  0   371225                       
0625380505 14.0  0.4  0.0  0.0  0.0  0.0 14.402010560横山和生　　5500102  71.1   7.71209454  0   321225                       
0625380506 45.0  2.1  2.8  3.0  3.5  0.0 56.402010594岩田望来　　5700102   4.5   1.31209460  0211321225                       
0625380507 31.9  0.3  0.0  0.0  0.0  0.0 32.202010500松岡正海　　5700102  59.4   4.81209516- 8   271225                       
0625380508 39.0  3.4  4.5  2.0  2.4  0.0 51.300070234Ｃ．ルメール5700102   3.0   1.21209530- 6433221225                       
0625380509 41.0  2.6  3.8  3.5  3.0  0.0 53.900070314Ｊ．モレイラ5700102   2.5   1.11209482  0122231225                       
0625380510 25.0  0.2 -1.0  0.0  0.0  0.0 24.200030113内田博幸　　5500102 135.8   9.21209434+ 2   321225                       
0625380511 30.0  0.5  0.0  1.5  2.3  0.0 34.300010546松山弘平　　5700102  22.0   3.11209490+ 2546231225                       
0625380601 30.0  0.1 -1.0  0.0  0.0  0.0 29.102030113内田博幸　　5700102 226.3  25.71240468  0   221255                       
0625380602 50.0  0.4  0.0  0.0  0.0  0.0 50.400010583坂井瑠星　　5700102  18.1   3.51240526- 2  5231255                       
0625380603 45.3  0.4  0.0  0.0  0.0  0.0 45.700010507津村明秀　　5700102  45.5   6.41240510  0   331255                       
0625380604 50.1  1.2  1.3  1.5  2.4  0.0 56.500010512川田将雅　　5700102  10.6   2.91240504+ 2534221255                       
0625380605 45.0  0.2 -1.0  0.0  0.0  0.0 44.200010599菅原明良　　5700102 131.2  14.11240494  0   231255                       
0625380606 42.0  0.2  0.0  0.0  2.1  0.0 44.302010591西村淳也　　5700102  59.8   8.81240484-14 5 231255                       
0625380607 58.0  3.1  4.1  3.0  3.0  0.0 71.210070234Ｃ．ルメール5700102   3.9   1.31240516- 2221271255                       
0625380608 33.0  0.1 -1.0  0.0  0.0  0.0 32.112010582木幡巧也　　5700102 163.6  18.01240466- 8   371255                       
0625380609 53.0  1.4  2.5  2.0  2.2  0.0 61.100010560横山和生　　5700102   6.2   1.41240472- 4442231255                       
0625380610 42.0  2.1  2.5  2.5  0.0  0.0 49.100070314Ｊ．モレイラ5700102   6.6   1.91240476+ 23 6231255                       
0625380611 45.0  1.4  3.3  3.5  3.6  0.0 56.810030468戸崎圭太　　5700102   2.5   1.31240496- 6113321255                       
0625380612 44.0  0.4  0.0  0.0  0.0  0.0 44.400010594岩田望来　　5700102  79.5   8.21240500+ 2   331255                       
0625380613 47.0  0.4  0.0  0.0  0.0  0.0 47.400010587木幡育也　　5700102  35.7   4.31240478+ 6   331255                       
0625380614 48.0  0.4  0.0  0.0  0.0  0.0 48.400010515丹内祐次　　5700102  42.9   4.51240512+ 2   221255                       
0625380615 40.0  0.5  0.0  0.0  0.0  0.0 40.500010508藤岡佑介　　5700102  42.5   7.81240514- 4   231255                       
0625380701 41.0  0.2 -1.0  0.0  0.0  0.0 40.200010597小林凌大　　5800102  49.2   8.01314512+ 2   221330                       
0625380702 42.1  0.2  0.0  0.0  0.0  0.0 42.300010627佐藤翔馬　　5503102  52.3   7.81314490+ 4   321330                       
0625380703 37.0  0.1 -1.0  0.0  0.0  0.0 36.102010555杉原誠人　　5600102  74.2   7.91314462+ 6   321330                       
0625380704 38.0  0.3  0.0  0.0  0.0  0.0 38.300010515丹内祐次　　5800102  28.0   6.31314504  0   371330                       
0625380705 41.0  0.4  0.0  0.0  0.0  0.0 41.400030113内田博幸　　5800102  53.8   7.01314498+ 4   221330                       
0625380706 45.2  0.6  0.0  2.5  0.0  0.0 48.310010522北村友一　　5600102  23.5   4.51314470+ 23 6321330                       
0625380707 42.0  0.8  1.5  2.0  0.0  0.0 46.300010507津村明秀　　5600102   8.3   2.51314458+ 44  331330                       
0625380708 40.0  0.7  0.8  0.0  0.0  0.0 41.500010599菅原明良　　5800102  10.8   3.81314490  0   221330                       
0625380709 46.0  1.5  1.9  3.0  2.2  0.0 54.602010516大野拓弥　　5800102   7.3   1.61314482  0242231330                       
0625380710 37.0  0.1  0.0  0.0  0.0  0.0 37.100010582木幡巧也　　5800102 157.4  14.81314490+ 4   321330                       
0625380711 36.0  0.1  0.0  0.0  0.0  0.0 36.100010603小林脩斗　　5800102 121.0  19.31314460- 8   271330                       
0625380712 44.0  0.3  1.7  0.0  2.4  0.0 48.400010429柴田大知　　5800102  18.2   3.21314468+ 2 24331330                       
0625380713 41.0  0.8  2.2  0.0  0.0  0.0 44.000010416吉田豊　　　5600102  14.0   2.51314488  0   331330                       
0625380714 43.0  3.1  3.3  3.5  2.3  0.0 55.200070314Ｊ．モレイラ5800102   2.4   1.31314506- 2131331330                       
0625380715 45.0  0.6  0.7  0.0  2.1  0.0 48.402010577野中悠太郎　5800102  18.0   4.41314522+ 6 55321330                       
0625380716 41.0  1.6  2.8  1.5  3.6  0.0 50.510010590横山武史　　5800102   6.7   1.81314510-12513331330                       
0625380801 51.0  0.3  0.0  0.0  0.0  0.0 51.300010507津村明秀　　5800102  41.1   4.31344504- 6  5331355                       
0625380802 44.0  0.4 -1.0  0.0  0.0  0.0 43.410010590横山武史　　5800102 108.5   9.71344528  0   221355                       
0625380803 55.0  2.9  4.6  3.0  3.6  0.0 69.100070314Ｊ．モレイラ5800102   2.6   1.11344508  0211321355                       
0625380804 44.0  0.6  1.3  0.0  2.1  0.0 48.000010594岩田望来　　5800102  40.3   5.21344458+ 4 4 331355                       
0625380805 51.2  1.6  2.6  3.5  2.2  0.0 61.100010555杉原誠人　　5800102   3.4   1.41344520+ 2133231355                       
0625380806 49.0  0.4  0.0  2.0  0.0  0.0 51.400010355武豊　　　　5800102  16.6   2.91344484- 64 4331355                       
0625380807 47.1  0.2  0.0  0.0  0.0  0.0 47.300030113内田博幸　　5600102  54.1   5.91344498+ 4   331355                       
0625380808 45.0  0.1  0.0  0.0  0.0  0.0 45.100010617佐々木大輔　5800102 103.6  10.61344452- 2   331355                       
0625380809 45.0  0.2  0.0  0.0  0.0  0.0 45.200010429柴田大知　　5800102  41.8   5.71344512+ 4   321355                       
0625380810 51.1  0.2 -1.0  0.0  0.0  0.0 50.300010603小林脩斗　　5600102  52.5   5.81344458+10  6281355                       
0625380811 43.0  0.2  0.0  0.0  0.0  0.0 43.200010497石橋脩　　　5800102 145.5  11.71344458+ 2   331355                       
0625380812 55.1  3.1  3.2  2.5  2.3  0.0 66.200070234Ｃ．ルメール5800102   3.4   1.11344522+ 2322221355                       
0625380813 47.0  0.3  1.1  0.0  0.0  0.0 48.400010515丹内祐次　　5800102  49.3   4.71344522+12   221355                       
0625380814 48.0  0.6  0.0  1.5  0.0  0.0 50.110010560横山和生　　5800102  23.6   3.31344502- 45  221355                       
0625380815 47.7  0.4  0.0  0.0  0.0  0.0 48.100010599菅原明良　　5800102  34.5   4.11344494- 6   331355                       
0625380816 39.0  0.1  0.0  0.0  0.0  0.0 39.102010582木幡巧也　　5800102 122.1   9.81344506- 4   271355                       
0625380901 50.1  1.0  1.2  2.0  0.0  0.0 54.300010590横山武史　　5600102   5.7   1.81410474+ 24 6331425                       
0625380902 49.0  0.2  0.0  0.0  0.0  0.0 49.200010603小林脩斗　　5600102  88.5   5.71410434- 8   321425                       
0625380903 49.1  0.7  0.4  0.0  0.0  0.0 50.200010546松山弘平　　5600102  18.5   2.91410470- 4   321425                       
0625380904 43.0  0.3 -1.0  0.0  0.0  0.0 42.300010515丹内祐次　　5600102  81.8  12.51410448- 8   321425                       
0625380905 46.0  0.3  0.0  0.0  0.0  0.0 46.302010507津村明秀　　5600102  62.8   8.91410468- 2   221425                       
0625380906 50.0  0.4  0.0  0.0  0.0  0.0 50.400010591西村淳也　　5600102  54.5   8.31410468+ 8   321425                       
0625380907 46.0  0.2  0.0  0.0  0.0  0.0 46.200010617佐々木大輔　5600102  30.4   5.61410472+ 6   321425                       
0625380908 53.0  2.6  3.5  3.0  3.6  0.0 65.700030468戸崎圭太　　5600102   3.1   1.31410466- 6211321425                       
0625380909 51.0  2.1  2.6  3.5  2.2  0.0 61.400070314Ｊ．モレイラ5600102   4.8   1.51410454+ 2144231425                       
0625380910 53.1  1.1  1.4  0.0  2.4  0.0 58.000010599菅原明良　　5600102  13.8   2.71410480  0 35231425                       
0625380911 54.9  2.1  2.9  2.5  0.0  0.0 62.410070234Ｃ．ルメール5600102   4.5   1.81410518+14393331425                       
0625380912 55.0  1.4  2.4  1.5  3.0  0.0 63.300010560横山和生　　5600102   8.7   2.11410470+ 4522331425                       
0625381001 58.0  0.1  0.0  0.0  0.0  0.0 58.100010582木幡巧也　　5800102  73.8   9.11440504  0   231501                       
0625381002 57.1  0.4 -1.0  0.0  0.0  0.0 56.502010599菅原明良　　5800102  23.9   4.41440534- 2   221501                       
0625381003 56.0  0.4  0.0  0.0  0.0  0.0 56.400010462北村宏司　　5700102  51.2   6.61440500+ 4   321501                       
0625381004 57.3  0.8  0.6  0.0  0.0  0.0 58.702010617佐々木大輔　5800102  14.8   3.71440564  0   221501                       
0625381005 62.0  0.8  1.5  0.0  2.4  0.0 66.700010507津村明秀　　5700102  15.5   3.01440514- 8 35331501                       
0625381006 63.1  2.6  3.2  3.0  3.1  0.0 75.000030468戸崎圭太　　5700102   4.2   1.41440492-14221371501                       
0625381007 59.0  0.2  0.0  0.0  0.0  0.0 59.200030113内田博幸　　5900102  84.9  11.01440498  0   321501                       
0625381008 54.3  0.3  0.0  0.0  0.0  0.0 54.602010516大野拓弥　　6000102  39.5   7.61440502+ 8   371501                       
0625381009 50.0  0.2 -1.0  0.0  0.0  0.0 49.200010515丹内祐次　　5800102  62.0   9.21440492- 2   331501                       
0625381010 60.5  1.6  3.7  2.0  2.2  0.0 70.000010546松山弘平　　5800102   6.0   1.81440522- 2453221501                       
0625381011 63.0  1.2  1.6  1.5  2.3  0.0 69.600010583坂井瑠星　　5700102  10.3   2.81440468+ 2544321501                       
0625381012 60.0  0.4  0.0  0.0  0.0  0.0 60.412010522北村友一　　5500102  29.8   4.51440500- 6   371501                       
0625381013 55.0  0.2  0.3  0.0  0.0  0.0 55.500010497石橋脩　　　5700102  52.4   6.01440520+ 2   271501                       
0625381014 56.0  0.4  0.0  0.0  0.0  0.0 56.400010594岩田望来　　5800102  36.2   7.41440498- 1   321501                       
0625381015 62.6  2.4  2.6  3.5  3.6  0.0 74.702070314Ｊ．モレイラ5600102   2.7   1.41440520-10112331501                       
0625381016 58.1  0.1  0.0  2.5  0.0  0.0 60.700010586川又賢治　　5800102  21.7   3.11440452- 63 6321501                       
0625381101 51.0  0.4 -1.0  0.0  0.0  0.0 50.400010507津村明秀　　5700102  72.4   8.51521470- 2   371540                       
0625381102 55.4  1.4  2.4  1.5  0.0  0.0 60.700010512川田将雅　　5700102  18.9   3.71521500+ 25 6321540                       
0625381103 54.0  0.4  0.0  0.0  0.0  0.0 54.410010508藤岡佑介　　5700102  33.0   4.81521494- 2   231540                       
0625381104 52.1  0.2  0.0  0.0  0.0  0.0 52.300010583坂井瑠星　　5700102 123.3  11.31521500+ 2   321540                       
0625381105 58.2  0.8  2.1  0.0  3.0  0.0 64.100010546松山弘平　　5700102  23.3   2.61521482+ 2 34321540                       
0625381106 58.0  0.5  1.2  0.0  2.4  0.0 62.100010590横山武史　　5700102  16.1   2.71521460- 4 45331540                       
0625381107 56.3  0.2 -1.0  0.0  0.0  0.0 55.500010500松岡正海　　5700102 193.9  15.61521456+ 4   321540                       
0625381108 52.0  0.4  0.0  0.0  0.0  0.0 52.400010594岩田望来　　5700102  48.7   6.91521496+ 4   231540                       
0625381109 54.0  0.3 -1.0  0.0  0.0  0.0 53.300010497石橋脩　　　5700102  58.5   7.51521484- 4   331540                       
0625381110 66.0  3.1  4.1  3.5  3.7  0.0 80.400010522北村友一　　5700102   1.4   1.11521500+ 4111321540                       
0625381111 57.2  0.9  0.2  3.0  3.1  0.0 64.400070314Ｊ．モレイラ5700102  11.3   2.21521500- 2222331540                       
0625381112 49.0  0.2  0.0  0.0  0.0  0.0 49.200010515丹内祐次　　5700102 182.5  18.61521476+ 6   271540                       
0625381113 57.0  0.4  1.3  0.0  0.0  0.0 58.700010560横山和生　　5700102  52.4   5.51521492- 2   331540                       
0625381114 55.0  0.4  0.0  0.0  0.0  0.0 55.400030468戸崎圭太　　5700102  52.6   6.01521464- 2   331540                       
0625381115 56.3  0.9  1.1  2.0  0.0  0.0 60.300070234Ｃ．ルメール5700102  17.5   2.91521506-104  271540                       
0625381116 58.3  1.2  2.2  2.5  0.0  0.0 64.200010591西村淳也　　5700102  10.9   2.41521496+ 43 3321540                       
0625381117 56.0  0.2  0.0  0.0  0.0  0.0 56.200010555杉原誠人　　5700102  32.3   4.31521456  0   321540                       
0625381118 52.2  0.1  0.0  0.0  0.0  0.0 52.310010617佐々木大輔　5700102 160.4  17.61521516+ 6   321540                       
0625381201 55.0  0.8  0.0  0.0  0.0  0.0 55.802010462北村宏司　　5600102  34.9   4.21607476+ 6   221630                       
0625381202 59.1  0.4  1.0  0.0  2.3  0.0 62.802010497石橋脩　　　5600102  32.0   4.41607482- 2 45331630                       
0625381203 60.0  3.1  4.1  3.0  2.2  0.0 72.400010512川田将雅　　5600102   1.9   1.21607514+10253371630                       
0625381204 62.0  2.9  4.0  2.5  2.4  0.0 73.800010429柴田大知　　5700102   4.9   1.41607502- 2331331630                       
0625381205 52.0  0.3 -1.0  0.0  0.0  0.0 51.302010500松岡正海　　5500102 185.4  16.31607508  0   271630                       
0625381206 59.2  1.3  1.9  2.0  3.5  0.0 67.900010515丹内祐次　　5400102  14.4   2.21607444- 4414321630                       
0625381207 54.0  0.1  0.0  0.0  0.0  0.0 54.100010582木幡巧也　　5400102 163.0  15.31607496- 6   221630                       
0625381208 61.0  2.3  3.1  3.5  3.0  0.0 72.900070314Ｊ．モレイラ5600102   3.8   1.31607492+ 2122331630                       
0625381209 55.0  0.2  0.0  0.0  0.0  0.0 55.200010555杉原誠人　　5600102  82.4   7.41607540-10   231630                       
0625381210 58.0  1.0  1.4  1.5  0.0  0.0 61.900030468戸崎圭太　　5600102  14.1   1.91607480- 25 6321630                       
0625381211 46.0  0.2 -1.0  0.0  0.0  0.0 45.210010375江田照男　　5200102  94.6   7.61607492- 2   221630                       
0625381212 54.0  0.2  0.0  0.0  0.0  0.0 54.200010617佐々木大輔　5500102  60.3   4.81607508-22   331630                       
0625381213 53.0  0.4  0.0  0.0  0.0  0.0 53.400010546松山弘平　　5500102  67.2   5.81607478  0   231630                       
0925280101 25.0  0.7  0.0  0.0  0.0  0.0 25.710010564菱田裕二　　5500102   8.2   2.80932428+10   370955                       
0925280102 26.0  0.1  0.0  0.0  0.0  0.0 26.100010635橋木太希　　5203102  50.3  11.10932400- 8   320955                       
0925280103 21.8  0.4  0.0  0.0  0.0  0.0 22.200010578鮫島克駿　　5700102  30.2   5.10932484+12   220955                       
0925280104 32.0  1.2  1.1  2.0  1.9  0.0 38.200010562長岡禎仁　　5700102   9.8   2.50932456- 2465370955                       
0925280105 23.0  0.4  0.0  0.0  0.0  0.0 23.410010339横山典弘　　5700102  10.9   2.90932486+ 6   270955                       
0925280106 34.1  1.6  1.6  3.0  2.3  0.0 42.610010600団野大成　　5700102   3.9   1.70932484- 4224320955                       
0925280107 38.0  2.1  2.0  2.5  2.2  0.0 46.810010643和田陽希　　5403102   8.3   2.40932524- 4332320955                       
0925280108 36.2  2.1  2.7  3.5  3.3  0.0 47.800010628田口貫太　　5700102   3.6   1.60932504-10111320955                       
0925280109 14.0  0.2 -1.0  0.0  0.0  0.0 13.202010548川須栄彦　　5700102 131.4  20.50932482+16   220955                       
0925280110 23.5  0.7  1.4  0.0  2.0  0.0 27.600010457酒井学　　　5700102  34.4   5.50932500    5 220955                       
0925280111 34.0  0.5  0.7  0.0  0.0  0.0 35.210010534田中健　　　5700102  19.3   3.30932458  0  6220955                       
0925280112 10.0  0.4  0.0  0.0  0.0  0.0 10.400010633高杉吏麒　　5601102  67.4  10.10932472      220955                       
0925280113 10.0  0.0 -1.0  0.0  0.0  0.0  9.000010553水口優也　　5700102 106.3  16.60932498      320955                       
0925280114 24.2  0.3  0.0  0.0  0.0  0.0 24.500010460太宰啓介　　5500102  99.8   9.80932430+12   320955                       
0925280115 36.0  1.4  2.7  1.5  2.1  0.0 43.700010640田山旺佑　　5403102   9.6   2.10932444  0543320955                       
0925280116 10.0  0.1 -1.0  0.0  0.0  0.0  9.100010558藤懸貴志　　5700102  90.3  14.20932476      320955                       
0925280201 19.0  0.1 -1.0  0.0  0.0  0.0 18.112010553水口優也　　5500102 113.1  15.41006428-10   321025                       
0925280202 27.0  0.2 -1.0  0.0  0.0  0.0 26.200010419幸英明　　　5500102  29.7   5.01006446  0   321025                       
0925280203 33.0  0.5  0.0  0.0  0.0  0.0 33.500010643和田陽希　　5203102  29.9   4.71006438+ 8   221025                       
0925280204 36.0  0.3 -1.0  0.0  0.0  0.0 35.310030182岩田康誠　　5500102  35.4   5.41006384- 2 96321025                       
0925280205 19.0  0.2 -1.0  0.0  0.0  0.0 18.200010574松若風馬　　5500102  83.7   7.91006428- 2   271025                       
0925280206 19.0  0.2  0.0  0.0  0.0  0.0 19.212010548川須栄彦　　5500102  55.8   6.51006460-20   321025                       
0925280207 40.2  2.6  3.4  3.5  2.3  0.0 52.010010600団野大成　　5500102   2.6   1.31006432+ 6121321025                       
0925280208 21.4  0.5  0.0  0.0  0.0  0.0 21.910010642森田誠也　　5203102  62.8   7.41006474- 8   321025                       
0925280209 15.0  0.1  0.0  0.0  0.0  0.0 15.100010632柴田裕一郎　5203102  83.5  10.71006396      321025                       
0925280210 21.4  0.5  0.4  0.0  2.0  0.0 24.300010620西塚洸二　　5401102  56.0   8.41006472    5 361025                       
0925280211 37.0  2.6  3.1  3.0  2.1  0.0 47.800010455池添謙一　　5500102   3.7   1.31006436- 8243221025                       
0925280212 21.0  0.1 -1.0  0.0  0.0  0.0 20.100010634長浜鴻緒　　5302102  82.1   8.31006384+ 4   321025                       
0925280213 35.0  1.1  3.2  2.0  2.2  0.0 43.510010633高杉吏麒　　5401102   9.6   2.21006460+ 4434321025                       
0925280214 35.1  0.5  0.7  1.5  1.9  0.0 39.710010578鮫島克駿　　5500102  11.5   2.51006442  0565221025                       
0925280215 38.0  2.0  2.7  2.5  3.3  0.0 48.500010339横山典弘　　5500102   4.7   1.41006474+ 4312321025                       
0925280216 23.0  0.2 -1.0  0.0  0.0  0.0 22.200010640田山旺佑　　5203102 153.4  16.01006442- 6   371025                       
0925280301 10.0  0.2 -1.0  0.0  0.0  0.0  9.200010548川須栄彦　　5700102  97.0  14.01038524      021055                       
0925280302 23.1  0.6  1.5  0.0  0.0  0.0 25.200010579加藤祥太　　5700102  13.8   3.21038506      221055                       
0925280303 10.0  0.2  0.0  0.0  0.0  0.0 10.200010572小崎綾也　　5700102  41.1   9.41038548      221055                       
0925280304 14.0  0.7  0.0  0.0  0.0  0.0 14.700010600団野大成　　5700102  14.8   3.31038488- 2   321055                       
0925280305 15.0  0.2 -1.0  0.0  0.0  0.0 14.200010643和田陽希　　5203102 140.4  14.81038506- 3   321055                       
0925280306 27.0  0.1 -1.0  0.0  0.0  0.0 26.100010632柴田裕一郎　5403102  70.7   8.81038488- 2  6371055                       
0925280307 37.0  1.9  3.2  3.0  2.2  0.0 47.302010636吉村誠之助　5601102   4.4   1.71038494  0231321055                       
0925280308 20.0  0.4  0.0  0.0  0.0  0.0 20.410070176Ｍ．デムーロ5700102  26.2   4.41038478- 6   321055                       
0925280309 14.0  0.3  0.0  0.0  0.0  0.0 14.300010438和田竜二　　5700102 137.5  14.11038470  0   321055                       
0925280310 14.0  0.2 -1.0  0.0  0.0  0.0 13.200010633高杉吏麒　　5601102  45.0   7.31038456+ 2   321055                       
0925280311 30.0  0.7  0.0  0.0  2.1  0.0 32.810010460太宰啓介　　5700102  15.4   4.31038520  0 45221055                       
0925280312 39.0  1.9  2.1  1.5  2.3  0.0 46.800010634長浜鴻緒　　5502102   7.1   1.91038488  0523321055                       
0925280313 38.0  1.3  2.0  2.5  3.3  0.0 47.100010455池添謙一　　5700102   7.2   1.91038490+ 2312321055                       
0925280314 14.0  0.5  1.0  2.0  1.9  0.0 19.412010419幸英明　　　5700102   6.5   2.71038460+ 246 221055                       
0925280315 19.0  0.1  0.0  0.0  0.0  0.0 19.100010635橋木太希　　5203102 106.3  15.31038446  0   371055                       
0925280316 34.6  3.1  3.4  3.5  2.0  0.0 46.600010578鮫島克駿　　5700102   3.8   2.01038490   154221055                       
0925280401 16.0  2.7  3.2  3.5  2.3  0.0 27.700010486難波剛健　　6000102   3.6   1.41105516+ 2121321125                       
0925280402 15.3  1.3  1.6  3.0  2.2  0.0 23.402010468高田潤　　　6000102   7.6   2.01105504- 2233321125                       
0925280403 15.4  1.0  1.4  0.0  2.1  0.0 19.910010483小坂忠士　　6000102   8.0   2.41105460+ 2 45221125                       
0925280404 13.0  0.2  0.0  0.0  0.0  0.0 13.200010618土田真翔　　5703102  52.2   8.71105476- 8   221125                       
0925280405 15.0  3.1  3.1  1.5  3.3  0.0 26.010010543小野寺祐太　6000102   6.0   1.41105492+ 2512321125                       
0925280406 14.3  0.5  0.5  2.0  0.0  0.0 17.310010427西谷誠　　　6000102   7.0   3.01105498- 24  321125                       
0925280407 14.0  0.2  0.0  0.0  0.0  0.0 14.200010489五十嵐雄祐　6000102  19.6   5.11105510- 2   321125                       
0925280408 15.2  0.9  0.6  0.0  2.0  0.0 18.700010567伴啓太　　　6000102  14.8   2.81105472-14 56321125                       
0925280409 14.4  0.2  0.0  0.0  1.9  0.0 16.500010616小牧加矢太　5800102  24.9   3.91105506+ 6 6 321125                       
0925280410 14.0  1.6  2.4  2.5  0.0  0.0 20.500010511上野翔　　　5900102   7.2   2.71105468  03 4321125                       
0925280411 13.0  0.2 -1.0  0.0  0.0  0.0 12.210010571井上敏樹　　5700102  79.7  13.71105470-14   321125                       
0925280412 14.2  0.2  0.0  0.0  0.0  0.0 14.400010559森一馬　　　5900102  38.4   4.91105560- 2   321125                       
0925280413 13.0  0.1  0.0  0.0  0.0  0.0 13.110010533草野太郎　　5900102  43.5   6.91105434- 6   321125                       
0925280414 14.0  0.2  0.0  0.0  0.0  0.0 14.200010631坂口智康　　5703102  29.4   5.61105442- 2   371125                       
0925280501 22.4  0.5  0.6  0.0  0.0  0.0 23.500010574松若風馬　　5700102  45.5   7.91158516      221215                       
0925280502 20.3  0.0 -1.0  0.0  0.0  0.0 19.310010635橋木太希　　5403102 127.7  21.51158420- 6   371215                       
0925280503 32.1  0.9  2.1  1.5  1.9  0.0 38.510010620西塚洸二　　5601102  10.0   2.61158504- 4565321215                       
0925280504 19.0  0.1 -1.0  0.0  0.0  0.0 18.100010636吉村誠之助　5401102  64.6  12.01158448+16   321215                       
0925280505 19.0  0.1 -1.0  0.0  0.0  0.0 18.100010628田口貫太　　5500102 150.5  16.81158432+ 6   321215                       
0925280506 34.0  0.9  0.0  2.0  0.0  0.0 36.910010535浜中俊　　　5500102   7.1   2.11158486+ 84 6371215                       
0925280507 20.1  0.4  0.0  0.0  0.0  0.0 20.500010419幸英明　　　5500102  17.7   3.91158470      221215                       
0925280508 28.0  0.1 -1.0  0.0  0.0  0.0 27.110010562長岡禎仁　　5700102 163.1  16.91158482- 8   321215                       
0925280509 35.2  1.0  2.4  2.5  2.1  0.0 43.210010457酒井学　　　5700102   8.3   1.91158476- 4343321215                       
0925280510 39.0  3.0  4.1  3.5  2.2  0.0 51.800010578鮫島克駿　　5700102   2.9   1.21158462+ 4131321215                       
0925280511 36.1  0.9  0.8  0.0  2.3  0.0 40.112010633高杉吏麒　　5601102   9.2   2.41158510- 6 24321215                       
0925280512 15.0  0.3  0.0  0.0  0.0  0.0 15.300010438和田竜二　　5500102 144.6  24.41158446      371215                       
0925280513 37.0  2.4  2.6  3.0  3.3  0.0 48.300010455池添謙一　　5500102   4.8   1.51158436- 8212321215                       
0925280514 26.0  0.2 -1.0  0.0  0.0  0.0 25.210010643和田陽希　　5403102 184.0  31.91158434+ 4   321215                       
0925280515 36.9  0.1 -1.0  0.0  0.0  0.0 36.010010548川須栄彦　　5700102  91.4   8.21158410+ 2   321215                       
0925280516 32.2  0.2  0.0  0.0  2.0  0.0 34.410010600団野大成　　5700102  30.2   9.71158518+ 6 5 321215                       
0925280517 26.8  0.5  0.1  0.0  0.0  0.0 27.410010339横山典弘　　5700102  26.1   4.31158466+ 4   321215                       
0925280518 32.0  0.2 -1.0  0.0  0.0  0.0 31.210010634長浜鴻緒　　5502102  34.3   5.41158474- 4   321215                       
0925280601 34.0  0.2 -1.0  0.0  0.0  0.0 33.200010574松若風馬　　5700102  90.2  11.51228496- 8   221245                       
0925280602 41.0  0.3  0.0  0.0  0.0  0.0 41.300010438和田竜二　　5700102  78.8   9.11228458- 2   321245                       
0925280603 43.0  0.2 -1.0  0.0  0.0  0.0 42.200010620西塚洸二　　5601102  79.8   9.31228456- 4   321245                       
0925280604 50.1  0.7  1.4  0.0  2.2  0.0 54.400010600団野大成　　5700102  15.9   3.21228482+10 23221245                       
0925280605 41.0  1.1  0.5  1.5  0.0  0.0 44.112010457酒井学　　　5700102  11.7   2.81228478- 85  221245                       
0925280606 46.1  1.6  2.6  2.0  2.0  0.0 54.300010634長浜鴻緒　　5502102  12.8   2.21228456- 8444321245                       
0925280607 43.0  0.8  0.0  0.0  0.0  0.0 43.810010535浜中俊　　　5500102  17.7   4.41228438- 8   321245                       
0925280608 49.1  1.4  2.1  3.0  3.3  0.0 58.900010578鮫島克駿　　5700102   5.4   1.71228502- 2212221245                       
0925280609 47.0  0.9  1.5  2.5  1.9  0.0 53.802070129Ａ．シュタル5700102   7.8   2.81228466-12355321245                       
0925280610 33.0  0.2  0.0  0.0  0.0  0.0 33.212010633高杉吏麒　　5601102  38.4   6.01228468+ 2   321245                       
0925280611 36.0  0.4  0.0  0.0  0.0  0.0 36.402070176Ｍ．デムーロ5700102  46.5   5.01228464- 2   221245                       
0925280612 35.0  0.2 -1.0  0.0  0.0  0.0 34.210010419幸英明　　　5500102  40.6   6.71228438-10   371245                       
0925280613 42.0  0.2  0.0  0.0  0.0  0.0 42.200010643和田陽希　　5403102 103.0   8.61228460- 4   321245                       
0925280614 51.3  2.9  3.7  3.5  2.1  0.0 63.510010339横山典弘　　5700102   2.3   1.41228504- 4131321245                       
0925280615 49.0  1.0  0.8  0.0  0.0  0.0 50.800010642森田誠也　　5403102  13.0   2.51228468-10 96321245                       
0925280616 42.0  0.4  0.0  0.0  0.0  0.0 42.400030182岩田康誠　　5500102  33.0   6.91228436+ 8   321245                       
0925280701 34.0  0.2  0.0  0.0  0.0  0.0 34.200010550高倉稜　　　5700102  87.2   9.71256454- 6   321315                       
0925280702 43.0  2.3  3.5  2.0  2.3  0.0 53.100010578鮫島克駿　　5700102   5.9   1.51256466+ 2422321315                       
0925280703 38.0  0.3 -1.0  0.0  0.0  0.0 37.300010457酒井学　　　5500102  61.1   6.71256442+ 6   321315                       
0925280704 20.0  0.2 -1.0  0.0  0.0  0.0 19.200010642森田誠也　　5403102 153.7  17.51256472- 2   371315                       
0925280705 44.0  1.0  1.9  0.0  1.9  0.0 48.800010634長浜鴻緒　　5502102  13.6   2.31256444+ 6 65321315                       
0925280706 40.0  2.0  2.3  3.5  2.1  0.0 49.900010339横山典弘　　5700102   2.3   1.51256510+22143321315                       
0925280707 43.9  3.1  3.4  3.0  3.3  0.0 56.700070176Ｍ．デムーロ5700102   4.2   1.51256486+ 4211321315                       
0925280708 28.0  0.3 -1.0  0.0  0.0  0.0 27.300010419幸英明　　　5700102  77.6   9.41256430- 2   321315                       
0925280709 31.4  0.4  0.0  2.5  0.0  0.0 34.310010636吉村誠之助　5401102   6.7   1.91256446- 23  321315                       
0925280710 42.9  1.2  1.4  1.5  2.2  0.0 49.200010628田口貫太　　5500102  12.6   2.01256440  0534321315                       
0925280711 42.0  0.9  1.3  0.0  2.0  0.0 46.200070129Ａ．シュタル5700102  13.6   2.61256484- 4 56271315                       
0925280801 40.2  0.9  2.1  2.0  1.9  0.0 47.110070176Ｍ．デムーロ5800102   6.6   2.91326446- 6464321345                       
0925280802 36.0  0.4 -1.0  0.0  0.0  0.0 35.400010628田口貫太　　5800102  38.2   4.91326450-19   321345                       
0925280803 36.0  0.4  0.2  1.5  0.0  0.0 38.110010339横山典弘　　5800102  14.1   3.31326482- 25  321345                       
0925280804 42.0  0.7  0.9  0.0  0.0  0.0 43.600010632柴田裕一郎　5503102  23.8   3.21326502+ 2   321345                       
0925280805 43.0  0.8  0.1  0.0  0.0  0.0 43.900010438和田竜二　　5800102  18.2   3.31326552- 8  6321345                       
0925280806 40.0  2.6  3.8  2.5  2.3  0.0 51.210010558藤懸貴志　　5800102   4.6   1.71326502- 2323321345                       
0925280807 49.0  2.5  4.5  3.5  3.3  0.0 62.802010419幸英明　　　5800102   2.6   1.31326490  0111321345                       
0925280808 39.0  0.4  0.0  0.0  0.0  0.0 39.410010633高杉吏麒　　5701102  23.9   3.51326466+ 2   321345                       
0925280809 35.0  0.4  0.0  0.0  0.0  0.0 35.400010643和田陽希　　5503102  70.3   9.11326456  0   221345                       
0925280810 31.0  0.4  0.0  0.0  2.1  0.0 33.500010600団野大成　　5800102  38.9   5.81326462+ 2 4 321345                       
0925280811 36.0  0.5  0.0  0.0  0.0  0.0 36.510010457酒井学　　　5800102  35.8   4.91326508- 8   321345                       
0925280812 46.0  1.7  2.2  3.0  2.2  0.0 55.100010455池添謙一　　5800102   7.7   1.81326442-12232321345                       
0925280813 41.0  0.7  0.8  0.0  2.0  0.0 44.500010564菱田裕二　　5800102  14.0   2.91326458- 4 55321345                       
0925280901 50.2  3.0  2.9  3.0  3.3  0.0 62.400010339横山典弘　　5800102   3.1   1.21355522- 2211321415                       
0925280902 44.0  0.5  0.0  1.5  0.0  0.0 46.010010600団野大成　　5800102  14.5   2.31355452- 25  321415                       
0925280903 50.0  0.9  0.0  0.0  2.1  0.0 53.000070129Ａ．シュタル5800102  11.7   2.11355492- 4 45321415                       
0925280904 50.1  1.2  1.6  3.5  2.0  0.0 58.400010564菱田裕二　　5800102   4.3   1.81355480- 8153321415                       
0925280905 48.0  2.4  2.9  2.0  1.9  0.0 57.200010455池添謙一　　5800102   5.8   1.61355486+ 6464321415                       
0925280906 47.9  0.9  0.2  0.0  2.3  0.0 51.300010628田口貫太　　5800102  21.5   2.91355456- 2 2 321415                       
0925280907 49.0  1.3  1.8  0.0  0.0  0.0 52.100010457酒井学　　　5800102   8.7   2.51355510+ 6  6371415                       
0925280908 51.0  1.8  2.2  2.5  2.2  0.0 59.710010419幸英明　　　5800102   4.5   1.31355490  0332371415                       
0925281001 50.0  0.6  0.0  0.0  0.0  0.0 50.600010564菱田裕二　　5400102  21.0   4.81426452- 4   321450                       
0925281002 54.0  2.1  3.3  3.5  1.9  0.0 64.800010600団野大成　　5700102   5.0   1.91426464+ 2164321450                       
0925281003 44.6  0.2  0.0  0.0  0.0  0.0 44.812010574松若風馬　　5500102  23.9   8.11426540-16   321450                       
0925281004 64.0  1.1  1.1  0.0  2.2  0.0 68.400010535浜中俊　　　5500102  14.0   3.41426466+ 2 32321450                       
0925281005 62.0  0.7  1.7  2.0  3.3  0.0 69.700070176Ｍ．デムーロ5600102   9.4   2.81426526- 2411321450                       
0925281006 57.0  0.4  0.0  0.0  0.0  0.0 57.400070129Ａ．シュタル5600102  20.5   6.51426562+18   321450                       
0925281007 53.0  0.1 -1.0  0.0  0.0  0.0 52.100010642森田誠也　　5300102  40.5   5.71426462+ 6   221450                       
0925281008 56.2  2.6  3.2  2.5  2.3  0.0 66.800010419幸英明　　　5700102   6.0   2.01426486- 4323321450                       
0925281009 55.1  0.8  0.0  1.5  0.0  0.0 57.400010578鮫島克駿　　5500102   9.0   2.51426494- 85  321450                       
0925281010 56.1  0.6  0.0  0.0  0.0  0.0 56.710010636吉村誠之助　5400102  11.0   4.11426514- 2   321450                       
0925281011 46.6  0.1  0.0  0.0  0.0  0.0 46.710010620西塚洸二　　5500102  29.1   7.21426466  0   321450                       
0925281012 59.0  0.8  0.9  0.0  2.1  0.0 62.800010455池添謙一　　5600102  23.3   4.11426474  0 46321450                       
0925281013 45.0  0.3 -1.0  0.0  0.0  0.0 44.310010438和田竜二　　5400102 103.4  12.81426468- 4   321450                       
0925281014 54.0  0.5 -1.0  0.0  0.0  0.0 53.500010457酒井学　　　5200102  30.1   5.51426442  0   321450                       
0925281015 55.0  0.9  2.4  3.0  2.0  0.0 63.300010339横山典弘　　5500102   5.3   2.31426482- 8255321450                       
0925281016 54.0  0.1 -1.0  0.0  0.0  0.0 53.100010633高杉吏麒　　5400102  25.3   5.21426474- 2   321450                       
0925281101 58.0  2.3  2.8  3.0  2.2  0.0 68.300010620西塚洸二　　5800102   4.0   1.51502470  0232321530                       
0925281102 54.0  0.5  0.0  0.0  0.0  0.0 54.502070129Ａ．シュタル5600102  19.5   3.31502466+ 2   371530                       
0925281103 51.0  0.8  0.9  2.0  0.0  0.0 54.700010455池添謙一　　5600102   7.7   2.21502440  04 6321530                       
0925281104 56.0  2.6  3.1  3.5  2.3  0.0 67.512010564菱田裕二　　5800102   4.3   1.31502490- 6123321530                       
0925281105 51.0  1.0  1.8  1.5  2.0  0.0 57.310010636吉村誠之助　5800102   9.1   2.71502540- 2555221530                       
0925281106 55.0  0.5  0.0  0.0  2.1  0.0 57.610010633高杉吏麒　　5800102  27.6   3.91502490- 2 44221530                       
0925281107 61.0  2.6  4.4  2.5  3.3  0.0 73.810010600団野大成　　5800102   3.1   1.51502472- 6311221530                       
0925281108 40.0  0.2 -1.0  0.0  0.0  0.0 39.200010572小崎綾也　　5600102  61.8   7.41502450- 2   321530                       
0925281109 41.0  0.4  0.0  0.0  1.9  0.0 43.312010628田口貫太　　5800102  20.6   3.41502484-16 6 321530                       
0925281110 45.0  0.4  0.0  0.0  0.0  0.0 45.412010562長岡禎仁　　5800102  25.2   4.11502494+ 2   221530                       
0925281111 52.0  0.4  0.0  0.0  0.0  0.0 52.402010574松若風馬　　5800102  31.7   3.81502480- 6   321530                       
0925281201 49.0  0.9  1.2  0.0  0.0  0.0 51.100010633高杉吏麒　　5501102  12.9   3.21539462  0   321610                       
0925281202 39.0  0.2 -1.0  0.0  0.0  0.0 38.210010457酒井学　　　5600102  23.0   5.81539472  0   321610                       
0925281203 47.6  0.2  0.0  0.0  0.0  0.0 47.810010628田口貫太　　5600102  29.6   4.51539458+14   321610                       
0925281204 47.0  0.2 -1.0  0.0  0.0  0.0 46.200010574松若風馬　　5600102  25.1   6.91539462  0   321610                       
0925281205 50.1  1.0  2.0  0.0  1.9  0.0 55.000070129Ａ．シュタル5600102  13.0   2.61539486  0 65321610                       
0925281206 54.0  3.1  3.5  3.5  3.3  0.0 67.400010636吉村誠之助　5501102   3.4   1.41539450+ 4111321610                       
0925281207 43.0  0.1 -1.0  0.0  0.0  0.0 42.100010632柴田裕一郎　5303102  43.3   8.11539446  0   321610                       
0925281208 48.0  0.5  0.0  0.0  0.0  0.0 48.500010535浜中俊　　　5600102  28.3   5.11539504- 4   321610                       
0925281209 46.8  0.4  0.0  0.0  0.0  0.0 47.210010578鮫島克駿　　5600102  28.9   6.31539498  0   321610                       
0925281210 53.8  1.5  1.8  1.5  2.3  0.0 60.900010419幸英明　　　5600102  12.0   2.51539510+12522321610                       
0925281211 52.0  0.4  0.0  0.0  2.0  0.0 54.403010634長浜鴻緒　　5402102  31.1   3.91539504+ 6 56221610                       
0925281212 42.0  0.1 -1.0  0.0  0.0  0.0 41.110010620西塚洸二　　5501102  53.6   7.61539456+ 2   321610                       
0925281213 49.1  1.2  0.8  2.5  2.2  0.0 55.800010600団野大成　　5600102   7.0   3.21539462+ 6334321610                       
0925281214 46.0  0.9  2.2  3.0  0.0  0.0 52.100010558藤懸貴志　　5600102   6.1   2.21539434  02  321610                       
0925281215 51.0  1.2  1.7  2.0  2.1  0.0 58.000010564菱田裕二　　5600102   6.9   3.31539464+10443321610                       
0925281216 41.4  0.4  0.0  0.0  0.0  0.0 41.810010438和田竜二　　5600102  66.2   8.01539428-10   321610                       
