0422140101 15.0  0.2 -1.0  0.0  0.0  0.0 14.200010596亀田温心　　5501201  47.7   8.30936464- 4   23                           
0422140102 15.0  0.2 -1.0  0.0  0.0  0.0 14.200010622鷲頭虎太　　5303201  63.8  11.00936436  0   38                           
0422140103 15.0  0.2  0.0  0.0  0.0  0.0 15.200010617佐々木大輔　5103201  40.8  12.50936478-12   33                           
0422140104 10.0  0.1  0.0  0.0  0.0  0.0 10.100010564菱田裕二　　5600201  41.5   5.10936482+ 6   23                           
0422140105 32.0  0.3  0.0  0.0  0.0  0.0 32.300010507津村明秀　　5600201  35.6   4.80936442  0  633                           
0422140106 35.0  2.6  3.7  1.5  3.3  0.0 46.100010611松本大輝　　5202201   2.6   1.30936462- 251133                           
0422140107 25.0  0.9  0.0  0.0  1.9  0.0 27.800010584藤田菜七子　5400201  15.0   3.50936476- 6 6 23                           
0422140108 30.1  0.6  0.0  0.0  0.0  0.0 30.702010606角田大和　　5402201  28.4   4.70936494+ 6   23                           
0422140109 32.1  0.4  0.0  0.0  2.1  0.0 34.600010604原優介　　　5103201  25.3   3.80936480-10 4533                           
0422140110 20.0  1.6  1.0  3.5  2.0  0.0 28.112010612横山琉人　　5103201   9.2   2.10936456- 415 33                           
0422140111 34.0  1.2  0.3  2.0  2.2  0.0 39.700010591西村淳也　　5600201   6.5   2.40936472- 643333                           
0422140112 15.0  0.2 -1.0  0.0  0.0  0.0 14.200010601秋山稔樹　　5301201  94.9  14.10936462- 4   27                           
0422140113 30.0  1.2  1.8  2.5  0.0  0.0 35.500010613今村聖奈　　5000201   8.3   2.50936440- 23 423                           
0422140114 34.1  1.6  2.1  3.0  2.3  0.0 43.100010547丸山元気　　5600201   5.7   1.50936424- 422237                           
0422140115 29.0  0.7  1.4  0.0  0.0  0.0 31.100010550高倉稜　　　5600201  19.0   2.90936484  0   38                           
0422140201 23.0  0.6 -1.0  0.0  0.0  0.0 22.600010584藤田菜七子　5200101  49.8   8.11000472+ 6   37                           
0422140202 37.1  1.9  3.0  2.0  2.2  0.0 46.200010591西村淳也　　5400101   7.0   1.81000436+ 243333                           
0422140203 37.2  2.1  3.6  3.5  3.3  0.0 49.700010611松本大輝　　5202101   5.5   1.91000430+ 211132                           
0422140204 28.0  1.1  1.2  0.0  2.0  0.0 32.300010605小沢大仁　　5202101   7.4   2.81000476- 6 5 33                           
0422140205 21.0  0.2 -1.0  0.0  0.0  0.0 20.200010601秋山稔樹　　5301101 112.4  14.81000454+ 2   23                           
0422140206 28.0  0.7  0.0  0.0  0.0  0.0 28.700010548川須栄彦　　5400101  15.6   4.41000462+ 2   33                           
0422140207 20.0  0.1 -1.0  0.0  0.0  0.0 19.100010580荻野極　　　5600101 109.5  17.01000430+ 2   23                           
0422140208 37.0  0.4  0.0  0.0  0.0  0.0 37.400010613今村聖奈　　5000101  20.0   3.81000452- 4  633                           
0422140209 31.2  1.4  1.2  3.0  1.9  0.0 38.700010442勝浦正樹　　5600101   4.5   1.81000474  026523                           
0422140210 31.5  0.5  1.2  0.0  0.0  0.0 33.200030182岩田康誠　　5400101   7.7   3.01000434- 2   33                           
0422140211 20.0  0.1 -1.0  0.0  0.0  0.0 19.100010596亀田温心　　5301101 181.5  20.91000400      33                           
0422140212 39.4  0.7  1.2  1.5  2.1  0.0 44.900010612横山琉人　　5103101  10.7   2.81000440-1054433                           
0422140213 20.0  0.2 -1.0  0.0  0.0  0.0 19.200010606角田大和　　5202101 217.5  29.31000432+16   32                           
0422140214 20.0  0.2 -1.0  0.0  0.0  0.0 19.200010617佐々木大輔　5303101 239.6  26.71000508      33                           
0422140215 37.3  1.6  3.0  2.5  2.3  0.0 46.700010547丸山元気　　5600101   5.7   1.71000498- 432233                           
0422140216 20.0  0.1 -1.0  0.0  0.0  0.0 19.100010604原優介　　　5103101 128.2  16.41000440      33                           
0422140301 35.0  1.9  4.9  2.5  2.3  0.0 46.600010606角田大和　　5202201   7.3   2.11024416- 432127                           
0422140302 12.4  0.4  0.0  0.0  0.0  0.0 12.800010591西村淳也　　5400201  18.7   3.71024410- 6   33                           
0422140303 10.0  0.1  0.0  0.0  0.0  0.0 10.100010529黛弘人　　　5400201  70.0  11.31024462      23                           
0422140304 10.0  0.4  0.0  0.0  0.0  0.0 10.400010601秋山稔樹　　5301201  25.3   5.81024504+ 6   23                           
0422140305 20.0  0.4  0.2  0.0  0.0  0.0 20.600010515丹内祐次　　5400201  19.9   4.51024504- 4   33                           
0422140306 32.0  2.1  2.5  3.5  2.2  0.0 42.300010611松本大輝　　5202201   3.0   1.91024456+ 513338                           
0422140307 13.0  0.1 -1.0  0.0  0.0  0.0 12.100010602泉谷楓真　　5301201  97.6  11.41024438+ 2   37                           
0422140308 30.2  1.6  2.3  2.0  2.1  0.0 38.200010589武藤雅　　　5400201  11.5   2.31024450- 244433                           
0422140309 31.0  0.8  0.6  0.0  1.9  0.0 34.300010612横山琉人　　5103201  16.2   3.21024432+ 6 6533                           
0422140310 32.7  2.6  2.5  3.0  3.3  0.0 44.100010613今村聖奈　　5000201   3.3   1.31024446- 821232                           
0422140311 12.0  0.2  0.0  0.0  0.0  0.0 12.200010564菱田裕二　　5400201  42.4   4.41024506- 6   22                           
0422140312 25.1  0.4  0.0  0.0  0.0  0.0 25.500010605小沢大仁　　5202201  60.9   5.41024468- 8   37                           
0422140313 15.0  0.1 -1.0  0.0  0.0  0.0 14.100010555杉原誠人　　5400201  68.9   8.71024412- 6   33                           
0422140314 26.0  0.7  0.3  1.5  2.0  0.0 30.500010507津村明秀　　5400201   9.3   2.21024432-1455633                           
0422140315 25.0  0.1  0.0  0.0  0.0  0.0 25.100010604原優介　　　5103201  78.7   9.31024422-13   33                           
0422140401 10.0  0.7  0.0  0.0  1.9  0.0 12.610010511上野翔　　　6000101  14.0   3.71054532- 4 6 27                           
0422140402 10.0  0.3  0.0  0.0  0.0  0.0 10.300010488蓑島靖典　　5700101  25.7   4.11054478+ 6   23                           
0422140403 10.2  1.3  0.0  2.0  0.0  0.0 13.500010487平沢健治　　6000101  11.0   2.21054482- 24 523                           
0422140404 10.3  1.1  2.2  0.0  2.0  0.0 15.602010458白浜雄造　　6000101  15.7   3.41054528+14 5422                           
0422140405 10.6  2.2  3.6  2.5  2.3  0.0 21.200010533草野太郎　　5900101   6.5   1.91054494  032223                           
0422140406 10.0  0.5 -1.0  0.0  2.1  0.0 11.610010543小野寺祐太　6000101  39.2   4.31054458+ 2 4 33                           
0422140407 10.1  0.4  0.0  0.0  0.0  0.0 10.510010441江田勇亮　　6000101  27.6   5.01054498  0   23                           
0422140408 10.4  3.3  4.1  3.0  3.3  0.0 24.110010493黒岩悠　　　5900101   3.7   1.21054498+ 221123                           
0422140409 10.5  1.7  2.8  3.5  2.2  0.0 20.710010559森一馬　　　6000101   2.7   1.41054502+ 413323                           
0422140410 10.0  0.4  0.0  0.0  0.0  0.0 10.410010417植野貴也　　6000101  23.8   3.91054480- 6   33                           
0422140411 10.0  0.8  0.3  1.5  0.0  0.0 12.612010479石神深一　　6000101  12.1   2.31054518- 45 633                           
0422140412 10.0  0.5  0.0  0.0  0.0  0.0 10.500010489五十嵐雄祐　6000101  48.6   5.21054444+ 2   33                           
0422140501 10.3  1.5  2.4  0.0  0.0  0.0 14.200010521中村将之　　5800101  15.1   2.61142452- 6  633                           
0422140502 10.4  2.2  4.5  3.0  2.2  0.0 22.300010533草野太郎　　6000101   4.5   1.41142534+1423223                           
0422140503 10.0  0.7  0.0  0.0  0.0  0.0 10.700010479石神深一　　6000101  17.0   2.71142458- 2   33                           
0422140504 10.1  0.3  0.1  0.0  1.9  0.0 12.400010511上野翔　　　5900101  84.5   8.11142492- 6 6 23                           
0422140505 10.0  0.3 -1.0  0.0  0.0  0.0  9.300010481大庭和弥　　6000101  72.2   9.01142506- 6   23                           
0422140506 10.2  0.5  0.5  0.0  0.0  0.0 11.200010488蓑島靖典　　6000101  58.2   7.61142448  0   33                           
0422140507 10.0  0.3 -1.0  0.0  0.0  0.0  9.300010489五十嵐雄祐　6000101  66.2   8.31142552- 6   23                           
0422140508 10.0  0.8  1.3  1.5  2.3  0.0 15.900010616小牧加矢太　5703101  18.1   3.01142484- 252533                           
0422140509 10.5  3.4  4.1  3.5  3.3  0.0 24.800010417植野貴也　　6000101   1.8   1.11142494  011133                           
0422140510 10.0  0.7  0.0  0.0  0.0  0.0 10.700010486難波剛健　　5900101  37.2   4.41142458- 4   33                           
0422140511 10.6  1.1  1.7  2.5  2.1  0.0 18.000010458白浜雄造　　6000101   9.7   1.71142512+ 434323                           
0422140512 10.0  1.3  1.7  2.0  2.0  0.0 17.000010559森一馬　　　6000101   8.6   1.71142500+1245427                           
0422140601 35.0  0.9  2.0  2.5  2.2  0.0 42.600010596亀田温心　　5301201  12.1   2.11211488- 233333                           
0422140602 26.0  0.9  0.0  0.0  1.9  0.0 28.800010611松本大輝　　5402201  15.1   3.91211450- 6 6 27                           
0422140603 16.0  0.4 -1.0  0.0  0.0  0.0 15.400010601秋山稔樹　　5501201  97.1   8.01211508- 6   26                           
0422140604 10.0  0.2 -1.0  0.0  0.0  0.0  9.200010604原優介　　　5303201 125.6  19.41211434+ 2   33                           
0422140605 31.0  1.6  2.9  2.0  2.1  0.0 39.600010602泉谷楓真　　5501201   6.3   2.01211498+1244432                           
0422140606 30.1  0.7  0.0  0.0  2.0  0.0 32.800010589武藤雅　　　5400201  16.3   3.11211462- 4 5637                           
0422140607 33.2  3.1  2.7  3.0  3.3  0.0 45.300010584藤田菜七子　5400201   2.7   1.21211466+ 621233                           
0422140608 33.0  1.3  1.1  3.5  0.0  0.0 38.900010515丹内祐次　　5600201   4.5   1.61211476- 41 537                           
0422140609 26.0  0.4  0.0  0.0  0.0  0.0 26.400010564菱田裕二　　5600201  25.7   3.81211472- 1   22                           
0422140610 38.0  1.9  3.1  1.5  2.3  0.0 46.800010605小沢大仁　　5402201   5.0   1.71211492- 652132                           
0422140611 10.0  0.4 -1.0  0.0  0.0  0.0  9.400010606角田大和　　5402201 104.1  15.21211522  0   23                           
0422140612 24.0  0.2  0.0  0.0  0.0  0.0 24.200010555杉原誠人　　5400201  71.9   6.81211424- 6   32                           
0422140613 22.0  0.4  0.0  0.0  0.0  0.0 22.400010482川島信二　　5600201  38.1   4.31211430-24   33                           
0422140701 30.0  0.2 -1.0  0.0  0.0  0.0 29.200010617佐々木大輔　5403201 150.0  21.21247462  0   23                           
0422140702 44.0  0.4  0.0  0.0  1.9  0.0 46.300010548川須栄彦　　5700201  22.6   3.51247504+ 1 6623                           
0422140703 43.1  0.4  0.6  0.0  0.0  0.0 44.100010507津村明秀　　5500201  34.2   5.11247460- 2   37                           
0422140704 37.0  0.4  0.0  0.0  0.0  0.0 37.400010604原優介　　　5403201  24.1   3.41247456  0   32                           
0422140705 45.0  1.0  1.9  2.5  2.1  0.0 52.500010613今村聖奈　　5300201   7.9   1.91247480- 234423                           
0422140706 43.0  0.8  1.1  2.0  2.0  0.0 48.900010591西村淳也　　5700201  10.1   2.61247506  045532                           
0422140707 38.1  0.8  0.3  0.0  0.0  0.0 39.200010611松本大輝　　5502201  12.1   4.31247480+ 2   23                           
0422140708 38.0  0.1  0.0  0.0  0.0  0.0 38.100010547丸山元気　　5500201  75.3   8.51247454+ 6   33                           
0422140709 45.1  1.6  5.7  1.5  2.2  0.0 56.100010515丹内祐次　　5700201   6.2   2.11247516+1053222                           
0422140710 30.0  0.2 -1.0  0.0  0.0  0.0 29.200010596亀田温心　　5601201  59.6   9.91247462+13   27                           
0422140711 49.0  2.9  4.9  3.5  3.3  0.0 63.600030182岩田康誠　　5700201   2.6   1.31247500+ 411123                           
0422140712 36.0  0.1  0.0  0.0  0.0  0.0 36.100010581菊沢一樹　　5500201 121.4  15.21247394- 4   47                           
0422140713 35.0  0.1 -1.0  0.0  0.0  0.0 34.100010529黛弘人　　　5500201 138.4  16.81247452+ 6   32                           
0422140714 37.2  0.4  0.0  0.0  0.0  0.0 37.600010564菱田裕二　　5500201  14.1   2.91247454- 3   37                           
0422140715 46.0  1.9  1.5  3.0  2.3  0.0 54.700010618土田真翔　　5403201   5.9   1.71247472  022337                           
0422140801 46.1  3.0  3.4  3.0  2.3  0.0 57.800010591西村淳也　　5500101   3.9   1.31315446- 622223                           
0422140802 39.0  0.4  0.0  0.0  0.0  0.0 39.400010617佐々木大輔　5403101  38.8   6.41315448-14   23                           
0422140803 41.0  0.8  1.2  0.0  0.0  0.0 43.010010605小沢大仁　　5502101  15.3   2.81315508- 8   32                           
0422140804 41.3  1.4  2.4  2.5  2.2  0.0 49.800010613今村聖奈　　5100101   4.1   1.51315458+1233537                           
0422140805 53.0  2.6  3.7  3.5  3.3  0.0 66.102010580荻野極　　　5700101   3.8   1.31315502+ 411123                           
0422140806 46.5  1.6  2.0  0.0  2.1  0.0 52.210010611松本大輝　　5502101   8.6   2.31315478+14 4437                           
0422140807 42.0  0.8  0.0  1.5  1.9  0.0 46.202010596亀田温心　　5401101   7.6   2.31315488- 256623                           
0422140808 33.0  0.2 -1.0  0.0  0.0  0.0 32.200010604原優介　　　5203101  84.1  10.91315436+ 6   32                           
0422140809 49.0  1.2  0.9  2.0  2.0  0.0 55.100010601秋山稔樹　　5601101   6.7   1.51315454- 645323                           
0422140901 39.0  0.3  0.0  0.0  0.0  0.0 39.310010529黛弘人　　　5400101 111.6  13.51350450+10   37                           
0422140902 44.0  0.9  0.9  0.0  2.0  0.0 47.812010612横山琉人　　5400101  17.9   4.01350478- 4 5323                           
0422140903 45.8  1.1  2.8  0.0  2.3  0.0 52.000010442勝浦正樹　　5400101  19.9   7.31350454-12 2233                           
0422140904 38.7  1.8  2.8  2.0  2.1  0.0 47.412030182岩田康誠　　5600101   5.2   2.01350442+ 644437                           
0422140905 41.0  0.6  2.3  0.0  0.0  0.0 43.900010602泉谷楓真　　5400101  51.3   9.51350410- 2   33                           
0422140906 38.0  0.8  0.0  0.0  0.0  0.0 38.800010611松本大輝　　5400101  12.8   3.61350452+ 2   33                           
0422140907 43.2  0.8  0.6  0.0  0.0  0.0 44.600010515丹内祐次　　5400101  19.5   4.11350430  0  533                           
0422140908 40.0  0.1  0.0  0.0  0.0  0.0 40.100010554嶋田純次　　5400101  72.4   9.51350398  0   23                           
0422140909 42.0  0.6 -1.0  0.0  2.2  0.0 43.800010591西村淳也　　5600101  12.3   2.91350474-12 3 33                           
0422140910 30.0  0.2 -1.0  0.0  0.0  0.0 29.210010589武藤雅　　　5600101  52.8   9.61350466- 4   22                           
0422140911 34.0  0.2  0.0  0.0  0.0  0.0 34.202010555杉原誠人　　5400101  18.6   4.01350426+ 6   47                           
0422140912 35.0  0.6  0.0  3.0  1.9  0.0 40.500010596亀田温心　　5600101   4.9   2.31350484+ 426 32                           
0422140913 43.1  2.1  2.2  3.5  3.3  0.0 54.210010580荻野極　　　5400101   5.8   1.81350446- 611137                           
0422140914 40.1  1.1  0.5  2.5  0.0  0.0 44.200010547丸山元気　　5400101   6.0   2.01350440  03 637                           
0422140915 35.1  1.0  0.0  1.5  0.0  0.0 37.600010613今村聖奈　　5400101  13.5   3.71350454  05  38                           
0422140916 25.0  0.2 -1.0  0.0  0.0  0.0 24.200010581菊沢一樹　　5600101  71.6  10.31350476+ 4   22                           
0422141001 41.0  0.4  0.0  0.0  0.0  0.0 41.400010596亀田温心　　5100201  36.2   6.51414438- 2   33                           
0422141002 42.0  0.2  0.0  0.0  0.0  0.0 42.200010612横山琉人　　5200201  63.2   6.71414506-10   22                           
0422141003 57.0  2.4  3.1  3.5  3.3  0.0 69.300010591西村淳也　　5600201   3.7   1.61414494+ 211137                           
0422141004 39.0  0.4  0.0  0.0  0.0  0.0 39.400010605小沢大仁　　5400201  12.9   3.31414474- 2   22                           
0422141005 48.7  0.9  0.8  0.0  2.0  0.0 52.400010507津村明秀　　5400201  13.1   3.51414500-12 5633                           
0422141006 52.0  1.4  1.8  2.0  2.1  0.0 59.300010601秋山稔樹　　5400201   6.8   2.31414484  044433                           
0422141007 44.0  0.1  0.0  0.0  0.0  0.0 44.100010548川須栄彦　　5300201  25.9   4.61414478+10   37                           
0422141008 33.0  0.4  0.2  0.0  0.0  0.0 33.600010581菊沢一樹　　5400201  17.0   3.61414500- 6   22                           
0422141009 43.0  0.2  0.0  0.0  0.0  0.0 43.200010442勝浦正樹　　5300201  60.6   9.71414490- 6   33                           
0422141010 56.0  0.8  1.9  1.5  2.3  0.0 62.500010564菱田裕二　　5500201  12.3   3.01414484  052322                           
0422141011 51.0  0.6  0.0  0.0  0.0  0.0 51.600010589武藤雅　　　5400201  34.5   5.91414488- 6   22                           
0422141012 45.2  0.2  0.0  0.0  0.0  0.0 45.400010561中井裕二　　5400201  19.3   5.61414484- 2   33                           
0422141013 48.1  0.9  0.0  2.5  1.9  0.0 53.400030182岩田康誠　　5500201   7.4   2.61414502  036532                           
0422141014 56.1  2.2  2.8  3.0  2.2  0.0 66.300010515丹内祐次　　5600201   5.1   1.91414508+ 223223                           
0422141015 48.0  0.4  0.0  0.0  0.0  0.0 48.400010550高倉稜　　　5300201  26.1   4.21414512+ 2   23                           
0422141101 54.0  1.2  3.2  2.0  2.1  0.0 62.500010507津村明秀　　5700101   9.5   2.21457490- 644423                           
0422141102 49.0  0.6  0.0  0.0  0.0  0.0 49.600010572小崎綾也　　5700101  18.2   2.51457472- 4   33                           
0422141103 59.0  2.2  2.5  3.5  2.3  0.0 69.510030182岩田康誠　　5700101   2.5   1.41457510+ 212222                           
0422141104 58.9  2.1  3.3  2.5  2.2  0.0 69.002010564菱田裕二　　5500101   4.9   1.51457464+ 233337                           
0422141105 48.0  0.5 -1.0  0.0  0.0  0.0 47.500010442勝浦正樹　　5700101  43.7   4.91457464+ 2   23                           
0422141106 49.0  0.4  0.4  0.0  0.0  0.0 49.800010596亀田温心　　5700101  36.6   3.71457466+10   33                           
0422141107 50.3  1.0  0.0  0.0  1.9  0.0 53.210010482川島信二　　5700101  26.4   3.51457536+ 2 6622                           
0422141108 60.0  3.0  2.1  3.0  3.3  0.0 71.400010547丸山元気　　5700101   3.6   1.31457496- 421123                           
0422141109 55.0  0.7  1.5  0.0  2.0  0.0 59.200010580荻野極　　　5700101  17.4   3.31457464  0 5532                           
0422141110 47.0  0.4  0.3  1.5  0.0  0.0 49.212010550高倉稜　　　5700101  13.6   2.51457480- 45  37                           
0422141201 34.0  0.2 -1.0  0.0  0.0  0.0 33.200010581菊沢一樹　　5500101  52.2  10.31540444-20   23                           
0422141202 43.0  0.4  0.0  0.0  0.0  0.0 43.400010611松本大輝　　5302101  28.0   5.11540418+ 4   32                           
0422141203 35.0  0.3 -1.0  0.0  0.0  0.0 34.312010507津村明秀　　5500101  35.5   5.71540412+ 4   27                           
0422141204 33.0  0.4 -1.0  0.0  0.0  0.0 32.410010596亀田温心　　5401101  40.2   6.01540438-10   33                           
0422141205 30.2  0.4  0.0  0.0  0.0  0.0 30.610010539伊藤工真　　5500101  32.5   5.31540450+ 6   37                           
0422141206 40.7  1.6  1.6  2.5  3.3  0.0 49.700010584藤田菜七子　5300101   4.8   1.81540490+ 231533                           
0422141207 44.0  1.4  2.7  0.0  2.1  0.0 50.210010561中井裕二　　5500101  11.9   3.21540498+ 2 4422                           
0422141208 34.0  0.2  0.0  0.0  0.0  0.0 34.202010618土田真翔　　5203101  90.0  15.51540456+20   27                           
0422141209 47.1  2.1  2.9  3.0  2.3  0.0 57.400010547丸山元気　　5500101   5.6   1.81540468-1422123                           
0422141210 45.0  1.2  2.6  0.0  1.9  0.0 50.700010612横山琉人　　5203101   9.7   3.01540482+ 4 6333                           
0422141211 38.0  0.2  0.0  0.0  0.0  0.0 38.200010601秋山稔樹　　5401101  58.5   9.61540428- 5   33                           
0422141212 40.0  1.0  0.0  1.5  2.0  0.0 44.500010606角田大和　　5302101  11.3   2.61540474+ 855633                           
0422141213 37.0  0.2  0.0  0.0  0.0  0.0 37.200010604原優介　　　5203101  25.0   5.21540452-16   22                           
0422141214 35.4  0.7  0.0  2.0  0.0  0.0 38.110010515丹内祐次　　5500101   6.3   3.01540478+104  33                           
0422141215 36.0  0.1  0.0  0.0  0.0  0.0 36.110010580荻野極　　　5500101  29.9   4.61540424- 2   33                           
0422141216 44.2  1.9  3.1  3.5  2.2  0.0 54.900010591西村淳也　　5500101   5.1   2.21540434-1013237                           
0522280101 27.1  0.9  0.7  2.5  2.0  0.0 33.200010590横山武史　　5400302  12.8   2.00950476+ 834423                           
0522280102 26.0  0.2  0.0  0.0  0.0  0.0 26.210010444武士沢友治　5400302  74.0   6.00950476- 6   23                           
0522280103 23.0  0.4  1.3  1.5  2.1  0.0 28.302010583坂井瑠星　　5600302  18.7   2.50950484- 453622                           
0522280104 25.0  0.4  0.2  0.0  0.0  0.0 25.602010594岩田望来　　5400302  26.9   4.10950452- 4   33                           
0522280105 36.0  2.6  3.3  3.0  2.2  0.0 47.102070345Ｄ．レーン　5400302   4.8   1.20950452+ 222233                           
0522280106 38.0  3.8  3.9  3.5  3.6  0.0 52.810030468戸崎圭太　　5400302   1.4   1.00950424- 411133                           
0522280107 10.0  0.1  0.0  0.0  0.0  0.0 10.100010582木幡巧也　　5600302  76.4   6.60950500      13                           
0522280108 10.0  0.2 -1.0  0.0  0.0  0.0  9.202010538宮崎北斗　　5600302 118.5  11.70950478      27                           
0522280109 27.0  0.2  0.0  0.0  0.0  0.0 27.202010416吉田豊　　　5400302  57.0   3.60950436- 6   32                           
0522280110 15.0  0.4  0.8  0.0  0.0  0.0 16.202010516大野拓弥　　5600302  36.5   3.80950524-10   33                           
0522280111 18.0  0.2 -1.0  0.0  0.0  0.0 17.200010599菅原明良　　5400302  84.1   8.00950452+ 4   33                           
0522280112 26.1  0.8  2.3  2.0  0.0  0.0 31.200010570石川裕紀人　5400302  19.2   2.20950442- 84 537                           
0522280113 34.0  0.9  0.9  0.0  0.0  0.0 35.802030113内田博幸　　5600302  22.1   2.40950498+11  322                           
0522280201 30.0  2.5  2.9  3.0  2.3  0.0 40.700010339横山典弘　　5600302   3.8   2.01017462-1024332                           
0522280202 31.1  2.6  3.4  1.5  3.6  0.0 42.200010583坂井瑠星　　5600302   5.6   2.31017532  051223                           
0522280203 26.0  0.6  0.0  0.0  0.0  0.0 26.600010500松岡正海　　5400302  40.1   5.21017430+ 2   37                           
0522280204 36.0  0.8  1.4  2.5  2.0  0.0 42.700010620西塚洸二　　5303302   7.9   2.11017524+ 435123                           
0522280205 16.0  0.3  0.0  0.0  0.0  0.0 16.300010542三浦皇成　　5600302  41.1   6.01017480+ 2   37                           
0522280206 31.0  1.4  3.1  2.0  0.0  0.0 37.500010608永野猛蔵　　5402302   6.2   1.81017494- 64 423                           
0522280207 25.7  1.1  1.9  3.5  2.4  0.0 34.600010578鮫島克駿　　5600302   4.8   2.01017492  013523                           
0522280208 10.0  0.2 -1.0  0.0  0.0  0.0  9.200010375江田照男　　5600302 120.6  14.21017456- 4   23                           
0522280209 17.0  0.1  0.0  0.0  0.0  0.0 17.100010593山田敬士　　5402302 160.0  22.91017452- 4   22                           
0522280210 22.0  1.2  1.3  0.0  0.0  0.0 24.500010594岩田望来　　5400302   8.5   2.41017488+ 6   32                           
0522280211 28.5  0.9  1.7  0.0  3.0  0.0 34.100010599菅原明良　　5600302  10.5   2.31017492- 4 2623                           
0522280212 10.0  0.4  0.0  0.0  0.0  0.0 10.400010590横山武史　　5600302  35.4   6.11017530      37                           
0522280213 10.0  0.1  0.0  0.0  0.0  0.0 10.100010577野中悠太郎　5400302 116.7  13.21017466      27                           
0522280214 10.0  0.1 -1.0  0.0  0.0  0.0  9.100010444武士沢友治　5600302  85.3  11.31017470      23                           
0522280301 39.0  2.1  2.7  2.5  2.2  0.0 48.502070234Ｃ．ルメール5400102   4.2   1.21045452+ 234223                           
0522280302 34.0  2.4  3.4  3.5  0.0  0.0 43.300010512川田将雅　　5600102   3.3   1.31045482- 21 432                           
0522280303 40.0  3.0  3.5  3.0  2.4  0.0 51.902030468戸崎圭太　　5600102   3.0   1.11045474+ 422133                           
0522280304 34.4  0.9  1.8  0.0  2.3  0.0 39.402010583坂井瑠星　　5600102  11.4   2.61045480    3523                           
0522280305 25.5  1.3  0.9  1.5  0.0  0.0 29.202010455池添謙一　　5600102  12.4   2.71045498+ 65  22                           
0522280306 31.1  0.2  0.0  0.0  2.0  0.0 33.302010578鮫島克駿　　5600102  20.8   3.11045496- 4 5633                           
0522280307 29.0  0.2 -1.0  0.0  0.0  0.0 28.200010570石川裕紀人　5600102  61.1   7.41045474+ 2   33                           
0522280308 31.0  0.2  0.0  0.0  0.0  0.0 31.200010620西塚洸二　　5103102 119.0   9.41045490  0   23                           
0522280309 30.0  0.4  1.4  0.0  0.0  0.0 31.810010500松岡正海　　5600102  39.1   4.01045444  0   22                           
0522280310 24.0  0.1 -1.0  0.0  0.0  0.0 23.102010587木幡育也　　5600102 196.0  18.41045464+ 2   32                           
0522280311 38.5  1.4  2.5  2.0  3.6  0.0 48.002010594岩田望来　　5600102   8.4   1.91045520   41322                           
0522280401 31.0  0.8  0.3  0.0  2.1  0.0 34.200010546松山弘平　　5600102  19.5   5.61117438+12 5623                           
0522280402 23.0  0.1 -1.0  0.0  0.0  0.0 22.100010587木幡育也　　5400102 111.3  19.11117458+ 2   33                           
0522280403 39.1  3.0  3.6  3.5  0.0  0.0 49.200070234Ｃ．ルメール5400102   3.0   1.51117414-221 143                           
0522280404 33.0  1.0  1.7  1.5  2.2  0.0 39.400010590横山武史　　5600102   9.7   2.21117452  054533                           
0522280405 28.0  0.2  0.0  0.0  2.3  0.0 30.500010578鮫島克駿　　5400102  18.7   4.11117476  0 3 32                           
0522280406 15.0  0.1 -1.0  0.0  0.0  0.0 14.100010620西塚洸二　　5303102 196.8  34.01117494+ 6   23                           
0522280407 18.0  0.0 -1.0  0.0  0.0  0.0 17.000010593山田敬士　　5202102 196.0  41.91117378+10   27                           
0522280408 31.1  0.3  0.0  0.0  0.0  0.0 31.400010429柴田大知　　5600102  14.4   3.51117468  0   27                           
0522280409 32.0  0.6  0.0  0.0  0.0  0.0 32.600010599菅原明良　　5400102  19.7   4.91117424+ 2   27                           
0522280410 37.0  1.6  2.7  3.0  3.5  0.0 47.800010542三浦皇成　　5400102   5.2   1.61117450- 221233                           
0522280411 15.0  0.2  0.0  0.0  0.0  0.0 15.200010375江田照男　　5400102 152.2  18.11117426  0   33                           
0522280412 33.1  1.5  2.8  2.5  2.4  0.0 42.300010339横山典弘　　5600102   5.6   2.01117462+ 232323                           
0522280413 16.0  0.3  0.0  0.0  0.0  0.0 16.300010497石橋脩　　　5600102 109.6  10.81117452  0   22                           
0522280414 20.0  0.1 -1.0  0.0  0.0  0.0 19.100010563原田和真　　5400102 106.5  18.81117460      23                           
0522280415 36.0  1.2  1.7  2.0  0.0  0.0 40.900010577野中悠太郎　5400102   7.2   1.51117478- 24 423                           
0522280416 15.0  0.1  0.0  0.0  0.0  0.0 15.100010538宮崎北斗　　5600102 180.4  29.71117470+ 4   22                           
0522280417 25.0  0.2  0.0  0.0  0.0  0.0 25.200010570石川裕紀人　5600102  71.2   9.71117472-10   33                           
0522280418 15.0  0.5  0.0  0.0  0.0  0.0 15.500010491田辺裕信　　5400102  35.0   8.11117408+ 2   33                           
0522280501 45.1  2.4  2.8  2.5  2.3  0.0 55.102010455池添謙一　　5600102   5.2   1.61207474- 232332                           
0522280502 35.0  0.2 -1.0  0.0  0.0  0.0 34.202010562長岡禎仁　　5400102  77.6  15.11207446+ 2  537                           
0522280503 18.0  0.2 -1.0  0.0  0.0  0.0 17.200010593山田敬士　　5202102  84.2  15.51207406+ 2   37                           
0522280504 45.0  3.8  4.0  3.5  3.6  0.0 59.910070345Ｄ．レーン　5600102   1.6   1.11207516- 411123                           
0522280505 44.0  2.9  3.7  3.0  2.1  0.0 55.700010599菅原明良　　5600102   2.8   1.21207502- 423223                           
0522280506 40.0  0.9  0.8  2.0  0.0  0.0 43.702010497石橋脩　　　5600102  16.5   3.21207484+ 84 433                           
0522280507 26.0  0.2 -1.0  1.5  0.0  0.0 26.702010444武士沢友治　5600102  54.2  10.01207474-125 637                           
0522280601 47.1  1.4  2.3  3.0  2.3  0.0 56.100070176Ｍ．デムーロ5700302  11.0   1.81234464- 423222                           
0522280602 45.0  0.8  1.4  0.0  0.0  0.0 47.202010599菅原明良　　5700302  20.6   2.91234498  0  622                           
0522280603 58.0  3.1  3.8  3.5  3.6  0.0 72.000010594岩田望来　　5700302   1.3   1.11234496+ 411122                           
0522280604 42.0  0.1 -1.0  0.0  0.0  0.0 41.110010593山田敬士　　5502302 112.2  11.31234494+ 4   23                           
0522280605 47.0  1.1  1.8  2.5  0.0  0.0 52.400030113内田博幸　　5700302  10.0   1.81234488- 43 333                           
0522280606 39.0  0.2 -1.0  0.0  0.0  0.0 38.202010570石川裕紀人　5700302 113.1   9.11234506  0   26                           
0522280607 38.0  0.2 -1.0  0.0  0.0  0.0 37.212010608永野猛蔵　　5502302  76.4   7.31234488-12   22                           
0522280608 45.2  1.6  2.6  2.0  0.0  0.0 51.400010419幸英明　　　5700302  12.5   1.91234508- 44 436                           
0522280609 41.0  1.3  0.3  1.5  0.0  0.0 44.112010455池添謙一　　5700302  17.4   2.21234476- 85  22                           
0522280610 48.0  0.6  0.0  0.0  2.2  0.0 50.810010500松岡正海　　5500302  28.8   3.91234440- 4 4537                           
0522280611 38.0  1.1  0.8  0.0  2.4  0.0 42.300010416吉田豊　　　5700302  18.9   2.11234526-16 2 37                           
0522280701 40.0  0.2  0.0  0.0  0.0  0.0 40.200010608永野猛蔵　　5302302  35.8   5.81307466+12   32                           
0522280702 47.0  1.3  2.2  2.5  2.4  0.0 55.400010355武豊　　　　5500302   6.0   1.61307538+ 232237                           
0522280703 30.0  0.2 -1.0  0.0  0.0  0.0 29.200010570石川裕紀人　5500302 123.2  16.31307458+ 4   33                           
0522280704 46.0  0.3  1.2  1.5  0.0  0.0 49.002010368田中勝春　　5500302  13.9   2.71307424+ 85 533                           
0522280705 46.1  1.0  1.5  0.0  0.0  0.0 48.600010416吉田豊　　　5500302  10.0   1.81307476- 2  633                           
0522280706 38.0  0.4  0.0  0.0  0.0  0.0 38.402010599菅原明良　　5500302  39.4   3.81307482+ 4   33                           
0522280707 40.1  0.4  0.0  0.0  2.1  0.0 42.600030113内田博幸　　5500302  53.8   5.91307472- 2 5 37                           
0522280708 43.1  1.4  2.5  2.0  0.0  0.0 49.002010594岩田望来　　5500302   8.8   2.61307464+ 24 422                           
0522280709 47.2  3.0  3.4  3.5  3.5  0.0 60.602010435福永祐一　　5500302   2.6   1.21307430- 211133                           
0522280710 43.0  0.8  1.8  0.0  2.2  0.0 47.800010577野中悠太郎　5500302   7.2   2.71307524+ 8 4 27                           
0522280711 41.4  2.1  2.2  3.0  2.3  0.0 51.000010583坂井瑠星　　5500302   4.7   1.51307476+2323332                           
0522280801 55.0  1.4  2.0  2.0  0.0  0.0 60.402070176Ｍ．デムーロ5500102   5.6   1.81337480  04 432                           
0522280802 51.0  1.1  0.0  3.0  0.0  0.0 55.112030468戸崎圭太　　5700102   6.8   1.81337470+ 22 532                           
0522280803 49.0  0.8  0.6  0.0  0.0  0.0 50.400010546松山弘平　　5700102  18.1   3.21337492+ 4   33                           
0522280804 52.1  1.1  1.3  0.0  0.0  0.0 54.502010608永野猛蔵　　5502102   9.4   2.31337476+ 4  632                           
0522280805 48.0  0.4  0.0  0.0  0.0  0.0 48.410030113内田博幸　　5700102  48.7   6.21337460- 4   23                           
0522280806 52.0  2.3  3.7  1.5  3.0  0.0 62.500010590横山武史　　5500102   3.5   1.61337458- 452332                           
0522280807 54.0  1.9  3.4  2.5  2.4  0.0 64.200010570石川裕紀人　5500102   5.3   1.51337470+ 233233                           
0522280808 49.0  0.5 -1.0  0.0  2.2  0.0 50.700010429柴田大知　　5500102  39.6   4.81337454+ 8 4 33                           
0522280809 53.0  2.8  2.9  3.5  3.5  0.0 65.702010435福永祐一　　5500102   3.9   1.31337460- 611133                           
0522280901 51.0  0.4  0.0  1.5  0.0  0.0 52.900010355武豊　　　　5500102  16.3   3.41408432+ 65  33                           
0522280902 49.0  0.2 -1.0  0.0  0.0  0.0 48.200010582木幡巧也　　5500102  57.5   7.91408462+ 4   32                           
0522280903 58.5  2.6  4.3  3.5  3.0  0.0 71.902010590横山武史　　5500102   2.3   1.21408466+ 212137                           
0522280904 56.0  2.8  3.9  3.0  2.1  0.0 67.810010435福永祐一　　5500102   4.3   1.31408422- 224233                           
0522280905 55.7  1.4  2.1  2.0  0.0  0.0 61.202030468戸崎圭太　　5500102   7.1   1.61408484- 64 333                           
0522280906 46.0  0.2 -1.0  0.0  0.0  0.0 45.200010578鮫島克駿　　5500102  48.9   7.31408494  0   32                           
0522280907 52.3  1.6  2.1  2.5  0.0  0.0 58.500070234Ｃ．ルメール5500102   6.5   1.51408474  03 532                           
0522280908 52.0  0.4  0.4  0.0  0.0  0.0 52.802010455池添謙一　　5500102  25.6   5.21408500- 2   33                           
0522280909 41.0  0.2  0.0  0.0  0.0  0.0 41.210010583坂井瑠星　　5500102  57.2   8.71408504- 4   22                           
0522280910 55.0  0.7  1.6  0.0  3.6  0.0 60.900010542三浦皇成　　5500102  13.9   2.71408486+ 6 1432                           
0522280911 52.0  0.4  0.0  0.0  0.0  0.0 52.400010546松山弘平　　5500102  33.4   6.01408456+ 2   33                           
0522280912 53.1  0.7  1.1  0.0  2.2  0.0 57.100010599菅原明良　　5500102  23.3   4.01408446+ 4 3633                           
0522281001 35.0  0.2 -1.0  0.0  0.0  0.0 34.210010583坂井瑠星　　5600202  89.0  12.61438464- 4   32                           
0522281002 51.5  0.7  0.7  0.0  0.0  0.0 52.910010594岩田望来　　5600202  17.0   3.81438476- 4   23                           
0522281003 53.8  0.9  0.9  1.5  0.0  0.0 57.100010339横山典弘　　5600202   8.5   2.41438478- 65  33                           
0522281004 42.0  0.2  0.0  0.0  0.0  0.0 42.212010582木幡巧也　　5600202  42.8   8.01438470+ 6 9 37                           
0522281005 62.0  0.9  1.3  0.0  2.2  0.0 66.410010455池添謙一　　5600202  10.5   2.51438484- 4 4433                           
0522281006 40.0  0.2 -1.0  0.0  0.0  0.0 39.200010497石橋脩　　　5600202  97.3  12.31438478  0   33                           
0522281007 56.1  1.6  3.0  2.5  0.0  0.0 63.202010542三浦皇成　　5600202   7.4   1.81438476- 23 527                           
0522281008 64.0  1.4  2.4  3.0  3.0  0.0 73.800010599菅原明良　　5600202   6.4   2.01438480- 222133                           
0522281009 55.0  1.4  0.6  0.0  2.3  0.0 59.300070234Ｃ．ルメール5600202  12.0   2.91438490- 2 3633                           
0522281010 61.0  1.2  2.3  2.0  0.0  0.0 66.510010590横山武史　　5600202   5.2   2.21438494- 44 322                           
0522281011 59.3  2.7  3.9  3.5  3.6  0.0 73.000010491田辺裕信　　5400202   3.5   1.51438516  011223                           
0522281012 53.0  0.7  0.4  0.0  0.0  0.0 54.110030468戸崎圭太　　5600202  17.0   4.41438486+ 4   33                           
0522281013 52.0  0.3 -1.0  0.0  0.0  0.0 51.300010355武豊　　　　5600202  32.7   5.41438508  0   32                           
0522281101 66.0  1.0  2.3  1.5  0.0  0.0 70.800010546松山弘平　　5500102   7.5   2.91519486+225 623                           
0522281102 68.0  1.5  2.4  2.5  2.4  0.0 76.800010455池添謙一　　5500102   5.9   1.91519486   34433                           
0522281103 69.2  0.1  0.0  0.0  0.0  0.0 69.300010578鮫島克駿　　5500102  29.5   5.91519458+ 2   33                           
0522281104 66.2  0.4 -1.0  0.0  0.0  0.0 65.600030468戸崎圭太　　5500102  33.2   5.61519442  0   32                           
0522281105 70.4  2.2  1.5  2.0  3.2  0.0 79.300010510吉田隼人　　5500102   5.6   2.21519476  042333                           
0522281106 64.2  0.3  0.0  0.0  0.0  0.0 64.503010355武豊　　　　5500102  46.0   8.51519420  0   32                           
0522281107 68.3  0.8  2.7  0.0  3.6  0.0 75.400010590横山武史　　5500102  13.5   3.41519510- 6 1533                           
0522281108 65.1  0.2 -1.0  0.0  0.0  0.0 64.300010500松岡正海　　5500102  59.0  10.21519486  0   32                           
0522281109 66.0  0.1 -1.0  0.0  0.0  0.0 65.102010599菅原明良　　5500102 125.5  14.91519490- 4 9 33                           
0522281110 62.0  0.1  0.0  0.0  0.0  0.0 62.102010368田中勝春　　5500102 150.2  20.21519468- 6   33                           
0522281111 71.0  1.2  2.6  3.0  2.6  0.0 80.410070234Ｃ．ルメール5500102   5.7   1.71519500-1023233                           
0522281112 66.1  0.6 -1.0  0.0  0.0  0.0 65.702070176Ｍ．デムーロ5500102  58.2  10.51519468+ 6   33                           
0522281113 73.0  2.7  2.6  3.5  2.3  0.0 84.100010512川田将雅　　5500102   4.4   1.61519440+ 615132                           
0522281114 68.1  0.2  0.0  0.0  0.0  0.0 68.302010419幸英明　　　5500102  37.0   7.41519512- 2   32                           
0522281115 69.3  0.7  0.0  0.0  0.0  0.0 70.011010435福永祐一　　5500102  15.2   3.91519434-10   37                           
0522281116 68.0  0.3  0.0  0.0  0.0  0.0 68.300010536藤岡康太　　5500102  32.4   5.91519482- 2 9 32                           
0522281117 66.3  0.2  0.0  0.0  0.0  0.0 66.500010583坂井瑠星　　5500102  86.8  11.71519482+ 2   32                           
0522281118 69.0  0.4  0.0  0.0  0.0  0.0 69.400070345Ｄ．レーン　5500102  29.0   6.91519432  0   33                           
0522281201 51.0  0.3 -1.0  0.0  0.0  0.0 50.300010536藤岡康太　　5300202  92.7  14.31614490  0   33                           
0522281202 55.1  0.2  0.0  0.0  0.0  0.0 55.300010608永野猛蔵　　5300202  27.0   4.41614490+ 2   22                           
0522281203 55.0  0.1  0.0  0.0  0.0  0.0 55.100010419幸英明　　　5400202  84.4  13.91614506+10   33                           
0522281204 59.0  0.5  0.0  0.0  2.2  0.0 61.700010510吉田隼人　　5500202  32.0   5.81614510- 2 4532                           
0522281205 63.0  2.6  3.2  3.0  2.0  0.0 73.800010512川田将雅　　5500202   4.5   1.61614510- 225222                           
0522281206 62.0  2.6  3.6  3.5  3.0  0.0 74.700070234Ｃ．ルメール5400202   2.9   1.31614460+ 812132                           
0522281207 57.1  1.1  0.1  2.0  2.4  0.0 62.700010435福永祐一　　5600202  12.5   3.11614500- 243433                           
0522281208 54.1  0.4  0.0  0.0  0.0  0.0 54.500010516大野拓弥　　5400202  28.8   3.71614476- 6   22                           
0522281209 58.0  0.9  0.9  0.0  0.0  0.0 59.800030468戸崎圭太　　5300202  28.1   4.31614472- 4   33                           
0522281210 51.0  0.2  0.0  0.0  0.0  0.0 51.200010599菅原明良　　5200202  32.2   5.61614492- 8   33                           
0522281211 51.0  0.1  0.0  0.0  0.0  0.0 51.100010578鮫島克駿　　5300202  26.5   4.61614498-12   32                           
0522281212 62.2  1.6  2.5  2.5  3.6  0.0 72.400010583坂井瑠星　　5500202   6.5   2.31614526-1231332                           
0522281213 48.0  0.2 -1.0  0.0  0.0  0.0 47.200010497石橋脩　　　5400202 105.8  17.61614518- 2   23                           
0522281214 57.0  0.5  0.9  1.5  0.0  0.0 59.900010339横山典弘　　5300202   6.6   2.01614512- 65 632                           
0522281215 58.1  0.6  0.0  0.0  0.0  0.0 58.700010355武豊　　　　5600202  22.8   3.71614442- 2   32                           
0522281216 50.0  0.1 -1.0  0.0  0.0  0.0 49.100010577野中悠太郎　5500202  52.0   6.31614470- 6   32                           
0722340101 28.0  0.6  0.6  0.0  2.1  0.0 31.310010519鮫島良太　　5600301  20.4   3.30938500- 4 4432                           
0722340102 17.0  0.2 -1.0  0.0  0.0  0.0 16.200010607永島まなみ　5000301  93.0  10.10938450  0   32                           
0722340103 15.0  0.2 -1.0  0.0  0.0  0.0 14.210010615川端海翼　　5103301  75.0  14.40938448+ 2   22                           
0722340104 14.0  0.4  0.0  0.0  0.0  0.0 14.400010585森裕太朗　　5600301  44.9   6.40938480  0   22                           
0722340105 23.0  0.2 -1.0  0.0  0.0  0.0 22.200010544国分恭介　　5400301  68.2   6.80938430  0 9 32                           
0722340106 33.0  3.1  4.1  3.5  3.3  0.0 47.000010619角田大河　　5103301   2.8   1.10938448  011132                           
0722340107 25.0  0.6  1.6  0.0  2.0  0.0 29.200010553水口優也　　5400301  18.5   3.30938442+ 2 5622                           
0722340108 14.0  0.2 -1.0  0.0  0.0  0.0 13.200010457酒井学　　　5600301  41.2   5.30938408-24   37                           
0722340109 21.0  0.2  0.3  0.0  0.0  0.0 21.500010558藤懸貴志　　5400301  32.3   3.30938444+ 6   32                           
0722340110 32.0  1.8  2.3  2.5  2.2  0.0 40.800010446秋山真一郎　5400301   6.6   1.50938490+1033232                           
0722340111 16.6  0.6  0.5  1.5  0.0  0.0 19.210010508藤岡佑介　　5400301  20.8   3.10938470+ 45  37                           
0722340112 10.0  0.1 -1.0  0.0  0.0  0.0  9.100010569城戸義政　　5400301 136.4  19.90938444      37                           
0722340113 25.1  0.1 -1.0  0.0  0.0  0.0 24.200010588富田暁　　　5600301 118.7  10.90938492+ 4   32                           
0722340114 25.2  2.6  3.8  3.0  2.3  0.0 36.900010598斎藤新　　　5600301   2.8   1.20938472- 222332                           
0722340115 18.0  0.2  0.0  0.0  0.0  0.0 18.200010460太宰啓介　　5600301 109.3  14.90938444- 2   32                           
0722340116 26.0  0.8  0.2  2.0  1.9  0.0 30.900010614大久保友雅　5303301   8.9   2.90938526+ 646532                           
0722340201 34.0  1.1  1.3  1.5  0.0  0.0 37.900010598斎藤新　　　5600301   8.8   1.81007436- 45 637                           
0722340202 20.0  0.4 -1.0  0.0  0.0  0.0 19.410010545国分優作　　5400301  21.9   4.61007432- 6   32                           
0722340203 23.0  0.2 -1.0  0.0  0.0  0.0 22.211010588富田暁　　　5600301  74.0  10.41007442+ 2   22                           
0722340204 42.0  1.6  2.7  2.5  2.3  0.0 51.100030505岡田祥嗣　　5600301   6.4   1.61007428+ 432222                           
0722340205 27.0  0.3  0.0  0.0  0.0  0.0 27.312010457酒井学　　　5600301  38.6   5.71007516-10   22                           
0722340206 30.0  0.7  1.4  0.0  2.0  0.0 34.100010574松若風馬　　5600301  10.9   2.91007486- 8 5 22                           
0722340207 23.0  0.4 -1.0  0.0  0.0  0.0 22.400010614大久保友雅　5303301  70.2  16.11007458+ 2   32                           
0722340208 44.0  3.1  3.6  3.0  3.3  0.0 57.000010544国分恭介　　5600301   4.5   1.41007484+ 221132                           
0722340209 33.0  2.6  3.3  3.5  2.1  0.0 44.510010535浜中俊　　　5600301   2.8   1.81007506+ 214332                           
0722340210 23.1  0.2  0.0  0.0  0.0  0.0 23.312010615川端海翼　　5303301  79.2  19.21007498- 6   22                           
0722340211 38.0  1.1  1.6  0.0  2.2  0.0 42.900010586川又賢治　　5600301  12.7   2.51007462- 4 3422                           
0722340212 34.2  0.8  0.7  2.0  1.9  0.0 39.600010438和田竜二　　5600301   8.9   2.21007470-2046532                           
0722340213 27.1  0.2 -1.0  0.0  0.0  0.0 26.300010619角田大河　　5103301  59.4   9.61007432- 4   32                           
0722340301 19.0  0.2 -1.0  0.0  0.0  0.0 18.210010579加藤祥太　　5600101  61.0  11.51035468- 2   22                           
0722340302 30.0  0.2  0.0  0.0  0.0  0.0 30.200010537丸田恭介　　5400101  56.8   8.71035432- 2   32                           
0722340303 24.0  0.1  0.0  0.0  0.0  0.0 24.100010588富田暁　　　5400101  70.8   9.41035480+18   32                           
0722340304 27.0  0.2  0.0  0.0  0.0  0.0 27.210010607永島まなみ　5000101  15.9   3.61035418+ 4   32                           
0722340305 27.0  0.2  0.0  0.0  0.0  0.0 27.200010619角田大河　　5103101  57.0  10.41035412- 6   37                           
0722340306 15.0  0.2 -1.0  0.0  0.0  0.0 14.200010614大久保友雅　5103101  51.8   9.91035414      32                           
0722340307 35.1  1.3  1.8  2.5  2.2  0.0 42.900010535浜中俊　　　5600101   7.0   2.11035496-1033322                           
0722340308 20.0  0.1 -1.0  0.0  1.9  0.0 21.002010545国分優作　　5400101 143.1  18.41035394+ 5 5 32                           
0722340309 36.0  0.6  1.8  1.5  0.0  0.0 39.900010560横山和生　　5600101  10.2   2.81035452- 45 537                           
0722340310 19.0  0.2  0.0  0.0  0.0  0.0 19.210010569城戸義政　　5600101  63.6   9.91035444- 8   32                           
0722340311 32.0  0.3  0.0  0.0  0.0  0.0 32.300010451松田大作　　5400101  14.2   2.71035460+ 2   32                           
0722340312 20.6  0.4  0.7  0.0  0.0  0.0 21.710030378柴山雄一　　5400101  17.4   4.11035450-14   32                           
0722340313 15.0  0.2 -1.0  0.0  0.0  0.0 14.200010598斎藤新　　　5600101  75.9  12.61035466      22                           
0722340314 37.0  2.7  3.4  3.5  3.3  0.0 49.900010508藤岡佑介　　5400101   3.6   1.31035416+ 411232                           
0722340315 33.5  1.4  1.8  2.0  2.0  0.0 40.700010574松若風馬　　5400101   9.1   2.61035420- 244437                           
0722340316 38.0  3.0  4.1  3.0  2.3  0.0 50.402010438和田竜二　　5600101   3.9   1.41035480- 422132                           
0722340317 35.0  0.5  1.2  0.0  1.8  0.0 38.500010457酒井学　　　5400101  16.5   3.51035482  0 6632                           
0722340318 24.0  0.0  0.0  0.0  0.0  0.0 24.010010558藤懸貴志　　5400101 188.4  22.21035460+14   22                           
0722340401 19.0  0.7  0.2  0.0  0.0  0.0 19.900010535浜中俊　　　5600101  19.8   3.01101520+ 4   22                           
0722340402 32.0  1.9  3.2  2.5  2.3  0.0 41.900010560横山和生　　5400101   6.1   1.61101486- 232332                           
0722340403 27.0  0.3 -1.0  0.0  0.0  0.0 26.300010457酒井学　　　5600101 108.9   8.81101494- 6   22                           
0722340404 31.0  0.8  1.5  1.5  2.0  0.0 36.800010588富田暁　　　5600101  11.4   2.31101470-1055522                           
0722340405 35.0  1.1  2.6  3.0  2.2  0.0 43.910010610古川奈穂　　5200101   6.3   1.41101458  023232                           
0722340406 28.0  0.8  0.8  0.0  0.0  0.0 29.602010619角田大河　　5303101  23.5   3.21101474- 6   27                           
0722340407 23.0  0.7  0.8  0.0  0.0  0.0 24.500010574松若風馬　　5400101  19.1   3.41101478- 2   22                           
0722340408 40.0  3.2  4.4  3.5  3.3  0.0 54.400010438和田竜二　　5600101   1.8   1.11101464- 411137                           
0722340409 19.0  0.4  0.0  0.0  0.0  0.0 19.410010607永島まなみ　5000101  44.1   5.11101404- 6   22                           
0722340410 34.0  1.1  1.9  2.0  2.1  0.0 41.100010544国分恭介　　5600101  11.2   2.11101492- 244432                           
0722340411 33.0  0.2  0.0  0.0  0.0  0.0 33.210010585森裕太朗　　5600101  39.8   4.41101416  0  632                           
0722340501 44.0  1.9  2.4  3.0  2.1  0.0 53.400010508藤岡佑介　　5400301   4.7   1.31152440+ 424332                           
0722340502 45.0  0.6  0.4  0.0  2.0  0.0 48.000010574松若風馬　　5400301  19.3   3.21152458+ 2 5532                           
0722340503 43.1  0.4  0.0  0.0  0.0  0.0 43.500010619角田大河　　5103301  43.4   5.21152446  0  632                           
0722340504 50.0  1.1  1.6  2.5  2.3  0.0 57.500010560横山和生　　5400301   8.0   1.71152480  032232                           
0722340505 56.0  3.2  4.2  3.5  3.3  0.0 70.210010451松田大作　　5400301   1.6   1.11152508+1211132                           
0722340506 38.0  0.6  0.0  0.0  0.0  0.0 38.600010598斎藤新　　　5400301  41.5   2.81152442+ 6   32                           
0722340507 43.0  1.4  2.6  2.0  2.2  0.0 51.203010588富田暁　　　5400301  11.7   1.71152470- 643432                           
0722340508 36.0  0.6  0.0  0.0  0.0  0.0 36.600010438和田竜二　　5400301  23.9   3.11152482- 8   32                           
0722340509 40.0  0.3  0.0  0.0  0.0  0.0 40.302010537丸田恭介　　5400301  26.5   4.41152460- 6   37                           
0722340510 40.0  0.6  1.0  1.5  0.0  0.0 43.100010446秋山真一郎　5400301  25.5   3.91152460- 65  32                           
0722340511 40.0  0.2 -1.0  0.0  0.0  0.0 39.200010573木幡初也　　5400301  62.8   6.61152476  0   32                           
0722340601 39.7  0.5  0.0  0.0  0.0  0.0 40.210010457酒井学　　　5600301  17.2   3.81224484+ 4   32                           
0722340602 40.0  0.4  0.3  0.0  1.9  0.0 42.610010544国分恭介　　5600301  26.7   3.51224476- 2 6632                           
0722340603 37.0  1.0  1.2  3.0  2.1  0.0 44.300010535浜中俊　　　5400301   6.5   2.21224492+ 424532                           
0722340604 54.0  3.1  3.5  3.5  3.3  0.0 67.400010438和田竜二　　5400301   2.0   1.11224456- 211137                           
0722340605 30.0  0.1 -1.0  0.0  0.0  0.0 29.100010586川又賢治　　5400301  37.8   5.81224470+ 2   32                           
0722340606 41.0  0.4  0.0  0.0  0.0  0.0 41.400010451松田大作　　5600301  23.2   3.91224476  0   32                           
0722340607 35.0  0.2 -1.0  0.0  0.0  0.0 34.210010615川端海翼　　5303301  68.8   9.31224454- 2   32                           
0722340608 42.0  0.6  1.4  1.5  0.0  0.0 45.500010558藤懸貴志　　5400301  13.7   2.91224478+ 25 437                           
0722340609 37.0  0.2 -1.0  0.0  0.0  0.0 36.200010436古川吉洋　　5400301  59.9   8.61224464- 6   22                           
0722340610 27.0  0.1 -1.0  0.0  0.0  0.0 26.100010569城戸義政　　5600301 175.9  29.71224458+ 2   32                           
0722340611 39.1  0.4  0.0  0.0  2.0  0.0 41.510010598斎藤新　　　5400301  33.8   4.81224448+ 4 5 32                           
0722340612 42.1  1.8  2.7  2.0  2.2  0.0 50.800010446秋山真一郎　5600301  10.4   2.31224522  043332                           
0722340613 35.0  0.4  0.0  0.0  0.0  0.0 35.410010607永島まなみ　5200301  20.1   4.11224434  0   32                           
0722340614 52.0  1.6  2.9  2.5  2.3  0.0 61.300010588富田暁　　　5400301   7.8   2.11224490- 432232                           
0722340615 40.2  0.2  0.0  0.0  0.0  0.0 40.400010537丸田恭介　　5400301  46.5   7.31224448  0   32                           
0722340616 25.0  0.2  0.0  0.0  0.0  0.0 25.200010610古川奈穂　　5200301  50.8   6.71224478- 4   32                           
0722340701 37.0  1.9  2.3  0.0  2.1  0.0 43.310010607永島まなみ　5100101   6.3   2.01257422+ 4 4527                           
0722340702 47.0  3.6  4.1  3.5  3.3  0.0 61.500010451松田大作　　5500101   1.5   1.11257442  011132                           
0722340703 43.1  2.3  2.7  3.0  2.2  0.0 53.300010508藤岡佑介　　5500101   6.2   2.21257478- 223222                           
0722340704 43.0  0.7 -1.0  0.0  2.3  0.0 45.000010619角田大河　　5203101  20.9   4.11257448- 4 2427                           
0722340705 41.0  1.6  2.0  2.0  2.0  0.0 48.600010574松若風馬　　5500101   8.3   2.01257488+1245327                           
0722340706 39.0  0.8  0.0  2.5  0.0  0.0 42.310010610古川奈穂　　5100101   9.4   2.51257486- 43 633                           
0722340801 40.0  1.4  2.2  3.0  2.1  0.0 48.710010438和田竜二　　5700202   4.8   1.41325494+ 824332                           
0722340802 35.0  0.2  0.0  0.0  0.0  0.0 35.210010544国分恭介　　5700202  42.9   4.91325464+ 2   22                           
0722340803 48.0  3.5  3.6  3.5  2.3  0.0 60.900010619角田大河　　5403202   1.8   1.11325524- 412132                           
0722340804 41.0  0.5  0.1  2.5  0.0  0.0 44.112010436古川吉洋　　5700202  11.0   2.41325488  03 622                           
0722340805 42.0  0.9  1.2  1.5  0.0  0.0 45.600010574松若風馬　　5700202  14.8   2.01325506+ 55 522                           
0722340806 40.3  1.2  2.3  0.0  2.2  0.0 46.010010614大久保友雅　5403202  14.3   2.21325494+ 2 3432                           
0722340807 45.0  2.9  2.7  2.0  3.3  0.0 55.902010588富田暁　　　5700202   5.3   1.31325520  041232                           
0722340808 35.0  0.5  0.2  0.0  0.0  0.0 35.700010457酒井学　　　5700202  31.9   3.71325488+ 1   32                           
0722340809 38.0  0.6  0.0  0.0  2.0  0.0 40.610010598斎藤新　　　5700202  22.1   3.11325476+ 6 5 32                           
0722340901 53.0  3.2  3.9  3.5  2.3  0.0 65.900010438和田竜二　　5700102   2.1   1.11357442+ 212132                           
0722340902 55.0  1.8  2.9  2.5  3.3  0.0 65.500010457酒井学　　　5700102   7.0   1.51357514+ 231232                           
0722340903 50.1  1.5  1.8  2.0  2.1  0.0 57.500010535浜中俊　　　5700102   8.4   1.41357498-1044332                           
0722340904 51.0  0.9  0.0  0.0  0.0  0.0 51.902010446秋山真一郎　5700102  16.5   3.21357456  0  632                           
0722340905 50.0  0.2 -1.0  0.0  0.0  0.0 49.202030378柴山雄一　　5700102  43.2   6.31357484- 4   22                           
0722340906 43.0  0.6  0.3  0.0  0.0  0.0 43.903010588富田暁　　　5700102  23.1   5.81357514+14   32                           
0722340907 48.7  0.9  0.5  1.5  2.0  0.0 53.600010598斎藤新　　　5700102   6.8   2.21357476- 855532                           
0722340908 51.2  1.1  1.9  0.0  2.2  0.0 56.400010574松若風馬　　5700102   8.5   1.71357492+ 2 3432                           
0722340909 40.0  0.9  3.2  3.0  0.0  0.0 47.100010545国分優作　　5700102   6.9   2.11357508+ 42  22                           
0722341001 48.5  0.8  0.0  0.0  0.0  0.0 49.312010438和田竜二　　5700102  15.3   2.41424466-14   37                           
0722341002 54.1  0.6  1.4  2.0  2.0  0.0 60.100010560横山和生　　5700102  10.3   1.91424440+ 245527                           
0722341003 60.0  2.5  4.1  3.0  2.2  0.0 71.800010508藤岡佑介　　5700102   4.6   1.21424470- 423232                           
0722341004 62.0  2.1  2.5  2.5  2.3  0.0 71.400010588富田暁　　　5500102   4.5   1.31424490  032332                           
0722341005 51.0  0.6 -1.0  0.0  0.0  0.0 50.602010558藤懸貴志　　5700102  39.5   3.81424458+ 2   32                           
0722341006 61.0  3.3  4.4  3.5  3.3  0.0 75.502010535浜中俊　　　5500102   1.9   1.11424438+1411132                           
0722341007 49.0  0.3  0.0  0.0  0.0  0.0  0.000110519鮫島良太　　5500102            1424         37                           
0722341008 54.0  0.4  0.0  0.0  0.0  0.0 54.410010544国分恭介　　5500102  42.8   3.31424490  0  622                           
0722341009 58.0  1.4  2.1  1.5  2.1  0.0 65.102010446秋山真一郎　5700102  11.2   1.91424468+1254422                           
0722341101 60.0  0.4  0.0  0.0  0.0  0.0 60.400010544国分恭介　　5600202  12.3   4.21507484- 8   22                           
0722341102 66.0  1.0  1.8  0.0  2.0  0.0 70.800010438和田竜二　　5500202  14.7   3.51507502  0 5532                           
0722341103 60.0  0.3 -1.0  0.0  0.0  0.0 59.310010460太宰啓介　　5600202  24.0   4.41507534- 2   32                           
0722341104 67.0  1.6  2.0  3.0  3.3  0.0 76.900010560横山和生　　5650202   5.0   2.01507466+ 421132                           
0722341105 65.1  1.4  1.8  2.0  2.3  0.0 72.602010574松若風馬　　5300202  10.4   2.61507466- 642332                           
0722341106 64.1  0.4  0.0  0.0  0.0  0.0 64.500010588富田暁　　　5400202  22.4   4.61507466- 4   32                           
0722341107 50.0  0.2  0.0  0.0  0.0  0.0 50.210010436古川吉洋　　5600202  51.9   8.91507504- 6   32                           
0722341108 55.0  0.2  0.0  0.0  0.0  0.0 55.200010545国分優作　　5400202  63.1   9.21507454- 2   32                           
0722341109 64.0  3.1  4.0  3.5  1.9  0.0 76.500010508藤岡佑介　　5500202   4.4   1.81507494- 416232                           
0722341110 65.2  0.3  0.0  0.0  0.0  0.0 65.500010446秋山真一郎　5400202  25.7   5.91507494- 2 9 32                           
0722341111 69.0  0.3  0.0  0.0  2.2  0.0 71.500010537丸田恭介　　5200202  10.6   2.91507476+ 2 3432                           
0722341112 60.0  0.2 -1.0  0.0  0.0  0.0 59.200010558藤懸貴志　　5200202  64.8   9.01507494- 2   32                           
0722341113 62.0  0.6  0.1  0.0  0.0  0.0 62.700010451松田大作　　5600202  27.0   6.01507472+ 2   22                           
0722341114 66.1  0.8  0.0  2.5  0.0  0.0 69.402010535浜中俊　　　5500202   6.4   2.61507512- 43 632                           
0722341115 55.0  0.4  0.0  0.0  0.0  0.0 55.402010598斎藤新　　　5500202  38.4   8.31507500- 4   32                           
0722341116 60.0  1.4  2.4  1.5  2.1  0.0 67.400010457酒井学　　　5300202  10.4   2.71507452+ 554 32                           
0722341201 51.0  2.6  2.9  2.5  3.3  0.0 62.300010574松若風馬　　5500202   4.0   1.61542528- 831132                           
0722341202 40.0  1.6  1.3  1.5  0.0  0.0 44.400010558藤懸貴志　　5500202   8.3   3.21542462- 45 532                           
0722341203 48.0  3.5  3.8  3.5  2.3  0.0 61.110010619角田大河　　5203202   2.3   1.11542436+ 612232                           
0722341204 44.0  1.4  0.0  3.0  2.0  0.0 50.410010508藤岡佑介　　5500202   5.1   2.41542450- 424432                           
0722341205 46.0  2.1  2.1  2.0  2.2  0.0 54.400030378柴山雄一　　5500202   4.4   1.81542432- 643332                           
0722341206 30.0  0.4 -1.0  0.0  0.0  0.0 29.402010537丸田恭介　　5500202  28.7   5.41542460- 4  632                           
