0625520101 23.0  0.5  0.0  0.0  0.0  0.0 23.500010634長浜鴻緒　　5302101  12.6   3.20938412+ 4   370955                       
0625520102 10.0  0.0  0.0  0.0  0.0  0.0 10.010010627佐藤翔馬　　5303101 234.3  25.30938432- 4   230955                       
0625520103 16.0  0.2  0.0  0.0  0.0  0.0 16.200010582木幡巧也　　5600101  73.9   7.80938450- 4   230955                       
0625520104 26.0  0.4  1.0  0.0  0.0  0.0 27.410010629石神深道　　5303101  39.5   4.40938470+ 8  6330955                       
0625520105 10.0  0.4  0.0  0.0  3.5  0.0 13.900010573木幡初也　　5500101  41.3   5.50938496+10 1 220955                       
0625520106 34.0  3.1  3.5  3.5  2.4  0.0 46.500010507津村明秀　　5500101   2.1   1.10938438- 2121230955                       
0625520107 27.0  0.8  1.1  0.0  2.3  0.0 31.202010429柴田大知　　5500101  20.7   3.00938496- 4 34220955                       
0625520108 11.0  0.0 -1.0  0.0  0.0  0.0 10.000010587木幡育也　　5500101 279.1  40.80938378- 8   370955                       
0625520109 21.0  0.2  0.0  0.0  0.0  0.0 21.210010612横山琉人　　5500101  37.0   5.30938402+ 2   370955                       
0625520110 30.1  2.1  3.6  2.5  2.1  0.0 40.402010497石橋脩　　　5600101   7.0   1.80938494  0352270955                       
0625520111 18.0  1.6  2.7  3.0  0.0  0.0 25.300010590横山武史　　5600101   4.9   1.70938482+ 82  220955                       
0625520112 10.0  0.2  0.0  0.0  0.0  0.0 10.200010641舟山瑠泉　　5303101  44.4   6.80938502+ 2   220955                       
0625520113 17.0  0.3 -1.0  0.0  0.0  0.0 16.300010515丹内祐次　　5600101 154.9  12.60938502  0   220955                       
0625520114 26.1  0.8  1.0  2.0  0.0  0.0 29.900010638遠藤汰月　　5203101  13.2   2.90938458- 24 5220955                       
0625520115 30.0  0.8  0.1  1.5  2.2  0.0 34.610010580荻野極　　　5500101  11.2   2.20938470+ 2543220955                       
0625520116 10.0  0.2  0.0  0.0  0.0  0.0 10.200010637上里直汰　　5203101  53.2   9.10938454+ 4   230955                       
0625520201 35.1  2.6  3.6  3.5  2.3  0.0 47.100070354Ｔ．マーカン5600101   3.5   1.51011460+ 6131231025                       
0625520202 33.1  0.8  2.0  2.0  2.2  0.0 40.100010570石川裕紀人　5600101   7.1   1.91011452+ 2446271025                       
0625520203 10.0  0.1  0.0  0.0  0.0  0.0 10.100010637上里直汰　　5203101 324.5  53.61011396-14   331025                       
0625520204 38.1  0.5  1.2  1.5  0.0  0.0 41.300010515丹内祐次　　5500101   7.2   2.41011460  05 5271025                       
0625520205 32.0  0.2  0.0  0.0  0.0  0.0 32.200010626小林美駒　　5203101  34.1   5.01011434+ 6   321025                       
0625520206 16.0  0.1  0.0  0.0  0.0  0.0 16.110010582木幡巧也　　5500101 101.3  16.31011458+ 4   271025                       
0625520207 33.0  0.4  0.6  0.0  0.0  0.0 34.000030113内田博幸　　5600101  34.0   6.21011526- 2   321025                       
0625520208 37.0  1.6  2.4  3.0  2.1  0.0 46.100010590横山武史　　5600101   4.8   1.51011430+ 2252331025                       
0625520209 29.0  0.4 -1.0  0.0  2.0  0.0 30.402010599菅原明良　　5600101  48.5   7.71011492  0 6 231025                       
0625520210 31.0  0.2  0.0  0.0  0.0  0.0 31.210010580荻野極　　　5600101  21.7   5.41011474- 6   231025                       
0625520211 35.0  0.1 -1.0  0.0  0.0  0.0 34.100010416吉田豊　　　5500101 135.6  19.81011466- 2   271025                       
0625520212 10.0  0.0 -1.0  0.0  0.0  0.0  9.000010629石神深道　　5203101 197.1  27.61011470-10   231025                       
0625520213 31.1  0.1  0.0  0.0  0.0  0.0 31.210010555杉原誠人　　5600101  68.1   8.21011406  0   331025                       
0625520214 38.0  2.1  3.2  0.0  2.4  0.0 45.702010573木幡初也　　5600101   5.9   1.71011480- 2 23231025                       
0625520215 20.0  0.2 -1.0  0.0  0.0  0.0 19.200010429柴田大知　　5600101 269.2  37.81011518+16   221025                       
0625520216 34.0  1.6  2.4  2.5  3.4  0.0 43.910010560横山和生　　5600101   6.8   2.11011476  0314371025                       
0625520301 36.5  2.1  3.7  3.5  3.0  0.0 48.800010560横山和生　　5600101   3.9   1.51042518   121231055                       
0625520302 20.7  0.8  1.0  0.0  0.0  0.0 22.500070354Ｔ．マーカン5600101  14.1   2.91042458     6331055                       
0625520303 16.8  0.7  0.4  0.0  0.0  0.0 17.900010547丸山元気　　5600101  34.7   7.51042468      231055                       
0625520304 10.7  0.8  0.0  0.0  0.0  0.0 11.502010429柴田大知　　5600101  17.5   3.71042496      231055                       
0625520305 19.7  0.8  0.9  2.0  2.4  0.0 25.800010580荻野極　　　5500101   6.9   2.11042472   434231055                       
0625520306 20.8  0.5  1.1  0.0  0.0  0.0 22.402010634長浜鴻緒　　5302101  18.9   3.71042478      231055                       
0625520307 10.0  0.3 -1.0  0.0  0.0  0.0  9.302010537丸田恭介　　5600101  72.6  12.31042544      231055                       
0625520308 14.1  0.5  0.0  1.5  2.1  0.0 18.202010590横山武史　　5600101   8.6   2.51042466   55 331055                       
0625520309 20.4  0.9  1.0  0.0  0.0  0.0 22.300010581菊沢一樹　　5600101  17.9   3.51042510      221055                       
0625520310 23.4  0.8  1.4  0.0  0.0  0.0 25.602010599菅原明良　　5600101  14.6   4.01042558     5231055                       
0625520311 10.3  0.2 -1.0  0.0  0.0  0.0  9.500030113内田博幸　　5600101  71.4  15.91042492      231055                       
0625520312 29.2  2.1  2.4  3.0  2.3  0.0 39.000010563原田和真　　5600101   4.9   1.81042480   243221055                       
0625520313 29.4  1.5  2.5  2.5  3.6  0.0 39.500010515丹内祐次　　5500101   5.7   1.91042478   312231055                       
0625520401 10.0  0.1 -1.0  0.0  0.0  0.0  9.100010618土田真翔　　5603101  84.5  10.51109428  0   371125                       
0625520402 10.2  1.5  2.4  1.5  0.0  0.0 15.600010479石神深一　　6000101  11.6   2.21109456+ 85 5371125                       
0625520403 10.5  3.3  3.8  3.5  3.6  0.0 24.700010543小野寺祐太　6000101   1.6   1.11109486- 2111331125                       
0625520404 10.0  0.7  0.0  0.0  0.0  0.0 10.700010540大江原圭　　6000101  33.2   3.01109466+ 8  6231125                       
0625520405 10.3  1.8  3.1  3.0  2.1  0.0 20.300010616小牧加矢太　6000101   5.2   1.31109492+ 2242321125                       
0625520406 10.0  1.3  2.3  2.5  2.3  0.0 18.400010511上野翔　　　6000101   8.7   2.01109524- 8334221125                       
0625520407 10.0  0.2 -1.0  0.0  0.0  0.0  9.210010441江田勇亮　　5800101 119.4   7.81109504+10   321125                       
0625520408 10.0  0.2  0.0  0.0  0.0  0.0 10.202010631坂口智康　　5703101  53.7   4.81109498+14   271125                       
0625520409 10.4  1.6  3.0  2.0  2.4  0.0 19.400010533草野太郎　　6000101   7.5   1.31109482+ 4423331125                       
0625520410 10.1  0.5  0.0  0.0  0.0  0.0 10.600010567伴啓太　　　5800101  22.9   3.51109516  0   371125                       
0625520411  9.9  0.2  0.0  0.0  0.0  0.0 10.100010486難波剛健　　5800101  52.9   6.51109564+10 9 271125                       
0625520501 21.8  0.5  0.0  2.0  0.0  0.0 24.300010634長浜鴻緒　　5402101  16.5   4.11202400   4  371215                       
0625520502 32.9  0.5  1.6  0.0  0.0  0.0 35.000010580荻野極　　　5500101   9.0   2.41202454     6231215                       
0625520503 20.0  0.1 -1.0  0.0  0.0  0.0 19.100010597小林凌大　　5600101 137.1  20.91202472      231215                       
0625520504 20.0  0.1 -1.0  0.0  0.0  0.0 19.100010629石神深道　　5203101  77.3  10.01202420      331215                       
0625520505 20.0  0.5  0.0  0.0  0.0  0.0 20.502010537丸田恭介　　5600101  43.9   7.41202492      221215                       
0625520506 20.0  0.5  0.0  0.0  0.0  0.0 20.500010582木幡巧也　　5600101  22.0   3.91202436      231215                       
0625520507 20.0  0.1  0.0  0.0  0.0  0.0 20.100010626小林美駒　　5303101  28.1   5.21202434      331215                       
0625520508 41.4  1.7  3.2  3.0  2.0  0.0 51.300010515丹内祐次　　5500101   5.3   1.71202442   242231215                       
0625520509 39.2  1.9  2.6  0.0  0.0  0.0 43.700070354Ｔ．マーカン5600101  14.3   3.01202464     4231215                       
0625520510 32.6  0.8  1.4  2.5  2.4  0.0 39.702010623石田拓郎　　5303101   6.1   1.91202448   335231215                       
0625520511 20.0  0.1 -1.0  0.0  0.0  0.0 19.100010641舟山瑠泉　　5203101  82.3  13.91202422      331215                       
0625520512 36.5  0.9  2.3  1.5  3.0  0.0 44.200010507津村明秀　　5600101  13.3   3.01202450   523231215                       
0625520513 44.6  2.6  3.7  3.5  3.6  0.0 58.000010560横山和生　　5500101   2.6   1.31202438   111331215                       
0625520514 20.0  0.0 -1.0  0.0  0.0  0.0 19.000010581菊沢一樹　　5500101  71.6   9.71202412      231215                       
0625520515 22.8  0.5  0.0  0.0  0.0  0.0 23.302010599菅原明良　　5500101  47.8   6.31202448      231215                       
0625520516 30.1  1.1  0.9  0.0  0.0  0.0 32.100010612横山琉人　　5600101  22.7   3.91202448      231215                       
0625520601 46.0  3.5  4.4  3.5  2.4  0.0 59.800070354Ｔ．マーカン5500101   1.9   1.11227440  0121231245                       
0625520602 44.0  2.9  3.2  3.0  3.5  0.0 56.600010580荻野極　　　5600101   2.9   1.21227486- 2212371245                       
0625520603 35.0  2.1  2.4  2.5  0.0  0.0 42.000010641舟山瑠泉　　5203101   4.5   1.71227440  03 4331245                       
0625520604 15.0  0.4  0.0  0.0  0.0  0.0 15.402010638遠藤汰月　　5203101  32.6   9.11227426- 4  5331245                       
0625520605 37.0  1.9  2.4  2.0  2.2  0.0 45.502010497石橋脩　　　5600101   8.7   2.61227476+ 8433371245                       
0625520606 10.0  0.4 -1.0  0.0  0.0  0.0  9.412010554嶋田純次　　5600101  48.7  10.61227548- 6  6221245                       
0625520701 50.8  2.0  3.0  3.0  2.4  0.0 61.200010515丹内祐次　　5600101   2.6   1.41259508  0223221315                       
0625520702 53.0  1.5  2.6  0.0  0.0  0.0 57.102010537丸田恭介　　5800101  15.9   2.81259476+ 8  6271315                       
0625520703 49.0  0.2  0.0  0.0  0.0  0.0 49.200010629石神深道　　5303101  46.9   7.51259428+ 8   331315                       
0625520704 51.1  1.4  2.9  2.5  2.1  0.0 60.000010590横山武史　　5600101   5.8   1.91259484  0354271315                       
0625520705 55.0  2.3  1.9  1.5  2.2  0.0 62.900010547丸山元気　　5600101   7.1   1.51259492- 2542321315                       
0625520706 48.0  0.5  0.0  0.0  0.0  0.0 48.500010462北村宏司　　5800101  50.3   7.91259454+ 4   231315                       
0625520707 50.0  0.2 -1.0  0.0  0.0  0.0 49.210010641舟山瑠泉　　5303101  48.5   6.81259484+ 4   221315                       
0625520708 59.0  2.6  3.8  3.5  3.6  0.0 72.510070354Ｔ．マーカン5600101   3.2   1.31259510+ 8111221315                       
0625520709 52.1  1.1  2.8  0.0  2.3  0.0 58.300010599菅原明良　　5800101  13.9   2.31259504- 2 35221315                       
0625520710 45.0  0.4 -1.0  2.0  0.0  0.0 46.402010580荻野極　　　5800101  16.9   2.11259502  04  231315                       
0625520711 46.0  0.2 -1.0  0.0  0.0  0.0 45.200030113内田博幸　　5800101  90.7  13.51259500  0   331315                       
0625520801 45.0  0.2  0.0  0.0  0.0  0.0 45.202010375江田照男　　5800101  66.3   8.61331506  0   331345                       
0625520802 43.2  1.6  2.2  0.0  0.0  0.0 47.000010599菅原明良　　5600101  12.5   3.01331438- 4   371345                       
0625520803 25.0  0.0 -1.0  0.0  0.0  0.0 24.000010623石田拓郎　　5303101  73.9  14.41331472- 5   331345                       
0625520804 53.0  1.4  2.3  1.5  3.6  0.0 61.800010580荻野極　　　5800101   6.7   1.81331506+ 2512331345                       
0625520805 52.0  0.4  1.2  2.0  0.0  0.0 55.600010532荻野琢真　　5800101   9.1   2.31331484-104 4331345                       
0625520806 48.0  0.2 -1.0  0.0  0.0  0.0 47.200010429柴田大知　　5800101  42.5  12.01331470  0   221345                       
0625520807 35.0  0.1 -1.0  0.0  0.0  0.0 34.102010641舟山瑠泉　　5503101  48.7   8.21331468+ 4   271345                       
0625520808 47.5  0.4  0.0  0.0  0.0  0.0 47.902010634長浜鴻緒　　5402101  32.5   6.21331494+14  6221345                       
0625520809 39.0  0.2  0.7  0.0  0.0  0.0 39.900010637上里直汰　　5303101  20.8   6.81331468  0   231345                       
0625520810 39.0  0.2  0.0  0.0  0.0  0.0 39.200010589武藤雅　　　5700101  52.1   8.31331508+14   231345                       
0625520811 40.6  0.1  0.0  0.0  0.0  0.0 40.700010629石神深道　　5503101  81.7  10.11331442  0   231345                       
0625520812 35.0  0.1 -1.0  0.0  0.0  0.0 34.102010581菊沢一樹　　5800101  69.4  10.41331486  0   221345                       
0625520813 55.8  3.1  4.0  3.0  3.0  0.0 68.900010590横山武史　　5700101   3.2   1.41331532+ 8221221345                       
0625520814 37.0  0.7  0.9  2.5  2.4  0.0 43.500010515丹内祐次　　5800101   7.6   2.41331530+ 233 321345                       
0625520815 47.0  1.4  1.2  0.0  2.2  0.0 51.800010462北村宏司　　5800101  12.7   2.81331488+ 6 55321345                       
0625520816 48.1  1.9  3.8  3.5  2.3  0.0 59.600010547丸山元気　　5700101   5.1   1.61331476+ 2143221345                       
0625520901 53.0  1.3  2.0  3.0  0.0  0.0 59.300010507津村明秀　　5600101   4.8   1.91401500  02 5321415                       
0625520902 46.0  0.4 -1.0  0.0  0.0  0.0 45.400010462北村宏司　　5800101  91.5  14.41401428- 6   321415                       
0625520903 60.0  0.4  0.5  1.5  0.0  0.0 62.400010555杉原誠人　　5600101  16.7   3.01401444- 45 4371415                       
0625520904 61.0  3.4  4.4  3.5  2.4  0.0 74.702010590横山武史　　5500101   2.4   1.21401460+ 4121271415                       
0625520905 50.0  0.4  0.0  0.0  0.0  0.0 50.410010515丹内祐次　　5800101  30.5   5.41401478+ 2   231415                       
0625520906 53.2  0.7  0.3  0.0  0.0  0.0 54.200010497石橋脩　　　5600101  23.9   3.41401504- 2   231415                       
0625520907 53.0  0.2 -1.0  0.0  0.0  0.0 52.200010612横山琉人　　5600101  50.5   6.01401490- 2   221415                       
0625520908 51.0  0.2  0.0  0.0  0.0  0.0 51.210010589武藤雅　　　5800101  37.0   7.41401490+ 4   331415                       
0625520909 52.9  1.1  1.6  0.0  2.1  0.0 57.710070354Ｔ．マーカン5600101   8.5   2.11401460+10 46321415                       
0625520910 46.5  1.0  2.3  2.0  0.0  0.0 51.810010570石川裕紀人　5600101  15.1   3.21401414-124  321415                       
0625520911 57.1  1.4  2.2  0.0  2.3  0.0 63.000010581菊沢一樹　　5800101  13.9   1.91401456+10 33331415                       
0625520912 58.0  1.6  3.3  2.5  3.6  0.0 69.000010560横山和生　　5700101   5.3   1.51401466+ 4312221415                       
0625521001 57.0  1.0  2.2  0.0  0.0  0.0 60.200010590横山武史　　5400101  13.1   3.11432472  0   331450                       
0625521002 58.0  1.0  1.5  2.5  3.5  0.0 66.500070354Ｔ．マーカン5500101  11.9   2.91432518+14313321450                       
0625521003 62.0  0.4  1.0  0.0  3.0  0.0 66.410010563原田和真　　5500101  13.1   3.51432494  0 24221450                       
0625521004 48.0  0.2  0.0  0.0  0.0  0.0 48.210010580荻野極　　　5500101  22.6   3.61432500+ 8   321450                       
0625521005 61.0  2.7  3.6  3.5  2.3  0.0 73.100010515丹内祐次　　5600101   2.6   1.11432502+ 4131221450                       
0625521006 59.0  0.8 -1.0  3.0  0.0  0.0 61.800010497石橋脩　　　5500101  10.0   2.81432502- 22 6231450                       
0625521007 48.0  0.2 -1.0  0.0  0.0  0.0 47.210010416吉田豊　　　5300101 111.8  15.41432462- 4   371450                       
0625521008 53.0  0.2  0.0  0.0  0.0  0.0 53.202030113内田博幸　　5400101  38.1   6.31432510- 2   231450                       
0625521009 46.4  0.2  0.0  0.0  2.0  0.0 48.610010547丸山元気　　5400101  50.0   8.51432512+ 2 5 321450                       
0625521010 59.1  1.0  1.7  0.0  0.0  0.0 61.800010582木幡巧也　　5300101  14.2   2.71432444+ 2  5321450                       
0625521011 36.0  0.2 -1.0  0.0  0.0  0.0 35.210010375江田照男　　5100101  99.7  12.61432498+14   271450                       
0625521012 53.2  1.0  1.7  0.0  0.0  0.0 55.910010581菊沢一樹　　5500101  13.0   3.31432440+ 4   221450                       
0625521013 52.8  0.3  0.0  0.0  0.0  0.0 53.100010537丸田恭介　　5600101  32.4   6.11432518+12   271450                       
0625521014 59.2  1.7  2.3  2.0  2.1  0.0 67.300010507津村明秀　　5400101   5.3   1.71432436- 4442321450                       
0625521015 50.0  0.3  0.0  0.0  0.0  0.0 50.300010500松岡正海　　5600101  68.8   9.31432460  0   221450                       
0625521016 54.0  0.4  0.0  1.5  0.0  0.0 55.900010612横山琉人　　5200101  17.8   3.61432494  05  231450                       
0625521101 56.0  0.5  2.7  2.0  0.0  0.0 61.202010497石橋脩　　　5600101  11.6   3.11510472+ 84 6321525                       
0625521102 53.0  0.2 -1.0  0.0  0.0  0.0 52.200010537丸田恭介　　5700101  75.3  14.21510462+ 2   321525                       
0625521103 56.0  0.4  0.0  0.0  0.0  0.0 56.400010581菊沢一樹　　5500101  20.9   3.91510506- 4   231525                       
0625521104 60.5  2.3  3.2  3.5  2.3  0.0 71.800010560横山和生　　5400101   3.4   1.31510458  0132331525                       
0625521105 56.3  0.4  0.0  0.0  2.2  0.0 58.910010515丹内祐次　　5600101  23.8   4.11510472+ 8 4 371525                       
0625521106 46.0  0.4  0.0  0.0  0.0  0.0 46.400010599菅原明良　　5700101  42.0   6.41510472-18   221525                       
0625521107 59.0  0.2  0.0  0.0  0.0  0.0 59.200010582木幡巧也　　5400101  27.5   5.61510464-14   321525                       
0625521108 61.0  1.9  4.1  2.5  0.0  0.0 69.512070354Ｔ．マーカン5700101   4.9   1.61510554+103 3221525                       
0625521109 52.0  0.1 -1.0  0.0  0.0  0.0 51.110010570石川裕紀人　5700101  93.2  12.91510486+ 2   331525                       
0625521110 62.0  0.8  2.0  0.0  2.4  0.0 67.200010547丸山元気　　5800101  11.8   2.81510502  0 24271525                       
0625521111 47.6  0.5  0.9  0.0  0.0  0.0 49.000010500松岡正海　　5700101  26.6   4.61510504+10   221525                       
0625521112 54.3  0.2  0.0  0.0  0.0  0.0 54.500010555杉原誠人　　5500101  32.4   5.51510462  0   371525                       
0625521113 59.9  0.5  1.8  1.5  0.0  0.0 63.702010580荻野極　　　5700101  14.3   3.11510504  05 5321525                       
0625521114 56.0  0.2 -1.0  0.0  0.0  0.0 55.200010612横山琉人　　5500101 138.3  20.41510514- 2   331525                       
0625521115 66.1  2.6  3.6  3.0  3.6  0.0 78.900010590横山武史　　5400101   3.9   1.61510466-14211321525                       
0625521116 57.0  0.5  0.3  0.0  0.0  0.0 57.802010462北村宏司　　5700101  59.9   8.11510520+10   231525                       
0625521201 53.1  3.5  4.3  3.5  3.6  0.0 68.000010560横山和生　　5700101   1.4   1.11556490+ 4111231610                       
0625521202 50.1  0.5  0.0  0.0  0.0  0.0 50.600010634長浜鴻緒　　5402101  33.0   3.41556474  0  6221610                       
0625521203 38.0  0.1 -1.0  0.0  0.0  0.0 37.100010581菊沢一樹　　5700101  80.7   5.91556474+ 2   231610                       
0625521204 48.0  0.2 -1.0  0.0  0.0  0.0 47.202010412岩部純二　　5800101  50.6   4.11556504+ 2   271610                       
0625521205 38.0  0.2 -1.0  0.0  0.0  0.0 37.200010537丸田恭介　　5800101 173.4  22.01556504+ 6   231610                       
0625521206 42.0  0.2  0.0  0.0  0.0  0.0 42.202010623石田拓郎　　5503101  59.8   6.01556514+ 8   221610                       
0625521207 48.1  0.9  0.0  2.0  0.0  0.0 51.000070354Ｔ．マーカン5700101  20.9   3.01556470+ 84 5231610                       
0625521208 50.0  1.1  1.7  1.5  2.3  0.0 56.600010580荻野極　　　5700101  15.5   2.51556498- 4532331610                       
0625521209 47.3  0.4  0.0  0.0  0.0  0.0 47.700010638遠藤汰月　　5503101  73.6   8.31556492- 8   321610                       
0625521210 36.0  0.2 -1.0  0.0  0.0  0.0 35.202010500松岡正海　　5800101 151.1  16.91556492  0   271610                       
0625521211 44.8  1.6  3.1  0.0  0.0  0.0 49.500010590横山武史　　5700101  24.6   3.71556454+ 8   321610                       
0625521212 47.0  0.1 -1.0  0.0  0.0  0.0 46.100010573木幡初也　　5700101  84.7  10.81556502+ 6   331610                       
0625521213 41.6  0.4  1.1  0.0  0.0  0.0 43.102010577野中悠太郎　5700101  31.8   3.51556506+16   131610                       
0625521214 47.7  1.2  1.6  3.0  0.0  0.0 53.500010515丹内祐次　　5700101   5.5   1.51556556+182 4231610                       
0625521215 44.0  1.0  1.5  2.5  0.0  0.0 49.000010599菅原明良　　5700101  17.7   2.91556504+ 83  271610                       
0625521216 49.7  0.5  2.6  0.0  3.0  0.0 55.800010626小林美駒　　5403101  21.8   2.61556506- 6 23371610                       
0725520101 12.0  0.5  0.0  0.0  0.0  0.0 12.500010594岩田望来　　5600101  46.9   4.50944528- 6   221005                       
0725520102 36.0  3.5  4.0  3.5  3.3  0.0 50.300070234Ｃ．ルメール5600101   1.2   1.00944498+ 8111331005                       
0725520103 15.5  2.0  1.9  3.0  2.2  0.0 24.610010512川田将雅　　5600101   4.5   1.10944492  023 231005                       
0725520104 20.0  0.9  1.2  1.5  1.9  0.0 25.500010546松山弘平　　5600101  23.2   2.30944516- 4566331005                       
0725520105 26.0  0.8  0.0  2.0  0.0  0.0 28.800010510吉田隼人　　5600101  26.7   2.30944462+ 2493221005                       
0725520106 28.0  0.2 -1.0  0.0  0.0  0.0 27.210010624河原田菜々　5200101 115.6   5.40944490+ 6  4221005                       
0725520107 16.6  0.7  1.7  0.0  2.1  0.0 21.100070371Ｆ．ジェルー5600101  51.2   4.40944524+14 4 321005                       
0725520108 15.0  0.4  0.0  0.0  0.0  0.0 15.400010562長岡禎仁　　5600101 116.2   6.70944460+ 4   321005                       
0725520109 15.8  0.4  0.0  0.0  0.0  0.0 16.200010588富田暁　　　5600101  33.8   3.40944462  0   311005                       
0725520110 23.0  0.5  0.0  0.0  2.0  0.0 25.500030182岩田康誠　　5600101  85.7   4.20944482  0 55321005                       
0725520111 19.0  0.8  1.5  0.0  0.0  0.0 21.310010591西村淳也　　5600101  37.9   2.90944424- 6   331005                       
0725520112 19.9  0.1 -1.0  0.0  0.0  0.0 19.000010604原優介　　　5600101 178.2  14.30944482+ 2   221005                       
0725520113 29.0  0.8  0.0  2.5  2.3  0.0 34.600010617佐々木大輔　5600101  24.6   1.90944486- 8322331005                       
0725520201 46.8  0.5  1.8  0.0  2.2  0.0 51.300010624河原田菜々　5100101  13.2   3.01021450+ 8 34331035                       
0725520202 37.0  0.1 -1.0  0.0  0.0  0.0 36.100010529黛弘人　　　5600101 104.6  17.01021416- 4   331035                       
0725520203 49.0  0.9  2.0  2.0  0.0  0.0 53.900010591西村淳也　　5600101  15.1   3.61021438+ 2493371035                       
0725520204 41.0  0.7  0.2  0.0  0.0  0.0 41.900070371Ｆ．ジェルー5500101  20.8   3.81021480- 2   331035                       
0725520205 33.0  0.1 -1.0  0.0  0.0  0.0 32.110010615川端海翼　　5303101 225.3  27.51021466+ 2   331035                       
0725520206 34.0  0.2  0.0  0.0  0.0  0.0 34.200010617佐々木大輔　5500101  16.8   3.11021440-10   331035                       
0725520207 57.0  3.1  4.8  3.5  3.3  0.0 71.700010455池添謙一　　5500101   2.4   1.11021466+ 2111321035                       
0725520208 43.0  0.1 -1.0  0.0  0.0  0.0 42.100010611松本大輝　　5501101 115.4  12.31021466+ 2   331035                       
0725520209 36.0  0.1 -1.0  0.0  0.0  0.0 35.110010604原優介　　　5600101  38.8   6.21021464- 4   321035                       
0725520210 26.0  0.1 -1.0  0.0  0.0  0.0 25.110010632柴田裕一郎　5402101 153.0  24.91021492+ 6   331035                       
0725520211 45.0  0.5  0.4  0.0  1.9  0.0 47.800010610古川奈穂　　5303101  12.1   2.51021472- 4 65371035                       
0725520212 43.5  2.6  3.8  2.5  2.3  0.0 54.710010512川田将雅　　5600101   6.6   1.91021476+30322321035                       
0725520213 36.0  1.1  2.5  1.5  2.0  0.0 43.110010583坂井瑠星　　5500101  11.6   2.91021476- 255 331035                       
0725520214 43.1  0.4  0.0  0.0  0.0  0.0 43.510010596亀田温心　　5500101  28.2   5.01021464+ 2  6331035                       
0725520215 29.0  0.4 -1.0  0.0  0.0  0.0 28.400030182岩田康誠　　5600101 113.5  12.11021446- 2   331035                       
0725520216 33.0  1.0  0.0  3.0  2.1  0.0 39.110010594岩田望来　　5500101   5.9   1.81021460- 424 331035                       
0725520301 50.0  1.2  2.2  2.0  0.0  0.0 55.400010561中井裕二　　5700101   5.9   1.61048490+ 2493231105                       
0725520302 33.0  0.2 -1.0  0.0  0.0  0.0 32.200010611松本大輝　　5601101  66.6  11.81048472+ 6   321105                       
0725520303 41.0  1.4  1.5  0.0  2.3  0.0 46.200010512川田将雅　　5700101  13.8   3.11048490+ 6 2 321105                       
0725520304 40.0  2.1  3.2  3.5  3.3  0.0 52.100070234Ｃ．ルメール5700101   3.3   1.41048508+ 6116321105                       
0725520305 41.0  0.2 -1.0  0.0  0.0  0.0 40.200010614大久保友雅　5503101  97.1  21.01048520+ 4   221105                       
0725520306 47.0  0.8  0.0  3.0  2.1  0.0 52.900010591西村淳也　　5700101   4.9   1.91048506+16245371105                       
0725520307 43.0  0.4 -1.0  0.0  0.0  0.0 42.410010594岩田望来　　5700101  31.7   6.51048504+ 4   321105                       
0725520308 41.0  0.2 -1.0  0.0  0.0  0.0 40.200070371Ｆ．ジェルー5600101 127.3  16.31048504  0   231105                       
0725520309 50.1  2.4  3.3  2.5  2.2  0.0 60.500010583坂井瑠星　　5700101   5.9   1.51048488  0331321105                       
0725520310 50.3  1.4  2.5  0.0  0.0  0.0 54.200030468戸崎圭太　　5700101  17.0   3.21048490+16  4331105                       
0725520311 36.0  0.4 -1.0  0.0  2.0  0.0 37.400010617佐々木大輔　5500101  57.7   9.41048500+10 5 381105                       
0725520312 40.0  0.4 -1.0  0.0  0.0  0.0 39.410030182岩田康誠　　5500101  14.4   6.81048486+10   331105                       
0725520313 32.0  0.2 -1.0  0.0  0.0  0.0 31.210010596亀田温心　　5800101 157.0  29.01048464  0   331105                       
0725520314 53.0  1.1  2.5  1.5  1.9  0.0 60.010010355武豊　　　　5800101   7.9   1.91048448+ 4562331105                       
0725520401 28.0  0.2 -1.0  0.0  0.0  0.0 27.200010621水沼元輝　　5203101 108.2  13.81117400- 6   371135                       
0725520402 36.0  0.8  1.1  3.0  1.9  0.0 42.800010583坂井瑠星　　5500101   4.2   2.01117464- 4264321135                       
0725520403 31.0  0.5  0.2  1.5  0.0  0.0 33.200010355武豊　　　　5500101  11.9   3.01117424+ 259 321135                       
0725520404 20.0  0.2 -1.0  0.0  0.0  0.0 19.200010529黛弘人　　　5500101 192.4  23.01117412- 2   321135                       
0725520405 28.0  0.4  0.0  0.0  2.1  0.0 30.510010617佐々木大輔　5500101  18.8   3.91117468  0 4 321135                       
0725520406 34.0  0.8  0.0  0.0  0.0  0.0 34.810070371Ｆ．ジェルー5600101  14.9   3.31117500-10   321135                       
0725520407 20.0  0.1 -1.0  0.0  0.0  0.0 19.100010545国分優作　　5500101 220.4  22.61117450- 4   371135                       
0725520408 35.0  0.5  1.8  0.0  2.2  0.0 39.500010588富田暁　　　5500101  25.8   4.01117408- 4 36331135                       
0725520409 28.0  0.2 -1.0  0.0  0.0  0.0 27.200010610古川奈穂　　5203101  36.5   5.51117414- 4   331135                       
0725520410 39.0  2.6  5.1  2.5  2.3  0.0 51.500010591西村淳也　　5600101   4.9   1.71117456+ 4322321135                       
0725520411 40.0  0.2  0.0  0.0  0.0  0.0 40.200010604原優介　　　5600101  19.0   2.61117454- 2  5231135                       
0725520412 30.2  0.6  1.4  0.0  0.0  0.0 32.200010455池添謙一　　5500101  43.9   7.71117446- 8   331135                       
0725520413 40.1  2.3  3.2  3.5  3.3  0.0 52.400070234Ｃ．ルメール5500101   3.3   1.21117478  0111321135                       
0725520414 36.2  2.3  2.1  2.0  2.0  0.0 44.600010546松山弘平　　5500101   6.6   1.81117442+ 2453371135                       
0725520501 36.7  1.4  2.1  3.5  3.3  0.0 47.000070234Ｃ．ルメール5600101   3.2   1.71208422   113321225                       
0725520502 20.0  0.2 -1.0  0.0  0.0  0.0 19.200010624河原田菜々　5100101 102.1  13.21208390      321225                       
0725520503 35.8  1.9  2.0  3.0  0.0  0.0 42.700030468戸崎圭太　　5500101   6.0   1.91208464   295221225                       
0725520504 20.0  0.0 -1.0  0.0  0.0  0.0 19.000010545国分優作　　5500101 158.2  19.41208446      371225                       
0725520505 20.0  0.1  0.0  0.0  0.0  0.0 20.100010588富田暁　　　5600101  58.6   9.21208460      231225                       
0725520506 20.0  0.0 -1.0  0.0  0.0  0.0 19.000010611松本大輝　　5401101 173.2  23.81208424      331225                       
0725520507 26.8  0.2  0.2  0.0  0.0  0.0 27.200010642森田誠也　　5203101  62.2  10.81208452      321225                       
0725520508 33.0  0.9  1.5  2.0  2.0  0.0 39.400010510吉田隼人　　5500101  10.8   2.91208522   456321225                       
0725520509 20.0  0.1  0.0  0.0  0.0  0.0 20.100010604原優介　　　5500101 121.4  21.41208390      331225                       
0725520510 20.0  0.5 -1.0  0.0  0.0  0.0 19.500010594岩田望来　　5600101  10.9   2.01208490      321225                       
0725520511 33.9  1.2  1.7  0.0  2.1  0.0 38.900070371Ｆ．ジェルー5600101   7.2   2.21208504    4 221225                       
0725520512 37.0  1.6  2.1  1.5  2.2  0.0 44.400010355武豊　　　　5600101   8.1   2.41208502   534321225                       
0725520513 20.0  0.0 -1.0  0.0  0.0  0.0 19.000010562長岡禎仁　　5600101  87.2  13.81208448      221225                       
0725520514 20.0  0.5  0.0  0.0  0.0  0.0 20.500010591西村淳也　　5500101  43.8   7.31208428      331225                       
0725520515 20.0  0.2 -1.0  0.0  0.0  0.0 19.200010544国分恭介　　5500101 124.0  14.61208392      331225                       
0725520516 49.1  1.6  4.4  0.0  2.3  0.0 57.400010617佐々木大輔　5500101  10.5   3.01208456    21321225                       
0725520517 40.7  1.4  2.8  2.5  1.9  0.0 49.300010546松山弘平　　5500101   7.5   2.61208456   362331225                       
0725520601 44.1  2.4  2.9  3.0  1.9  0.0 54.310070234Ｃ．ルメール5500101   5.6   1.81240462- 6263321255                       
0725520602 43.7  1.1  2.4  1.5  0.0  0.0 48.710010546松山弘平　　5800101   6.5   1.91240476  05 6371255                       
0725520603 44.0  0.1  0.0  0.0  0.0  0.0 44.100010617佐々木大輔　5500101  71.2  12.11240428- 4   331255                       
0725520604 49.1  1.2  4.7  2.0  3.3  0.0 60.300010355武豊　　　　5800101   7.1   2.21240534- 2411321255                       
0725520605 36.0  0.4 -1.0  0.0  0.0  0.0 35.400010594岩田望来　　5700101  67.5   5.51240488- 4   331255                       
0725520606 43.0  0.5  0.3  0.0  0.0  0.0 43.800070371Ｆ．ジェルー5700101  17.2   3.61240536+ 4 9 321255                       
0725520607 18.0  0.1 -1.0  2.5  2.0  0.0 21.600010611松本大輝　　5401101  18.8   4.71240452  035 331255                       
0725520608 42.0  0.4  0.0  0.0  0.0  0.0 42.400030182岩田康誠　　5800101  88.7  10.71240456- 2   321255                       
0725520609 33.4  0.2 -1.0  0.0  2.1  0.0 34.712010544国分恭介　　5800101 213.6  28.71240518+ 8 4 221255                       
0725520610 37.0  0.2  0.0  0.0  0.0  0.0 37.200010632柴田裕一郎　5602101 128.4  11.01240516- 8   371255                       
0725520611 51.0  0.3  0.0  0.0  0.0  0.0 51.300010529黛弘人　　　5700101  15.7   3.41240452  0  5331255                       
0725520612 38.4  1.0  0.6  0.0  0.0  0.0 40.000010542三浦皇成　　5800101  17.2   3.91240502+ 8   321255                       
0725520613 40.0  0.1 -1.0  0.0  0.0  0.0 39.100010610古川奈穂　　5503101  54.3  10.11240508  0   321255                       
0725520614 47.0  2.6  3.4  3.5  2.2  0.0 58.700010512川田将雅　　5700101   3.0   1.51240512  0132321255                       
0725520615 49.0  0.8  1.9  0.0  2.3  0.0 54.000010508藤岡佑介　　5800101   7.5   2.21240472- 4 24321255                       
0725520616 34.0  0.3 -1.0  0.0  0.0  0.0 33.310010455池添謙一　　5800101  79.3  13.01240504+ 4   231255                       
0725520701 40.1  0.9  1.4  0.0  0.0  0.0 42.400010611松本大輝　　5701101  15.1   3.41305508  0   331325                       
0725520702 42.0  1.6  3.8  2.0  2.1  0.0 51.500010583坂井瑠星　　5500101   7.2   2.01305438+ 4442321325                       
0725520703 36.0  2.6  4.0  1.5  2.0  0.0 46.100010591西村淳也　　5500101   5.7   1.81305452+ 2555331325                       
0725520704 39.1  0.5  0.0  2.5  2.3  0.0 44.400010614大久保友雅　5203101   6.5   2.61305494- 4326331325                       
0725520705 39.0  0.2 -1.0  0.0  0.0  0.0 38.200010621水沼元輝　　5303101  59.3   8.41305474- 8   221325                       
0725520706 25.0  0.2 -1.0  0.0  0.0  0.0 24.200010604原優介　　　5800101  91.2  12.91305528+ 8   331325                       
0725520707 40.0  1.9  4.2  3.5  3.3  0.0 52.900010355武豊　　　　5700101   3.7   1.71305462+ 4111371325                       
0725520708 34.0  0.8  2.5  0.0  0.0  0.0 37.300010562長岡禎仁　　5500101   9.4   3.71305464- 2   321325                       
0725520709 45.0  0.4  0.5  0.0  1.9  0.0 47.800070371Ｆ．ジェルー5600101  23.8   4.31305452  0 64331325                       
0725520710 30.0  0.2  0.0  0.0  0.0  0.0 30.200010588富田暁　　　5800101  42.5   8.61305490+16   231325                       
0725520711 30.0  0.2 -1.0  0.0  0.0  0.0 29.200010624河原田菜々　5400101  91.7  11.51305500- 2   331325                       
0725520712 39.0  0.7  0.0  0.0  0.0  0.0 39.700030182岩田康誠　　5600101   9.6   2.01305446- 6   331325                       
0725520713 10.0  0.2 -1.0  0.0  0.0  0.0  9.200010635橋木太希　　5403101 228.7  24.51305516+16   231325                       
0725520714 41.0  1.1  1.9  3.0  2.2  0.0 49.200010546松山弘平　　5500101   7.2   2.31305506+ 8233371325                       
0725520801 46.8  1.1  2.4  2.5  2.0  0.0 54.800010583坂井瑠星　　5500101   6.9   2.11336440- 2353371355                       
0725520802 39.0  0.3 -1.0  0.0  0.0  0.0 38.300030182岩田康誠　　5600101  36.5   7.61336526  0   371355                       
0725520803 36.0  0.2 -1.0  0.0  0.0  0.0 35.200010529黛弘人　　　5600101 107.0  11.71336448+ 4   331355                       
0725520804 45.0  0.8  0.3  2.0  2.2  0.0 50.300030468戸崎圭太　　5800101  12.0   2.71336504+ 6434221355                       
0725520805 35.6  0.1 -1.0  0.0  0.0  0.0 34.700010611松本大輝　　5701101  71.6  10.61336456+ 4   331355                       
0725520806 52.0  2.6  5.1  3.0  3.3  0.0 66.000010594岩田望来　　5700101   4.2   1.51336514- 4211371355                       
0725520807 53.0  2.6  4.1  3.5  2.3  0.0 65.500010546松山弘平　　5500101   3.1   1.31336468+ 2122321355                       
0725520808 41.4  1.0  1.2  0.0  1.9  0.0 45.500010591西村淳也　　5700101  12.6   3.11336480+10 66321355                       
0725520809 46.0  0.2 -1.0  0.0  0.0  0.0 45.200010542三浦皇成　　5600101  34.4   6.11336446- 4   221355                       
0725520810 33.0  0.1 -1.0  0.0  0.0  0.0 32.100010624河原田菜々　5100101  42.5   7.51336454-20   321355                       
0725520811 43.0  0.4 -1.0  0.0  0.0  0.0 42.400010617佐々木大輔　5700101  17.8   3.81336464+ 2   331355                       
0725520812 43.2  0.5  0.4  0.0  0.0  0.0 44.100010596亀田温心　　5600101  40.2   5.81336440  0   321355                       
0725520813 40.1  0.1  0.0  0.0  2.1  0.0 42.300010561中井裕二　　5800101 111.4  14.21336470+ 2 4 331355                       
0725520814 45.1  0.4  0.0  0.0  0.0  0.0 45.500010455池添謙一　　5600101  26.9   3.41336444+ 4   321355                       
0725520815 40.0  0.5  0.0  1.5  0.0  0.0 42.000010510吉田隼人　　5800101  12.5   4.01336488+ 25  231355                       
0725520816 39.0  0.0 -1.0  0.0  0.0  0.0 38.000010604原優介　　　5600101  76.8  14.01336490-24   331355                       
0725520817 42.0  0.1 -1.0  0.0  0.0  0.0 41.100010632柴田裕一郎　5602101  55.2   8.31336482+ 4   321355                       
0725520818 44.6  0.8  2.1  0.0  0.0  0.0 47.500070371Ｆ．ジェルー5500101  18.9   4.21336420- 6 95321355                       
0725520901 51.0  1.6  2.5  3.5  3.3  0.0 61.900070234Ｃ．ルメール5500101   3.5   1.41411486- 6112321425                       
0725520902 47.0  0.1 -1.0  0.0  0.0  0.0 46.100010561中井裕二　　5600101 126.8  21.81411460  0   321425                       
0725520903 53.0  0.7  0.3  0.0  2.3  0.0 56.300010545国分優作　　5600101  10.9   2.81411490+ 2 24321425                       
0725520904 43.0  0.3 -1.0  0.0  0.0  0.0 42.300010510吉田隼人　　5600101 112.6  17.41411450-12   321425                       
0725520905 50.9  2.4  4.0  3.0  2.0  0.0 62.300030468戸崎圭太　　5500101   4.4   1.71411464+ 4251331425                       
0725520906 52.0  0.1 -1.0  0.0  0.0  0.0 51.100010588富田暁　　　5600101  47.6   8.31411430- 2   331425                       
0725520907 46.0  1.2  2.4  2.5  1.9  0.0 54.000010591西村淳也　　5500101   7.8   2.51411466+ 4366321425                       
0725520908 30.0  0.2  0.0  0.0  0.0  0.0 30.200010617佐々木大輔　5600101  43.5   6.51411508+ 2   321425                       
0725520909 50.3  1.1  1.1  1.5  2.1  0.0 56.100010546松山弘平　　5600101   8.6   2.51411454-20545331425                       
0725520910 48.0  1.0  0.5  2.0  0.0  0.0 51.500010583坂井瑠星　　5500101  13.4   2.81411438- 649 321425                       
0725520911 40.0  0.4  0.0  0.0  0.0  0.0 40.400010632柴田裕一郎　5600101  42.2   6.71411454  0   321425                       
0725520912 49.8  1.0  0.0  0.0  0.0  0.0 50.800010594岩田望来　　5500101  10.8   3.21411478  0   321425                       
0725520913 57.0  0.7  0.0  0.0  0.0  0.0 57.700030182岩田康誠　　5600101  14.3   3.11411470- 2  3331425                       
0725520914 32.0  0.2 -1.0  0.0  0.0  0.0 31.200010544国分恭介　　5600101  66.1   6.11411516+ 1   321425                       
0725520915 52.1  0.4 -1.0  0.0  2.2  0.0 53.700010508藤岡佑介　　5500101  45.3   6.71411488+12 3 331425                       
0725520916 48.0  0.5 -1.0  0.0  0.0  0.0 47.500010604原優介　　　5500101  20.5   4.31411442  0   271425                       
0725521001 54.1  0.8  0.3  0.0  0.0  0.0 55.210030468戸崎圭太　　5500101  11.1   2.61443502  0   221501                       
0725521002 52.0  0.2 -1.0  0.0  0.0  0.0 51.200010632柴田裕一郎　5200101  29.3   6.41443484  0   321501                       
0725521003 40.0  0.2 -1.0  0.0  0.0  0.0 39.202010642森田誠也　　5000101 142.7  20.21443468- 2   221501                       
0725521004 50.0  0.5 -1.0  0.0  1.9  0.0 51.400010510吉田隼人　　5300101  30.9   6.81443422-10 6 321501                       
0725521005 55.0  1.1  0.0  0.0  2.3  0.0 58.410010544国分恭介　　5400101  10.2   2.11443450- 4 26321501                       
0725521006 54.0  0.6  1.2  0.0  0.0  0.0 55.800010455池添謙一　　5300101  19.4   3.91443490- 2   321501                       
0725521007 55.1  0.8  0.5  0.0  0.0  0.0 56.400010583坂井瑠星　　5300101  13.4   3.81443434- 4   331501                       
0725521008 53.0  1.4  3.2  2.5  2.2  0.0 62.310070234Ｃ．ルメール5500101   4.2   1.81443490- 4334371501                       
0725521009 56.0  1.1  2.0  2.0  2.0  0.0 63.100010591西村淳也　　5600101  10.4   2.61443458+ 8453331501                       
0725521010 57.0  2.3  4.6  3.0  3.3  0.0 70.200010594岩田望来　　5300101   4.0   1.41443438- 2211321501                       
0725521011 45.0  0.2 -1.0  0.0  0.0  0.0 44.202010610古川奈穂　　5100101 105.3  12.71443498+ 2   321501                       
0725521012 58.0  0.5  0.0  1.5  0.0  0.0 60.000010611松本大輝　　5500101  25.6   3.31443504  05 5321501                       
0725521013 56.1  2.7  2.5  3.5  2.1  0.0 66.910010512川田将雅　　5500101   4.2   1.41443480+ 2142321501                       
0725521101 62.6  0.2 -1.0  0.0  0.0  0.0 61.800010594岩田望来　　5800101 109.7  13.21516490- 2   321540                       
0725521102 75.0  1.4  1.9  2.5  2.2  0.0 83.000010583坂井瑠星　　5600101   6.1   1.91516474- 2332371540                       
0725521103 70.0  0.6  1.2  0.0  0.0  0.0 71.800010355武豊　　　　5800101  14.7   3.01516504+10   221540                       
0725521104 67.8  0.1  0.0  0.0  0.0  0.0 67.900010591西村淳也　　5800101 119.4  15.11516538+10   371540                       
0725521105 50.0  0.0 -1.0  0.0  0.0  0.0 49.000010604原優介　　　5800101 240.1  34.31516466- 9   321540                       
0725521106 66.4  0.4  0.0  0.0  0.0  0.0 66.800030182岩田康誠　　5800101  94.0   8.71516494  0   321540                       
0725521107 72.0  1.0  2.9  0.0  1.9  0.0 77.800010542三浦皇成　　5800101  13.2   3.01516516  0 64321540                       
0725521108 68.0  1.4  2.0  3.0  2.3  0.0 76.700010512川田将雅　　5800101   6.8   1.91516484- 3225321540                       
0725521109 69.1  0.9  1.4  1.5  0.0  0.0 72.900010546松山弘平　　5800101   9.8   2.61516492- 65  311540                       
0725521110 67.0  0.2  0.0  0.0  0.0  0.0 67.200010545国分優作　　5600101  45.1   5.91516496+ 1   321540                       
0725521111 68.3  1.2  0.5  2.0  2.0  0.0 74.000070234Ｃ．ルメール5800101   8.7   2.41516502- 1456321540                       
0725521112 72.1  2.6  4.1  3.5  3.3  0.0 85.600030468戸崎圭太　　5700101   2.4   1.41516508+ 3111321540                       
0725521113 67.0  0.6  0.0  0.0  0.0  0.0 67.600010455池添謙一　　5800101  29.0   4.81516524+17 9 321540                       
0725521114 68.1  0.3 -1.0  0.0  0.0  0.0 67.400010508藤岡佑介　　5800101 102.7  12.71516526- 4   321540                       
0725521115 68.2  0.1 -1.0  0.0  0.0  0.0 67.300010617佐々木大輔　5800101 176.3  20.11516484+ 2   371540                       
0725521116 76.0  1.4  3.5  0.0  2.1  0.0 83.000070371Ｆ．ジェルー5700101  12.7   2.91516550+ 6 43271540                       
0725521201 48.3  1.1  2.6  2.5  2.0  0.0 56.500010355武豊　　　　5600101   6.0   1.71601470- 6354371630                       
0725521202 38.0  0.2 -1.0  0.0  0.0  0.0 37.200010611松本大輝　　5600101  47.7   8.21601478+ 6   321630                       
0725521203 52.0  2.3  3.4  2.0  2.3  0.0 62.000010546松山弘平　　5600101   4.8   1.41601460- 4422331630                       
0725521204 37.0  0.5 -1.0  0.0  0.0  0.0 36.500030182岩田康誠　　5600101  30.5   5.91601488+ 6   331630                       
0725521205 48.2  2.1  3.3  3.0  2.2  0.0 58.800030468戸崎圭太　　5800101   4.0   1.31601438+ 6233371630                       
0725521206 45.0  1.6  3.2  1.5  1.9  0.0 53.200010583坂井瑠星　　5600101   8.4   2.11601454+ 2565321630                       
0725521207 48.0  0.9  1.4  0.0  2.1  0.0 52.400010617佐々木大輔　5800101  13.8   2.81601466+ 4 46331630                       
0725521208 47.0  0.5  0.7  0.0  0.0  0.0 48.200010596亀田温心　　5600101  47.2   6.91601464+ 4   331630                       
0725521209 40.4  0.7  0.0  0.0  0.0  0.0 41.100010591西村淳也　　5400101  23.3   4.41601486  0   321630                       
0725521210 54.9  1.9  4.0  3.5  3.3  0.0 67.600010594岩田望来　　5600101   3.1   1.41601466+ 6111321630                       
0925520101 25.0  0.4  0.0  0.0  0.0  0.0 25.410010601秋山稔樹　　5500101  56.1   6.00921474+ 4  6320945                       
0925520102 18.0  0.5 -1.0  0.0  0.0  0.0 17.510010613今村聖奈　　5300101  43.3   4.30921462+ 2   220945                       
0925520103 14.0  0.7  0.9  2.0  1.9  0.0 19.500010640田山旺佑　　5203101  13.1   2.10921436  046 330945                       
0925520104 33.0  0.9  2.1  0.0  2.2  0.0 38.210010600団野大成　　5500101  15.6   2.20921554- 4 34320945                       
0925520105 15.0  0.4 -1.0  0.0  0.0  0.0 14.400010636吉村誠之助　5401101  72.4   7.30921424- 2   320945                       
0925520106 20.0  0.4 -1.0  0.0  0.0  0.0 19.400010643和田陽希　　5203101 125.3  10.90921450-12   330945                       
0925520107 28.1  1.8  2.6  2.5  2.0  0.0 37.012010522北村友一　　5500101   6.5   1.50921490+ 4355320945                       
0925520108 36.0  1.1  2.1  1.5  2.1  0.0 42.800010605小沢大仁　　5500101   9.6   1.70921440  0543370945                       
0925520109 40.0  2.9  3.7  3.0  3.3  0.0 52.910010578鮫島克駿　　5500101   3.9   1.10921464- 6212320945                       
0925520110 41.1  3.1  4.1  3.5  2.3  0.0 54.100070370Ａ．プーシャ5500101   1.8   1.10921466+ 6121320945                       
0925520201 15.0  0.2 -1.0  0.0  1.9  0.0 16.100010578鮫島克駿　　5600101  44.5   7.90956432+14 6 321015                       
0925520202 19.0  1.4  1.1  3.0  2.2  0.0 26.710010633高杉吏麒　　5600101   5.7   2.20956506- 423 221015                       
0925520203 32.1  0.7  0.7  1.5  0.0  0.0 35.010010574松若風馬　　5600101  10.6   2.60956460  05 3321015                       
0925520204 14.0  0.2 -1.0  0.0  0.0  0.0 13.210010457酒井学　　　5500101 125.6  16.80956470+ 4   331015                       
0925520205 32.0  0.7  1.8  0.0  0.0  0.0 34.500010640田山旺佑　　5303101  24.7   4.30956526- 4  4221015                       
0925520206 18.0  1.8  3.4  0.0  2.1  0.0 25.310010522北村友一　　5600101   8.1   3.20956512  0 4 221015                       
0925520207 14.0  0.3  0.0  0.0  0.0  0.0 14.300070176Ｍ．デムーロ5600101  43.4   6.20956484- 4   221015                       
0925520208 36.0  3.1  3.5  3.5  2.3  0.0 48.400070370Ａ．プーシャ5500101   3.6   1.40956452  0121321015                       
0925520209 27.0  0.8  0.0  0.0  0.0  0.0 27.800010613今村聖奈　　5400101   6.3   2.60956464+ 2  6371015                       
0925520210 14.0  0.2 -1.0  0.0  0.0  0.0 13.201010605小沢大仁　　5600101  88.3  16.00956472  0   321015                       
0925520211 33.0  0.8  0.5  2.5  3.3  0.0 40.100010628田口貫太　　5600101  13.0   2.50956432  0312331015                       
0925520212 17.3  0.2  0.0  0.0  0.0  0.0 17.512010636吉村誠之助　5501101  15.7   3.80956498+ 6   321015                       
0925520213 23.0  1.0  1.0  2.0  2.0  0.0 29.000010600団野大成　　5600101  10.1   2.50956444-14455321015                       
0925520214 15.7  0.4  0.0  0.0  0.0  0.0 16.100010438和田竜二　　5600101  65.0   9.40956490  0   321015                       
0925520215 14.0  0.4  0.0  0.0  0.0  0.0 14.410010601秋山稔樹　　5600101  16.2   4.10956492  0   321015                       
0925520216 22.0  0.1 -1.0  0.0  0.0  0.0 21.100010558藤懸貴志　　5500101 164.9  21.70956432  0   321015                       
0925520301 34.0  1.1  1.2  2.5  2.1  0.0 40.911010633高杉吏麒　　5500101   7.8   2.21026428+ 4344321045                       
0925520302 27.0  0.2  0.0  0.0  0.0  0.0 27.200010600団野大成　　5500101  21.5   4.81026470+ 8   371045                       
0925520303 31.0  0.4  1.4  1.5  0.0  0.0 34.300010620西塚洸二　　5401101  12.9   3.01026460- 25 6321045                       
0925520304 19.0  0.1 -1.0  0.0  1.9  0.0 20.000010636吉村誠之助　5401101  57.9   9.61026470- 4 6 321045                       
0925520305 29.0  0.1  0.0  0.0  0.0  0.0 29.100010598斎藤新　　　5500101 104.8  12.51026446- 2   321045                       
0925520306 29.0  0.2  0.0  0.0  0.0  0.0 29.200010628田口貫太　　5500101  19.7   3.61026414  0   321045                       
0925520307 20.0  0.3 -1.0  0.0  0.0  0.0 19.300010438和田竜二　　5500101  33.7   6.81026424+ 4   321045                       
0925520308 31.1  1.4  2.1  3.0  2.2  0.0 39.800070370Ａ．プーシャ5500101   3.9   1.71026456- 4235321045                       
0925520309 19.0  0.2 -1.0  0.0  0.0  0.0 18.210010605小沢大仁　　5600101 180.2  32.21026460+ 2   371045                       
0925520310 19.0  0.0  0.0  0.0  0.0  0.0 19.000010558藤懸貴志　　5600101 132.8  14.31026484  0   321045                       
0925520311 35.1  2.6  3.2  2.0  2.3  0.0 45.200010640田山旺佑　　5203101   4.4   1.91026408- 2421321045                       
0925520312 28.1  0.2 -1.0  0.0  0.0  0.0 27.312010643和田陽希　　5303101  46.7   8.61026506  0   321045                       
0925520313 35.0  2.3  3.0  0.0  3.3  0.0 43.600010564菱田裕二　　5500101  13.3   3.51026434- 4 12321045                       
0925520314 23.0  0.2 -1.0  0.0  0.0  0.0 22.212010457酒井学　　　5600101 121.0  14.81026376+ 2   321045                       
0925520315 32.4  1.0  2.0  3.5  2.0  0.0 40.900010574松若風馬　　5600101   4.8   1.91026466+ 4153321045                       
0925520316 30.9  1.1  1.9  0.0  0.0  0.0 33.900010578鮫島克駿　　5500101  15.0   3.71026428- 2   321045                       
0925520317 23.0  0.1  0.0  0.0  0.0  0.0 23.100010586川又賢治　　5600101 180.8  16.31026440+ 4   321045                       
0925520318 30.0  0.1  0.0  0.0  0.0  0.0 30.100010572小崎綾也　　5500101  57.6   6.41026446+ 4   321045                       
0925520401 29.0  0.5  0.1  0.0  0.0  0.0 29.610010574松若風馬　　5600101  16.1   2.91054482  0   221115                       
0925520402 37.0  1.1  0.9  1.5  2.0  0.0 42.510010613今村聖奈　　5300101   6.5   1.81054450- 2553321115                       
0925520403 30.0  0.2  0.0  0.0  0.0  0.0 30.200010572小崎綾也　　5600101  38.3   5.61054466  0   321115                       
0925520404 29.0  1.2  1.5  0.0  2.1  0.0 33.800010598斎藤新　　　5500101  12.9   2.31054502- 6 46321115                       
0925520405 42.0  2.6  3.3  3.0  2.3  0.0 53.210070370Ａ．プーシャ5600101   3.8   1.51054490+ 8221321115                       
0925520406 32.0  2.4  2.9  2.0  2.2  0.0 41.500010438和田竜二　　5600101   5.2   1.41054492- 2434321115                       
0925520407 33.0  0.7  0.0  2.5  0.0  0.0 36.200010339横山典弘　　5600101   8.1   1.71054462- 23 5321115                       
0925520408 39.0  3.0  3.3  3.5  3.3  0.0 52.100010628田口貫太　　5600101   2.7   1.11054464- 4112321115                       
0925520501 29.0  1.1  1.5  2.0  1.9  0.0 35.500010628田口貫太　　5600101  12.5   2.71148460   464321205                       
0925520502 15.0  0.1 -1.0  0.0  0.0  0.0 14.100010640田山旺佑　　5203101  53.8  10.11148456      321205                       
0925520503 15.0  0.2  0.0  0.0  0.0  0.0 15.200010598斎藤新　　　5500101  73.9  13.21148446      321205                       
0925520504 22.2  0.5  0.4  1.5  0.0  0.0 24.600010600団野大成　　5600101   9.4   2.71148478   5  221205                       
0925520505 34.5  1.9  2.8  0.0  3.3  0.0 42.500010620西塚洸二　　5501101   6.8   1.91148460    12321205                       
0925520506 15.6  0.2 -1.0  0.0  0.0  0.0 14.800010633高杉吏麒　　5500101  17.0   4.51148406    9 321205                       
0925520507 23.0  0.5  0.5  0.0  2.1  0.0 26.100010572小崎綾也　　5600101  16.7   4.21148444    46321205                       
0925520508 15.0  0.3  0.0  2.5  0.0  0.0 17.800010522北村友一　　5600101   9.8   3.31148464   3  321205                       
0925520509 29.1  1.0  1.5  3.5  2.0  0.0 37.100070176Ｍ．デムーロ5600101   4.1   1.81148502   153321205                       
0925520510 15.0  0.1 -1.0  0.0  0.0  0.0 14.100010519鮫島良太　　5500101 120.9  23.21148434      321205                       
0925520511 15.0  0.2  0.0  0.0  0.0  0.0 15.200010564菱田裕二　　5600101  40.1   9.61148426      321205                       
0925520512 18.8  1.1  0.0  0.0  0.0  0.0 19.900010438和田竜二　　5600101  20.6   4.21148494      321205                       
0925520513 22.5  0.3  0.3  0.0  0.0  0.0 23.100010339横山典弘　　5600101  19.8   4.61148448      321205                       
0925520514 15.0  0.2 -1.0  0.0  0.0  0.0 14.200010643和田陽希　　5203101 161.1  31.61148398      321205                       
0925520515 15.3  0.4 -1.0  0.0  0.0  0.0 14.700010636吉村誠之助　5501101  34.2   7.11148464      321205                       
0925520516 27.9  1.0  1.6  0.0  2.2  0.0 32.700070370Ａ．プーシャ5600101  17.7   4.41148434    35321205                       
0925520517 40.3  2.6  3.9  3.0  2.3  0.0 52.100010578鮫島克駿　　5600101   4.9   1.91148488   221321205                       
0925520601 23.1  1.4  1.6  0.0  0.0  0.0 26.100010564菱田裕二　　5500101   6.1   2.11215448     5321235                       
0925520602 17.9  1.0  0.4  3.0  2.0  0.0 24.300170176Ｍ．デムーロ5600101   4.7   1.71215500   256321235                       
0925520603 10.3  0.4  0.0  0.0  0.0  0.0 10.700010574松若風馬　　5600101  21.5   4.61215510      321235                       
0925520604 11.0  0.7  0.0  0.0  1.9  0.0 13.600010636吉村誠之助　5501101  20.6   3.91215496    6 321235                       
0925520605 31.0  1.5  2.8  2.5  2.1  0.0 39.902010438和田竜二　　5600101   6.4   1.91215512   344321235                       
0925520606 32.4  2.1  3.0  2.0  2.3  0.0 41.800010600団野大成　　5500101   5.8   1.81215496   421371235                       
0925520607 32.8  1.6  2.9  1.5  2.2  0.0 41.000070370Ａ．プーシャ5600101   5.7   2.11215472   533371235                       
0925520608 29.9  2.4  2.5  3.5  3.3  0.0 41.600010578鮫島克駿　　5500101   6.1   2.01215438   112321235                       
0925520609 10.0  0.4 -1.0  0.0  0.0  0.0  9.400010640田山旺佑　　5303101  32.9   5.21215508      321235                       
0925520610 12.9  0.7  0.0  0.0  0.0  0.0 13.600010628田口貫太　　5600101  10.9   2.71215506      221235                       
0925520701 30.0  0.2  0.0  0.0  1.9  0.0 32.100010564菱田裕二　　5500101  55.7   8.71247470-14 6 321305                       
0925520702 39.0  1.1  1.6  0.0  0.0  0.0 41.700010578鮫島克駿　　5600101  13.1   2.41247432- 2   331305                       
0925520703 46.0  1.6  2.1  3.0  2.3  0.0 55.000070370Ａ．プーシャ5500101   4.1   1.51247488+10222321305                       
0925520704 48.0  3.1  3.5  3.5  3.3  0.0 61.400010636吉村誠之助　5401101   3.1   1.31247468- 2111321305                       
0925520705 40.7  0.7  0.8  0.0  0.0  0.0 42.210010598斎藤新　　　5500101  15.4   3.21247472+12   371305                       
0925520706 43.1  1.9  2.2  2.0  2.2  0.0 51.400010628田口貫太　　5600101   9.9   2.21247498- 2433331305                       
0925520707 42.0  1.2  2.3  2.5  2.1  0.0 50.102010633高杉吏麒　　5500101   5.9   1.61247446- 4344321305                       
0925520708 36.0  0.5  0.0  0.0  0.0  0.0 36.500010600団野大成　　5600101  16.6   4.11247442+ 8   331305                       
0925520709 41.0  0.6  0.0  1.5  0.0  0.0 43.110010436古川吉洋　　5500101   9.5   3.01247512+105 6321305                       
0925520710 39.0  0.7  1.7  0.0  2.0  0.0 43.410010640田山旺佑　　5203101  17.4   3.21247490- 8 55321305                       
0925520711 27.0  0.4  0.0  0.0  0.0  0.0 27.402010574松若風馬　　5500101  21.5   5.41247410+ 4   321305                       
0925520801 43.0  0.4 -1.0  0.0  0.0  0.0 42.400010572小崎綾也　　5800101  48.0   4.41314530  0   221335                       
0925520802 47.0  0.9  0.4  2.0  2.1  0.0 52.410010628田口貫太　　5800101  11.3   1.81314506  0446321335                       
0925520803 55.0  2.1  2.5  2.5  2.0  0.0 64.100010438和田竜二　　5700101   5.3   1.31314444+ 4353321335                       
0925520804 50.8  1.4  2.2  1.5  1.9  0.0 57.810010600団野大成　　5800101  10.2   2.01314500+ 2565221335                       
0925520805 54.0  0.7  1.3  0.0  2.2  0.0 58.200010558藤懸貴志　　5800101  16.1   1.91314492  0 34321335                       
0925520806 57.0  3.3  4.3  3.5  3.3  0.0 71.400010339横山典弘　　5700101   1.8   1.11314494- 6111321335                       
0925520807 56.0  2.6  3.8  3.0  2.3  0.0 67.700010620西塚洸二　　5701101   4.0   1.11314492+12222321335                       
0925520808 40.0  0.4 -1.0  0.0  0.0  0.0 39.400010640田山旺佑　　5503101  63.5   7.11314448+ 4   321335                       
0925520901 55.0  1.1  1.3  0.0  2.0  0.0 59.400010457酒井学　　　5800101  15.2   3.21346454  0 54371405                       
0925520902 53.0  0.5  0.2  1.5  0.0  0.0 55.200010564菱田裕二　　5800101  22.1   2.91346484+ 45 6321405                       
0925520903 40.0  0.2  0.0  0.0  0.0  0.0 40.210010436古川吉洋　　5800101  63.8  12.21346434  0   321405                       
0925520904 52.3  1.9  2.2  2.0  2.1  0.0 60.500010578鮫島克駿　　5800101   8.6   2.31346424- 4442321405                       
0925520905 52.0  0.9  1.6  3.0  2.3  0.0 59.810070176Ｍ．デムーロ5800101   3.8   1.61346472+ 2223321405                       
0925520906 60.1  3.1  3.8  3.5  3.3  0.0 73.800010636吉村誠之助　5500101   2.9   1.21346490+ 4111371405                       
0925520907 51.9  0.5  0.0  0.0  0.0  0.0 52.402010339横山典弘　　5800101  28.5   4.61346476- 2   221405                       
0925520908 45.0  0.5  0.0  0.0  0.0  0.0 45.500010628田口貫太　　5800101  15.9   3.11346488+ 4   371405                       
0925520909 51.9  1.2  1.3  2.5  2.2  0.0 59.100010605小沢大仁　　5800101   7.8   2.11346506+12335321405                       
0925520910 40.0  0.4  0.0  0.0  0.0  0.0 40.410010600団野大成　　5600101  21.9   3.71346470+ 2   221405                       
0925520911 40.0  0.2 -1.0  0.0  0.0  0.0 39.200010598斎藤新　　　5800101  90.1  13.11346462+ 4   321405                       
0925520912 49.0  0.5  0.0  0.0  1.9  0.0 51.400010633高杉吏麒　　5800101  19.9   3.81346502+ 4 6 321405                       
0925520913 47.0  1.6  1.0  0.0  0.0  0.0 49.600010522北村友一　　5800101  13.3   3.11346456+ 2   331405                       
0925521001 50.1  0.4  0.0  0.0  0.0  0.0 50.510010578鮫島克駿　　5500101  27.8   6.01419462+ 2   221440                       
0925521002 56.0  0.2  0.0  0.0  0.0  0.0 56.200010436古川吉洋　　5300101  91.6  14.71419490+ 4   221440                       
0925521003 57.0  0.4  0.0  0.0  0.0  0.0 57.402070370Ａ．プーシャ5500101  17.6   4.61419494  0   321440                       
0925521004 57.0  0.3  0.0  0.0  0.0  0.0 57.300010522北村友一　　5400101  20.8   3.91419486- 2   321440                       
0925521005 53.0  0.4  0.0  0.0  0.0  0.0 53.400010620西塚洸二　　5300101  48.8   8.81419438+ 6   321440                       
0925521006 60.0  2.1  2.3  3.5  2.2  0.0 70.100010572小崎綾也　　5700101   5.0   1.81419470+ 4131371440                       
0925521007 58.0  0.2 -1.0  0.0  0.0  0.0 57.200010574松若風馬　　5400101  31.4   7.11419486+ 2   371440                       
0925521008 57.0  0.5  0.0  0.0  0.0  0.0 57.500010457酒井学　　　5600101  27.5   5.61419476+ 2   321440                       
0925521009 61.0  1.0  1.5  2.5  2.3  0.0 68.300070176Ｍ．デムーロ5400101  11.0   2.71419460- 4322321440                       
0925521010 54.0  0.4  0.0  0.0  2.1  0.0 56.502010633高杉吏麒　　5500101  19.2   4.11419470+ 2 4 321440                       
0925521011 46.0  0.0 -1.0  0.0  0.0  0.0 45.002010607永島まなみ　5200101  89.9  16.51419504+ 4   371440                       
0925521012 45.0  1.1  1.9  3.0  0.0  0.0 51.010010339横山典弘　　5500101   6.4   2.91419498+102  331440                       
0925521013 59.2  1.1  0.6  1.5  1.9  0.0 64.312010600団野大成　　5700101  12.6   3.51419506+ 2564321440                       
0925521014 52.0  0.3 -1.0  0.0  0.0  0.0 51.310010438和田竜二　　5500101 104.6  15.61419480+16   321440                       
0925521015 61.1  0.8  0.0  0.0  0.0  0.0 61.910010628田口貫太　　5400101  16.4   3.81419452  0 96321440                       
0925521016 59.0  0.7  0.0  0.0  0.0  0.0 59.700010598斎藤新　　　5600101   9.2   3.11419478  0   321440                       
0925521017 57.8  1.9  3.1  2.0  3.3  0.0 68.111010636吉村誠之助　5700101   4.7   1.81419494  0413321440                       
0925521018 59.1  0.7  0.3  0.0  2.0  0.0 62.100010564菱田裕二　　5300101  27.4   5.31419476- 6 55321440                       
0925521101 50.0  0.9  1.3  1.5  0.0  0.0 53.710010598斎藤新　　　5500101   7.7   3.21453482- 45  331515                       
0925521102 46.0  0.2 -1.0  0.0  0.0  0.0 45.201010600団野大成　　5600101  44.3   9.31453538+ 4   321515                       
0925521103 58.0  0.9  1.5  0.0  1.9  0.0 62.300070370Ａ．プーシャ5600101  16.0   4.41453486+ 2 6 371515                       
0925521104 64.0  2.7  3.4  2.5  2.1  0.0 74.702010436古川吉洋　　5500101   6.1   2.01453552+ 6342221515                       
0925521105 63.0  1.6  1.8  2.0  2.0  0.0 70.400010522北村友一　　5650101   7.8   2.51453470  0453331515                       
0925521106 60.0  0.4  0.0  0.0  2.2  0.0 62.602010636吉村誠之助　5500101  14.1   3.11453478- 4 36331515                       
0925521107 64.1  1.1  1.6  0.0  2.3  0.0 69.110010457酒井学　　　5750101  14.2   4.51453500+ 6 24331515                       
0925521108 65.0  2.6  3.4  3.5  3.3  0.0 77.812010578鮫島克駿　　5600101   4.4   1.71453520+ 2111321515                       
0925521109 60.0  0.1  0.0  3.0  0.0  0.0 63.100010564菱田裕二　　5600101   8.7   2.11453504- 22 5321515                       
0925521110 50.0  0.4  0.0  0.0  0.0  0.0 50.412010628田口貫太　　5500101  45.2   6.81453532+ 4   321515                       
0925521111 55.0  0.2 -1.0  0.0  0.0  0.0 54.210010605小沢大仁　　5400101  69.4  10.31453494  0   321515                       
0925521112 57.0  0.2  0.0  0.0  0.0  0.0 57.210010633高杉吏麒　　5850101  22.1   5.31453504  0   321515                       
0925521113 58.0  0.2  0.0  0.0  0.0  0.0 58.212010607永島まなみ　5700101  13.8   4.71453526+12   321515                       
0925521114 58.0  0.3  0.0  0.0  0.0  0.0 58.310010438和田竜二　　5400101  95.1  12.01453520+ 2   321515                       
0925521115 60.2  0.8  1.4  0.0  0.0  0.0 62.402010519鮫島良太　　5400101  13.2   3.71453492-12   321515                       
0925521116 60.1  0.2  0.0  0.0  0.0  0.0 60.310010574松若風馬　　5500101  40.3   6.81453514+ 2   321515                       
0925521201 55.1  1.0  1.8  2.0  3.3  0.0 63.200010522北村友一　　5800101  11.5   2.91532462- 2411321601                       
0925521202 55.3  1.4  2.4  0.0  2.2  0.0 61.300010600団野大成　　5600101  14.8   3.91532466  0 32321601                       
0925521203 47.0  0.2 -1.0  0.0  0.0  0.0 46.200010574松若風馬　　5800101  44.4  11.21532494+ 8   321601                       
0925521204 42.0  0.2  0.0  0.0  0.0  0.0 42.200010613今村聖奈　　5300101  22.5   5.51532440- 2   371601                       
0925521205 55.0  0.5  0.0  0.0  0.0  0.0 55.500070176Ｍ．デムーロ5600101  20.8   4.81532498-12   371601                       
0925521206 46.0  0.2  0.0  0.0  0.0  0.0 46.200010640田山旺佑　　5303101  23.7   5.01532452+ 2   321601                       
0925521207 57.0  0.4  0.0  0.0  2.0  0.0 59.402010628田口貫太　　5600101  25.6   5.01532498  0 54331601                       
0925521208 48.1  0.3 -1.0  0.0  0.0  0.0 47.400010438和田竜二　　5600101  70.7  14.01532426-18   331601                       
0925521209 50.0  0.4  0.0  0.0  0.0  0.0 50.402010598斎藤新　　　5800101  24.0   3.81532480+ 4   331601                       
0925521210 51.1  0.8  0.9  0.0  0.0  0.0 52.802010578鮫島克駿　　5600101   9.2   2.91532468-12   321601                       
0925521211 53.0  0.2 -1.0  0.0  0.0  0.0 52.200010457酒井学　　　5800101  61.8  10.91532438  0   371601                       
0925521212 55.2  0.4  0.7  0.0  1.9  0.0 58.200010564菱田裕二　　5700101  24.1   5.91532460  0 66331601                       
0925521213 46.7  1.1  1.2  1.5  0.0  0.0 50.502010339横山典弘　　5600101  11.6   3.61532456- 65  221601                       
0925521214 44.0  0.2  0.0  2.5  0.0  0.0 46.700010633高杉吏麒　　5700101  10.6   3.41532474  03  271601                       
0925521215 50.0  2.3  2.5  3.0  2.3  0.0 60.100070370Ａ．プーシャ5700101   3.7   2.01532476  0223321601                       
0925521216 51.0  0.2  0.0  0.0  0.0  0.0 51.200010572小崎綾也　　5800101  13.1   3.31532468+ 2   231601                       
0925521217 50.0  2.1  1.6  3.5  2.1  0.0 59.300010636吉村誠之助　5401101   6.3   2.01532432- 4145371601                       
