0521310101 10.1  0.4  0.6  0.0  2.2  0.0 13.310010427西谷誠　　　6000202  15.9   4.00953474+ 2 56                             
0521310102 12.0  1.3  1.5  2.0  2.3  0.0 19.100010540大江原圭　　6000202   7.2   1.80953506+ 8444                             
0521310103  9.0  0.7  0.3  0.0  0.0  0.0 10.002010489五十嵐雄祐　6000202  19.2   3.50953478- 4                                
0521310104 13.0  3.1  3.6  3.5  3.4  0.0 26.600010511上野翔　　　6000202   3.2   1.30953500  0122                             
0521310105 14.0  1.5  2.2  2.5  2.4  0.0 22.600010521中村将之　　6000202   6.3   1.70953480- 2333                             
0521310106 11.0  0.5  0.0  0.0  0.0  0.0 11.500010493黒岩悠　　　6000202  27.8   5.20953466-14                                
0521310107  8.0  0.1 -1.0  0.0  0.0  0.0  7.100010472金子光希　　6000202  57.7   8.40953448  0                                
0521310108  9.1  0.8  0.6  0.0  0.0  0.0 10.510010533草野太郎　　6000202  22.8   5.20953438  0                                
0521310109 15.0  2.6  3.2  3.0  3.6  0.0 27.400010343熊沢重文　　6000202   4.1   1.40953464- 6211                             
0521310110  8.0  0.3 -1.0  0.0  0.0  0.0  7.300010488蓑島靖典　　6000202 102.9  11.10953478- 2                                
0521310111  6.0  0.3 -1.0  0.0  0.0  0.0  5.310010543小野寺祐太　5800202 102.5  11.00953494  0                                
0521310112  9.2  0.5  0.0  0.0  0.0  0.0  9.712010559森一馬　　　6000202  14.5   3.20953506- 6                                
0521310113  7.0  0.3 -1.0  0.0  0.0  0.0  6.300010567伴啓太　　　6000202 103.9  17.00953460+ 2                                
0521310114 10.0  0.8  1.0  1.5  0.0  0.0 13.310010487平沢健治　　6000202  10.6   3.20953488- 6595                             
0521310201 28.0  0.2  0.7  0.0  2.2  0.0 31.102010471嘉藤貴行　　5400302  56.1   8.31024414- 2 5                              
0521310202 39.0  3.2  4.0  3.5  2.3  0.0 52.000010542三浦皇成　　5400302   2.4   1.21024436+ 2141                             
0521310203 32.0  0.2  0.0  0.0  0.0  0.0 32.200010507津村明秀　　5400302 117.6  12.61024460- 4                                
0521310204 10.0  0.2 -1.0  0.0  0.0  0.0  9.202010537丸田恭介　　5400302 205.0  24.41024416- 2                                
0521310205 18.8  0.1 -1.0  0.0  0.0  0.0 17.900010582木幡巧也　　5400302  91.1   9.31024466+ 4                                
0521310206 34.0  0.9  2.4  0.0  2.4  0.0 39.700010597小林凌大　　5103302  10.0   2.41024494+ 4 35                             
0521310207 22.0  0.2  0.0  0.0  0.0  0.0 22.200010528的場勇人　　5400302 126.5  17.41024480- 2                                
0521310208 31.0  1.5  2.6  2.5  3.0  0.0 40.600010516大野拓弥　　5400302   6.4   1.71024462+ 6324                             
0521310209 40.0  0.7  2.0  1.5  2.1  0.0 46.310010375江田照男　　5400302  12.1   2.51024458+ 2563                             
0521310210 29.0  0.4  0.0  0.0  0.0  0.0 29.410010462北村宏司　　5400302  63.4   7.81024430+12                                
0521310211 38.0  2.1  4.2  2.0  3.6  0.0 49.900010416吉田豊　　　5400302   6.2   1.61024470+ 4412                             
0521310212 25.0  0.2  0.0  0.0  0.0  0.0 25.200010612横山琉人　　5103302  32.8   6.31024434+14                                
0521310213 20.0  0.1 -1.0  0.0  0.0  0.0 19.112010577野中悠太郎　5400302 127.7  14.31024454- 6                                
0521310214 28.6  1.4  1.5  3.0  0.0  0.0 34.512030468戸崎圭太　　5400302   5.5   1.81024480+142                               
0521310215 34.1  0.8  2.0  0.0  0.0  0.0 36.900010599菅原明良　　5301302  16.9   3.31024464+ 6  6                             
0521310301 29.0  0.0  0.0  0.0  0.0  0.0 29.012010601秋山稔樹　　5402302 139.0  18.91059458  0                                
0521310302 25.0  0.1 -1.0  0.0  0.0  0.0 24.102010555杉原誠人　　5600302  94.9  16.51059458- 6                                
0521310303 32.1  1.5  2.5  3.5  0.0  0.0 39.600010515丹内祐次　　5600302   4.5   2.21059512+ 61 6                             
0521310304 39.0  2.3  4.2  3.0  2.2  0.0 50.700010577野中悠太郎　5600302   6.3   1.51059460- 2251                             
0521310305 40.0  2.1  3.9  2.0  2.3  0.0 50.302010416吉田豊　　　5400302   4.9   1.41059462+ 8443                             
0521310306 26.8  0.6  1.1  0.0  0.0  0.0 28.500010375江田照男　　5600302  11.5   2.81059458+10                                
0521310307 32.0  0.3  0.0  0.0  0.0  0.0 32.300010507津村明秀　　5400302 118.2  15.31059394+ 2                                
0521310308 36.1  1.3  1.5  0.0  2.4  0.0 41.302010542三浦皇成　　5400302  14.0   2.71059438+ 2 34                             
0521310309 10.0  0.2 -1.0  0.0  0.0  0.0  9.202010608永野猛蔵　　5303302 235.4  25.31059542+26                                
0521310310 40.1  1.8  2.9  2.5  3.0  0.0 50.300010516大野拓弥　　5600302   3.7   1.31059444  0322                             
0521310311 22.0  0.1 -1.0  0.0  0.0  0.0 21.100010444武士沢友治　5400302 274.5  33.11059430  0                                
0521310312 36.0  0.6  0.0  0.0  0.0  0.0 36.600010589武藤雅　　　5400302  17.7   4.01059420- 6                                
0521310313 22.0  0.0 -1.0  0.0  0.0  0.0 21.000010597小林凌大　　5303302 212.2  16.91059450  0                                
0521310314 28.0  0.2  0.0  0.0  0.0  0.0 28.200010324柴田善臣　　5400302 119.4  18.11059464- 6                                
0521310315 10.0  0.2  0.1  0.0  0.0  0.0 10.300010529黛弘人　　　5600302  40.1   9.31059440  0                                
0521310316 35.0  0.6  0.5  1.5  3.6  0.0 41.202010590横山武史　　5400302   8.4   2.31059458+ 8515                             
0521310401 15.0  0.1 -1.0  0.0  0.0  0.0 14.100010560横山和生　　5400202  58.6   8.51130452                                   
0521310402 26.2  0.0 -1.0  0.0  0.0  0.0 25.200010604原優介　　　5103202 173.2  17.71130450+12                                
0521310403 44.0  1.3  1.6  1.5  0.0  0.0 48.400010515丹内祐次　　5400202   7.9   2.21130432- 45 5                             
0521310404 28.0  0.2 -1.0  0.0  0.0  0.0 27.202010582木幡巧也　　5400202  59.1   8.01130438+16                                
0521310405 17.7  0.4  0.0  0.0  0.0  0.0 18.100010471嘉藤貴行　　5600202  18.3   3.61130486                                   
0521310406 46.0  0.7  1.3  2.0  2.2  0.0 52.201010590横山武史　　5600202  13.7   2.21130496+ 2454                             
0521310407 50.0  0.9  1.5  2.5  3.4  0.0 58.300010542三浦皇成　　5600202   6.6   1.61130478+ 4321                             
0521310408 30.0  0.1  0.0  0.0  0.0  0.0 30.100010573木幡初也　　5600202 126.8  12.71130430- 8                                
0521310409 28.0  0.0 -1.0  0.0  0.0  0.0 27.000010555杉原誠人　　5600202 234.8  20.31130436+ 4                                
0521310410 17.0  0.2  0.0  0.0  0.0  0.0 17.200010429柴田大知　　5400202 197.7  21.51130458  0                                
0521310411 15.0  0.0  0.0  0.0  0.0  0.0 15.000010577野中悠太郎　5400202 264.7  15.61130460-14                                
0521310412 43.0  3.1  4.2  3.5  3.6  0.0 57.400070176Ｍ．デムーロ5600202   2.6   1.11130456- 6112                             
0521310413 10.0  0.2  0.0  0.0  0.0  0.0 10.202010375江田照男　　5600202  76.2  10.41130496+ 8                                
0521310414 33.0  0.9  1.0  0.0  2.3  0.0 37.210030468戸崎圭太　　5600202  23.8   4.11130478- 4 46                             
0521310415 44.1  2.3  2.9  3.0  2.4  0.0 54.702070234Ｃ．ルメール5600202   3.3   1.31130486  0233                             
0521310416 36.0  0.1 -1.0  0.0  0.0  0.0 35.112010412岩部純二　　5400202 266.1  20.01130416+ 8                                
0521310417 20.0  0.6  1.4  0.0  0.0  0.0 22.000010608永野猛蔵　　4903202  34.2   5.01130400- 6                                
0521310418 37.0  0.4 -1.0  0.0  0.0  0.0 36.400010584藤田菜七子　5400202  53.1   7.01130462+ 4                                
0521310501 24.9  0.4  1.1  0.0  0.0  0.0 26.402010547丸山元気　　5400101  61.2   6.41219458                                   
0521310502 35.8  1.2  3.0  1.5  3.4  0.0 44.900030468戸崎圭太　　5400101  15.1   1.81219490   522                             
0521310503 36.3  1.4  3.0  3.0  0.0  0.0 43.702010542三浦皇成　　5400101  11.6   1.71219488   2 3                             
0521310504 27.2  1.0  1.2  2.0  0.0  0.0 31.400070176Ｍ．デムーロ5400101  13.8   2.01219462   4 5                             
0521310505 28.8  0.4  1.8  0.0  0.0  0.0 31.000010416吉田豊　　　5400101  36.0   3.21219460     6                             
0521310506 15.3  0.2  0.0  0.0  0.0  0.0 15.502030113内田博幸　　5400101  60.7   6.31219488                                   
0521310507 44.5  3.8  4.5  3.5  3.6  0.0 59.902070234Ｃ．ルメール5400101   1.2   1.01219512   111                             
0521310508 15.0  0.1 -1.0  0.0  0.0  0.0 14.102010444武士沢友治　5400101  94.7  13.81219488                                   
0521310509 22.3  0.4  0.4  0.0  2.3  0.0 25.400010589武藤雅　　　5400101  63.1   6.51219470    5                              
0521310510 25.9  0.7  1.1  0.0  2.4  0.0 30.100010582木幡巧也　　5400101  22.9   2.31219470    4                              
0521310511 31.8  1.2  2.0  2.5  3.0  0.0 40.500010590横山武史　　5400101  11.7   1.61219428   334                             
0521310601 38.0  3.1  3.3  3.5  2.2  0.0 50.110010590横山武史　　5600301   2.5   1.31246478- 8151                             
0521310602 30.0  0.1 -1.0  0.0  0.0  0.0 29.100010593山田敬士　　5402301 114.3  21.11246512+ 2                                
0521310603 35.0  0.4  0.0  0.0  0.0  0.0 35.412010570石川裕紀人　5600301  19.6   4.51246528- 2                                
0521310604 28.0  0.6  0.0  0.0  2.3  0.0 30.912010582木幡巧也　　5400301  15.9   3.01246486- 4 4                              
0521310605 39.0  1.4  1.9  2.0  0.0  0.0 44.300010589武藤雅　　　5400301  10.9   2.31246452-104 4                             
0521310606 33.0  0.1  0.0  0.0  0.0  0.0 33.100010604原優介　　　5303301 149.8  18.41246454+ 2                                
0521310607 35.1  0.7  2.0  2.5  0.0  0.0 40.310010581菊沢一樹　　5600301   7.9   3.41246504+ 23 6                             
0521310608 40.1  1.4  2.1  3.0  2.4  0.0 49.000010515丹内祐次　　5600301   5.0   1.71246478+ 4233                             
0521310609 31.0  0.4  0.5  0.0  3.6  0.0 35.510010599菅原明良　　5501301  27.1   4.11246504- 8 1                              
0521310610 37.0  1.4  1.3  0.0  2.1  0.0 41.802030113内田博幸　　5600301  10.6   2.11246524+ 2 65                             
0521310611 41.0  1.6  1.9  1.5  3.4  0.0 49.400010324柴田善臣　　5600301   7.6   1.61246504+ 2522                             
0521310612 40.0  0.4 -1.0  0.0  0.0  0.0 39.400010608永野猛蔵　　5103301  47.2   7.21246490+22                                
0521310613 33.1  0.2 -1.0  0.0  0.0  0.0 32.300010573木幡初也　　5600301 129.8  11.91246446  0                                
0521310614 14.0  0.2 -1.0  0.0  0.0  0.0 13.210010368田中勝春　　5600301  53.9   9.81246452+ 8                                
0521310701 53.0  0.6  0.8  0.0  3.6  0.0 58.000010608永野猛蔵　　5103301  13.0   2.71319460  0 13                             
0521310702 24.0  0.2  0.0  0.0  0.0  0.0 24.212010584藤田菜七子　5300301  99.3  13.71319474  0                                
0521310703 44.0  0.2  0.0  0.0  0.0  0.0 44.210010375江田照男　　5700301  71.7  10.51319454- 2                                
0521310704 53.1  1.4  2.2  2.0  2.4  0.0 61.100030468戸崎圭太　　5400301   9.5   2.41319454- 6442                             
0521310705 46.1  0.1  0.0  0.0  0.0  0.0 46.200010587木幡育也　　5601301  59.8   5.91319462- 4                                
0521310706 46.0  2.1  3.7  2.5  2.2  0.0 56.500010542三浦皇成　　5400301   5.2   1.51319530- 8365                             
0521310707 45.0  0.9  1.3  0.0  0.0  0.0 47.200010516大野拓弥　　5700301  21.5   4.51319526  0                                
0521310708 38.0  0.2  0.0  0.0  0.0  0.0 38.210010577野中悠太郎　5400301  55.0   8.11319462+ 6                                
0521310709 49.0  0.1  0.0  0.0  0.0  0.0 49.102010412岩部純二　　5700301  96.5  12.41319508-10                                
0521310710 47.0  0.7  0.0  3.0  0.0  0.0 50.710010416吉田豊　　　5400301   6.0   2.81319494+ 22                               
0521310711 47.1  0.6  0.7  0.0  0.0  0.0 48.402010593山田敬士　　5502301  23.1   4.11319522- 8                                
0521310712 47.0  0.2  0.0  0.0  0.0  0.0 47.200010601秋山稔樹　　5302301  41.7   5.61319474  0                                
0521310713 52.1  3.1  2.7  3.5  3.0  0.0 64.411070234Ｃ．ルメール5400301   3.1   1.31319490- 2131                             
0521310714 43.0  0.2  0.0  0.0  0.0  0.0 43.210010599菅原明良　　5601301  57.8  10.71319514+ 6                                
0521310715 48.0  0.8  0.4  1.5  3.4  0.0 54.100010497石橋脩　　　5400301  10.4   2.21319484+ 2526                             
0521310716 52.0  0.7  1.9  0.0  2.3  0.0 56.900010589武藤雅　　　5200301  10.0   3.11319476+ 2 54                             
0521310801 54.0  1.9  2.3  2.5  3.0  0.0 63.702010462北村宏司　　5400102   7.5   1.11343534- 4322                             
0521310802 25.0  0.1 -1.0  0.0  0.0  0.0 24.112010554嶋田純次　　5700102  75.6   9.71343450- 2                                
0521310803 43.0  0.4 -1.0  1.5  0.0  0.0 43.900010584藤田菜七子　5200102  36.9   3.41343470- 25 5                             
0521310804 43.2  0.4  0.0  0.0  0.0  0.0 43.600010601秋山稔樹　　5302102  39.9   3.11343472+ 4  6                             
0521310805 50.3  2.6  3.0  3.0  2.4  0.0 61.300070234Ｃ．ルメール5400102   3.3   1.01343520+ 2233                             
0521310806 58.0  3.5  4.9  3.5  3.6  0.0 73.500010497石橋脩　　　5400102   1.5   1.01343476+ 4111                             
0521310807 43.1  0.4  0.0  0.0  0.0  0.0 43.502010604原優介　　　5403102  33.6   3.11343472- 6                                
0521310808 49.0  1.0  1.3  2.0  0.0  0.0 53.300010612横山琉人　　5103102  15.9   1.71343472- 4494                             
0521310809 44.0  0.2 -1.0  0.0  0.0  0.0 43.200010593山田敬士　　5002102  57.8   4.81343448  0                                
0521310901 52.0  0.6  0.0  0.0  2.2  0.0 54.800010416吉田豊　　　5700102  16.5   3.31415470+ 2 44                             
0521310902 44.1  0.4 -1.0  0.0  0.0  0.0 43.502010555杉原誠人　　5700102  23.9   4.21415452- 6                                
0521310903 36.0  0.3  0.0  0.0  0.0  0.0 36.302010529黛弘人　　　5700102  45.4   4.91415458- 4                                
0521310904 42.0  1.4  1.1  1.5  0.0  0.0 46.000010542三浦皇成　　5700102   8.2   2.61415480-195                               
0521310905 47.0  1.6  1.7  2.5  2.3  0.0 55.102030468戸崎圭太　　5700102   6.7   1.81415468+ 2333                             
0521310906 55.0  1.9  2.7  3.0  2.1  0.0 64.700010581菊沢一樹　　5700102   4.0   1.41415484- 2251                             
0521310907 50.0  3.0  3.2  3.5  0.0  0.0 59.700030113内田博幸　　5700102   3.5   1.41415460+ 4192                             
0521310908 44.0  1.6  1.6  0.0  3.5  0.0 50.700010604原優介　　　5700102   5.5   1.61415490+ 2 15                             
0521310909 43.0  0.9  1.9  2.0  2.4  0.0 50.200010560横山和生　　5300102   8.7   2.21415464- 8426                             
0521310910 40.1  0.3 -1.0  0.0  0.0  0.0 39.400010375江田照男　　5700102  30.9   5.11415490+ 2                                
0521311001 50.0  0.3  0.4  0.0  0.0  0.0 50.700010429柴田大知　　5100102  37.6   7.11451434+ 4                                
0521311002 51.0  0.4  0.0  0.0  0.0  0.0 51.401010542三浦皇成　　5500102  20.5   3.91451516-10 9                              
0521311003 47.0  0.2 -1.0  0.0  0.0  0.0 46.210010416吉田豊　　　5200102 163.5  26.71451470- 4                                
0521311004 56.1  1.1  1.6  3.0  2.3  0.0 64.102010462北村宏司　　5300102   6.2   1.81451506- 4243                             
0521311005 57.2  1.1  3.0  0.0  2.2  0.0 63.500030468戸崎圭太　　5500102  19.0   3.71451446- 4 54                             
0521311006 54.0  0.4  0.0  2.5  0.0  0.0 56.910010582木幡巧也　　5200102  10.7   2.41451472+ 23                               
0521311007 44.0  0.2 -1.0  0.0  0.0  0.0 43.210010570石川裕紀人　5400102  65.1  13.71451452  0                                
0521311008 57.1  0.4  0.7  0.0  2.1  0.0 60.302010515丹内祐次　　5200102  26.0   4.01451442  0 65                             
0521311009 57.0  1.1  0.6  1.5  0.0  0.0 60.210010339横山典弘　　5200102  12.1   2.51451402+ 85 6                             
0521311010 48.8  1.0  0.4  2.0  2.4  0.0 54.600010598斎藤新　　　5100102   9.3   2.71451460  043                              
0521311011 51.0  3.0  3.2  3.5  3.4  0.0 64.100070234Ｃ．ルメール5500102   2.3   1.31451482+ 6122                             
0521311012 55.1  0.4  0.0  0.0  0.0  0.0 55.500030113内田博幸　　5400102  42.3   8.11451480- 2                                
0521311013 55.0  1.4  2.5  0.0  0.0  0.0 58.900010599菅原明良　　5100102  12.0   2.61451474- 4                                
0521311014 56.9  0.9  2.8  0.0  3.6  0.0 64.202010554嶋田純次　　5100102  10.5   2.41451500+ 2 11                             
0521311101 67.3  0.7  0.5  2.0  2.2  0.0 72.703010491田辺裕信　　5800302   7.6   2.71529506- 4464                             
0521311102 60.3  0.2  0.0  0.0  0.0  0.0 60.501010599菅原明良　　5700302  47.9  10.91529534  0                                
0521311103 70.0  0.6  0.0  0.0  0.0  0.0 70.610010497石橋脩　　　5700302  29.7   6.21529468- 4 9                              
0521311104 63.2  2.3  3.6  3.5  3.4  0.0 76.002010339横山典弘　　5700302   3.6   1.51529502  0121                             
0521311105 59.2  0.6  0.0  0.0  0.0  0.0 59.810030468戸崎圭太　　5700302  23.3   4.31529502- 6                                
0521311106 59.9  0.2 -1.0  0.0  0.0  0.0 59.100010542三浦皇成　　5700302  92.9  12.51529510+ 4                                
0521311107 68.0  0.8  0.0  0.0  2.3  0.0 71.100010544国分恭介　　5700302  11.4   2.81529506  0 55                             
0521311108 66.0  0.4  1.1  0.0  0.0  0.0 67.510010590横山武史　　5600302  23.1   4.81529508  0                                
0521311109 63.1  1.4  1.4  1.5  3.6  0.0 71.000010516大野拓弥　　5600302   8.4   2.21529506- 2516                             
0521311110 64.1  1.4  2.7  3.0  3.2  0.0 74.400010560横山和生　　5700302   7.8   2.31529458- 4233                             
0521311111 60.1  0.3  0.0  0.0  0.0  0.0 60.400010429柴田大知　　5700302  40.7   7.71529504- 6                                
0521311112 68.1  2.3  2.6  2.5  0.0  0.0 75.500070234Ｃ．ルメール5700302   4.7   1.71529474   3 2                             
0521311113 61.0  0.6  0.0  0.0  0.0  0.0 61.603070176Ｍ．デムーロ5600302  14.0   3.11529498+ 7                                
0521311114 62.1  0.2  0.0  0.0  2.4  0.0 64.700010598斎藤新　　　5700302  28.4   5.51529500+ 2 4                              
0521311115 62.0  0.2 -1.0  0.0  0.0  0.0 61.200010582木幡巧也　　5700302  99.0  12.31529490+ 6                                
0521311116 60.0  0.2  0.0  0.0  0.0  0.0 60.200010547丸山元気　　5700302  86.6  10.71529500- 4                                
0521311201 47.0  0.2 -1.0  0.0  0.0  0.0 46.212030113内田博幸　　5500302  40.2   5.71619474+ 4                                
0521311202 42.0  0.2  0.0  0.0  0.0  0.0 42.200010542三浦皇成　　5700302  51.6   7.61619506-16                                
0521311203 54.3  1.1  0.1  0.0  0.0  0.0 55.502010491田辺裕信　　5500302  17.8   3.31619476+ 8  6                             
0521311204 58.0  1.3  3.4  1.5  3.2  0.0 67.402010590横山武史　　5500302   7.2   2.21619464+10532                             
0521311205 51.0  0.2  0.0  0.0  0.0  0.0 51.202010577野中悠太郎　5500302  17.1   4.01619490- 6                                
0521311206 57.0  2.1  4.1  3.5  3.6  0.0 70.300070176Ｍ．デムーロ5700302   2.4   1.31619500  0111                             
0521311207 54.0  0.6  0.5  0.0  0.0  0.0 55.100010608永野猛蔵　　5403302  24.0   3.61619478- 2                                
0521311208 50.1  0.2 -1.0  0.0  0.0  0.0 49.300010375江田照男　　5700302  43.6   6.01619498- 6 9                              
0521311209 50.0  0.6  0.7  2.0  0.0  0.0 53.303010547丸山元気　　5700302  16.4   3.21619536- 24                               
0521311210 49.0  0.2  0.0  0.0  0.0  0.0 49.200010599菅原明良　　5601302  65.0   8.11619474+ 6                                
0521311211 50.0  0.2 -1.0  0.0  0.0  0.0 49.200010589武藤雅　　　5700302  98.3  12.51619506+ 2                                
0521311212 41.0  0.1  0.0  0.0  0.0  0.0 41.100010538宮崎北斗　　5700302 221.2  31.91619520+10                                
0521311213 54.1  1.4  2.3  0.0  2.3  0.0 60.100010570石川裕紀人　5500302  13.3   2.71619510- 4 55                             
0521311214 54.2  1.4  2.3  2.5  2.4  0.0 62.802030468戸崎圭太　　5700302   6.6   1.81619528- 2344                             
0521311215 52.0  1.9  2.8  3.0  3.4  0.0 63.100010497石橋脩　　　5700302   6.3   2.21619458+ 4223                             
0521311216 17.0  0.2 -1.0  0.0  0.0  0.0 16.210010584藤田菜七子　5500302 142.1  17.81619522- 2                                
0721410101 23.0  0.1  0.0  0.0  0.0  0.0 23.100010585森裕太朗　　5400301  57.4   7.30940464-12                                
0721410102 38.1  1.4  2.7  3.0  2.2  0.0 47.400010510吉田隼人　　5400301   5.3   1.50940498+ 8233                             
0721410103 22.0  0.4  0.0  0.0  0.0  0.0 22.410010600団野大成　　5400301  36.0   7.50940442-14                                
0721410104 38.0  1.1  3.2  1.5  2.1  0.0 45.900010548川須栄彦　　5400301   7.8   2.00940468  0544                             
0721410105 43.0  2.6  2.8  0.0  2.3  0.0 50.700010553水口優也　　5400301   3.5   1.20940458+10 21                             
0721410106 12.0  0.2 -1.0  0.0  0.0  0.0 11.200010596亀田温心　　5301301  87.0  17.40940486                                   
0721410107 26.1  1.6  2.5  2.0  2.0  0.0 34.210010512川田将雅　　5400301   8.2   2.50940442+10456                             
0721410108 21.0  0.2 -1.0  0.0  0.0  0.0 20.200010578鮫島克駿　　5400301  34.6   5.20940438+ 8                                
0721410109 17.0  0.4  0.0  0.0  0.0  0.0 17.400010583坂井瑠星　　5400301  53.0  11.20940422- 8                                
0721410110 14.0  0.2 -1.0  0.0  0.0  0.0 13.200010607永島まなみ　5000301 138.9  22.10940380- 4                                
0721410111 38.3  1.8  2.0  3.5  3.3  0.0 48.900010355武豊　　　　5400301   4.6   1.40940458+ 6112                             
0721410112 22.0  0.1 -1.0  0.0  0.0  0.0 21.110010588富田暁　　　5301301 192.3  24.30940506  0                                
0721410113 12.0  0.2 -1.0  0.0  0.0  0.0 11.200010602泉谷楓真　　5202301  96.1  18.00940484                                   
0721410114 33.4  1.6  3.9  2.5  1.9  0.0 43.300030546藤井勘一郎　5400301   7.1   2.30940458+14365                             
0721410115 13.6  0.1  0.0  0.0  0.0  0.0 13.700010586川又賢治　　5400301  62.2  11.80940446                                   
0721410116 12.0  0.2  0.0  0.0  0.0  0.0 12.200010546松山弘平　　5400301  30.9   6.50940458                                   
0721410201 43.0  2.9  3.8  3.5  3.3  0.0 56.510010591西村淳也　　5600301   2.4   1.11006508- 2111                             
0721410202 36.0  1.1  2.2  2.0  2.2  0.0 43.500010545国分優作　　5600301   8.7   2.21006464+ 2434                             
0721410203 22.1  0.2  0.0  0.0  0.0  0.0 22.300010519鮫島良太　　5600301 148.3  15.31006504-16                                
0721410204 12.0  0.2 -1.0  0.0  0.0  0.0 11.200010583坂井瑠星　　5600301  28.4   5.11006460                                   
0721410205 12.0  0.2  0.0  0.0  0.0  0.0 12.200010536藤岡康太　　5600301  59.4   9.11006472                                   
0721410206 14.0  0.2 -1.0  0.0  0.0  0.0 13.210030018小牧太　　　5600301 113.7  15.81006474- 8                                
0721410207 17.2  0.2  0.6  0.0  0.0  0.0 18.010010611松本大輝　　5303301  22.8   4.71006484+16                                
0721410208 39.0  0.8  2.4  2.5  2.1  0.0 46.800010588富田暁　　　5501301   8.7   1.41006466- 8343                             
0721410209 23.0  0.2 -1.0  0.0  0.0  0.0 22.210010605小沢大仁　　5303301 176.6  18.11006470- 4                                
0721410210 23.0  0.1 -1.0  0.0  0.0  0.0 22.110010562長岡禎仁　　5600301 158.8  14.41006486- 4                                
0721410211 20.0  0.4  0.0  0.0  0.0  0.0 20.410010578鮫島克駿　　5600301  24.7   4.11006530+24                                
0721410212 22.0  0.2 -1.0  0.0  0.0  0.0 21.200010460太宰啓介　　5600301 143.3  19.61006510+ 4                                
0721410213 28.0  0.7  1.4  1.5  0.0  0.0 31.610010419幸英明　　　5600301  14.4   3.31006504+ 65 5                             
0721410214 27.0  0.4  0.0  0.0  2.0  0.0 29.400010482川島信二　　5600301  27.0   4.01006480- 8 56                             
0721410215 24.0  0.7  2.7  0.0  1.9  0.0 29.300010600団野大成　　5600301  25.5   4.11006482+ 6 6                              
0721410216 42.0  3.1  4.1  3.0  2.3  0.0 54.500010572小崎綾也　　5600301   3.3   1.11006446  0222                             
0721410301 17.5  0.2  0.0  0.0  0.0  0.0 17.700010482川島信二　　5600301  77.4   9.41041452-32                                
0721410302 28.0  0.7  0.5  1.5  0.0  0.0 30.710010546松山弘平　　5400301   7.8   2.71041466+ 85                               
0721410303 14.0  0.2 -1.0  0.0  0.0  0.0 13.200010600団野大成　　5400301  90.3  13.41041456- 2                                
0721410304 23.0  0.2 -1.0  0.0  0.0  0.0 22.200010568和田翼　　　5400301 139.4  19.91041462  0                                
0721410305 39.0  1.8  3.1  3.0  2.1  0.0 49.000110355武豊　　　　5400301   4.5   1.81041516+10243                             
0721410306 41.0  2.2  3.4  2.0  3.3  0.0 51.900010455池添謙一　　5600301   6.8   1.71041466+ 2412                             
0721410307 34.0  1.2  1.5  3.5  2.2  0.0 42.400010435福永祐一　　5600301   5.0   1.61041518+14134                             
0721410308 18.0  0.2  0.0  0.0  0.0  0.0 18.200010460太宰啓介　　5400301  56.9  10.01041416- 2                                
0721410309 24.0  0.2 -1.0  0.0  0.0  0.0 23.210010602泉谷楓真　　5202301 116.1  16.61041426+ 4                                
0721410310 25.0  0.0 -1.0  0.0  0.0  0.0 24.000030505岡田祥嗣　　5400301  59.2  10.61041458-16                                
0721410311 14.0  0.2 -1.0  0.0  0.0  0.0 13.200010596亀田温心　　5301301  52.5   7.61041468- 8                                
0721410312 38.0  0.4  0.0  0.0  1.9  0.0 40.310010605小沢大仁　　5303301  28.9   3.41041430+ 2 65                             
0721410313 42.0  2.6  3.6  2.5  2.3  0.0 53.000010606角田大和　　5103301   4.1   1.51041432  0321                             
0721410314 23.0  0.7  0.7  0.0  0.0  0.0 24.410010550高倉稜　　　5400301  13.6   3.61041436- 4                                
0721410315 14.0  0.1 -1.0  0.0  0.0  0.0 13.100010545国分優作　　5400301 284.9  27.91041396- 2                                
0721410316 32.0  1.0  2.2  0.0  2.0  0.0 37.200010611松本大輝　　5103301   9.3   3.21041462+ 4 56                             
0721410401 41.0  0.7  1.2  0.0  0.0  0.0 42.900010602泉谷楓真　　5202201  16.1   3.71114476  0  5                             
0721410402 31.0  0.5  0.0  0.0  2.0  0.0 33.510010510吉田隼人　　5400201  15.9   4.81114442- 4 5                              
0721410403 20.0  0.2 -1.0  0.0  0.0  0.0 19.210010436古川吉洋　　5400201 218.0  42.11114412- 4                                
0721410404 30.0  0.3  0.0  1.5  0.0  0.0 31.800010536藤岡康太　　5600201  15.1   3.81114502+ 65                               
0721410405 33.0  0.4  0.0  0.0  0.0  0.0 33.410010605小沢大仁　　5303201  26.2   5.71114472- 2                                
0721410406 18.0  0.9  0.0  0.0  0.0  0.0 18.900010594岩田望来　　5400201  35.8   9.41114492                                   
0721410407 25.0  0.4 -1.0  0.0  0.0  0.0 24.400010355武豊　　　　5400201  51.0   9.71114448+ 6                                
0721410408 30.0  0.4  0.0  0.0  0.0  0.0 30.410010508藤岡佑介　　5400201  60.3  12.81114480+ 2                                
0721410409 19.0  0.2 -1.0  0.0  0.0  0.0 18.210010606角田大和　　5103201  90.1  12.01114420+10                                
0721410410 41.3  2.0  2.4  3.5  2.3  0.0 51.500010512川田将雅　　5600201   4.2   1.61114496- 4123                             
0721410411 43.0  2.1  4.4  3.0  2.2  0.0 54.700010600団野大成　　5400201   3.8   1.51114482+10231                             
0721410412 38.0  0.2 -1.0  0.0  1.9  0.0 39.100010419幸英明　　　5600201  41.1   5.01114448+ 6 6                              
0721410413 44.0  1.1  2.1  0.0  2.1  0.0 49.300030546藤井勘一郎　5600201  15.4   2.71114470+ 4 44                             
0721410414 42.1  2.1  2.9  2.5  3.3  0.0 52.900010455池添謙一　　5600201   5.4   1.71114486+ 4312                             
0721410415 37.0  0.5  0.6  2.0  0.0  0.0 40.100010451松田大作　　5400201  14.0   3.01114468+ 44 6                             
0721410416 17.0  0.4 -1.0  0.0  0.0  0.0 16.400010438和田竜二　　5600201  24.1   5.31114470                                   
0721410417 25.1  0.2 -1.0  0.0  0.0  0.0 24.301010607永島まなみ　5000201 162.0  25.51114472+10                                
0721410418 29.2  0.4  0.0  0.0  0.0  0.0 29.600010546松山弘平　　5600201  18.7   5.61114490+18                                
0721410501 37.3  1.4  3.2  1.5  2.3  0.0 45.700010588富田暁　　　5301101  12.7   2.11206440   522                             
0721410502 24.0  0.5  0.5  0.0  2.0  0.0 27.000030182岩田康誠　　5400101  25.7   2.91206496    56                             
0721410503 16.5  1.0  0.0  0.0  0.0  0.0 17.500010438和田竜二　　5400101  35.3   4.21206438                                   
0721410504 32.7  2.0  2.4  2.0  2.1  0.0 41.200010510吉田隼人　　5400101   4.4   1.21206458   444                             
0721410505 15.0  0.4 -1.0  0.0  0.0  0.0 14.400010607永島まなみ　5000101 106.8  10.11206446                                   
0721410506 15.6  0.2 -1.0  2.5  1.9  0.0 19.200030378柴山雄一　　5400101  19.3   3.11206450   36                              
0721410507 34.6  2.2  2.8  3.0  2.2  0.0 44.800010355武豊　　　　5400101   4.3   1.41206476   233                             
0721410508 15.5  0.4  0.0  0.0  0.0  0.0 15.900010583坂井瑠星　　5400101  74.9   8.41206444                                   
0721410509 15.0  0.2  0.0  0.0  0.0  0.0 15.200010600団野大成　　5400101  36.2   5.21206448                                   
0721410510 28.0  1.0  1.6  0.0  1.8  0.0 32.400010419幸英明　　　5400101  24.3   3.01206488     5                             
0721410511 40.8  2.6  3.8  3.5  3.3  0.0 54.000010546松山弘平　　5400101   2.2   1.11206490   111                             
0721410512 15.0  0.3  0.0  0.0  0.0  0.0 15.300030018小牧太　　　5400101 131.3  13.61206428                                   
0721410601 40.1  1.7  3.0  3.0  1.9  0.0 49.700010455池添謙一　　5400102   6.7   2.01233510  0264                             
0721410602 45.0  0.5  0.0  0.0  2.1  0.0 47.600010510吉田隼人　　5500102  19.8   3.31233430- 4 45                             
0721410603 30.0  0.2 -1.0  0.0  0.0  0.0 29.200010548川須栄彦　　5500102  43.3   8.61233490+28                                
0721410604 30.0  0.6  0.0  0.0  0.0  0.0 30.610010606角田大和　　4903102  17.8   4.31233458+ 6                                
0721410605 51.0  2.3  3.7  3.5  2.3  0.0 62.800010605小沢大仁　　5403102   4.5   1.41233438  0121                             
0721410606 43.0  0.6  0.0  0.0  0.0  0.0 43.600010451松田大作　　5700102  13.1   4.11233518- 4                                
0721410607 38.0  0.8  0.2  2.5  0.0  0.0 41.500010419幸英明　　　5500102   7.2   2.41233414- 23                               
0721410608 41.0  0.7  0.9  0.0  2.0  0.0 44.600010519鮫島良太　　5500102  14.0   3.21233434+ 2 56                             
0721410609 30.0  0.4 -1.0  0.0  0.0  0.0 29.400010602泉谷楓真　　5202102  50.0  10.61233460+ 6                                
0721410610 40.0  0.2 -1.0  0.0  0.0  0.0 39.210010564菱田裕二　　5700102  35.6   5.31233458+ 8                                
0721410611 46.0  1.6  1.7  1.5  2.2  0.0 53.010010578鮫島克駿　　5400102   6.7   1.91233476- 6533                             
0721410612 50.0  2.1  2.5  2.0  3.3  0.0 59.900010588富田暁　　　5601102   4.0   1.51233446+ 4412                             
0721410613 40.0  0.4  0.0  0.0  0.0  0.0 40.400010561中井裕二　　5500102  43.5   6.91233466  0                                
0721410701 30.4  0.2  0.0  0.0  0.0  0.0 30.610010561中井裕二　　5500302  74.6  11.51301462+10                                
0721410702 35.0  0.4  0.0  0.0  0.0  0.0 35.400010605小沢大仁　　4903302  14.7   3.61301442+ 2                                
0721410703 36.7  0.6  0.0  0.0  0.0  0.0 37.300010574松若風馬　　5500302  27.9   5.11301450  0                                
0721410704 45.0  0.6  0.0  0.0  0.0  0.0 45.600010438和田竜二　　5200302  11.2   3.01301508+ 4                                
0721410705 33.0  0.4 -1.0  0.0  0.0  0.0 32.410010534田中健　　　5200302  26.2   6.11301470+10                                
0721410706 44.1  2.1  2.4  3.5  2.1  0.0 54.200010594岩田望来　　5500302   3.5   1.41301478  0143                             
0721410707 41.0  1.3  2.9  0.0  2.2  0.0 47.400010578鮫島克駿　　5200302   5.3   1.91301446+ 2 36                             
0721410708 50.0  1.6  3.2  3.0  3.3  0.0 61.110010455池添謙一　　5200302   6.0   1.91301438- 4211                             
0721410709 47.0  1.8  2.1  2.5  2.0  0.0 55.410010436古川吉洋　　5200302   9.7   2.41301504  0352                             
0721410710 44.0  1.1  0.6  2.0  1.9  0.0 49.610010585森裕太朗　　5500302  15.1   2.81301422- 8465                             
0721410711 34.0  0.6  0.0  0.0  0.0  0.0 34.610010607永島まなみ　5100302  35.9   5.21301456  0                                
0721410712 42.0  2.1  4.4  1.5  2.3  0.0 52.300010602泉谷楓真　　5002302   5.7   1.71301442  0524                             
0721410801 53.0  1.8  3.6  3.0  2.3  0.0 63.700010435福永祐一　　5200102   6.3   1.21332438  0222                             
0721410802 42.0  0.5 -1.0  0.0  0.0  0.0 41.500010535浜中俊　　　5500102 109.2   5.21332472+20                                
0721410803 47.0  0.4  0.4  0.0  0.0  0.0 47.800010508藤岡佑介　　5500102  35.2   5.71332464+ 2                                
0721410804 51.9  0.6  1.6  1.5  1.9  0.0 57.500010536藤岡康太　　5200102  25.6   2.81332442-10564                             
0721410805 40.0  0.4  0.0  0.0  0.0  0.0 40.400010591西村淳也　　5400102 104.7   8.31332490- 4                                
0721410806 52.1  0.6  1.3  0.0  2.1  0.0 56.100010546松山弘平　　5400102  37.0   2.81332460- 4 46                             
0721410807 46.0  0.1 -1.0  0.0  0.0  0.0 45.110010588富田暁　　　5401102 252.6  15.01332442  0                                
0721410808 59.0  3.4  4.6  3.5  3.3  0.0 73.810010512川田将雅　　5400102   1.2   1.11332470- 4111                             
0721410809 48.1  0.2 -1.0  0.0  0.0  0.0 47.300010602泉谷楓真　　5302102 110.0   6.01332466  0                                
0721410810 37.7  0.4  0.0  0.0  0.0  0.0 38.110010355武豊　　　　5200102  29.4   3.61332478+ 2                                
0721410811 52.0  1.0  2.6  2.0  2.2  0.0 59.802030182岩田康誠　　5700102  26.3   2.21332454+ 2433                             
0721410812 44.0  0.2  0.0  0.0  0.0  0.0 44.200010605小沢大仁　　5103102 137.4   7.41332448+ 6                                
0721410813 50.2  0.8  1.4  2.5  2.0  0.0 56.900010455池添謙一　　5400102  15.1   2.41332520+ 6355                             
0721410814 47.0  0.4  0.0  0.0  0.0  0.0 47.400010574松若風馬　　5200102  80.1   4.91332456  0                                
0721410815 40.0  0.2 -1.0  0.0  0.0  0.0 39.200010583坂井瑠星　　5400102  89.4   7.11332464  0                                
0721410816 35.0  0.2 -1.0  0.0  0.0  0.0 34.200010607永島まなみ　4900102 101.8   6.51332432-12                                
0721410901 52.0  1.2  1.7  2.5  2.2  0.0 59.600010419幸英明　　　5700102   8.1   1.51359442- 4333                             
0721410902 49.2  1.0  0.6  0.0  2.1  0.0 52.900010455池添謙一　　5700102  21.8   2.61359462+ 6 44                             
0721410903 41.2  0.6  1.3  0.0  0.0  0.0 43.102010605小沢大仁　　5700102  28.8   3.51359508+ 6                                
0721410904 45.0  0.4 -1.0  2.0  0.0  0.0 46.400010574松若風馬　　5700102  24.4   2.21359492  04                               
0721410905 49.3  0.7  0.0  0.0  2.0  0.0 52.000010545国分優作　　5700102  21.2   2.81359438+ 2 55                             
0721410906 54.3  3.4  4.1  3.5  2.3  0.0 67.600010594岩田望来　　5700102   2.3   1.11359484+ 4122                             
0721410907 55.0  2.9  3.5  3.0  3.3  0.0 67.700010435福永祐一　　5700102   2.2   1.11359450- 2211                             
0721410908 47.0  0.2 -1.0  0.0  0.0  0.0 46.200010460太宰啓介　　5700102  67.9   6.41359476  0                                
0721410909 48.0  0.4  0.0  0.0  0.0  0.0 48.410010588富田暁　　　5700102  28.4   3.71359458- 2                                
0721410910 47.1  0.9  0.5  1.5  0.0  0.0 50.000010535浜中俊　　　5700102  21.4   2.61359444- 65 6                             
0721411001 47.3  0.2  0.0  0.0  0.0  0.0 47.510010451松田大作　　5500302  64.5   7.41438484- 2                                
0721411002 60.1  1.0  1.8  2.5  2.0  0.0 67.400010574松若風馬　　5500302   8.3   2.31438508+ 2354                             
0721411003 55.0  0.3  0.0  0.0  0.0  0.0 55.300010536藤岡康太　　5200302  25.6   5.21438470  0                                
0721411004 50.2  0.0  0.0  0.0  0.0  0.0 50.200030505岡田祥嗣　　5100302  52.3   4.21438484+ 2                                
0721411005 56.1  0.5  0.9  2.0  0.0  0.0 59.500010510吉田隼人　　5400302   9.7   3.01438504- 64 6                             
0721411006 62.0  1.8  2.8  3.5  3.3  0.0 73.410010419幸英明　　　5500302   3.6   1.71438466- 4111                             
0721411007 63.0  0.7  0.0  1.5  2.1  0.0 67.300010546松山弘平　　5400302  12.3   3.21438478  0545                             
0721411008 56.0  0.4  0.0  0.0  0.0  0.0 56.400010594岩田望来　　5400302  25.0   4.71438486- 2                                
0721411009 55.0  0.7  0.7  0.0  1.9  0.0 58.300010578鮫島克駿　　5300302  15.3   3.81438508- 6 6                              
0721411010 35.0  0.8  0.0  0.0  0.0  0.0 35.800010583坂井瑠星　　5500302  35.7   9.11438476-14                                
0721411011 61.0  3.1  3.4  3.0  2.2  0.0 72.700010435福永祐一　　5500302   4.0   1.51438484+ 6232                             
0721411012 51.1  0.6  0.0  0.0  0.0  0.0 51.700010588富田暁　　　5400302  40.8   5.81438494+ 8                                
0721411013 45.0  0.2  0.0  0.0  0.0  0.0 45.210010591西村淳也　　5200302  30.6   6.31438500- 2                                
0721411014 45.0  0.2  0.0  0.0  0.0  0.0 45.210010596亀田温心　　5200302  41.1   6.41438458-10                                
0721411015 65.0  1.1  1.3  0.0  2.3  0.0 69.700010600団野大成　　5500302  12.2   3.01438464  0 23                             
0721411016 50.0  0.4 -1.0  0.0  0.0  0.0 49.400030182岩田康誠　　5400302  17.6   4.81438526+14                                
0721411101 67.9  0.7  0.8  1.5  1.9  0.0 72.810030182岩田康誠　　5700102   7.0   3.11512548+ 2565                             
0721411102 57.0  0.3  0.0  0.0  0.0  0.0 57.300010536藤岡康太　　5600102  77.0   8.71512474+ 4                                
0721411103 63.0  0.4  0.0  0.0  0.0  0.0 63.400010583坂井瑠星　　5600102  24.7   4.41512528- 4                                
0721411104 65.0  1.2  2.1  0.0  2.0  0.0 70.300010419幸英明　　　5700102  11.3   2.81512492- 6 56                             
0721411105 55.0  0.4  0.0  0.0  0.0  0.0 55.410010574松若風馬　　5600102 127.1  16.41512532- 4                                
0721411106 62.2  1.1  1.9  0.0  0.0  0.0 65.202010355武豊　　　　5600102   7.9   2.31512492+ 4                                
0721411107 66.3  2.0  3.3  2.5  2.2  0.0 76.300010512川田将雅　　5600102   6.1   1.81512494-12333                             
0721411108 62.0  0.6  0.2  0.0  0.0  0.0 62.802010455池添謙一　　5600102  21.0   4.01512448+ 4                                
0721411109 70.3  1.7  3.5  3.5  3.3  0.0 82.300010435福永祐一　　5600102   4.3   1.41512474- 4111                             
0721411110 61.0  0.1 -1.0  0.0  0.0  0.0 60.100010588富田暁　　　5600102  38.6   5.71512486- 8                                
0721411111 66.4  1.1  1.9  2.0  2.1  0.0 73.512010546松山弘平　　5600102   7.0   2.01512506+ 8444                             
0721411112 54.0  0.2 -1.0  0.0  0.0  0.0 53.200010591西村淳也　　5600102 156.2  24.81512454+ 4                                
0721411113 68.0  2.6  3.7  3.0  2.3  0.0 79.600010578鮫島克駿　　5600102   4.5   1.51512472  0222                             
0721411201 50.0  0.2 -1.0  0.0  0.0  0.0 49.200010596亀田温心　　5601302  19.8   5.61601504+ 4                                
0721411202 51.1  1.4  1.2  0.0  2.1  0.0 55.800010602泉谷楓真　　5502302   8.8   2.71601476+ 4 44                             
0721411203 50.2  0.7  0.0  3.5  2.2  0.0 56.600010510吉田隼人　　5700302   5.4   2.01601508-10133                             
0721411204 45.0  0.4  1.4  0.0  0.0  0.0 46.800010532荻野琢真　　5700302  19.9   5.21601468  0                                
0721411205 50.1  0.2  0.0  0.0  0.0  0.0 50.310010578鮫島克駿　　5700302  18.1   4.21601480- 8                                
0721411206 57.0  1.1  4.7  2.5  2.3  0.0 67.600010550高倉稜　　　5700302   7.2   2.11601482+ 2321                             
0721411207 43.0  0.1 -1.0  0.0  0.0  0.0 42.100010611松本大輝　　5403302 108.6  19.71601450- 8                                
0721411208 47.0  0.4  0.4  3.0  0.0  0.0 50.800010607永島まなみ　5100302   5.6   2.71601482+142                               
0721411209 57.3  1.3  2.9  0.0  3.3  0.0 64.800010572小崎綾也　　5700302  10.0   2.71601446- 4 12                             
0721411210 48.0  0.4  0.0  0.0  0.0  0.0 48.400010591西村淳也　　5700302  14.3   3.61601522- 2                                
0721411211 54.0  3.4  4.0  0.0  0.0  0.0  0.000110512川田将雅　　5500302            1601                                      
0721411212 52.0  0.4  0.3  0.0  1.9  0.0 54.610010564菱田裕二　　5700302  21.3   4.71601494-12 65                             
0721411213 48.3  0.8  1.8  2.0  0.0  0.0 52.910010600団野大成　　5500302   6.3   1.71601524+124 6                             
0721411214 48.0  0.5  0.0  0.0  2.0  0.0 50.513010438和田竜二　　5700302  25.2   5.01601472-18 5                              
0721411215 40.0  0.2 -1.0  0.0  0.0  0.0 39.200010419幸英明　　　5700302 103.2  21.81601482+ 8                                
0721411216 49.0  0.6 -1.0  1.5  0.0  0.0 50.100010606角田大和　　5403302  20.3   4.81601494+ 45                               
