0124160101 10.0  0.2 -1.0  0.0  0.0  0.0  9.200010436古川吉洋　　5500202 148.4  13.90934510+ 2   230950                       
0124160102 16.0  0.8  1.6  0.0  0.0  0.0 18.410010591西村淳也　　5500202  42.7   3.60934492- 4   320950                       
0124160103 19.0  1.2  0.8  2.5  2.0  0.0 25.500010578鮫島克駿　　5500202  14.5   1.70934472+ 2354370950                       
0124160104 16.0  0.4 -1.0  0.0  0.0  0.0 15.400010608永野猛蔵　　5500202  73.9   6.10934452+ 6   220950                       
0124160105 28.0  1.1  1.7  0.0  2.3  0.0 33.100010588富田暁　　　5500202  23.2   2.30934474  0 22220950                       
0124160106 16.1  0.7  1.7  3.0  2.2  0.0 23.710010515丹内祐次　　5500202   8.6   1.50934480- 2235330950                       
0124160107 12.0  0.4 -1.0  0.0  0.0  0.0 11.400010568和田翼　　　5500202  68.0   5.30934456+ 2   330950                       
0124160108 10.0  0.2 -1.0  0.0  0.0  0.0  9.210010634長浜鴻緒　　5203202 108.5  11.90934472- 8   330950                       
0124160109 10.0  0.4 -1.0  0.0  0.0  0.0  9.400010455池添謙一　　5500202  96.5   9.10934476+ 4   220950                       
0124160110 44.0  3.1  4.1  3.5  3.3  0.0 58.000010522北村友一　　5500202   1.2   1.00934522  0111320950                       
0124160111 15.0  0.4 -1.0  0.0  0.0  0.0 14.400010597小林凌大　　5500202  73.8   7.40934514- 6   220950                       
0124160112 12.0  0.6  0.0  1.5  0.0  0.0 14.100010355武豊　　　　5500202  25.6   2.50934502-145  220950                       
0124160113 18.0  0.8  0.0  0.0  1.9  0.0 20.710010535浜中俊　　　5500202  33.0   3.30934454+12 66220950                       
0124160114 21.0  1.4  1.3  2.0  2.1  0.0 27.800010590横山武史　　5500202  17.0   2.80934436- 4443370950                       
0124160201 31.0  0.8  0.0  1.5  2.2  0.0 35.500010617佐々木大輔　5500202  13.0   2.31008488+10536331020                       
0124160202 15.0  0.7  0.0  0.0  0.0  0.0 15.700010572小崎綾也　　5700202  58.8   6.71008502- 8   221020                       
0124160203 37.0  1.9  2.3  3.0  2.3  0.0 46.500010535浜中俊　　　5500202   6.2   1.51008504+10223371020                       
0124160204 32.0  0.4  0.0  0.0  0.0  0.0 32.400010597小林凌大　　5700202  20.4   5.01008432  0   221020                       
0124160205 36.0  1.1  0.8  0.0  0.0  0.0 37.900010634長浜鴻緒　　5203202  14.8   2.61008422- 8  5371020                       
0124160206 35.0  0.9  0.8  2.5  1.9  0.0 41.100010625小林勝太　　5502202   7.6   2.01008514- 4364331020                       
0124160207 14.0  0.2 -1.0  0.0  0.0  0.0 13.210010568和田翼　　　5700202 114.1  12.31008546-12   321020                       
0124160208 27.0  0.7  0.0  0.0  0.0  0.0 27.710030182岩田康誠　　5700202  24.6   3.21008452+ 2 9 321020                       
0124160209 38.0  1.8  2.9  2.0  2.1  0.0 46.802010522北村友一　　5700202   6.3   1.71008480+ 2442331020                       
0124160210 40.0  3.1  4.0  4.5  3.3  0.0 54.900010633高杉吏麒　　5203202   2.0   1.11008458+ 6111311020                       
0124160211 22.0  0.4 -1.0  0.0  0.0  0.0 21.400010608永野猛蔵　　5500202  99.0  10.71008444+ 6   221020                       
0124160212 30.9  0.7  0.9  0.0  2.0  0.0 34.510010615川端海翼　　5403202  19.7   3.61008526+ 6 5 221020                       
0124160301 39.1  0.4  1.1  0.0  0.0  0.0 40.600010529黛弘人　　　5500202  20.0   3.51036434  0  6331050                       
0124160302 34.2  0.8  0.1  0.0  0.0  0.0 35.100010560横山和生　　5500202  16.2   4.91036482+ 6   331050                       
0124160303 35.0  0.4  0.0  0.0  0.0  0.0 35.400010633高杉吏麒　　5403202  56.9   4.81036478  0   221050                       
0124160304 42.0  2.2  1.6  3.5  3.3  0.0 52.600010355武豊　　　　5500202   3.5   1.51036444  0113321050                       
0124160305 35.1  0.5  0.0  0.0  2.0  0.0 37.600030182岩田康誠　　5700202  19.5   4.51036464  0 5 331050                       
0124160306 43.0  2.0  3.2  2.5  2.3  0.0 53.000010532荻野琢真　　5500202   6.4   1.91036482- 6322321050                       
0124160307 34.0  0.2 -1.0  0.0  0.0  0.0 33.200010615川端海翼　　5203202  19.3   6.11036462- 2   331050                       
0124160308 43.2  2.3  2.7  3.0  2.2  0.0 53.400010578鮫島克駿　　5500202   3.9   1.31036448+ 6231331050                       
0124160309 27.0  0.1 -1.0  0.0  0.0  0.0 26.100010625小林勝太　　5302202 129.8  18.51036480- 6   331050                       
0124160310 20.0  0.1 -1.0  0.0  0.0  0.0 19.100010539伊藤工真　　5500202 171.6  24.01036408+ 6   371050                       
0124160311 26.0  0.1 -1.0  0.0  0.0  0.0 25.100010610古川奈穂　　5100202  87.4  11.51036458+ 8   321050                       
0124160312 39.0  0.5  0.0  0.0  0.0  0.0 39.500010515丹内祐次　　5500202  20.7   3.51036412  0   331050                       
0124160313 38.1  0.7  0.0  0.0  0.0  0.0 38.800010608永野猛蔵　　5500202  18.3   3.91036424+ 4   371050                       
0124160314 34.0  0.2  0.0  0.0  0.0  0.0 34.200010564菱田裕二　　5500202  81.3  10.81036458+10   321050                       
0124160315 43.1  0.9  1.4  2.0  2.1  0.0 49.500010617佐々木大輔　5500202   8.6   2.51036404+14444331050                       
0124160316 38.0  0.6  0.0  1.5  1.9  0.0 42.000010516大野拓弥　　5500202  13.9   2.91036414+ 2565371050                       
0124160401 26.0  0.6  0.0  0.0  0.0  0.0 26.600030548石川倭　　　5700202  29.2   3.71111456- 2   321120                       
0124160402 32.0  0.8  0.9  2.0  2.1  0.0 37.800010612横山琉人　　5401202   8.5   2.31111480+10445331120                       
0124160403 28.1  0.3  0.0  0.0  0.0  0.0 28.400010529黛弘人　　　5700202  80.5   8.41111482+ 4   231120                       
0124160404 26.0  0.4 -1.0  0.0  0.0  0.0 25.400010586川又賢治　　5500202  70.2   8.51111402- 2   371120                       
0124160405 41.1  2.6  3.7  3.0  2.3  0.0 52.710010625小林勝太　　5502202   2.9   1.11111448+ 2221321120                       
0124160406 25.0  0.6  0.0  0.0  1.9  0.0 27.510010560横山和生　　5500202  55.4   6.61111424- 4 6 331120                       
0124160407 31.9  0.4  0.0  0.0  0.0  0.0 32.310010634長浜鴻緒　　5203202  25.4   5.21111450- 4  6321120                       
0124160408 37.0  1.2  1.6  2.5  2.2  0.0 44.510010547丸山元気　　5500202   6.2   1.71111468+10333221120                       
0124160409 35.0  0.9  1.0  1.5  2.0  0.0 40.400010608永野猛蔵　　5500202  14.2   2.41111492+16554381120                       
0124160410 24.0  0.2 -1.0  0.0  0.0  0.0 23.200010615川端海翼　　5403202 138.8  15.41111496+ 2   221120                       
0124160411 23.9  0.4 -1.0  0.0  0.0  0.0 23.300010564菱田裕二　　5500202  74.3   6.31111452+ 2   271120                       
0124160412 30.0  0.9  0.2  0.0  0.0  0.0 31.100010591西村淳也　　5500202  12.5   2.41111470+ 6   331120                       
0124160413 41.0  2.0  2.0  3.5  3.3  0.0 51.802010515丹内祐次　　5700202   3.2   1.21111446+ 4112321120                       
0124160414 28.0  0.6  0.0  0.0  0.0  0.0 28.610010588富田暁　　　5700202  24.8   5.81111480+10   321120                       
0124160501 20.2  0.4 -1.0  1.5  2.1  0.0 23.200010625小林勝太　　5302202  32.2   4.11155394   546331210                       
0124160502 31.9  1.1  1.2  2.0  2.0  0.0 38.200010608永野猛蔵　　5500202  16.4   1.31155458   454321210                       
0124160503 21.0  0.4  0.0  0.0  0.0  0.0 21.400010615川端海翼　　5203202  57.3   5.41155524      231210                       
0124160504 20.0  0.9  0.0  0.0  0.0  0.0 20.900010547丸山元気　　5500202  22.0   2.41155506      221210                       
0124160505 45.4  2.9  3.7  3.5  3.3  0.0 58.800010355武豊　　　　5500202   1.6   1.11155498   111311210                       
0124160506 24.8  0.4  0.0  0.0  1.9  0.0 27.100010436古川吉洋　　5500202  31.7   3.21155478    65321210                       
0124160507 41.3  2.6  3.0  3.0  2.3  0.0 52.200010590横山武史　　5500202   3.9   1.21155482   222371210                       
0124160508 40.1  2.3  2.8  2.5  2.2  0.0 49.900010560横山和生　　5500202   5.3   1.31155526   333221210                       
0124160601 42.0  1.6  1.3  3.0  2.3  0.0 50.200010590横山武史　　5700202   4.5   1.51224476+ 2222321240                       
0124160602 37.0  0.4  0.0  0.0  0.0  0.0 37.400010596亀田温心　　5700202  37.3   7.91224478+ 2   371240                       
0124160603 39.5  1.1  2.0  2.5  2.2  0.0 47.300010529黛弘人　　　5700202   5.6   1.81224454+10335331240                       
0124160604 40.1  1.6  3.2  1.5  2.0  0.0 48.400010578鮫島克駿　　5700202   7.6   1.81224444- 4553321240                       
0124160605 28.0  0.6  0.0  0.0  0.0  0.0 28.610010455池添謙一　　5700202  33.7   8.11224508+ 2   321240                       
0124160606 37.1  0.5  0.0  0.0  0.0  0.0 37.612010617佐々木大輔　5700202  24.1   4.61224470+ 8   221240                       
0124160607 39.0  0.2 -1.0  0.0  0.0  0.0 38.210010625小林勝太　　5502202  61.2   9.21224506-10   221240                       
0124160608 38.0  0.4  0.4  0.0  0.0  0.0 38.800010598斎藤新　　　5700202  30.2   5.51224460- 2  6231240                       
0124160609 40.0  1.8  1.7  2.0  2.1  0.0 47.600010515丹内祐次　　5700202   5.9   1.71224430- 2444271240                       
0124160610 33.8  0.6  0.8  0.0  1.9  0.0 37.100030182岩田康誠　　5500202  15.3   3.51224404+32 6 331240                       
0124160611 35.0  0.5  0.0  0.0  0.0  0.0 35.510010633高杉吏麒　　5203202  41.6   7.31224436+12   321240                       
0124160612 45.0  1.9  2.8  3.5  3.3  0.0 56.500010355武豊　　　　5700202   3.3   1.41224448+ 8111321240                       
0124160613 30.0  0.4  0.0  0.0  0.0  0.0 30.410010564菱田裕二　　5700202  82.9  13.11224448+ 4   321240                       
0124160614 28.0  0.4 -1.0  0.0  0.0  0.0 27.400010608永野猛蔵　　5700202 107.9  17.21224456+10   321240                       
0124160701 48.0  1.0  1.4  1.5  2.0  0.0 53.900010617佐々木大輔　5600202   8.7   1.91256476+ 2554321315                       
0124160702 31.1  0.2  0.0  0.0  0.0  0.0 31.300010625小林勝太　　5402202 102.1  14.41256460+ 2   321315                       
0124160703 45.0  1.6  2.5  3.0  2.3  0.0 54.400010590横山武史　　5600202   7.8   1.61256470- 4223321315                       
0124160704 37.0  0.2  0.0  0.0  0.0  0.0 37.200010612横山琉人　　5201202  26.4   4.51256512+ 4 9 231315                       
0124160705 46.0  2.1  3.4  2.5  2.2  0.0 56.200010535浜中俊　　　5300202   5.6   1.71256484+ 4332371315                       
0124160706 39.0  0.4 -1.0  0.0  0.0  0.0 38.400010608永野猛蔵　　5600202  79.1  10.11256444+10   231315                       
0124160707 42.0  0.9  1.6  0.0  1.9  0.0 46.400010633高杉吏麒　　5003202  10.8   2.01256458+ 8 65331315                       
0124160708 29.0  0.7 -1.0  0.0  0.0  0.0 28.700010578鮫島克駿　　5300202  43.8   7.41256490+10   321315                       
0124160709 28.0  0.2 -1.0  0.0  0.0  0.0 27.200010572小崎綾也　　5600202  84.2  11.31256472+30   321315                       
0124160710 30.0  0.4  0.0  0.0  0.0  0.0 30.400010634長浜鴻緒　　5303202 107.4  16.61256438- 4   331315                       
0124160711 44.0  1.1  0.9  0.0  0.0  0.0 46.000010591西村淳也　　5600202  17.5   3.01256478+ 2  6321315                       
0124160712 52.0  2.5  3.7  3.5  3.3  0.0 65.000010355武豊　　　　5300202   2.2   1.31256496  0111321315                       
0124160713 35.6  1.1  1.7  2.0  2.1  0.0 42.500010560横山和生　　5300202   7.7   2.91256494+1444 321315                       
0124160801 50.0  2.6  3.0  3.0  3.3  0.0 61.900010515丹内祐次　　5500202   3.2   1.11329482- 4213331350                       
0124160802 40.0  0.3  0.0  0.0  0.0  0.0 40.300010436古川吉洋　　5800202 124.2  12.21329518+ 2   321350                       
0124160803 43.1  0.9  1.4  0.0  1.9  0.0 47.300010560横山和生　　5300202   8.4   1.81329488+ 4 66371350                       
0124160804 49.9  2.6  3.7  3.5  2.2  0.0 61.900010578鮫島克駿　　5500202   2.6   1.31329514+ 2132321350                       
0124160805 48.0  1.0  1.0  2.0  2.0  0.0 54.000010588富田暁　　　5500202  12.6   2.01329488-10454371350                       
0124160806 53.7  2.1  3.8  2.5  2.3  0.0 64.400010590横山武史　　5500202   5.5   1.41329452  0321321350                       
0124160807 42.0  0.4 -1.0  0.0  0.0  0.0 41.400010529黛弘人　　　5800202  66.1   6.01329474+ 4   221350                       
0124160808 43.0  0.4  0.0  0.0  0.0  0.0 43.400010633高杉吏麒　　5503202  49.9   5.81329480+ 4   221350                       
0124160809 43.7  1.5  1.9  1.5  2.1  0.0 50.700010455池添謙一　　5300202   7.6   1.81329496+ 2545321350                       
0124160810 38.0  0.4  0.0  0.0  0.0  0.0 38.400010634長浜鴻緒　　5303202 106.1   9.11329476+ 4   321350                       
0124160901 49.0  1.4  1.6  2.5  3.3  0.0 57.800010617佐々木大輔　5800202   6.3   2.31407464-10314321425                       
0124160902 50.0  1.2  1.7  1.5  1.9  0.0 56.300010578鮫島克駿　　5600202   8.4   2.71407450- 2566321425                       
0124160903 49.0  0.4  0.0  0.0  0.0  0.0 49.400010588富田暁　　　5600202  22.1   4.71407456  0   331425                       
0124160904 47.1  0.4 -1.0  0.0  0.0  0.0 46.500010598斎藤新　　　5600202  41.0   8.31407458  0   321425                       
0124160905 53.0  1.1  2.3  3.0  2.2  0.0 61.600010355武豊　　　　5800202   6.1   2.21407484+ 2231321425                       
0124160906 48.0  0.6  0.9  0.0  0.0  0.0 49.500030182岩田康誠　　5600202  10.6   2.91407446- 8   321425                       
0124160907 49.1  1.1  1.5  0.0  0.0  0.0 51.700010529黛弘人　　　5600202  12.6   3.11407444+ 4   321425                       
0124160908 50.1  0.5  0.0  0.0  0.0  0.0 50.600010535浜中俊　　　5800202  21.9   5.21407482  0   221425                       
0124160909 47.0  0.2 -1.0  0.0  0.0  0.0 46.200010625小林勝太　　5600202  93.8  16.31407454  0   321425                       
0124160910 51.1  1.8  2.0  0.0  2.0  0.0 56.900010515丹内祐次　　5800202   7.7   2.61407482- 6 55331425                       
0124160911 51.0  1.4  1.5  3.5  2.3  0.0 59.700010590横山武史　　5600202   5.0   1.81407494+ 2123331425                       
0124160912 53.1  1.4  2.5  2.0  2.1  0.0 61.100010608永野猛蔵　　5600202   6.9   2.11407456+ 2442331425                       
0124160913 46.0  0.2 -1.0  0.0  0.0  0.0 45.200010633高杉吏麒　　5500202  68.3  14.31407470- 2   321425                       
0124160914 47.0  0.4 -1.0  0.0  0.0  0.0 46.400010560横山和生　　5800202  40.1   7.01407504+ 4   321425                       
0124161001 53.1  1.2  0.0  2.5  1.9  0.0 58.700010591西村淳也　　5600202  11.9   3.51447504+ 6364321501                       
0124161002 50.0  0.2 -1.0  0.0  0.0  0.0 49.200010617佐々木大輔　5800202  50.6   7.91447442- 4   331501                       
0124161003 49.0  0.4  0.0  0.0  0.0  0.0 49.402010529黛弘人　　　5600202  16.4   4.01447492+ 2   331501                       
0124161004 49.0  1.3  0.4  2.0  2.0  0.0 54.700010355武豊　　　　5600202   7.1   2.31447440- 2455321501                       
0124161005 50.0  0.5  0.0  0.0  0.0  0.0 50.500010564菱田裕二　　5800202  28.2   6.81447466+ 2   271501                       
0124161006 50.2  0.2  0.0  0.0  0.0  0.0 50.400010436古川吉洋　　5600202  20.9   4.61447478+ 4   321501                       
0124161007 50.1  0.2 -1.0  0.0  0.0  0.0 49.300010608永野猛蔵　　5600202  57.2  10.41447498  0   371501                       
0124161008 41.1  0.8  0.0  0.0  0.0  0.0 41.900010596亀田温心　　5800202   9.4   3.61447516+ 2 9 331501                       
0124161009 53.0  1.8  2.2  3.0  2.3  0.0 62.302010515丹内祐次　　5600202   5.0   1.71447432+ 4222331501                       
0124161010 44.0  0.2 -1.0  0.0  0.0  0.0 43.200010598斎藤新　　　5600202  69.7  10.91447460+ 2   371501                       
0124161011 49.0  0.7  0.8  0.0  2.2  0.0 52.700010547丸山元気　　5600202   9.3   2.71447436-14 3 321501                       
0124161012 52.1  0.2  0.0  0.0  0.0  0.0 52.300010532荻野琢真　　5600202  32.2   5.81447446+ 2   321501                       
0124161013 53.0  2.1  4.1  3.5  3.3  0.0 66.000010590横山武史　　5800202   4.8   1.61447508+ 2111331501                       
0124161014 45.0  0.4  0.0  0.0  0.0  0.0 45.400010522北村友一　　5800202  35.0   6.51447448-12   321501                       
0124161015 52.0  1.4  2.0  1.5  2.1  0.0 59.000010535浜中俊　　　5600202   8.2   2.71447470- 8543271501                       
0124161016 51.0  0.6  2.1  0.0  0.0  0.0 53.710010516大野拓弥　　5800202  29.0   4.41447454- 6  6331501                       
0124161101 59.0  0.4  0.0  0.0  0.0  0.0 59.400010553水口優也　　5700202  18.3   3.81516482-12   331535                       
0124161102 63.3  0.7  0.0  0.0  0.0  0.0 64.000010617佐々木大輔　5700202  16.0   3.61516514- 6 9 331535                       
0124161103 53.8  0.8  0.5  0.0  0.0  0.0 55.100010455池添謙一　　5800202  39.1   6.31516480-12   321535                       
0124161104 65.1  2.3  3.3  3.0  2.1  0.0 75.800010608永野猛蔵　　5700202   4.8   1.61516466-10242221535                       
0124161105 52.0  0.4 -1.0  0.0  0.0  0.0 51.400010564菱田裕二　　5700202  68.5  10.91516524+ 6   221535                       
0124161106 63.0  1.1  2.2  1.5  1.9  0.0 69.700030182岩田康誠　　5700202  10.7   3.01516530- 2566221535                       
0124161107 68.7  1.4  1.4  2.5  3.3  0.0 77.300010546松山弘平　　5800202   5.1   1.81516506-12311321535                       
0124161108 58.0  0.2 -1.0  0.0  0.0  0.0 57.200030548石川倭　　　5700202  52.0   7.21516472-10   321535                       
0124161109 67.2  0.9  1.0  0.0  2.2  0.0 71.300010560横山和生　　5800202  12.3   2.71516500  0 35321535                       
0124161110 63.5  1.9  2.7  3.5  2.3  0.0 73.900010355武豊　　　　5700202   3.5   1.51516522   124321535                       
0124161111 56.0  0.2 -1.0  0.0  0.0  0.0 55.200010436古川吉洋　　5500202 138.0  17.41516500+ 6   321535                       
0124161112 62.0  0.7  0.3  0.0  0.0  0.0 63.000010547丸山元気　　5700202  24.0   4.21516496  0 9 371535                       
0124161113 61.0  0.4 -1.0  0.0  0.0  0.0 60.400010588富田暁　　　5700202  21.5   4.01516464- 4   321535                       
0124161114 69.1  0.8  0.6  2.0  2.0  0.0 74.500010591西村淳也　　5800202   7.9   2.81516526- 4453221535                       
0124161201 38.0  0.2  0.0  0.0  0.0  0.0 38.202010597小林凌大　　5400202  32.0   6.41551442+10   321610                       
0124161202 46.0  1.9  2.2  3.5  3.3  0.0 56.900010355武豊　　　　5600202   4.1   1.91551478  0112371610                       
0124161203 40.0  0.4  0.0  0.0  0.0  0.0 40.400010615川端海翼　　5303202  58.2   7.71551448  0   331610                       
0124161204 42.0  0.4  0.0  0.0  0.0  0.0 42.400010598斎藤新　　　5600202  20.1   4.91551500- 8   321610                       
0124161205 43.0  0.4  0.0  0.0  0.0  0.0 43.400010633高杉吏麒　　5303202  19.2   5.11551448- 2   321610                       
0124161206 39.5  0.9  0.9  0.0  0.0  0.0 41.300010508藤岡佑介　　5600202  16.1   5.11551460+10   231610                       
0124161207 48.0  0.4  0.2  0.0  1.9  0.0 50.500110529黛弘人　　　5600202  19.2   3.41551442- 2 65321610                       
0124161208 47.1  1.6  2.0  2.5  2.3  0.0 55.500010522北村友一　　5400202   5.7   1.81551464- 6323331610                       
0124161209 47.0  0.9  0.0  2.0  2.0  0.0 51.900010560横山和生　　5600202   7.5   2.51551432  0454331610                       
0124161210 44.0  1.1  0.0  0.0  0.0  0.0 45.100010578鮫島克駿　　5600202  13.0   3.21551468+ 6   371610                       
0124161211 38.0  0.4 -1.0  0.0  0.0  0.0 37.400010622鷲頭虎太　　5303202  29.0   5.81551434+10   321610                       
0124161212 41.0  0.5  0.0  0.0  0.0  0.0 41.500010546松山弘平　　5400202  37.0   6.31551474- 2   321610                       
0124161213 45.0  0.5  0.0  0.0  0.0  0.0 45.500010564菱田裕二　　5600202  42.2   7.91551466- 6  6371610                       
0124161214 50.0  1.6  2.5  3.0  2.2  0.0 59.310010516大野拓弥　　5400202   5.5   2.01551492+16231331610                       
0124161215 40.0  0.8  0.0  1.5  2.1  0.0 44.410010590横山武史　　5400202  14.1   4.51551480+1454 321610                       
0124161216 36.0  0.2 -1.0  0.0  0.0  0.0 35.200010617佐々木大輔　5600202  40.0   7.11551478- 6 9 331610                       
0424240101 22.0  0.5  0.5  0.0  0.0  0.0 23.010010581菊沢一樹　　5500101  15.6   3.10921452- 4   230935                       
0424240102 30.0  3.2  2.9  3.5  2.1  0.0 41.710010512川田将雅　　5500101   2.4   1.10921506  0131220935                       
0424240103 32.1  1.9  3.0  2.5  0.0  0.0 39.502010542三浦皇成　　5500101   4.8   1.20921450- 43 3230935                       
0424240104 27.0  1.9  2.5  2.0  2.2  0.0 35.612010583坂井瑠星　　5500101   5.5   1.60921444+ 8425220935                       
0424240105 32.0  2.3  3.3  3.0  0.0  0.0 40.600010500松岡正海　　5500101   4.4   1.10921416  02 2220935                       
0424240106 17.0  0.4  0.1  0.0  2.0  0.0 19.500010589武藤雅　　　5500101  46.0   7.80921464  0 4 320935                       
0424240107 26.0  0.6  0.0  0.0  0.0  0.0 26.602010438和田竜二　　5500101  31.2   4.20921446- 2  6220935                       
0424240108 30.1  1.7  1.3  1.5  3.4  0.0 38.000010429柴田大知　　5500101   8.5   1.90921436  0514230935                       
0424240201 27.3  0.7  0.4  2.0  0.0  0.0 30.400010438和田竜二　　5500101  14.3   2.20954414   4 6331005                       
0424240202 20.0  0.1 -1.0  0.0  0.0  0.0 19.100010604原優介　　　5401101 103.4  13.60954422      331005                       
0424240203 20.0  0.2  0.0  0.0  0.0  0.0 20.200010416吉田豊　　　5500101  68.9   7.80954412      331005                       
0424240204 30.1  0.8  0.9  1.5  2.0  0.0 35.300030468戸崎圭太　　5500101  19.2   2.50954432   555231005                       
0424240205 20.4  0.3  0.0  0.0  0.0  0.0 20.700010419幸英明　　　5500101  22.6   3.40954446      231005                       
0424240206 25.3  0.3  0.2  0.0  0.0  0.0 25.800010542三浦皇成　　5500101  50.9   5.60954456      231005                       
0424240207 20.0  0.2 -1.0  0.0  0.0  0.0 19.200010605小沢大仁　　5401101 148.4  13.60954440      271005                       
0424240208 37.7  1.6  2.3  2.5  3.6  0.0 47.702010600団野大成　　5500101   6.2   1.60954480   313331005                       
0424240209 26.0  0.8  0.1  0.0  0.0  0.0 26.900010491田辺裕信　　5500101  21.4   2.90954464      231005                       
0424240210 39.0  0.9  2.7  0.0  2.4  0.0 45.000010339横山典弘　　5500101  23.8   3.50954432    24271005                       
0424240211 45.3  3.0  3.7  3.5  2.1  0.0 57.600070234Ｃ．ルメール5500101   1.7   1.10954484   141231005                       
0424240212 21.0  0.1 -1.0  0.0  0.0  0.0 20.100010629石神深道　　5203101 134.5  14.10954426      231005                       
0424240213 20.5  0.4  0.0  0.0  0.0  0.0 20.900010620西塚洸二　　5401101  51.6   7.30954424      331005                       
0424240214 42.0  1.9  3.2  3.0  2.3  0.0 52.400010583坂井瑠星　　5500101   5.0   1.40954448   232231005                       
0424240301 24.0  0.5  0.0  0.0  0.0  0.0 24.502010600団野大成　　5500101  50.5   3.51021516      231035                       
0424240302 20.0  0.2  0.0  0.0  0.0  0.0 20.200010604原優介　　　5401101  76.2   6.11021448      371035                       
0424240303 37.7  1.4  2.4  1.5  0.0  0.0 43.000010583坂井瑠星　　5500101  20.4   1.71021498   5 3231035                       
0424240304 29.5  1.0  0.9  2.5  0.0  0.0 33.900010542三浦皇成　　5500101  13.3   1.61021444   3 5331035                       
0424240305 25.2  0.4  0.1  0.0  0.0  0.0 25.700010419幸英明　　　5500101  35.0   3.11021466      271035                       
0424240306 48.4  3.4  4.3  3.5  3.5  0.0 63.100010512川田将雅　　5500101   1.2   1.01021478   111231035                       
0424240307 31.6  1.0  1.2  2.0  2.0  0.0 37.800010416吉田豊　　　5500101  19.8   1.91021434   434231035                       
0424240308 27.5  0.7  0.6  0.0  0.0  0.0 28.802010491田辺裕信　　5500101  36.0   2.71021474     6221035                       
0424240309 40.8  2.1  2.9  3.0  2.2  0.0 51.000030468戸崎圭太　　5500101   4.7   1.11021478   222231035                       
0424240401 43.0  2.0  3.0  3.0  2.4  0.0 53.400070176Ｍ．デムーロ5700101   4.5   1.41054500- 6222221105                       
0424240402 40.0  1.7  2.3  2.0  0.0  0.0 46.002010542三浦皇成　　5500101   7.4   1.41054450+ 24 4371105                       
0424240403 26.0  0.4  0.0  0.0  0.0  0.0 26.402010582木幡巧也　　5700101  44.7   5.11054456- 8   371105                       
0424240404 41.3  3.5  3.7  3.5  2.1  0.0 54.110070234Ｃ．ルメール5700101   1.8   1.11054472+ 6131371105                       
0424240405 31.0  0.3  1.2  1.5  0.0  0.0 34.010010419幸英明　　　5700101  18.6   3.61054462+ 65 5331105                       
0424240406 10.0  0.2 -1.0  0.0  0.0  0.0  9.200010429柴田大知　　5700101 166.5  16.71054468-12   221105                       
0424240407 25.0  0.1 -1.0  0.0  0.0  0.0 24.110010636吉村誠之助　5203101 147.4  14.21054500- 2 9 231105                       
0424240408 29.0  0.2  0.0  0.0  0.0  0.0 29.200010607永島まなみ　5500101  38.1   4.71054474-14  6371105                       
0424240409 25.0  0.2  0.0  0.0  0.0  0.0 25.200010603小林脩斗　　5502101 132.9  11.61054458+ 6   231105                       
0424240410 22.0  0.2  0.0  0.0  0.0  0.0 22.200010630大江原比呂　5100101  53.0   6.31054426- 2   371105                       
0424240411 24.0  0.2  0.0  0.0  0.0  0.0 24.200010457酒井学　　　5700101  91.3  11.31054500+ 8   221105                       
0424240412 11.8  0.1  0.0  0.0  0.0  0.0 11.903010600団野大成　　5500101  84.3   9.51054436      231105                       
0424240413 39.0  2.1  2.9  2.5  3.6  0.0 50.110010583坂井瑠星　　5700101   6.6   1.41054466- 4313221105                       
0424240414 10.0  0.2  0.0  0.0  0.0  0.0 10.202010375江田照男　　5700101 111.6  13.21054560+10   121105                       
0424240415 17.0  0.2  0.0  0.0  2.0  0.0 19.202010577野中悠太郎　5700101  52.8   6.11054494-12 4 231105                       
0424240501 39.0  0.7  0.3  1.5  0.0  0.0 41.500010438和田竜二　　5700101  16.9   3.41124492- 45  331135                       
0424240502 35.0  0.8  1.4  0.0  0.0  0.0 37.200010581菊沢一樹　　5500101  16.4   3.31124428+ 6   371135                       
0424240503 36.0  0.2  0.1  0.0  0.0  0.0 36.300010607永島まなみ　5300101  29.6   6.01124384- 2   431135                       
0424240504 40.0  0.9  1.6  0.0  0.0  0.0 42.500010584藤田菜七子　5300101  14.1   3.51124414  0  6431135                       
0424240505 44.0  0.4  0.3  2.5  2.3  0.0 49.502010636吉村誠之助　5403101   8.8   2.11124472+ 6323331135                       
0424240506 44.9  1.6  2.3  3.5  2.2  0.0 54.500010620西塚洸二　　5601101   3.9   1.31124476+ 2132231135                       
0424240507 41.0  1.9  1.9  2.0  0.0  0.0 46.800030468戸崎圭太　　5500101   4.7   1.61124430+ 24 4231135                       
0424240508 41.1  0.4  0.0  0.0  2.1  0.0 43.600010605小沢大仁　　5601101  15.2   3.81124432+14 45371135                       
0424240509 24.0  0.0 -1.0  0.0  0.0  0.0 23.010010604原優介　　　5401101 133.5  19.91124452+10   331135                       
0424240510 34.1  0.4  0.0  0.0  2.0  0.0 36.500010606角田大和　　5401101  34.9   6.11124416- 4 5 321135                       
0424240511 28.7  0.2  0.0  0.0  0.0  0.0 28.910010555杉原誠人　　5700101  75.8  13.61124454- 8   331135                       
0424240512 18.0  0.2 -1.0  0.0  0.0  0.0 17.200010542三浦皇成　　5500101 178.1  39.31124448+ 2   271135                       
0424240513 39.1  0.2 -1.0  0.0  0.0  0.0 38.310010580荻野極　　　5700101  74.7   9.51124440+10   371135                       
0424240514 36.0  0.3 -1.0  0.0  0.0  0.0 35.302010497石橋脩　　　5700101  99.4  15.01124422- 4   331135                       
0424240515 20.8  0.4  0.0  0.0  0.0  0.0 21.200010600団野大成　　5500101  35.2   9.61124464      231135                       
0424240516 20.0  0.2 -1.0  0.0  0.0  0.0 19.200010457酒井学　　　5500101  58.8  12.81124420      331135                       
0424240517 18.0  0.0 -1.0  0.0  0.0  0.0 17.002010549菅原隆一　　5700101 200.7  45.81124424  0   231135                       
0424240518 45.0  3.0  3.6  3.0  3.5  0.0 58.100010583坂井瑠星　　5500101   3.8   1.51124396- 4211321135                       
0424240601 43.9  0.4  0.0  0.0  0.0  0.0 44.302010583坂井瑠星　　5600101  56.9   9.91457468+ 6   221510                       
0424240602 36.0  0.3 -1.0  0.0  0.0  0.0 35.310010500松岡正海　　5600101 120.9  21.01457450+14   321510                       
0424240603 50.0  1.2  2.0  0.0  0.0  0.0 53.200010581菊沢一樹　　5600101  15.4   3.01457496  0  5231510                       
0424240604 48.1  0.1  0.0  0.0  0.0  0.0 48.202010554嶋田純次　　5600101  82.8  10.31457450+ 6   331510                       
0424240605 49.5  0.5  1.2  0.0  0.0  0.0 51.200030113内田博幸　　5600101  30.3   5.71457474+10  6221510                       
0424240606 43.0  0.4  0.9  0.0  0.0  0.0 44.300010542三浦皇成　　5800101  61.1   8.51457466- 2   221510                       
0424240607 45.0  0.5  0.0  0.0  2.0  0.0 47.501070176Ｍ．デムーロ5800101  49.2   8.41457452-12 5 331510                       
0424240608 48.7  1.6  1.6  3.0  2.2  0.0 57.100010570石川裕紀人　5400101   7.5   2.51457440+ 4243331510                       
0424240609 48.0  0.3  0.0  0.0  0.0  0.0 48.310010438和田竜二　　5800101 109.9  17.11457502+ 4   221510                       
0424240610 46.3  0.7  0.8  0.0  0.0  0.0 47.800010611松本大輝　　5800101  35.4   5.91457474+ 4   221510                       
0424240611 52.7  1.0  1.4  2.5  3.6  0.0 61.202010497石橋脩　　　5600101   8.4   2.41457444  0311371510                       
0424240612 51.9  0.4  1.6  2.0  2.3  0.0 58.200010555杉原誠人　　5600101  10.9   2.81457440- 4432321510                       
0424240613 38.0  0.4  0.0  0.0  0.0  0.0 38.400010604原優介　　　5600101  21.9   4.81457470- 6   221510                       
0424240614 42.0  0.2 -1.0  0.0  0.0  0.0 41.210010605小沢大仁　　5600101  39.8   6.11457464+ 8   331510                       
0424240615 47.9  0.4  0.0  0.0  0.0  0.0 48.310010562長岡禎仁　　5800101  16.5   4.31457448+ 6   271510                       
0424240616 44.0  2.6  3.4  3.5  2.4  0.0 55.900010600団野大成　　5600101   2.6   1.51457504- 2124371510                       
0424240617 43.0  0.5  0.1  1.5  0.0  0.0 45.102010584藤田菜七子　5800101   7.8   2.51457518  05  221510                       
0424240618 47.8  0.4  0.0  0.0  0.0  0.0 48.200010558藤懸貴志　　5600101  16.8   3.61457464+ 6   321510                       
0424240701 65.0  3.1  4.2  3.5  3.0  0.0 78.810030468戸崎圭太　　5700101   2.6   1.21533542+ 2141331545                       
0424240702 49.9  0.2  0.0  0.0  0.0  0.0 50.100010605小沢大仁　　5700101 107.6  15.81533536+20   221545                       
0424240703 48.0  0.1 -1.0  0.0  0.0  0.0 47.100010419幸英明　　　5700101 161.2  21.11533462- 6   321545                       
0424240704 60.0  1.2  1.7  2.5  0.0  0.0 65.400070176Ｍ．デムーロ5700101   7.0   2.21533482+ 23 3331545                       
0424240705 49.0  0.2 -1.0  0.0  0.0  0.0 48.200010416吉田豊　　　5700101  46.5   7.31533506  0   331545                       
0424240706 58.1  0.3  0.2  0.0  0.0  0.0 58.600010542三浦皇成　　5700101  22.1   3.81533498  0   321545                       
0424240707 53.0  0.4  0.0  0.0  3.1  0.0 56.500010339横山典弘　　5700101  36.6   6.61533536    3 221545                       
0424240708 62.1  2.4  3.4  3.0  3.6  0.0 74.500010512川田将雅　　5700101   5.1   1.71533554+ 4212321545                       
0424240709 55.2  1.0  1.4  0.0  0.0  0.0 57.601010583坂井瑠星　　5700101  15.3   3.11533504  0   321545                       
0424240710 50.0  0.1 -1.0  0.0  0.0  0.0 49.100010620西塚洸二　　5700101  48.4   6.81533488+ 6   371545                       
0424240711 59.0  0.6  0.8  1.5  3.3  0.0 65.200010497石橋脩　　　5700101  11.5   2.81533510+ 4524321545                       
0424240712 55.6  1.2  0.9  2.0  0.0  0.0 59.702070234Ｃ．ルメール5700101   7.6   2.11533506+ 44 6321545                       
0424240713 53.0  0.6  0.1  0.0  0.0  0.0 53.700030113内田博幸　　5700101  20.0   3.31533492+ 2   331545                       
0424240714 48.6  0.3  0.0  0.0  0.0  0.0 48.902010438和田竜二　　5700101  40.8   6.31533490      221545                       
0424240715 55.8  0.6  2.6  0.0  2.3  0.0 61.300010577野中悠太郎　5700101  22.0   3.61533438- 2 55321545                       
0424240801 47.0  0.9  2.0  1.5  0.0  0.0 51.400010636吉村誠之助　5003101  15.6   2.31609458+ 45 4321620                       
0424240802 48.0  0.4  0.0  0.0  0.0  0.0 48.402010584藤田菜七子　5400101  41.9   4.61609420+ 6  6371620                       
0424240803 55.3  1.2  2.4  2.5  2.4  0.0 63.810010542三浦皇成　　5300101   9.6   1.91609448- 2322331620                       
0424240804 59.5  3.4  4.0  3.5  3.6  0.0 74.010010512川田将雅　　5300101   1.7   1.11609442+ 6111221620                       
0424240805 46.7  0.5  0.3  0.0  0.0  0.0 47.500010600団野大成　　5600101  35.9   3.51609426  0   321620                       
0424240806 40.0  0.2 -1.0  0.0  0.0  0.0 39.212010607永島まなみ　5600101  88.4  10.01609438+ 6   371620                       
0424240807 38.0  0.2  0.0  0.0  0.0  0.0 38.200010544国分恭介　　5800101  80.4   7.91609440- 6   321620                       
0424240808 45.0  0.9  0.8  0.0  0.0  0.0 46.700010583坂井瑠星　　5600101  13.5   1.91609448  0   321620                       
0424240809 45.1  0.2  0.0  2.0  0.0  0.0 47.300010419幸英明　　　5800101  55.4   4.61609434- 24  321620                       
0424240810 30.0  0.2 -1.0  0.0  0.0  0.0 29.200010582木幡巧也　　5800101 125.5  14.51609418-13   221620                       
0424240811 27.0  0.2 -1.0  0.0  0.0  0.0 26.202010537丸田恭介　　5500101 229.8  23.51609498- 2   171620                       
0424240812 52.5  2.6  3.0  3.0  2.3  0.0 63.402070234Ｃ．ルメール5500101   3.7   1.31609508+12233231620                       
0424240813 33.0  0.1 -1.0  0.0  0.0  0.0 32.100010569城戸義政　　5500101 186.3  14.41609432- 2   371620                       
0424240814 45.8  0.9  1.3  0.0  2.2  0.0 50.200010580荻野極　　　5800101  15.1   2.41609494+ 8 45331620                       
0424240901 44.0  2.5  3.4  3.5  2.2  0.0 55.600070176Ｍ．デムーロ5700101   2.8   1.31639476- 2141231650                       
0424240902 35.0  0.2  0.0  0.0  0.0  0.0 35.200010635橋木太希　　5203101  74.1   9.21639448+ 6   271650                       
0424240903 29.0  0.2  0.0  0.0  0.0  0.0 29.200010603小林脩斗　　5302101  67.9   8.81639440+12   331650                       
0424240904 24.0  0.2 -1.0  0.0  0.0  0.0 23.210010636吉村誠之助　5403101 120.7  12.81639522+ 4   321650                       
0424240905 34.0  0.4  0.0  0.0  2.1  0.0 36.502010581菊沢一樹　　5700101  19.1   4.51639504  0 55221650                       
0424240906 33.0  0.9  1.4  1.5  3.5  0.0 40.300010419幸英明　　　5700101  12.1   2.21639462+ 6513321650                       
0424240907 28.1  0.7  0.0  0.0  0.0  0.0 28.800010607永島まなみ　5300101  14.4   3.01639416- 2   421650                       
0424240908 30.4  0.4  0.0  0.0  0.0  0.0 30.802010544国分恭介　　5500101  23.7   3.91639476+ 4   331650                       
0424240909 39.0  2.1  3.1  3.0  2.3  0.0 49.502010542三浦皇成　　5700101   3.9   1.41639470+ 4232221650                       
0424240910 26.0  2.1  2.7  2.0  2.4  0.0 35.202010562長岡禎仁　　5500101   6.4   2.21639446- 242 321650                       
0424240911 23.1  0.4  0.0  0.0  0.0  0.0 23.510010580荻野極　　　5700101  40.4   7.21639506+10   231650                       
0424240912 32.0  0.4  1.0  2.5  0.0  0.0 35.912010570石川裕紀人　5700101  12.0   2.81639512+ 83 6231650                       
0424240913 36.0  0.7  0.3  0.0  0.0  0.0 37.000010579加藤祥太　　5700101  23.8   3.81639444- 4  4371650                       
0424240914 28.0  0.2 -1.0  0.0  0.0  0.0 27.200010604原優介　　　5401101  91.4  11.41639460  0   371650                       
0424240915 33.1  0.3  0.6  0.0  0.0  0.0 34.000010416吉田豊　　　5500101  21.9   3.11639504+12   231650                       
0424241001 43.1  0.2  0.0  0.0  0.0  0.0 43.300010601秋山稔樹　　5401101  31.0   4.81709454+ 8   221720                       
0424241002 47.0  0.5  0.4  0.0  0.0  0.0 47.900010497石橋脩　　　5800101  42.0   5.91709526+ 2   221720                       
0424241003 38.0  0.1 -1.0  0.0  0.0  0.0 37.100010441江田勇亮　　5800101  86.9  12.31709454- 4   221720                       
0424241004 31.0  0.1 -1.0  0.0  0.0  0.0 30.100010607永島まなみ　5100101 130.7  20.71709466+ 2   321720                       
0424241005 43.0  0.1 -1.0  0.0  0.0  0.0 42.100010419幸英明　　　5600101 135.4  17.21709462+ 6   331720                       
0424241006 46.1  0.5  0.0  0.0  0.0  0.0 46.600010636吉村誠之助　5003101  18.5   4.01709414  0   331720                       
0424241007 48.0  0.6  0.0  1.5  0.0  0.0 50.100010438和田竜二　　5600101  22.4   3.41709424  05 5321720                       
0424241008 56.1  2.0  3.5  2.5  2.3  0.0 66.400070176Ｍ．デムーロ5500101   4.6   1.61709448+ 8332371720                       
0424241009 44.0  0.1  0.0  0.0  0.0  0.0 44.100010580荻野極　　　5800101  98.2  15.01709462- 4   221720                       
0424241010 45.0  0.2  0.0  0.0  2.0  0.0 47.200010570石川裕紀人　5300101  29.6   6.21709474+ 8 5 321720                       
0424241011 42.0  0.5  0.0  0.0  0.0  0.0 42.500010339横山典弘　　5600101  25.8   5.41709454- 2   221720                       
0424241012 46.2  0.4  0.0  0.0  2.1  0.0 48.700010581菊沢一樹　　5800101  42.5   5.01709474- 2 46331720                       
0424241013 43.0  0.2  0.0  0.0  0.0  0.0 43.200010600団野大成　　5300101  64.8   8.21709442+14   321720                       
0424241014 53.0  2.6  3.2  3.5  3.0  0.0 65.300070234Ｃ．ルメール5500101   3.3   1.51709496- 8123221720                       
0424241015 46.9  0.9  2.3  2.0  0.0  0.0 52.100010583坂井瑠星　　5300101   6.8   1.91709438+ 24 4321720                       
0424241016 38.0  0.2  0.0  0.0  0.0  0.0 38.200010542三浦皇成　　5600101 159.2  18.21709456+14   331720                       
0424241017 56.0  2.3  2.8  3.0  3.5  0.0 67.600030468戸崎圭太　　5500101   3.7   1.41709438+16211231720                       
0424241018 44.1  0.2 -1.0  0.0  0.0  0.0 43.300010632柴田裕一郎　5503101  80.8  12.01709476- 2   321720                       
0424241101 39.0  2.2  2.8  2.5  2.0  0.0 48.500010542三浦皇成　　5500101   5.0   1.41737432  0344371750                       
0424241102 15.0  0.1 -1.0  0.0  0.0  0.0 14.100010581菊沢一樹　　5500101 136.4  11.71737388  0   331750                       
0424241103 32.0  1.0  1.8  1.5  0.0  0.0 36.300010339横山典弘　　5500101  12.9   2.11737444+ 25 6321750                       
0424241104 37.0  0.7  0.0  0.0  0.0  0.0 37.700010537丸田恭介　　5500101  15.7   2.01737438+ 8  5371750                       
0424241105 16.0  0.2 -1.0  0.0  0.0  0.0 15.200010603小林脩斗　　5500101 128.7  12.51737474- 2   231750                       
0424241106 40.0  1.9  2.7  2.0  2.1  0.0 48.700010500松岡正海　　5500101   7.5   1.41737438+ 4433221750                       
0424241107 38.0  2.1  2.8  3.5  2.4  0.0 48.800010607永島まなみ　5500101   4.3   1.31737460- 8122321750                       
0424241108 44.0  3.4  3.7  3.0  3.6  0.0 57.700070234Ｃ．ルメール5500101   1.9   1.11737466+ 8211271750                       
0424241109 15.0  0.2 -1.0  0.0  0.0  0.0 14.200010604原優介　　　5500101  69.1   7.11737448-11   371750                       
0424241201 51.0  0.2  0.0  0.0  0.0  0.0 51.202010620西塚洸二　　5600101  27.0   5.01813438- 4  5331825                       
0424241202 45.2  0.7  1.2  0.0  0.0  0.0 47.100010416吉田豊　　　5800101  28.3   5.41813502-14   371825                       
0424241203 47.3  0.4  0.0  0.0  0.0  0.0 47.700010554嶋田純次　　5800101  35.4   5.41813506+ 2   271825                       
0424241204 41.4  0.4  0.0  0.0  0.0  0.0 41.802010607永島まなみ　5600101  22.1   4.61813474+10   331825                       
0424241205 48.0  0.2  0.9  0.0  0.0  0.0 49.102010581菊沢一樹　　5800101  41.3   5.21813488  0   221825                       
0424241206 42.0  0.1 -1.0  0.0  0.0  0.0 41.112010577野中悠太郎　5800101 113.4  12.31813504-14   271825                       
0424241207 50.9  1.1  1.6  2.0  2.2  0.0 57.800010570石川裕紀人　5600101   6.6   1.81813460- 4443231825                       
0424241208 54.0  3.1  3.8  3.5  3.0  0.0 67.402010457酒井学　　　5800101   2.9   1.41813516+ 6121221825                       
0424241209 38.0  0.1 -1.0  0.0  0.0  0.0 37.100010604原優介　　　5600101  25.7   4.81813464+ 4   321825                       
0424241210 41.0  0.4  0.0  0.0  2.1  0.0 43.500010600団野大成　　5800101  29.7   4.81813474- 4 5 231825                       
0424241211 50.8  1.7  2.3  3.0  3.6  0.0 61.402070176Ｍ．デムーロ5800101   4.5   1.61813534  0212231825                       
0424241212 46.0  0.8  1.2  1.5  0.0  0.0 49.510030113内田博幸　　5600101  13.1   2.91813548+165 6231825                       
0424241213 38.0  0.2 -1.0  0.0  0.0  0.0 37.200010537丸田恭介　　5600101 119.2  18.91813444+ 8   431825                       
0424241214 49.5  1.6  1.6  2.5  2.4  0.0 57.600010419幸英明　　　5800101   5.1   1.81813500+10334321825                       
0424241215 36.0  0.2 -1.0  0.0  0.0  0.0 35.200010429柴田大知　　5600101  91.1  10.71813440  0   321825                       
