0123220101 18.0  0.5 -1.0  0.0  1.9  0.0 19.400010515丹内祐次　　5500102  26.7   8.50933478-12 6 220950                       
0123220102 37.0  3.0  4.3  3.0  2.3  0.0 49.600010339横山典弘　　5500102   3.1   1.70933462- 4221230950                       
0123220103 35.1  2.5  2.5  2.5  2.1  0.0 44.702010355武豊　　　　5500102   4.2   1.80933442- 4343270950                       
0123220104 32.0  1.1  0.0  2.0  3.3  0.0 38.410010510吉田隼人　　5500102   8.1   3.10933452+ 2415330950                       
0123220105 30.0  1.1  0.5  0.0  0.0  0.0 31.600010617佐々木大輔　5302102  16.7   5.40933482+ 2  6270950                       
0123220106 35.0  2.3  2.1  3.5  2.2  0.0 45.100010610古川奈穂　　5100102   3.2   1.40933442+ 2132330950                       
0123220107 34.0  1.6  1.5  1.5  2.0  0.0 40.600010578鮫島克駿　　5500102   8.8   3.40933446  0554230950                       
0123220201 24.0  0.4  0.0  0.0  0.0  0.0 24.400010605小沢大仁　　5301102  13.6   3.01000438+ 2   321020                       
0123220202 26.0  0.8  0.0  0.0  0.0  0.0 26.802010515丹内祐次　　5600102  13.2   2.71000446-10   331020                       
0123220203 29.0  0.8  1.4  1.5  2.0  0.0 34.700010578鮫島克駿　　5600102  11.6   2.71000440+16555221020                       
0123220204 27.0  0.2  0.0  0.0  0.0  0.0 27.200010625小林勝太　　5103102  62.9   8.01000402+ 2   371020                       
0123220205 37.0  2.4  3.5  0.0  0.0  0.0  0.000110510吉田隼人　　5600102            1000         221020                       
0123220206 15.0  1.0  0.2  0.0  1.9  0.0 18.100010522北村友一　　5600102   8.8   2.21000520+12 6 211020                       
0123220207 28.9  0.4 -1.0  0.0  0.0  0.0 28.300010611松本大輝　　5501102  41.0   4.61000442- 4  6321020                       
0123220208 41.0  2.1  3.2  3.0  3.3  0.0 52.600010617佐々木大輔　5402102   3.5   1.41000442-12211371020                       
0123220209 10.0  0.3  0.0  0.0  0.0  0.0 10.300010529黛弘人　　　5400102  27.7   3.81000500  0   221020                       
0123220210 31.0  1.2  3.0  2.0  2.3  0.0 39.512010612横山琉人　　5301102   6.9   2.01000452+ 6424331020                       
0123220211 34.0  1.6  2.2  3.5  2.2  0.0 43.510010606角田大和　　5501102   3.4   1.61000494- 6133331020                       
0123220212 39.0  1.2  0.8  2.5  2.1  0.0 45.600010586川又賢治　　5600102   8.8   2.31000548+ 8342221020                       
0123220301 32.0  1.6  2.7  1.5  2.1  0.0 39.900010510吉田隼人　　5400101  10.8   2.81033454  0545321050                       
0123220302 20.0  0.2  0.0  0.0  0.0  0.0 20.210010610古川奈穂　　5000101  25.8   2.81033410-10   331050                       
0123220303 25.0  0.2 -1.0  0.0  0.0  0.0 24.200010529黛弘人　　　5400101  94.6   8.81033448+ 2   331050                       
0123220304 24.0  0.3 -1.0  0.0  0.0  0.0 23.300110522北村友一　　5400101  70.3  12.41033472+ 6   321050                       
0123220305 38.0  1.5  1.9  2.5  2.2  0.0 46.100010532荻野琢真　　5600101  14.4   1.61033430+ 2333331050                       
0123220306 47.0  1.2  4.2  2.0  3.3  0.0 57.702010578鮫島克駿　　5600101   7.1   2.01033518+10412321050                       
0123220307 20.0  0.7  0.0  0.0  0.0  0.0 20.700010515丹内祐次　　5600101  17.0   2.91033520- 6 9 221050                       
0123220308 34.1  0.8  1.8  3.0  2.0  0.0 41.700010588富田暁　　　5600101   5.5   1.81033480  0254321050                       
0123220309 23.0  0.4  0.0  0.0  0.0  0.0 23.400010617佐々木大輔　5202101  40.9   6.61033430+ 4   321050                       
0123220310 31.0  0.4  0.0  0.0  0.0  0.0 31.400010596亀田温心　　5400101  69.4   9.51033410+ 6   371050                       
0123220311 33.0  0.2  0.0  0.0  0.0  0.0 33.202010597小林凌大　　5202101  50.8   8.51033442-14   221050                       
0123220312 35.0  0.4  0.0  0.0  1.9  0.0 37.312010612横山琉人　　5301101  70.6   9.11033466+16 66331050                       
0123220313 34.0  0.8  0.0  0.0  0.0  0.0 34.802010625小林勝太　　5303101  23.1   3.31033512- 8   271050                       
0123220314 45.0  3.5  4.3  3.5  2.3  0.0 58.600010590横山武史　　5600101   1.8   1.11033482+12121231050                       
0123220401 48.0  1.6  1.9  3.5  1.9  0.0 56.910010610古川奈穂　　5200101   3.7   1.61105484+ 2162331120                       
0123220402 42.0  0.8  0.0  0.0  0.0  0.0 42.810010455池添謙一　　5400101  15.0   3.91105424- 2   371120                       
0123220403 43.9  1.6  3.7  0.0  2.1  0.0 51.310010522北村友一　　5400101   9.3   1.81105444  0 44311120                       
0123220404 41.0  0.9  0.5  0.0  2.0  0.0 44.400010510吉田隼人　　5600101  15.1   3.61105456+ 2 5 231120                       
0123220405 40.0  1.6  2.7  3.0  3.3  0.0 50.600010590横山武史　　5600101   6.4   1.91105474- 4215231120                       
0123220406 44.1  1.8  0.9  1.5  0.0  0.0 48.300010515丹内祐次　　5400101   8.4   2.31105448+ 4596321120                       
0123220407 39.0  0.4  0.0  0.0  0.0  0.0 39.402010570石川裕紀人　5600101  18.9   5.31105470+ 6   331120                       
0123220408 26.0  0.1  0.0  0.0  0.0  0.0 26.100010622鷲頭虎太　　5303101 117.0  24.01105506+ 2   321120                       
0123220409 48.1  1.8  3.1  2.0  2.2  0.0 57.200010508藤岡佑介　　5400101   8.0   2.71105454- 2431371120                       
0123220410 44.0  0.6  0.0  0.0  0.0  0.0 44.600010339横山典弘　　5400101  13.5   3.91105420+ 2   381120                       
0123220411 22.0  0.2 -1.0  0.0  0.0  0.0 21.202010617佐々木大輔　5202101  34.9   7.01105450- 4   321120                       
0123220412 30.0  0.2 -1.0  0.0  0.0  0.0 29.200010612横山琉人　　5301101 124.7  25.21105426- 2   321120                       
0123220413 45.0  1.1  0.9  2.5  2.3  0.0 51.800010578鮫島克駿　　5400101   8.5   2.61105448+ 6323321120                       
0123220414 37.0  0.4  0.0  0.0  0.0  0.0 37.410010355武豊　　　　5400101  17.2   4.91105422+ 2   331120                       
0123220501 40.1  2.1  2.9  2.5  2.1  0.0 49.700010522北村友一　　5500102   7.0   1.51151510   343281210                       
0123220502 22.0  0.4  0.0  0.0  2.0  0.0 24.400010617佐々木大輔　5302102  22.6   2.61151430    5 221210                       
0123220503 26.9  1.3  0.5  1.5  0.0  0.0 30.200010508藤岡佑介　　5500102  16.2   2.61151476   5 5261210                       
0123220504 20.0  0.4  0.0  0.0  0.0  0.0 20.400010529黛弘人　　　5500102  69.0   7.61151462      231210                       
0123220505 47.3  2.7  4.2  3.0  3.3  0.0 60.500010339横山典弘　　5500102   4.1   1.41151476   211321210                       
0123220506 41.9  2.1  3.0  3.5  2.3  0.0 52.800010590横山武史　　5500102   2.1   1.21151512   122231210                       
0123220507 20.2  0.7 -1.0  0.0  0.0  0.0 19.900010578鮫島克駿　　5500102  32.4   4.41151422      321210                       
0123220508 30.7  1.2  1.1  0.0  2.2  0.0 35.200010588富田暁　　　5500102  16.3   2.11151450    34321210                       
0123220509 20.5  0.8  0.0  2.0  1.9  0.0 25.200010355武豊　　　　5500102   9.5   1.91151424   466321210                       
0123220510 21.0  0.4 -1.0  0.0  0.0  0.0 20.400010605小沢大仁　　5401102  72.8   8.71151476      221210                       
0123220601 48.0  0.3  0.0  0.0  1.9  0.0 50.210010532荻野琢真　　5500102  61.7   6.01225462- 2 66321240                       
0123220602 48.1  0.8  1.7  0.0  0.0  0.0 50.600010612横山琉人　　5401102  30.6   2.71225442+ 6  5321240                       
0123220603 35.0  0.2 -1.0  0.0  0.0  0.0 34.200010622鷲頭虎太　　5303102 203.5  14.21225458+10   371240                       
0123220604 38.0  0.4 -1.0  0.0  0.0  0.0 37.400030378柴山雄一　　5800102 204.4  18.81225478+ 2   231240                       
0123220605 46.0  0.7  0.6  0.0  0.0  0.0 47.312010610古川奈穂　　5100102  25.0   2.31225470+ 4 9 321240                       
0123220606 36.0  0.2 -1.0  0.0  0.0  0.0 35.200010568和田翼　　　5800102 166.9  13.61225460- 1   371240                       
0123220607 41.0  0.8  0.0  1.5  2.0  0.0 45.300010617佐々木大輔　5602102  29.6   2.71225466- 255 331240                       
0123220608 56.0  1.4  2.8  3.0  2.1  0.0 65.300010611松本大輝　　5701102  12.5   1.61225460  0242321240                       
0123220609 50.0  1.1  2.5  2.5  2.2  0.0 58.300010588富田暁　　　5500102  12.3   1.81225476+ 4333331240                       
0123220610 41.0  0.1 -1.0  0.0  0.0  0.0 40.100010625小林勝太　　5303102 128.7  11.21225486+ 6   231240                       
0123220611 49.0  1.5  2.3  2.0  2.3  0.0 57.100010515丹内祐次　　5500102  20.9   1.91225492+ 2424231240                       
0123220612 43.0  0.4  0.0  0.0  0.0  0.0 43.400010522北村友一　　5600102  95.4   6.61225466- 6   381240                       
0123220613 38.0  0.4  0.0  0.0  0.0  0.0 38.400010606角田大和　　5701102 122.9   6.61225450- 4   331240                       
0123220614 57.0  3.5  3.6  3.5  3.3  0.0 70.900010578鮫島克駿　　5500102   1.1   1.01225504-10111331240                       
0123220701 44.0  0.2 -1.0  0.0  0.0  0.0 43.200010622鷲頭虎太　　5303104  53.6   7.11250468- 6 9 331310                       
0123220702 39.4  1.6  1.7  2.0  0.0  0.0 44.700010590横山武史　　5300104   6.8   1.61250452+144 6331310                       
0123220703 50.0  0.6  0.0  2.5  2.2  0.0 55.300010617佐々木大輔　5102104   4.9   2.11250446+ 4333331310                       
0123220704 39.0  0.3  0.0  0.0  0.0  0.0 39.300010529黛弘人　　　5600104  83.4  10.21250436  0   331310                       
0123220705 32.0  0.4  0.0  0.0  0.0  0.0 32.400010610古川奈穂　　5200104  36.9   4.31250476+20   331310                       
0123220706 41.0  0.4 -1.0  0.0  0.0  0.0 40.400010510吉田隼人　　5300104  40.0   5.31250456+ 8   331310                       
0123220707 37.6  0.4 -1.0  0.0  0.0  0.0 37.000010588富田暁　　　5600104  28.4   4.51250504+ 6   371310                       
0123220708 38.1  0.6  0.0  0.0  0.0  0.0 38.700010578鮫島克駿　　5600104  19.3   3.01250440-10   221310                       
0123220709 41.1  0.2 -1.0  0.0  0.0  0.0 40.300010606角田大和　　5501104  68.2   7.31250470+ 4   231310                       
0123220710 31.2  0.5  0.0  0.0  2.0  0.0 33.700010522北村友一　　5300104  66.5   8.71250466- 8 5 331310                       
0123220711 42.1  0.9  1.6  1.5  2.1  0.0 48.200010355武豊　　　　5300104  12.4   3.11250458+12544331310                       
0123220712 43.0  0.7  0.0  0.0  1.9  0.0 45.600010611松本大輝　　5501104  12.4   4.71250472+ 2 65331310                       
0123220713 52.0  2.6  3.8  3.5  3.3  0.0 65.200010515丹内祐次　　5300104   2.7   1.21250420- 4111311310                       
0123220714 53.0  2.6  3.4  3.0  2.3  0.0 64.300010455池添謙一　　5300104   5.4   1.61250446- 6222331310                       
0123220801 41.0  2.9  4.4  3.0  3.3  0.0 54.600010355武豊　　　　5500102   2.4   1.11319478- 4212221340                       
0123220802 28.0  0.7  0.0  0.0  0.0  0.0 28.710010588富田暁　　　5500102  37.8   3.01319440- 2   311340                       
0123220803 33.0  0.4 -1.0  0.0  0.0  0.0 32.400030532阿部龍　　　5500102  46.5   4.11319436+ 2 96221340                       
0123220804 42.0  3.1  3.9  3.5  2.2  0.0 54.702010500松岡正海　　5500102   2.0   1.11319466+10131371340                       
0123220805 30.0  1.5  1.2  2.5  2.0  0.0 37.210010455池添謙一　　5500102  10.9   1.31319438- 6354221340                       
0123220806 34.0  1.3  0.8  2.0  2.1  0.0 40.202010451松田大作　　5500102  11.6   1.61319452  0443231340                       
0123220807 19.0  0.4 -1.0  0.0  0.0  0.0 18.400010529黛弘人　　　5500102  44.9   3.71319392+ 2   321340                       
0123220808 29.0  1.3  2.0  1.5  2.3  0.0 36.100010436古川吉洋　　5500102  20.2   2.11319482- 6525321340                       
0123220901 54.1  2.3  2.6  2.0  3.3  0.0 64.300010590横山武史　　5800102   4.6   1.41359478+ 8411231415                       
0123220902 43.0  0.4  0.0  0.0  0.0  0.0 43.400010586川又賢治　　5600102  14.7   4.41359460+ 8   221415                       
0123220903 51.0  1.4  1.5  2.5  2.0  0.0 58.410010436古川吉洋　　5600102   9.3   1.71359470- 2354231415                       
0123220904 48.0  0.4  0.8  0.0  0.0  0.0 49.200010605小沢大仁　　5800102  45.0   7.41359472+ 2   331415                       
0123220905 50.0  1.6  3.0  0.0  1.9  0.0 56.500010617佐々木大輔　5600102   9.7   2.11359492+ 2 65321415                       
0123220906 52.0  2.5  2.7  3.5  2.1  0.0 62.810010455池添謙一　　5400102   2.8   1.21359432  0143331415                       
0123220907 51.6  1.1  1.8  1.5  0.0  0.0 56.000010522北村友一　　5800102   9.8   2.91359520+ 4596231415                       
0123220908 54.0  1.6  2.9  3.0  2.3  0.0 63.810010355武豊　　　　5600102   5.1   1.61359426- 6222321415                       
0123220909 42.4  0.4  0.0  0.0  0.0  0.0 42.810010611松本大輝　　5600102  24.5   3.71359504- 2   331415                       
0123220910 42.0  0.7 -1.0  0.0  2.2  0.0 43.900010500松岡正海　　5400102  27.9   5.41359506+ 2 3 321415                       
0123220911 36.0  0.2 -1.0  0.0  0.0  0.0 35.200010597小林凌大　　5600102  85.3  13.51359452- 6   221415                       
0123221001 49.0  0.5  0.0  0.0  0.0  0.0 49.500010515丹内祐次　　5800102  20.4   2.91428504- 4   221450                       
0123221002 51.0  2.1  2.2  2.5  2.1  0.0 59.900010339横山典弘　　5800102   7.5   1.61428444  0344371450                       
0123221003 52.0  1.4  2.2  3.0  2.2  0.0 60.800010578鮫島克駿　　5600102   5.7   1.91428486- 4233331450                       
0123221004 48.7  1.2  1.3  2.0  2.0  0.0 55.200010617佐々木大輔　5600102   8.4   1.81428484+16455321450                       
0123221005 55.0  3.0  4.1  3.5  3.3  0.0 68.900030182岩田康誠　　5500102   1.6   1.11428506  0111321450                       
0123221006 45.0  0.4 -1.0  0.0  1.9  0.0 46.300010529黛弘人　　　5600102  80.0   5.71428488+ 8 6 311450                       
0123221007 47.0  0.4 -1.0  0.0  0.0  0.0 46.400010610古川奈穂　　5600102  42.2   2.91428510- 6   221450                       
0123221008 51.1  1.0  0.5  0.0  0.0  0.0 52.600010522北村友一　　5800102  25.9   3.11428434- 6  6381450                       
0123221009 54.0  1.9  3.8  1.5  2.3  0.0 63.500010588富田暁　　　5800102  12.9   1.71428460+ 2522231450                       
0123221101 54.0  0.4  0.0  0.0  0.0  0.0 54.400010510吉田隼人　　5500102  36.3   5.71504464- 6   321525                       
0123221102 54.0  0.4  2.2  0.0  0.0  0.0 56.600010436古川吉洋　　5700102  30.7   5.31504442-10   331525                       
0123221103 60.0  0.7  0.0  0.0  0.0  0.0 60.700030378柴山雄一　　5800102  21.7   3.91504486+ 2   231525                       
0123221104 50.0  0.1 -1.0  0.0  0.0  0.0 49.100010588富田暁　　　5700102 115.3  15.51504466- 2   321525                       
0123221105 61.0  0.4 -1.0  0.0  0.0  0.0 60.400010617佐々木大輔　5800102  32.6   4.51504484-12   331525                       
0123221106 57.0  0.3 -1.0  0.0  0.0  0.0 56.300010529黛弘人　　　5500102  30.8   3.81504478+ 2   221525                       
0123221107 57.0  0.8 -1.0  0.0  0.0  0.0 56.800010455池添謙一　　5500102  29.6   4.41504456+ 2   321525                       
0123221108 61.3  0.9  1.7  0.0  0.0  0.0 63.900010570石川裕紀人　5500102  14.5   2.91504432-10  6331525                       
0123221109 61.2  0.9  0.0  1.5  2.0  0.0 65.600010500松岡正海　　5500102  13.4   3.31504462- 8555371525                       
0123221110 58.0  0.4  0.0  0.0  1.9  0.0 60.300010515丹内祐次　　5700102  27.7   3.81504474  0 6 321525                       
0123221111 62.0  3.0  4.9  3.5  3.3  0.0 76.700010590横山武史　　5700102   1.8   1.21504526+ 2111311525                       
0123221112 55.0  0.7 -1.0  0.0  0.0  0.0 54.700010578鮫島克駿　　5700102  26.6   4.21504484- 2   321525                       
0123221113 64.0  1.1  2.7  2.0  2.2  0.0 72.000010451松田大作　　5800102  14.2   2.61504488+ 2432321525                       
0123221114 60.1  0.9  0.6  3.0  2.3  0.0 66.900010355武豊　　　　5800102   7.1   2.11504442+ 2223331525                       
0123221115 58.0  1.4  2.6  2.5  2.1  0.0 66.600010606角田大和　　5500102  14.7   3.31504462- 6344371525                       
0123221201 50.0  3.1  4.2  3.0  2.2  0.0 62.500010522北村友一　　5500102   2.7   1.31542486  0231321605                       
0123221202 43.3  1.4  2.6  0.0  0.0  0.0 47.300010578鮫島克駿　　5800102  11.2   2.31542514+10 9 321605                       
0123221203 42.0  0.4  0.0  0.0  0.0  0.0 42.400010596亀田温心　　5800102  80.9   8.41542472- 4   261605                       
0123221204 30.0  0.4  0.0  0.0  0.0  0.0 30.400010588富田暁　　　5800102  69.5   6.91542464+ 2   331605                       
0123221205 39.0  0.3  0.0  0.0  0.0  0.0 39.300010510吉田隼人　　5800102  66.1   8.01542492+12   371605                       
0123221206 44.3  1.4  2.1  2.0  2.1  0.0 51.900010617佐々木大輔　5402102   8.0   2.01542522+10445221605                       
0123221207 38.7  0.6  0.8  0.0  0.0  0.0 40.100010455池添謙一　　5300102  24.3   4.41542502+10   321605                       
0123221208 46.0  0.9  1.9  1.5  2.0  0.0 52.300010622鷲頭虎太　　5203102  10.8   2.01542476+ 2553221605                       
0123221209 43.0  0.4 -1.0  0.0  0.0  0.0 42.400010625小林勝太　　5503102  47.4   5.21542500-12   221605                       
0123221210 36.0  0.1 -1.0  0.0  0.0  0.0 35.100010614大久保友雅　5303102 140.3  12.71542454- 4   331605                       
0123221211 44.8  0.8  0.7  3.5  2.3  0.0 52.100010515丹内祐次　　5500102   4.2   1.81542504+ 4124271605                       
0123221212 45.0  0.4  0.0  0.0  1.9  0.0 47.300010500松岡正海　　5800102  44.3   5.91542458- 2 66231605                       
0123221213 44.9  2.3  2.8  2.5  3.3  0.0 55.800010339横山典弘　　5500102   4.6   1.81542576+18312321605                       
0423320101 10.0  0.3  0.0  0.0  0.0  0.0 10.300010499鈴木慶太　　6000101  68.7  10.10950460+ 2   331005                       
0423320102 10.5  2.5  3.3  3.0  3.0  0.0 22.300010479石神深一　　6000101   5.5   1.40950512+ 2221231005                       
0423320103 10.0  0.3 -1.0  0.0  0.0  0.0  9.300010540大江原圭　　6000101  56.0   8.40950472  0   231005                       
0423320104 10.0  1.5  1.6  2.0  0.0  0.0 15.100010567伴啓太　　　6000101  13.2   3.20950520+ 24 6221005                       
0423320105 10.4  1.7  2.5  3.5  3.6  0.0 21.700010488蓑島靖典　　6000101   3.5   1.40950498+14112231005                       
0423320106 10.2  0.5  0.0  0.0  2.2  0.0 12.900010533草野太郎　　6000101  29.4   4.90950486+10 4 321005                       
0423320107 10.0  0.7  1.1  1.5  2.3  0.0 15.600010489五十嵐雄祐　6000101  17.7   3.30950474-12534321005                       
0423320108 10.0  0.3  0.0  0.0  0.0  0.0 10.300010571井上敏樹　　6000101  56.2   8.30950512  0   321005                       
0423320109 10.0  0.3  0.0  0.0  0.0  0.0 10.300010511上野翔　　　6000101  66.7   9.50950484+ 4   331005                       
0423320110 10.1  1.0  1.8  2.5  0.0  0.0 15.400010487平沢健治　　6000101  10.5   2.50950488+ 23 5321005                       
0423320111 10.0  0.5  0.0  0.0  0.0  0.0 10.500010493黒岩悠　　　5800101  27.3   4.90950448- 6   321005                       
0423320112 10.3  0.7  0.0  0.0  0.0  0.0 11.000010521中村将之　　5800101  17.7   2.90950458- 2   321005                       
0423320113 10.0  0.4 -1.0  0.0  0.0  0.0  9.400010380北沢伸也　　5800101  53.6   7.30950458+10   231005                       
0423320114 11.4  3.1  2.7  0.0  2.1  0.0 19.300010621水沼元輝　　5703101   2.8   1.40950474+ 2 53321005                       
0423320201 27.0  0.2  0.8  0.0  0.0  0.0 28.000010623石田拓郎　　5303101  50.1  10.61024498  0   231040                       
0423320202 24.0  0.2  0.0  0.0  0.0  0.0 24.200010547丸山元気　　5400101  77.8  11.11024446- 2   371040                       
0423320203 44.0  2.5  4.7  3.5  2.3  0.0 57.000070176Ｍ．デムーロ5600101   2.7   1.21024476- 2131271040                       
0423320204 32.0  0.4  0.0  0.0  0.0  0.0 32.400010516大野拓弥　　5600101  55.0   6.01024430-10   331040                       
0423320205 43.0  2.1  3.0  3.0  3.6  0.0 54.700010604原優介　　　5501101   4.4   1.51024470+ 6213321040                       
0423320206 48.0  1.4  2.9  1.5  2.0  0.0 55.800010603小林脩斗　　5202101  14.6   2.41024434+ 2552371040                       
0423320207 38.3  1.2  3.5  0.0  0.0  0.0 43.000030113内田博幸　　5600101  11.9   2.31024522+ 2  5231040                       
0423320208 10.0  0.2  0.0  0.0  0.0  0.0 10.200010608永野猛蔵　　5501101  81.8   9.41024486- 6   221040                       
0423320209 40.8  1.4  2.7  2.5  2.4  0.0 49.800010581菊沢一樹　　5600101   4.9   1.81024440+20324271040                       
0423320210 22.0  0.2 -1.0  0.0  0.0  0.0 21.200010537丸田恭介　　5400101 111.0  11.21024498  0   231040                       
0423320211 15.0  0.0 -1.0  0.0  0.0  0.0 14.000010621水沼元輝　　5303101 193.9  35.01024470+10   371040                       
0423320212 36.0  0.7  0.0  0.0  2.2  0.0 38.900010491田辺裕信　　5600101  13.1   3.91024448  0 46231040                       
0423320213 38.0  0.4  0.3  0.0  0.0  0.0 38.700010555杉原誠人　　5600101  28.6   4.41024484  0   331040                       
0423320214 35.0  0.3  0.7  2.0  0.0  0.0 38.000010416吉田豊　　　5600101  10.4   2.61024478+ 44  331040                       
0423320215 28.0  0.2  0.0  0.0  0.0  0.0 28.200010626小林美駒　　5000101  35.1   4.91024512+20   331040                       
0423320301 26.0  0.6  0.3  0.0  0.0  0.0 26.900070176Ｍ．デムーロ5500101  28.9   5.11055492+ 4   231110                       
0423320302 28.0  0.1  0.0  0.0  0.0  0.0 28.100010547丸山元気　　5500101  95.5  11.61055448  0   231110                       
0423320303 29.0  0.6  0.9  1.5  3.5  0.0 35.500010608永野猛蔵　　5401101  13.7   3.01055436+ 6513331110                       
0423320304 33.0  2.8  3.3  3.5  3.0  0.0 45.600010462北村宏司　　5500101   3.7   1.31055484+ 2121231110                       
0423320305 31.0  0.5  2.3  0.0  2.1  0.0 35.900010429柴田大知　　5500101  30.2   5.71055472+ 2 42221110                       
0423320306 26.0  0.4  0.0  0.0  0.0  0.0 26.400010507津村明秀　　5500101  28.5   4.41055460+10   231110                       
0423320307 18.0  1.9  2.8  3.0  2.3  0.0 28.000070234Ｃ．ルメール5500101   3.0   1.71055466- 623 321110                       
0423320308 27.0  0.4  0.0  0.0  0.0  0.0 27.400010584藤田菜七子　5300101  53.8   6.11055442+ 4   221110                       
0423320309 23.0  0.9  1.5  0.0  0.0  0.0 25.400030113内田博幸　　5500101  18.4   4.31055500-12   231110                       
0423320310 31.1  1.0  1.1  2.0  0.0  0.0 35.200010626小林美駒　　5100101  10.6   2.11055420- 24 4371110                       
0423320311 19.0  0.2 -1.0  0.0  0.0  0.0 18.200010603小林脩斗　　5302101 177.1  23.91055396+ 2   371110                       
0423320312 10.0  0.2  0.0  0.0  0.0  0.0 10.200010542三浦皇成　　5500101 110.2  11.61055450- 4   231110                       
0423320313 10.0  0.0 -1.0  0.0  0.0  0.0  9.000010554嶋田純次　　5500101  52.9   7.21055440  0   331110                       
0423320314 17.0  0.1 -1.0  0.0  0.0  0.0 16.100010582木幡巧也　　5500101  96.0  12.61055496  0   231110                       
0423320315 30.0  0.7  0.0  0.0  0.0  0.0 30.700010535浜中俊　　　5500101  21.5   3.61055406  0  5371110                       
0423320316 24.0  0.2  0.4  0.0  2.0  0.0 26.600010564菱田裕二　　5500101  24.2   4.51055422- 2 5 331110                       
0423320317 10.0  0.1 -1.0  0.0  0.0  0.0  9.100010555杉原誠人　　5500101 110.2  14.61055456+ 4   231110                       
0423320318 25.0  1.4  1.2  2.5  0.0  0.0 30.100030468戸崎圭太　　5500101   9.3   2.31055458  03 6231110                       
0423320401 15.0  0.0 -1.0  0.0  0.0  0.0 14.000010577野中悠太郎　5600101 183.8  26.21125466+11   231140                       
0423320402 32.0  0.1  0.0  0.0  0.0  0.0 32.100010581菊沢一樹　　5600101  94.8  16.41125524+ 2   271140                       
0423320403 15.0  0.6  0.0  0.0  2.2  0.0 17.800010462北村宏司　　5600101  41.4   7.31125480+ 9 4 331140                       
0423320404 30.2  1.6  1.7  0.0  2.1  0.0 35.600010497石橋脩　　　5600101  11.8   2.81125490  0 5 331140                       
0423320405 24.0  0.2  0.4  0.0  2.4  0.0 27.000010604原優介　　　5501101  43.8   6.21125464- 4 2 221140                       
0423320406 42.0  0.6  0.0  0.0  0.0  0.0 42.600010547丸山元気　　5600101  22.3   3.91125452+12  5331140                       
0423320407 33.3  0.8  1.4  1.5  0.0  0.0 37.000010608永野猛蔵　　5501101   9.8   2.91125516- 65  371140                       
0423320408 46.0  2.6  2.2  3.5  3.5  0.0 57.800030468戸崎圭太　　5600101   2.9   1.11125494+ 6111331140                       
0423320409 35.0  2.3  3.0  3.0  0.0  0.0 43.300070234Ｃ．ルメール5600101   4.1   1.41125482- 82 3231140                       
0423320410 21.0  0.2 -1.0  0.0  0.0  0.0 20.200010507津村明秀　　5400101 112.1  15.31125386- 4   321140                       
0423320411 33.0  0.4 -1.0  0.0  0.0  0.0 32.400010599菅原明良　　5600101  20.2   3.61125528+ 4   331140                       
0423320412 40.0  0.8  0.1  2.0  0.0  0.0 42.900010626小林美駒　　5000101   7.3   2.01125444- 24 4331140                       
0423320413 41.0  0.1  0.0  0.0  0.0  0.0 41.100010621水沼元輝　　5303101  87.3  12.81125490- 2  6271140                       
0423320414 27.0  0.2  0.2  0.0  0.0  0.0 27.400010589武藤雅　　　5400101  30.0   5.01125462  0   371140                       
0423320415 42.1  1.4  2.0  2.5  2.3  0.0 50.300030113内田博幸　　5600101   7.3   1.71125472- 8332231140                       
0423320501 20.0  0.2  0.0  0.0  0.0  0.0 20.200010564菱田裕二　　5500101  46.8   6.01214510      231230                       
0423320502 24.4  0.2  0.0  0.0  0.0  0.0 24.600010582木幡巧也　　5500101  42.3   5.91214502      231230                       
0423320503 30.5  0.7  1.1  1.5  0.0  0.0 33.800010599菅原明良　　5500101  11.9   2.41214478   5 6231230                       
0423320504 20.0  0.1 -1.0  0.0  0.0  0.0 19.100010581菊沢一樹　　5500101 104.2  11.91214456      271230                       
0423320505 34.4  1.0  1.8  0.0  0.0  0.0 37.200010516大野拓弥　　5500101  14.2   2.31214500     5231230                       
0423320506 20.0  0.2 -1.0  0.0  0.0  0.0 19.200010416吉田豊　　　5500101  86.8  15.41214442      331230                       
0423320507 36.4  2.1  2.1  3.0  3.1  0.0 46.700070234Ｃ．ルメール5500101   3.4   1.31214426   224231230                       
0423320508 24.8  0.6  0.0  0.0  2.3  0.0 27.700030113内田博幸　　5500101  30.8   4.11214486    3 231230                       
0423320509 21.1  0.1 -1.0  0.0  0.0  0.0 20.200010604原優介　　　5401101  59.8   7.81214470      271230                       
0423320510 43.9  2.5  3.5  3.5  3.6  0.0 57.000010535浜中俊　　　5500101   3.5   1.41214470   111371230                       
0423320511 40.6  2.6  2.8  2.5  2.1  0.0 50.600030468戸崎圭太　　5500101   5.9   1.71214402   342331230                       
0423320512 39.2  1.8  2.6  2.0  2.0  0.0 47.600070176Ｍ．デムーロ5500101   5.7   1.51214464   453231230                       
0423320601 39.1  0.3 -1.0  0.0  0.0  0.0 38.400010497石橋脩　　　5400101  83.7  12.41244410- 2   331300                       
0423320602 43.0  2.6  3.4  3.5  2.4  0.0 54.900070234Ｃ．ルメール5400101   2.2   1.21244442+14131321300                       
0423320603 34.0  0.2 -1.0  0.0  0.0  0.0 33.200010564菱田裕二　　5400101  26.1   5.41244458+ 6   221300                       
0423320604 39.0  0.2  0.0  1.5  0.0  0.0 40.700010555杉原誠人　　5400101  22.9   3.61244446+ 25  331300                       
0423320605 35.0  0.0 -1.0  0.0  0.0  0.0 34.000010604原優介　　　5301101  75.0  13.01244412+ 4   371300                       
0423320606 38.0  0.4  1.4  2.0  0.0  0.0 41.800010582木幡巧也　　5400101  14.8   3.71244462+ 64 6231300                       
0423320607 33.0  0.3 -1.0  0.0  0.0  0.0 32.300010462北村宏司　　5400101  85.7  17.71244440  0   331300                       
0423320608 35.0  0.2  0.0  0.0  0.0  0.0 35.200010516大野拓弥　　5400101 137.5  16.71244450- 2   231300                       
0423320609 40.1  0.7  1.6  0.0  0.0  0.0 42.400010547丸山元気　　5400101  14.7   3.51244422  0  5321300                       
0423320610 26.0  0.1 -1.0  0.0  0.0  0.0 25.100010626小林美駒　　5000101 160.8  21.41244470-10   231300                       
0423320611 38.1  1.9  2.1  3.0  3.5  0.0 48.600010507津村明秀　　5400101   5.0   1.61244464-10214231300                       
0423320612 45.0  0.8  1.9  0.0  2.3  0.0 50.000010542三浦皇成　　5400101  17.7   2.81244460  0 42371300                       
0423320613 41.0  0.2  0.3  0.0  0.0  0.0 41.500010581菊沢一樹　　5400101  28.8   4.11244444+ 4   371300                       
0423320614 37.1  0.2  0.0  0.0  0.0  0.0 37.300010375江田照男　　5400101  45.9   9.11244444+ 2   331300                       
0423320615 40.0  1.9  1.6  2.5  3.0  0.0 49.000030468戸崎圭太　　5400101   7.8   1.71244434- 4323331300                       
0423320616 35.0  0.9  0.4  0.0  0.0  0.0 36.300070176Ｍ．デムーロ5400101  20.0   3.31244450- 6   331300                       
0423320617 37.0  0.4  0.5  0.0  0.0  0.0 37.900010584藤田菜七子　5200101  36.7   5.21244400- 2   331300                       
0423320618 33.0  0.2 -1.0  0.0  0.0  0.0 32.200010599菅原明良　　5400101  75.6  13.21244378- 4   371300                       
0423320701 32.0  0.6  0.0  0.0  0.0  0.0 32.600010621水沼元輝　　5103101  18.5   7.21315440+ 4   371330                       
0423320702 35.0  0.4  0.1  0.0  0.0  0.0 35.500010608永野猛蔵　　5301101  66.3   7.81315412  0  5371330                       
0423320703 34.4  0.4  0.5  0.0  0.0  0.0 35.300010604原優介　　　5301101  28.5   5.91315430+ 4  6331330                       
0423320704 10.0  0.2  0.0  0.0  0.0  0.0 10.200010584藤田菜七子　5200101  31.8   3.71315436  0   231330                       
0423320705 20.0  0.0 -1.0  0.0  0.0  0.0 19.000010554嶋田純次　　5400101 134.0  20.11315382+16   321330                       
0423320706 25.0  0.4  0.0  0.0  0.0  0.0 25.400010626小林美駒　　5200101  29.9   6.61315552+12   221330                       
0423320707 22.0  0.0 -1.0  0.0  0.0  0.0 21.000010555杉原誠人　　5400101  91.3  13.91315392+ 6   371330                       
0423320708 10.0  0.1 -1.0  0.0  0.0  0.0  9.100010589武藤雅　　　5400101 139.3  22.41315416- 2   221330                       
0423320709 35.1  2.5  3.3  2.0  0.0  0.0 42.900010462北村宏司　　5400101   6.2   1.81315468+ 64 3231330                       
0423320710 33.0  1.1  1.9  0.0  0.0  0.0 36.000030468戸崎圭太　　5400101  14.6   3.31315444  0  4231330                       
0423320711 10.0  0.1 -1.0  0.0  0.0  0.0  9.100010537丸田恭介　　5600101 107.7  17.41315482+10   231330                       
0423320712 21.9  0.7  1.5  1.5  0.0  0.0 25.600010542三浦皇成　　5400101  11.0   3.21315444-165  231330                       
0423320713 30.0  0.1  0.0  0.0  0.0  0.0 30.100010563原田和真　　5400101  63.5   7.61315426+10   331330                       
0423320714 22.0  0.2  0.0  0.0  0.0  0.0 22.200030113内田博幸　　5400101 107.1  13.31315444+26   331330                       
0423320715 15.0  0.6 -1.0  0.0  3.6  0.0 18.200010603小林脩斗　　5402101  16.4   3.91315480- 4 1 321330                       
0423320716 41.0  2.6  3.2  3.5  2.4  0.0 52.700010599菅原明良　　5600101   3.2   1.41315472  0131321330                       
0423320717 39.0  1.7  1.8  3.0  3.0  0.0 48.500010375江田照男　　5400101   5.4   1.91315474- 8222371330                       
0423320718 25.1  0.6  1.3  2.5  2.3  0.0 31.800010581菊沢一樹　　5400101   6.8   2.11315452- 634 321330                       
0423320801 36.6  0.3  0.9  0.0  0.0  0.0 37.802010416吉田豊　　　5800101  28.8   3.91345480+ 4   321401                       
0423320802 41.1  0.7  0.7  0.0  0.0  0.0 42.500070176Ｍ．デムーロ5500101  15.7   2.71345458+ 6   371401                       
0423320803 55.0  3.5  4.1  3.5  3.6  0.0 69.710010599菅原明良　　5500101   2.4   1.11345494- 6111231401                       
0423320804 35.0  0.1 -1.0  0.0  0.0  0.0 34.112010582木幡巧也　　5800101 121.7  14.91345518- 8   231401                       
0423320805 43.5  0.2  0.1  0.0  0.0  0.0 43.800010547丸山元気　　5800101  22.7   4.41345502+ 6   371401                       
0423320806 36.0  0.0 -1.0  0.0  0.0  0.0 35.002010621水沼元輝　　5503101 170.1  22.01345528- 8   231401                       
0423320807 51.0  1.6  2.2  2.5  2.2  0.0 59.500010462北村宏司　　5800101   7.2   1.71345474- 2342331401                       
0423320808 42.1  0.2  0.0  0.0  0.0  0.0 42.302010497石橋脩　　　5800101  43.5   6.31345472+ 2   321401                       
0423320809 42.0  2.6  3.8  3.0  3.2  0.0 54.602070234Ｃ．ルメール5500101   3.8   1.41345500+ 4224231401                       
0423320810 39.3  0.3  0.6  0.0  0.0  0.0 40.202010542三浦皇成　　5500101  23.4   3.61345530- 2   231401                       
0423320811 51.1  0.8  2.1  2.0  2.4  0.0 58.402010564菱田裕二　　5500101   6.9   2.51345492+ 2433331401                       
0423320812 35.0  0.1  0.0  0.0  0.0  0.0 35.100010627佐藤翔馬　　5503101 152.7  15.41345456+ 8   321401                       
0423320813 30.0  0.2  0.0  0.0  0.0  0.0 30.212030113内田博幸　　5800101 144.1  13.71345458- 6   371401                       
0423320814 47.0  0.4  0.0  0.0  2.1  0.0 49.500010516大野拓弥　　5800101  42.7   4.71345490+ 4 55331401                       
0423320815 46.0  0.4  0.9  1.5  0.0  0.0 48.802010604原優介　　　5701101  22.1   2.71345528+ 65 6221401                       
0423320901 46.8  0.4  0.6  0.0  2.1  0.0 49.900010507津村明秀　　5800101  20.1   4.71420506+ 8 5 321436                       
0423320902 37.0  0.2  0.0  0.0  0.0  0.0 37.200010581菊沢一樹　　5800101  47.0   5.81420490-10   221436                       
0423320903 49.0  0.4  0.0  0.0  0.0  0.0 49.400010599菅原明良　　5600101  30.5   5.41420446  0   331436                       
0423320904 47.0  2.3  3.6  2.5  0.0  0.0 55.400030468戸崎圭太　　5600101   4.9   1.61420466+ 83 5321436                       
0423320905 38.0  0.4 -1.0  0.0  0.0  0.0 37.400010491田辺裕信　　5600101  19.3   4.11420470+22   231436                       
0423320906 51.0  0.2  0.0  0.0  0.0  0.0 51.200010429柴田大知　　5600101  28.1   4.41420470  0  6231436                       
0423320907 43.0  0.2  0.0  1.5  2.3  0.0 47.000010608永野猛蔵　　5600101  33.6   4.61420434+1453 331436                       
0423320908 40.0  0.1 -1.0  0.0  0.0  0.0 39.100010555杉原誠人　　5600101 106.0  12.21420460  0   331436                       
0423320909 38.4  0.2  0.0  0.0  0.0  0.0 38.600010564菱田裕二　　5800101  54.3   7.51420464- 6   321436                       
0423320910 55.0  2.3  4.0  3.5  3.6  0.0 68.400010542三浦皇成　　5600101   3.6   1.41420460+22111231436                       
0423320911 39.0  0.1 -1.0  0.0  0.0  0.0 38.100010589武藤雅　　　5600101  73.6   9.51420490-10   321436                       
0423320912 48.9  0.8  0.9  0.0  0.0  0.0 50.600010582木幡巧也　　5600101  17.8   3.51420478-14   331436                       
0423320913 52.0  2.3  2.4  3.0  2.4  0.0 62.100070234Ｃ．ルメール5600101   3.1   1.41420562- 6222221436                       
0423320914 52.1  0.8  0.5  0.0  2.2  0.0 55.600010547丸山元気　　5600101  15.8   3.51420466- 6 44321436                       
0423320915 54.0  0.9  1.6  2.0  0.0  0.0 58.500010497石橋脩　　　5600101  14.4   2.81420466+ 24 3321436                       
0423321001 55.0  2.6  2.7  2.5  2.3  0.0 65.100030468戸崎圭太　　5600101   4.4   1.21450444  0333321511                       
0423321002 54.0  3.0  4.2  3.5  2.4  0.0 67.102070234Ｃ．ルメール5600101   1.9   1.11450408- 2121371511                       
0423321003 50.0  0.4  0.5  0.0  0.0  0.0 50.902010582木幡巧也　　5600101  28.7   3.81450498- 2  6231511                       
0423321004 47.0  0.3  0.0  0.0  0.0  0.0 47.300010324柴田善臣　　5600101  44.3   4.21450466+ 6   321511                       
0423321005 47.2  0.4  0.0  0.0  0.0  0.0 47.600010497石橋脩　　　5600101  48.4   4.51450460+ 6   321511                       
0423321006 51.0  0.6  0.0  1.5  0.0  0.0 53.100010507津村明秀　　5600101  25.3   2.81450470+ 45 5231511                       
0423321007 51.1  1.4  2.5  2.0  2.1  0.0 59.102010542三浦皇成　　5600101   6.4   1.31450436+ 4444231511                       
0423321008 54.9  2.2  3.4  3.0  3.5  0.0 67.000010491田辺裕信　　5600101   4.7   1.51450454+ 6212371511                       
0423321009 47.0  0.4  0.0  0.0  0.0  0.0 47.410010564菱田裕二　　5600101  36.2   3.61450400- 4   431511                       
0423321101 70.1  2.1  3.7  2.0  2.1  0.0 80.000070176Ｍ．デムーロ5500101   5.8   2.01530426+ 44 1331545                       
0423321102 68.8  1.6  2.2  2.5  3.6  0.0 78.700030468戸崎圭太　　5500101   6.3   2.31530442-12312321545                       
0423321103 61.0  0.4 -1.0  0.0  0.0  0.0 60.400010516大野拓弥　　5700101 151.6  21.11530506-12   371545                       
0423321104 60.0  0.2  0.0  0.0  0.0  0.0 60.200010547丸山元気　　5700101  57.8  13.01530554+ 2   331545                       
0423321105 70.0  0.3  0.3  0.0  0.0  0.0 70.600010416吉田豊　　　5800101  13.1   4.71530432  0   371545                       
0423321106 52.2  0.2  0.0  0.0  0.0  0.0 52.400010582木幡巧也　　5500101  38.7   7.21530496  0   231545                       
0423321107 63.3  0.4  0.0  0.0  0.0  0.0 63.700010462北村宏司　　5500101  37.2   6.91530486+ 6   221545                       
0423321108 67.0  1.6  3.0  3.5  3.2  0.0 78.300010599菅原明良　　5500101   4.9   1.81530456+ 6123321545                       
0423321109 62.0  0.2  0.0  0.0  0.0  0.0 62.200010537丸田恭介　　5700101 111.6  16.81530468  0   221545                       
0423321110 62.1  0.2  0.0  0.0  0.0  0.0 62.300010564菱田裕二　　5700101  26.0   4.71530442+12   331545                       
0423321111 68.1  0.6  0.0  0.0  2.3  0.0 71.000010535浜中俊　　　5700101  24.3   4.91530466- 4 5 321545                       
0423321112 49.0  0.1 -1.0  0.0  0.0  0.0 48.100010603小林脩斗　　5700101  98.4  14.91530506+ 4   221545                       
0423321113 64.9  0.5  0.6  0.0  0.0  0.0 66.000010491田辺裕信　　5700101  23.3   5.51530504-10   371545                       
0423321114 66.3  1.1  2.2  1.5  2.4  0.0 73.500030113内田博幸　　5500101   7.5   2.51530472-10545321545                       
0423321115 66.8  1.6  1.8  3.0  2.2  0.0 75.400010507津村明秀　　5500101   6.1   2.21530494- 4264331545                       
0423321116 68.0  0.5  0.0  0.0  3.0  0.0 71.500010497石橋脩　　　5700101  11.8   2.91530480- 6 36321545                       
0423321117 63.0  0.3  0.3  0.0  0.0  0.0 63.600010542三浦皇成　　5500101  21.6   4.81530456+ 4   331545                       
0423321201 44.0  0.2 -1.0  0.0  0.0  0.0 43.200010608永野猛蔵　　5701101  45.4   5.41617450- 2   331630                       
0423321202 30.0  0.1  0.0  0.0  0.0  0.0 30.100010444武士沢友治　5300101 193.1  23.21617458+10   331630                       
0423321203 25.0  0.2 -1.0  0.0  0.0  0.0 24.200010584藤田菜七子　5300101  80.8  10.01617482- 1 9 271630                       
0423321204 35.7  0.2  2.3  0.0  0.0  0.0 38.200010603小林脩斗　　5102101  42.7   6.91617440- 2   331630                       
0423321205 38.3  0.2  0.0  0.0  0.0  0.0 38.500010375江田照男　　5600101  76.1   9.51617466+12   231630                       
0423321206 33.0  0.3 -1.0  0.0  0.0  0.0 32.300010497石橋脩　　　5600101 104.6  14.81617468+ 2   331630                       
0423321207 51.0  2.6  4.2  3.5  2.3  0.0 63.600030468戸崎圭太　　5500101   3.4   1.11617464+ 4132231630                       
0423321208 45.0  0.6  0.8  0.0  0.0  0.0 46.400010555杉原誠人　　5500101  26.7   4.61617444+ 2   331630                       
0423321209 48.1  1.5  2.9  2.0  0.0  0.0 54.500010462北村宏司　　5600101   8.2   2.01617432- 24 4331630                       
0423321210 33.0  0.0  0.0  0.0  0.0  0.0 33.000010582木幡巧也　　5300101 136.3  14.41617456+ 6   371630                       
0423321211 43.0  0.2  0.0  0.0  2.1  0.0 45.300010577野中悠太郎　5800101  41.0   4.21617488+ 6 5 331630                       
0423321212 52.0  0.4  0.0  0.0  0.0  0.0 52.400030113内田博幸　　5600101  27.0   4.31617462- 2  6221630                       
0423321213 35.0  0.2 -1.0  0.0  0.0  0.0 34.200010416吉田豊　　　5800101 156.9  18.81617494-20   371630                       
0423321214 55.0  2.3  3.1  3.0  3.5  0.0 66.900070234Ｃ．ルメール5500101   3.0   1.41617480+ 4211231630                       
0423321215 38.0  0.4  0.0  0.0  0.0  0.0 38.400010491田辺裕信　　5500101  25.4   5.61617476+ 6   331630                       
0423321216 44.9  1.1  2.2  2.5  2.4  0.0 53.100010599菅原明良　　5500101   7.9   2.11617472+ 4325331630                       
0423321217 48.5  1.3  2.8  1.5  2.2  0.0 56.300070176Ｍ．デムーロ5800101   6.9   2.11617478+10543231630                       
0423321218 22.0  0.2 -1.0  0.0  0.0  0.0 21.200010429柴田大知　　5300101 199.3  24.01617468+13   371630                       
1023320101 33.0  3.0  3.7  3.5  2.3  0.0 45.500010594岩田望来　　5500101   2.2   1.10940482+ 4121321001                       
1023320102 19.0  0.5  0.0  0.0  0.0  0.0 19.512010457酒井学　　　5500101  52.7   5.50940462- 8   321001                       
1023320103 19.0  0.4  0.0  0.0  0.0  0.0 19.400010607永島まなみ　5203101  61.7   6.10940500- 4   321001                       
1023320104 26.0  1.0  1.3  2.0  0.0  0.0 30.302010438和田竜二　　5500101  11.4   2.10940448- 24 5371001                       
1023320105 30.0  2.3  3.3  2.5  3.3  0.0 41.400010546松山弘平　　5500101   4.6   1.20940488  0312321001                       
1023320106 25.0  0.4 -1.0  0.0  0.0  0.0 24.400010624河原田菜々　5100101  29.6   3.30940460- 2   371001                       
1023320107 25.1  0.9  1.8  1.5  2.1  0.0 31.400010536藤岡康太　　5500101  14.2   2.10940448- 6544321001                       
1023320108 29.0  2.6  3.6  3.0  2.2  0.0 40.400010583坂井瑠星　　5500101   3.7   1.20940472-10233321001                       
1023320109 19.0  0.2  1.0  0.0  0.0  0.0 20.210030606飛田愛斗　　5500101  75.7   6.00940504- 6   321001                       
1023320110 24.0  0.4  0.0  0.0  0.0  0.0 24.410010600団野大成　　5500101  76.3   6.10940458  0  6321001                       
1023320201 40.0  1.2  2.4  1.5  2.0  0.0 47.110010548川須栄彦　　5400101  13.4   2.71014478- 8553321030                       
1023320202 22.0  0.3 -1.0  0.0  0.0  0.0 21.310010438和田竜二　　5400101  98.7  14.11014488  0   321030                       
1023320203 37.2  1.2  1.7  3.0  2.2  0.0 45.300010591西村淳也　　5400101   7.1   1.51014472+10235321030                       
1023320204 34.0  0.2  0.0  0.0  0.0  0.0 34.200010579加藤祥太　　5400101  51.9   6.81014442- 2   321030                       
1023320205 31.0  0.2 -1.0  0.0  0.0  0.0 30.210010619角田大河　　5301101 132.4  18.91014418+ 6   321030                       
1023320206 33.0  0.8  0.9  2.0  0.0  0.0 36.710010600団野大成　　5600101  12.9   2.91014490-144  321030                       
1023320207 43.1  3.2  4.3  3.5  2.3  0.0 56.400010512川田将雅　　5600101   1.7   1.21014472  0121321030                       
1023320208 30.0  0.2 -1.0  0.0  0.0  0.0 29.210010624河原田菜々　5200101  33.5   4.81014446+ 4   321030                       
1023320209 36.0  0.7  0.7  0.0  0.0  0.0 37.400010594岩田望来　　5600101  28.5   3.51014448- 6   321030                       
1023320210 29.0  0.2  0.0  0.0  0.0  0.0 29.210010613今村聖奈　　5103101  91.8   9.71014438- 6   321030                       
1023320211 20.0  0.1  0.0  0.0  0.0  0.0 20.100010457酒井学　　　5400101 198.2  19.31014438+ 4   321030                       
1023320212 33.0  0.4  0.0  0.0  1.9  0.0 35.300010574松若風馬　　5400101  42.2   5.71014412  0 6 321030                       
1023320213 30.0  0.1  0.0  0.0  0.0  0.0 30.100010550高倉稜　　　5600101  80.9  10.81014496- 4   321030                       
1023320214 24.3  0.1 -1.0  0.0  0.0  0.0 23.400010562長岡禎仁　　5400101 201.7  31.21014430- 2   321030                       
1023320215 38.0  0.4  0.5  0.0  0.0  0.0 38.900010536藤岡康太　　5600101  12.1   3.01014490+ 2 96321030                       
1023320216 43.0  0.4  0.1  0.0  2.1  0.0 45.600010628田口貫太　　5103101  44.1   4.41014462-10 44321030                       
1023320217 26.0  0.2 -1.0  0.0  0.0  0.0 25.202010607永島まなみ　5103101  70.7   6.71014402- 6   321030                       
1023320218 44.0  1.9  2.1  2.5  3.3  0.0 53.800010546松山弘平　　5400101   8.9   1.81014430+ 4312321030                       
1023320301 14.0  0.1  0.0  0.0  0.0  0.0 14.110010558藤懸貴志　　5400101 110.9  13.91041424+ 4   321100                       
1023320302 16.0  0.2 -1.0  0.0  0.0  0.0 15.201010598斎藤新　　　5400101 114.9  14.51041422+ 4   321100                       
1023320303 17.0  0.1 -1.0  0.0  0.0  0.0 16.100010620西塚洸二　　5103101  66.5  13.51041426  0   321100                       
1023320304 39.4  1.1  2.3  0.0  2.3  0.0 45.110010574松若風馬　　5400101  14.8   4.31041520+30 22321100                       
1023320305 36.0  1.4  2.1  2.5  1.9  0.0 43.900010628田口貫太　　5103101   8.0   1.91041440- 4364321100                       
1023320306 32.0  0.6  1.1  0.0  0.0  0.0 33.700010548川須栄彦　　5400101  27.2   3.51041460+ 2   221100                       
1023320307 16.0  0.3  0.0  0.0  0.0  0.0 16.300010460太宰啓介　　5400101 133.8  12.91041476-10   321100                       
1023320308 42.0  3.1  4.4  3.5  3.3  0.0 56.300010591西村淳也　　5400101   2.8   1.21041472  0111321100                       
1023320309 25.0  0.2 -1.0  0.0  0.0  0.0 24.200010602泉谷楓真　　5301101  69.4   9.61041428- 8   371100                       
1023320310 18.0  0.2 -1.0  0.0  0.0  0.0 17.210010600団野大成　　5400101 130.7  15.91041426+ 4   221100                       
1023320311 39.0  0.8  0.6  1.5  2.2  0.0 44.100010619角田大河　　5301101   6.6   2.41041506+12533221100                       
1023320312 33.0  0.6  0.0  0.0  0.0  0.0 33.600010624河原田菜々　5000101  23.9   3.21041420+ 2   321100                       
1023320313 30.0  1.4  3.2  2.0  2.1  0.0 38.700010546松山弘平　　5400101   6.8   1.91041486- 2446371100                       
1023320314 16.3  0.4  0.0  0.0  0.0  0.0 16.700010607永島まなみ　5103101  32.2   5.41041420  0   321100                       
1023320315 20.0  0.2  0.0  0.0  0.0  0.0 20.200030606飛田愛斗　　5400101  37.4   6.21041468+ 6   321100                       
1023320316 29.5  1.6  2.8  3.0  2.0  0.0 38.900010536藤岡康太　　5400101   4.7   1.71041526+12255221100                       
1023320401 30.0  0.2  0.0  0.0  0.0  0.0 30.200010628田口貫太　　5303101  90.8   9.31115460+ 2   321130                       
1023320402 30.0  0.2 -1.0  0.0  0.0  0.0 29.210010607永島まなみ　5103101  41.9   6.31115468+ 4   321130                       
1023320403 21.0  0.2 -1.0  0.0  0.0  0.0 20.200010600団野大成　　5400101 131.9  13.21115414+ 6   321130                       
1023320404 30.0  0.1  0.7  0.0  0.0  0.0 30.800010553水口優也　　5400101  47.5   5.41115418- 2   321130                       
1023320405 31.0  0.8  1.3  1.5  0.0  0.0 34.600010583坂井瑠星　　5600101  17.4   3.21115500+ 45  221130                       
1023320406 31.0  0.1  0.0  0.0  0.0  0.0 31.112010615川端海翼　　5303101  48.9   6.01115460+ 4   321130                       
1023320407 38.0  1.9  3.1  3.0  2.1  0.0 48.112010591西村淳也　　5600101   6.7   1.91115518+ 8244321130                       
1023320408 25.0  0.2 -1.0  0.0  0.0  0.0 24.200010594岩田望来　　5400101 120.1  15.41115426+ 8   321130                       
1023320409 25.0  0.1 -1.0  0.0  0.0  0.0 24.110010620西塚洸二　　5103101  40.1   4.71115452+10   321130                       
1023320410 29.0  0.2 -1.0  0.0  0.0  0.0 28.200010613今村聖奈　　5103101  90.7   9.71115428  0   321130                       
1023320411 19.0  0.2  0.0  0.0  0.0  0.0 19.200010624河原田菜々　5000101  56.3   7.31115434- 4   371130                       
1023320412 19.0  0.2  0.0  0.0  0.0  0.0 19.210010419幸英明　　　5600101  51.2   8.01115500  0   321130                       
1023320413 31.0  0.3  0.0  0.0  1.9  0.0 33.200010438和田竜二　　5600101  33.0   8.11115424  0 6 321130                       
1023320414 37.0  0.3  0.0  0.0  0.0  0.0 37.300010457酒井学　　　5400101  57.8   5.31115446- 6  6321130                       
1023320415 40.3  3.2  3.0  3.5  2.2  0.0 52.200010512川田将雅　　5600101   2.2   1.21115494- 4131321130                       
1023320416 41.0  1.4  3.6  2.5  3.3  0.0 51.800010546松山弘平　　5400101   6.4   2.11115444- 8312321130                       
1023320417 40.1  1.5  3.0  2.0  2.3  0.0 48.900010536藤岡康太　　5400101   5.8   1.41115460+ 2423321130                       
1023320418 40.0  0.6  0.9  0.0  2.0  0.0 43.510010574松若風馬　　5400101  18.8   4.41115460- 4 55371130                       
1023320501 22.5  0.6  0.4  0.0  2.2  0.0 25.700010438和田竜二　　5500101  20.5   3.21204442    35321220                       
1023320502 29.3  1.2  1.6  2.5  2.0  0.0 36.600010619角田大河　　5401101   6.9   1.91204416   354371220                       
1023320503 16.0  0.4  0.0  0.0  0.0  0.0 16.400010624河原田菜々　5100101  39.7   5.61204388      371220                       
1023320504 15.1  0.2  0.0  0.0  0.0  0.0 15.300010457酒井学　　　5500101  47.6   6.31204448      321220                       
1023320505 19.2  0.4  0.0  0.0  0.0  0.0 19.600010558藤懸貴志　　5500101  23.9   4.31204456      321220                       
1023320506 15.0  0.2 -1.0  0.0  0.0  0.0 14.200010601秋山稔樹　　5401101  72.5  11.21204418      371220                       
1023320507 15.0  0.1 -1.0  0.0  0.0  0.0 14.100010548川須栄彦　　5500101  67.6   7.91204456      321220                       
1023320508 16.1  0.4  0.0  1.5  1.9  0.0 19.900010607永島まなみ　5203101  15.7   3.21204434   56 321220                       
1023320509 15.0  0.2 -1.0  0.0  0.0  0.0 14.200010620西塚洸二　　5203101  94.5  13.31204424      321220                       
1023320510 35.8  2.3  3.0  3.0  3.3  0.0 47.400010419幸英明　　　5500101   3.5   1.41204488   212321220                       
1023320511 15.0  0.0  0.0  0.0  0.0  0.0 15.000010553水口優也　　5500101  80.7  11.31204498      321220                       
1023320512 17.2  0.2  0.0  0.0  0.0  0.0 17.400010585森裕太朗　　5500101  46.8   6.51204418      321220                       
1023320513 34.2  1.9  2.7  2.0  2.1  0.0 42.900010460太宰啓介　　5500101   9.0   2.31204486   443321220                       
1023320514 36.0  2.6  3.1  3.5  2.3  0.0 47.500030606飛田愛斗　　5500101   3.6   1.61204450   121321220                       
1023320515 18.8  0.5  0.0  0.0  0.0  0.0 19.300010412岩部純二　　5500101  28.6   5.51204468      321220                       
1023320516 22.4  0.6  0.4  0.0  0.0  0.0 23.400010628田口貫太　　5203101  16.3   3.21204438     6321220                       
1023320601 38.4  2.6  3.5  3.5  2.3  0.0 50.300010591西村淳也　　5500101   4.2   1.61230478   121221250                       
1023320602 15.0  0.4  0.0  0.0  0.0  0.0 15.400010544国分恭介　　5500101  34.4   4.81230460      321250                       
1023320603 29.6  1.5  1.9  0.0  2.1  0.0 35.100010536藤岡康太　　5500101  11.4   2.61230462    45321250                       
1023320604 32.7  1.6  2.3  3.0  2.2  0.0 41.800010583坂井瑠星　　5500101   4.3   1.51230458   233321250                       
1023320605 15.0  0.4  0.0  0.0  0.0  0.0 15.400010613今村聖奈　　5203101  29.5   4.51230436      371250                       
1023320606 32.8  1.5  2.4  2.5  3.3  0.0 42.500010419幸英明　　　5500101   5.8   1.41230440   312321250                       
1023320607 21.2  0.6  0.0  0.0  0.0  0.0 21.800010546松山弘平　　5500101  16.1   4.11230466      321250                       
1023320608 29.7  0.9  1.7  1.5  0.0  0.0 33.800010438和田竜二　　5500101  11.0   2.51230452   5 6221250                       
1023320609 15.0  0.2  0.0  0.0  0.0  0.0 15.200010620西塚洸二　　5203101  51.3   9.01230394      371250                       
1023320610 15.0  0.2  0.0  0.0  0.0  0.0 15.200010569城戸義政　　5500101  77.7   8.51230432      221250                       
1023320611 29.3  1.2  1.7  2.0  2.0  0.0 36.200010607永島まなみ　5203101   5.3   1.91230454   454371250                       
1023320612 25.8  0.6  1.1  0.0  0.0  0.0 27.502010601秋山稔樹　　5401101  37.0   6.31230434      321250                       
1023320701 20.0  0.3 -1.0  0.0  0.0  0.0 19.300010460太宰啓介　　5600101  58.6  11.51302450- 4   321320                       
1023320702 39.0  1.8  2.5  0.0  2.0  0.0 45.312010419幸英明　　　5600101   7.9   2.01302464+10 54321320                       
1023320703 30.0  0.7  2.0  1.5  1.9  0.0 36.100010594岩田望来　　5600101  12.0   4.21302446+ 256 321320                       
1023320704 41.0  1.0  0.3  3.0  2.1  0.0 47.400010457酒井学　　　5600101   6.3   2.21302492- 2242321320                       
1023320705 30.9  0.8  1.2  2.0  0.0  0.0 34.910010620西塚洸二　　5303101  12.3   4.11302446+104  321320                       
1023320706 14.0  0.2 -1.0  0.0  0.0  0.0 13.200010600団野大成　　5600101  47.7   9.81302440- 8   321320                       
1023320707 27.0  0.4  0.0  0.0  0.0  0.0 27.400010438和田竜二　　5400101  59.6   8.41302456- 4   321320                       
1023320708 37.2  1.2  1.7  3.5  2.3  0.0 45.902010546松山弘平　　5600101   4.1   2.11302520+ 4123321320                       
1023320709 37.0  1.9  1.5  0.0  2.2  0.0 42.601010544国分恭介　　5600101  16.6   3.41302534  0 35321320                       
1023320710 38.0  0.4  0.8  0.0  0.0  0.0 39.200010613今村聖奈　　5303101  13.6   3.61302440+ 4  6321320                       
1023320711 22.0  0.6  0.0  0.0  0.0  0.0 22.610010574松若風馬　　5600101  31.2   7.11302500-30   321320                       
1023320712 43.0  2.3  2.9  2.5  3.3  0.0 54.010010583坂井瑠星　　5600101   5.1   1.81302480+ 2311321320                       
1023320713 10.0  0.1  0.0  0.0  0.0  0.0 10.100010558藤懸貴志　　5600101  25.0   3.41302544      321320                       
1023320714 20.0  0.4  0.0  0.0  0.0  0.0 20.400010602泉谷楓真　　5501101  53.7   9.11302472+12   371320                       
1023320715 20.0  0.1 -1.0  0.0  0.0  0.0 19.113010569城戸義政　　5600101 210.7  28.81302470- 2   321320                       
1023320716 34.0  0.6  0.0  0.0  0.0  0.0 34.610010624河原田菜々　5200101  12.4   3.31302518+ 8   221320                       
1023320801 19.2  0.2  0.0  0.0  0.0  0.0 19.400030606飛田愛斗　　5500101  67.1   4.21331428-13   321350                       
1023320802 30.0  1.6  3.0  3.0  2.3  0.0 39.900010600団野大成　　5500101  13.0   1.31331398- 6222321350                       
1023320803 22.0  1.0  2.0  1.5  0.0  0.0 26.500010438和田竜二　　5500101  31.3   2.51331462- 25 5321350                       
1023320804 20.0  0.4  0.0  0.0  0.0  0.0 20.400010544国分恭介　　5500101  24.4   2.91331408- 2  6371350                       
1023320805 19.0  0.6  0.0  0.0  0.0  0.0 19.600010594岩田望来　　5500101  50.6   3.41331428  0   321350                       
1023320806 19.0  0.2 -1.0  0.0  0.0  0.0 18.200030433倉富隆一郎　5500101 113.7   8.41331408- 7   371350                       
1023320807 20.2  1.6  2.5  2.5  2.1  0.0 28.902010583坂井瑠星　　5500101  13.0   1.51331430- 8344321350                       
1023320808 19.0  0.4  0.0  0.0  0.0  0.0 19.410010591西村淳也　　5500101  68.7   3.31331422+10   321350                       
1023320809 37.0  3.6  4.6  3.5  3.3  0.0 52.000010512川田将雅　　5500101   1.1   1.01331428- 2111321350                       
1023320810 19.0  0.2  0.0  0.0  0.0  0.0 19.200030535山下裕貴　　5500101  99.5   5.81331434+ 2   321350                       
1023320811 24.0  0.9  2.1  2.0  2.2  0.0 31.212010628田口貫太　　5500101  29.0   2.21331446- 6433221350                       
1023320901 51.2  0.5  0.0  0.0  0.0  0.0 51.700010419幸英明　　　5600101  21.0   4.61408408- 4   321425                       
1023320902 55.2  3.1  3.2  3.5  3.3  0.0 68.300010546松山弘平　　5500101   2.6   1.41408456- 2111321425                       
1023320903 51.0  1.0  0.8  0.0  1.9  0.0 54.710010536藤岡康太　　5600101  12.4   2.51408460+ 6 6 321425                       
1023320904 52.0  1.6  3.1  2.5  2.2  0.0 61.400010580荻野極　　　5500101   7.7   2.51408520+ 4334321425                       
1023320905 45.0  0.1  0.0  0.0  0.0  0.0 45.110010561中井裕二　　5800101  89.5  12.41408470+10   321425                       
1023320906 49.0  0.4  0.0  0.0  0.0  0.0 49.400010438和田竜二　　5800101  24.8   3.41408446  0   321425                       
1023320907 48.0  0.2  0.0  0.0  0.0  0.0 48.210010598斎藤新　　　5800101  33.6   5.31408490+ 6   321425                       
1023320908 36.0  0.1  0.0  0.0  0.0  0.0 36.112010601秋山稔樹　　5800101 128.9  18.01408502+ 2   321425                       
1023320909 55.0  0.8  0.0  3.0  2.0  0.0 60.802010591西村淳也　　5800101  10.3   2.01408520- 6255321425                       
1023320910 45.6  0.4  0.0  0.0  0.0  0.0 46.000010594岩田望来　　5800101  47.1   7.61408490- 6   321425                       
1023320911 56.0  0.9  2.6  0.0  2.1  0.0 61.600010562長岡禎仁　　5300101   6.4   3.31408452- 2 43321425                       
1023320912 53.4  0.8  0.0  1.5  0.0  0.0 55.710010619角田大河　　5600101   8.6   2.31408474+ 25 6321425                       
1023320913 35.0  0.2 -1.0  0.0  0.0  0.0 34.210030018小牧太　　　5800101 133.8  17.61408514-16   221425                       
1023320914 53.6  1.1  3.0  2.0  2.3  0.0 62.000010550高倉稜　　　5800101  10.0   2.71408490- 8422321425                       
1023320915 47.0  0.1 -1.0  0.0  0.0  0.0 46.110010579加藤祥太　　5800101 104.8  10.51408446  0   321425                       
1023320916 50.0  0.2 -1.0  0.0  0.0  0.0 49.200010574松若風馬　　5800101  45.7   5.91408494+ 2   221425                       
1023321001 55.0  0.5  0.0  0.0  0.0  0.0 55.502010457酒井学　　　5200101  64.6   7.31440480+ 8   321501                       
1023321002 54.0  0.7  0.0  0.0  0.0  0.0 54.712010594岩田望来　　5500101  31.9   4.51440434+ 4   321501                       
1023321003 57.0  0.8  1.8  0.0  0.0  0.0 59.600010438和田竜二　　5300101  30.5   3.71440454- 4   321501                       
1023321004 61.9  1.4  2.1  1.5  3.3  0.0 70.200010546松山弘平　　5400101   9.1   2.21440492- 8512321501                       
1023321005 58.2  1.1  3.0  2.5  2.1  0.0 66.902010574松若風馬　　5600101  10.6   2.11440512+ 6345321501                       
1023321006 62.0  3.2  3.8  3.5  2.3  0.0 74.810010512川田将雅　　5500101   1.7   1.21440492+14121321501                       
1023321007 58.0  0.4  0.0  0.0  0.0  0.0 58.400010628田口貫太　　5400101  26.9   4.71440494  0   321501                       
1023321008 55.1  0.4 -1.0  0.0  0.0  0.0 54.500010619角田大河　　5500101  95.5  11.51440476+ 8   321501                       
1023321009 47.0  0.8  0.2  0.0  1.9  0.0 49.910010583坂井瑠星　　5700101  31.9   4.91440470- 4 6 321501                       
1023321010 61.6  0.8  1.0  2.0  2.0  0.0 67.400010536藤岡康太　　5600101  13.4   2.51440460+ 8454321501                       
1023321011 56.8  0.4  0.0  0.0  0.0  0.0 57.200010600団野大成　　5500101  24.6   2.91440438- 2   321501                       
1023321012 61.3  0.9  1.6  0.0  2.2  0.0 66.012010446秋山真一郎　5500101  19.4   2.91440476- 2 36321501                       
1023321013 61.0  1.9  2.8  3.0  0.0  0.0 68.702010591西村淳也　　5400101   6.3   2.11440464+122 3321501                       
1023321101 62.0  0.4  0.3  0.0  0.0  0.0 62.702010598斎藤新　　　5700101  19.2   4.01516512+ 2   221535                       
1023321102 60.0  0.7  0.0  1.5  0.0  0.0 62.202010591西村淳也　　5500101   8.9   2.91516470-125  321535                       
1023321103 65.4  2.0  2.0  2.0  3.3  0.0 74.700010512川田将雅　　5800101   7.9   2.31516472+ 2412321535                       
1023321104 67.0  3.0  3.8  3.5  2.0  0.0 79.302010546松山弘平　　5650101   3.0   1.41516428- 2151321535                       
1023321105 50.0  0.1 -1.0  0.0  0.0  0.0 49.100010543小野寺祐太　5500101  85.0  12.21516506- 4   221535                       
1023321106 67.3  0.6  1.1  0.0  2.1  0.0 71.100010600団野大成　　5850101  20.6   3.71516488- 6 45321535                       
1023321107 64.0  1.6  1.5  3.0  1.9  0.0 72.000010619角田大河　　5100101   4.8   1.71516496+ 8264321535                       
1023321108 59.7  0.4  0.0  0.0  0.0  0.0 60.100010607永島まなみ　5000101  15.7   3.01516454+ 2   321535                       
1023321109 59.6  0.6  0.2  0.0  0.0  0.0 60.400010583坂井瑠星　　5600101  29.9   5.31516518  0   321535                       
1023321110 65.3  1.4  2.4  2.5  2.3  0.0 73.900010594岩田望来　　5400101   7.1   2.11516460  0323321535                       
1023321111 65.1  0.6  2.1  0.0  2.2  0.0 70.000010438和田竜二　　5800101  21.8   4.01516472+ 4 36321535                       
1023321112 58.0  0.1 -1.0  0.0  0.0  0.0 57.100010544国分恭介　　5400101  98.3  13.81516428- 8   321535                       
1023321113 61.0  0.2  0.0  0.0  0.0  0.0 61.202010574松若風馬　　5300101  28.4   5.01516504- 4   321535                       
1023321114 56.0  0.3  0.0  0.0  0.0  0.0 56.302010536藤岡康太　　5600101 184.7  21.81516468  0   321535                       
1023321115 60.0  0.2  0.0  0.0  0.0  0.0 60.200010457酒井学　　　5300101  46.2   6.61516476+ 6   321535                       
1023321116 65.0  0.2  0.0  0.0  0.0  0.0 65.212010419幸英明　　　5700101  71.8   9.71516462+ 4   321535                       
1023321201 38.9  0.2  0.0  0.0  0.0  0.0 39.110010628田口貫太　　5303101  75.3   9.91558474+ 4   221615                       
1023321202 47.0  2.1  2.9  3.5  3.3  0.0 58.800010594岩田望来　　5400101   4.5   1.71558504+10111371615                       
1023321203 42.0  0.6  0.0  0.0  0.0  0.0 42.601010544国分恭介　　5800101  19.0   4.41558506+ 4   321615                       
1023321204 32.3  1.0  1.1  2.5  0.0  0.0 36.910010624河原田菜々　5200101   7.9   2.61558446+123  321615                       
1023321205 25.0  0.2  0.0  0.0  0.0  0.0 25.210010615川端海翼　　5503101  46.8   6.21558506+10   221615                       
1023321206 40.0  0.3  0.0  0.0  0.0  0.0 40.300030018小牧太　　　5800101  63.6   6.41558468+ 8 9 321615                       
1023321207 43.0  1.4  0.3  0.0  1.9  0.0 46.610010583坂井瑠星　　5600101  11.9   2.81558500+18 55321615                       
1023321208 46.0  1.4  1.4  2.0  2.1  0.0 52.911010607永島まなみ　5303101   4.7   1.61558482+10443321615                       
1023321209 45.0  0.5  0.0  0.0  0.0  0.0 45.500010419幸英明　　　5600101  18.1   3.61558444- 4  6321615                       
1023321210 43.5  1.4  2.5  3.0  2.3  0.0 52.700010574松若風馬　　5600101   5.0   2.11558474- 2224321615                       
1023321211 41.0  0.8  0.6  0.0  0.0  0.0 42.410010601秋山稔樹　　5301101  12.1   3.01558496+ 4   321615                       
1023321212 36.0  0.6 -1.0  0.0  0.0  0.0 35.600010546松山弘平　　5600101  25.5   4.61558480- 8   321615                       
1023321213 35.0  0.1 -1.0  0.0  0.0  0.0 34.110010558藤懸貴志　　5600101 133.7  15.81558456+10   321615                       
1023321214 48.0  1.4  2.2  1.5  2.2  0.0 55.302010591西村淳也　　5400101   8.0   2.51558490+ 8532321615                       
