0626250101 10.0  1.4  1.8  0.0  0.0  0.0 13.210010515丹内祐次　　5500101  18.6   3.80947440- 2   371005                       
0626250102 15.3  0.7  1.4  0.0  3.1  0.0 20.510010604原優介　　　5500101  14.2   3.60947470+ 4 2 321005                       
0626250103 31.0  2.1  2.7  2.5  2.0  0.0 40.300010542三浦皇成　　5500101   6.0   1.70947452  0362231005                       
0626250104 16.0  0.2  0.0  0.0  0.0  0.0 16.202010580荻野極　　　5500101  33.0   7.00947438+ 2   371005                       
0626250105 23.0  0.4  0.1  0.0  0.0  0.0 23.502010603小林脩斗　　5500101  62.5   8.20947476  0   221005                       
0626250106 34.5  2.1  3.2  3.5  3.6  0.0 46.900010617佐々木大輔　5500101   3.2   1.30947474+ 4111371005                       
0626250107 27.0  1.6  2.1  3.0  2.4  0.0 36.110030468戸崎圭太　　5500101   4.0   1.40947500  0233221005                       
0626250108 28.0  0.8  0.9  2.0  2.2  0.0 33.902010507津村明秀　　5500101   7.3   1.80947454+ 4444321005                       
0626250109 25.1  0.1  0.0  0.0  0.0  0.0 25.200010634長浜鴻緒　　5302101  61.7   9.70947470+ 2   231005                       
0626250110 21.0  0.1  0.0  0.0  0.0  0.0 21.110010623石田拓郎　　5203101  64.2   9.80947440+ 2   231005                       
0626250111 25.2  1.1  2.4  1.5  2.1  0.0 32.300030182岩田康誠　　5500101   8.3   2.10947494+14555231005                       
0626250112 10.0  0.3 -1.0  0.0  0.0  0.0  9.300010491田辺裕信　　5500101  48.9   8.60947506      131005                       
0626250113 25.0  0.1 -1.0  0.0  0.0  0.0 24.100010554嶋田純次　　5500101 203.9  23.10947424- 2   321005                       
0626250114 10.0  0.1  0.0  0.0  0.0  0.0 10.102010638遠藤汰月　　5203101 257.7  34.30947484- 8   331005                       
0626250115 25.0  0.3  0.2  0.0  0.0  0.0 25.500010416吉田豊　　　5500101  23.7   4.70947430  0  6371005                       
0626250201 44.0  2.6  3.4  3.0  2.2  0.0 55.200010617佐々木大輔　5700101   3.9   1.31021486+ 6241231035                       
0626250202 26.0  0.1  0.0  0.0  0.0  0.0 26.100010634長浜鴻緒　　5502101 140.0  14.91021488+ 2   371035                       
0626250203 33.0  0.3  0.3  0.0  0.0  0.0 33.600010507津村明秀　　5700101  35.6   5.41021488  0   231035                       
0626250204 31.0  0.2  0.8  0.0  0.0  0.0 32.010010604原優介　　　5700101  26.3   5.51021486- 4   231035                       
0626250205 39.0  2.6  3.2  3.5  3.5  0.0 51.810030468戸崎圭太　　5700101   2.9   1.21021518  0112371035                       
0626250206 27.0  0.4  0.0  0.0  0.0  0.0 27.410010516大野拓弥　　5700101  39.0   8.11021502+ 8   221035                       
0626250207 37.0  0.8  1.2  1.5  2.1  0.0 42.600010598斎藤新　　　5700101   7.9   1.91021468  0554331035                       
0626250208 21.0  0.2 -1.0  0.0  0.0  0.0 20.200010429柴田大知　　5700101 210.5  28.31021508  0   231035                       
0626250209 35.0  1.2  2.1  2.0  2.4  0.0 42.700010491田辺裕信　　5700101   7.7   1.91021486-10423221035                       
0626250210 25.2  0.1  0.0  0.0  0.0  0.0 25.311010627佐藤翔馬　　5403101 173.0  24.11021494+ 4   331035                       
0626250211 19.0  0.1 -1.0  0.0  0.0  0.0 18.100010582木幡巧也　　5700101 247.6  22.51021482- 2   231035                       
0626250212 34.0  1.3  2.0  2.5  0.0  0.0 39.802030182岩田康誠　　5700101   7.1   1.81021478+ 63 5331035                       
0626250213 25.0  0.4  0.0  0.0  0.0  0.0 25.412010580荻野極　　　5700101  31.8   4.41021470- 6   231035                       
0626250214 24.0  0.0 -1.0  0.0  0.0  0.0 23.000010581菊沢一樹　　5700101 170.2  21.61021470  0   231035                       
0626250215 17.8  0.4  0.6  0.0  0.0  0.0 18.800010515丹内祐次　　5700101  25.8   6.11021538      131035                       
0626250216 34.3  1.1  0.6  0.0  2.3  0.0 38.300010590横山武史　　5700101  14.0   3.01021502+ 2 36271035                       
0626250301 16.0  0.2  0.0  0.0  0.0  0.0 16.200010598斎藤新　　　5700101  98.2  14.01053498- 4   231105                       
0626250302 19.0  0.4  0.0  0.0  0.0  0.0 19.402010617佐々木大輔　5700101  34.7   4.81053454+ 2   231105                       
0626250303 22.9  0.2  0.1  0.0  0.0  0.0 23.210010589武藤雅　　　5500101  41.2   6.41053400-10   331105                       
0626250304 42.0  2.8  2.6  3.0  3.5  0.0 53.910010491田辺裕信　　5700101   4.7   1.31053454+ 4211371105                       
0626250305 13.0  0.1  0.0  0.0  0.0  0.0 13.100010639谷原柚希　　5300101  84.0  14.11053476- 2   221105                       
0626250306 10.0  0.0 -1.0  0.0  0.0  0.0  9.000010582木幡巧也　　5500101 150.4  22.41053444- 4   231105                       
0626250307 23.0  0.1  0.0  0.0  2.1  0.0 25.210010623石田拓郎　　5403101 100.3  10.91053468  0 66371105                       
0626250308 13.4  0.2  0.0  0.0  0.0  0.0 13.600010577野中悠太郎　5500101  21.4   4.71053456      231105                       
0626250309 33.0  0.8  2.0  1.5  3.0  0.0 40.312010581菊沢一樹　　5700101   8.2   1.71053500+ 8524321105                       
0626250310 15.0  0.2  0.0  0.0  0.0  0.0 15.200010515丹内祐次　　5700101 101.7  12.81053498- 4   221105                       
0626250311 18.0  1.4  2.0  2.5  0.0  0.0 23.900010634長浜鴻緒　　5502101   7.6   1.81053464- 43  231105                       
0626250312 16.0  0.1 -1.0  0.0  0.0  0.0 15.110010627佐藤翔馬　　5403101 122.5  20.01053482+ 8   231105                       
0626250313 31.0  3.1  3.4  3.5  2.3  0.0 43.310010590横山武史　　5700101   2.4   1.21053460+ 2142331105                       
0626250314 10.0  0.2 -1.0  0.0  0.0  0.0  9.202010603小林脩斗　　5700101 161.4  21.11053474-14   231105                       
0626250315 32.0  1.2  3.2  2.0  2.2  0.0 40.600010604原優介　　　5700101   6.4   1.91053482- 6453331105                       
0626250316 32.1  0.5  1.5  0.0  2.4  0.0 36.512010500松岡正海　　5700101  17.4   3.11053468+ 6 35331105                       
0626250401 24.0  0.2  0.0  0.0  0.0  0.0 24.202010612横山琉人　　5700101  95.8   7.81122534  0   221135                       
0626250402 31.1  0.4  0.0  0.0  0.0  0.0 31.500010598斎藤新　　　5700101  69.4   4.91122484+ 2  5231135                       
0626250403 26.0  0.2  0.0  0.0  3.0  0.0 29.212010604原優介　　　5700101  26.6   2.81122492  0 26271135                       
0626250404 31.0  1.5  3.0  2.5  0.0  0.0 38.000010542三浦皇成　　5700101  12.3   1.51122438  03 4371135                       
0626250405 24.0  0.3  0.0  0.0  0.0  0.0 24.300010515丹内祐次　　5700101 128.3   4.91122472- 2   271135                       
0626250406 25.0  0.1  0.0  0.0  0.0  0.0 25.110010597小林凌大　　5700101 217.9  16.91122430  0   371135                       
0626250407 26.1  0.2  0.0  0.0  0.0  0.0 26.302010429柴田大知　　5700101 115.4   6.61122484-10   371135                       
0626250408 47.0  3.8  4.0  3.5  3.6  0.0 61.900070234Ｃ．ルメール5700101   1.1   1.01122510- 8111331135                       
0626250409 15.0  0.2  0.0  0.0  0.0  0.0 15.202010627佐藤翔馬　　5403101  69.2   6.41122500-12   271135                       
0626250410 24.0  0.2  0.0  0.0  0.0  0.0 24.200010375江田照男　　5700101 109.0   7.31122512  0   271135                       
0626250411 37.0  1.2  2.4  3.0  2.4  0.0 46.010010491田辺裕信　　5700101  12.9   1.71122522+18232331135                       
0626250412 10.0  0.1 -1.0  0.0  0.0  0.0  9.102010603小林脩斗　　5500101 280.8  31.31122436+ 6   371135                       
0626250413 34.8  1.2  3.1  1.5  2.2  0.0 42.802010582木幡巧也　　5700101  23.0   1.81122476+ 2543221135                       
0626250414 23.0  0.1 -1.0  0.0  0.0  0.0 22.112010634長浜鴻緒　　5302101 167.0  12.91122474- 4   371135                       
0626250415 10.0  0.4  0.0  2.0  0.0  0.0 12.400010580荻野極　　　5700101  36.3   2.91122496   4  231135                       
0626250416 22.0  0.1  0.0  0.0  0.0  0.0 22.102010638遠藤汰月　　5403101 176.7  12.11122430- 3   371135                       
0626250501 20.0  0.0 -1.0  0.0  0.0  0.0 19.000010604原優介　　　5500101  93.9  10.21211430      321225                       
0626250502 11.9  0.6  0.2  2.5  0.0  0.0 15.210010542三浦皇成　　5700101   8.8   2.01211462+123  231225                       
0626250503 10.0  0.0 -1.0  0.0  0.0  0.0  9.012010577野中悠太郎　5500101 195.7  15.21211492+14   271225                       
0626250504 43.0  2.5  3.2  3.0  2.4  0.0 54.100010516大野拓弥　　5700101   4.6   1.31211458- 2222271225                       
0626250505 40.0  0.5  1.5  0.0  0.0  0.0 42.000010617佐々木大輔　5500101  22.7   2.61211432- 2  4371225                       
0626250506 20.0  0.1 -1.0  0.0  0.0  0.0 19.100010638遠藤汰月　　5403101 159.0  20.91211494      271225                       
0626250507 32.3  0.7  1.4  0.0  0.0  0.0 34.400010560横山和生　　5700101  30.2   4.21211472     5271225                       
0626250508 28.3  0.5  0.6  1.5  2.1  0.0 33.000010537丸田恭介　　5500101  34.7   3.71211434   546321225                       
0626250509 35.0  1.4  1.4  2.0  2.2  0.0 42.002010590横山武史　　5700101  13.8   1.71211474- 4433271225                       
0626250510 20.0  0.1 -1.0  0.0  0.0  0.0 19.100010539伊藤工真　　5700101 198.5  19.81211514      221225                       
0626250511 42.0  3.8  4.6  3.5  3.5  0.0 57.400070234Ｃ．ルメール5700101   1.5   1.11211428- 2111371225                       
0626250512 15.0  0.3 -1.0  0.0  0.0  0.0 14.300030182岩田康誠　　5700101  86.8   7.31211458  0   271225                       
0626250513 11.2  0.2  0.0  0.0  0.0  0.0 11.402010515丹内祐次　　5700101 157.6  12.91211476- 2   121225                       
0626250514 23.0  0.0 -1.0  0.0  0.0  0.0 22.010010581菊沢一樹　　5700101  90.7   6.81211472- 2   231225                       
0626250515 26.1  0.4  0.5  0.0  0.0  0.0 27.000010500松岡正海　　5500101  26.4   2.71211430+ 2   271225                       
0626250516 20.0  0.2  0.0  0.0  0.0  0.0 20.200010598斎藤新　　　5500101  94.9   8.31211442      331225                       
0626250601 42.7  0.5  0.0  0.0  0.0  0.0 43.200010617佐々木大輔　5700101  15.0   3.71241516+ 4   231255                       
0626250602 35.0  0.1  0.0  0.0  0.0  0.0 35.100010581菊沢一樹　　5500101  46.5   8.71241492+ 2   121255                       
0626250603 45.0  0.4  0.0  0.0  0.0  0.0 45.400030182岩田康誠　　5700101  27.9   6.61241448- 4   371255                       
0626250604 52.0  1.6  2.2  2.0  2.3  0.0 60.100010598斎藤新　　　5700101   9.3   2.11241494- 2442221255                       
0626250605 43.0  0.2 -1.0  0.0  0.0  0.0 42.200010582木幡巧也　　5500101  80.2  11.21241460- 6   331255                       
0626250606 41.0  0.8  0.0  0.0  0.0  0.0 41.810010612横山琉人　　5700101  13.6   4.31241492  0   231255                       
0626250607 46.0  0.2  0.0  0.0  0.0  0.0 46.200010542三浦皇成　　5700101  80.4  11.11241476- 2   331255                       
0626250608 45.0  0.8  0.8  3.0  0.0  0.0 49.600010516大野拓弥　　5700101  11.5   2.51241494  02  231255                       
0626250609 47.8  1.2  1.0  2.5  2.4  0.0 54.900070234Ｃ．ルメール5700101   7.3   1.91241508+ 4334221255                       
0626250610 38.0  0.2  0.0  0.0  0.0  0.0 38.200010507津村明秀　　5700101  75.0  13.21241480  0   231255                       
0626250611 50.1  0.9  1.6  0.0  0.0  0.0 52.600030468戸崎圭太　　5700101  12.2   3.21241502- 4  6331255                       
0626250612 56.0  1.9  3.1  3.5  3.6  0.0 68.100010515丹内祐次　　5700101   2.8   1.31241504- 2111331255                       
0626250613 47.0  1.6  2.8  1.5  3.0  0.0 55.900010590横山武史　　5700101   5.9   2.11241510+ 8523271255                       
0626250614 48.0  0.1 -1.0  0.0  0.0  0.0 47.100010539伊藤工真　　5500101 107.3  13.11241486  0   371255                       
0626250615 50.0  0.8  1.6  0.0  2.2  0.0 54.600010638遠藤汰月　　5403101  19.6   3.61241500+ 4 55331255                       
0626250616 40.0  0.3 -1.0  0.0  0.0  0.0 39.300010491田辺裕信　　5700101  45.1   7.21241522  0   231255                       
0626250701 52.0  2.3  2.4  3.0  2.2  0.0 61.900030468戸崎圭太　　5700101   5.9   1.31312482- 4232231330                       
0626250702 48.0  0.3  0.0  0.0  0.0  0.0 48.300010416吉田豊　　　5800101  35.3   3.61312448- 2  6271330                       
0626250703 37.0  0.2  0.0  0.0  0.0  0.0 37.210010581菊沢一樹　　5800101  91.2   8.31312528  0   231330                       
0626250704 48.1  1.9  2.3  2.5  0.0  0.0 54.800010617佐々木大輔　5700101   5.7   1.31312456+ 23 4371330                       
0626250705 44.0  0.4  0.0  0.0  0.0  0.0 44.400010515丹内祐次　　5800101  95.6   9.11312448+ 8   371330                       
0626250706 47.9  1.0  2.8  2.0  0.0  0.0 53.710010555杉原誠人　　5500101  16.6   2.41312416+ 64 5331330                       
0626250707 53.0  3.4  4.5  3.5  3.5  0.0 67.902070234Ｃ．ルメール5500101   1.5   1.11312502+ 6111371330                       
0626250708 42.0  0.2  0.0  0.0  2.0  0.0 44.200010582木幡巧也　　5800101  66.4   7.71312542  0 4 231330                       
0626250709 49.0  1.4  2.3  1.5  2.3  0.0 56.502010542三浦皇成　　5800101   9.0   1.31312450+ 2523221330                       
0626250710 43.0  0.4 -1.0  0.0  0.0  0.0 42.400010612横山琉人　　5800101  99.7   8.61312512-12   231330                       
0626250801 44.0  1.7  2.7  0.0  2.3  0.0 50.702010542三浦皇成　　5800101   7.0   1.91348478- 8 32221401                       
0626250802 28.0  0.1 -1.0  0.0  0.0  0.0 27.102010623石田拓郎　　5503101 151.3  31.21348498- 4   231401                       
0626250803 40.0  1.6  0.0  0.0  0.0  0.0 41.602010590横山武史　　5600101  15.5   4.11348410+ 2   331401                       
0626250804 45.0  0.4  0.0  0.0  0.0  0.0 45.402010638遠藤汰月　　5503101  23.0   4.51348454  0  5221401                       
0626250805 44.1  0.8  0.0  2.0  0.0  0.0 46.902010537丸田恭介　　5800101  14.5   3.61348468+ 24 4271401                       
0626250806 25.0  0.1 -1.0  0.0  0.0  0.0 24.100010589武藤雅　　　5600101  90.6  14.51348468- 2   271401                       
0626250807 43.0  1.2  3.0  0.0  0.0  0.0 47.210010604原優介　　　5800101  11.8   2.71348450- 6  3231401                       
0626250808 42.0  0.8  0.9  1.5  0.0  0.0 45.200010577野中悠太郎　5600101  13.5   2.71348476- 45 6231401                       
0626250809 41.0  0.2  0.0  0.0  0.0  0.0 41.210010375江田照男　　5800101  60.9   7.31348506+ 8   221401                       
0626250810 38.0  0.5  0.0  2.5  2.4  0.0 43.410010580荻野極　　　5800101  10.0   3.01348518-1432 331401                       
0626250811 32.4  0.8  0.0  0.0  0.0  0.0 33.210010634長浜鴻緒　　5602101  15.3   4.01348480+ 6   271401                       
0626250812 37.0  0.5  0.0  0.0  2.0  0.0 39.500010515丹内祐次　　5800101  22.1   3.91348522- 8 4 331401                       
0626250813 40.0  0.9  0.0  3.0  0.0  0.0 43.900010497石橋脩　　　5600101   7.6   2.91348480- 62  221401                       
0626250814 28.3  0.2  0.0  0.0  0.0  0.0 28.500010617佐々木大輔　5600101  17.5   4.21348454+ 2   331401                       
0626250815 47.0  2.6  2.6  3.5  3.5  0.0 59.200010507津村明秀　　5800101   3.0   1.41348518+ 6111321401                       
0626250816 31.0  0.1 -1.0  0.0  0.0  0.0 30.110010582木幡巧也　　5800101  97.5  12.91348480-20   321401                       
0626250901 54.0  0.8  0.6  0.0  2.1  0.0 57.512010507津村明秀　　5600101  15.3   3.01415440+ 6 55331435                       
0626250902 45.0  0.2 -1.0  0.0  0.0  0.0 44.200010581菊沢一樹　　5600101  50.1   5.91415466- 2   331435                       
0626250903 52.1  2.1  2.0  3.0  2.2  0.0 61.402030468戸崎圭太　　5600101   4.8   1.41415500+ 6242321435                       
0626250904 50.0  0.7  0.0  2.0  0.0  0.0 52.700110491田辺裕信　　5600101  14.3   2.71415494- 64  221435                       
0626250905 35.0  0.4  0.0  0.0  0.0  0.0 35.402010515丹内祐次　　5600101  22.9   3.81415480+ 6   231435                       
0626250906 55.0  0.5  0.0  0.0  2.3  0.0 57.800010537丸田恭介　　5600101  32.5   5.61415474- 2 34371435                       
0626250907 48.0  0.4  0.0  0.0  0.0  0.0 48.400010580荻野極　　　5600101  50.2   6.61415436+ 2   331435                       
0626250908 45.0  0.5  1.1  1.5  0.0  0.0 48.102010589武藤雅　　　5600101  15.8   2.61415450- 25  371435                       
0626250909 49.4  2.6  3.2  3.5  0.0  0.0 58.700070234Ｃ．ルメール5600101   2.2   1.11415456+ 61 3331435                       
0626250910 49.9  1.2  2.7  0.0  3.4  0.0 57.210010542三浦皇成　　5600101  10.1   2.51415476+ 4 16321435                       
0626250911 55.1  2.6  3.1  2.5  2.4  0.0 65.702010590横山武史　　5600101   5.4   1.31415462- 8321371435                       
0626251001 54.0  0.1 -1.0  0.0  0.0  0.0 53.100010604原優介　　　5200101  47.5   8.91454444-10   371510                       
0626251002 63.0  0.2  0.0  0.0  2.2  0.0 65.402010581菊沢一樹　　5300101  17.5   3.71454484+ 2 44221510                       
0626251003 52.0  0.0 -1.0  0.0  0.0  0.0 51.000010589武藤雅　　　5200101 182.7  28.51454540+ 8   221510                       
0626251004 54.0  0.1 -1.0  0.0  0.0  0.0 53.112010582木幡巧也　　5300101  96.0  13.01454458- 4   321510                       
0626251005 61.1  0.7  0.0  0.0  0.0  0.0 61.800010542三浦皇成　　5400101  15.5   2.91454442  0   321510                       
0626251006 59.1  1.1  1.1  2.5  0.0  0.0 63.800030468戸崎圭太　　5600101   7.4   1.81454498- 23 6221510                       
0626251007 58.0  3.0  4.4  3.5  2.1  0.0 71.000070234Ｃ．ルメール5700101   2.5   1.21454470- 8152221510                       
0626251008 59.2  0.9  1.3  1.5  0.0  0.0 62.902010580荻野極　　　5500101  13.7   3.31454452+ 25  271510                       
0626251009 55.1  0.2  0.0  0.0  0.0  0.0 55.302010375江田照男　　5300101  94.4  12.11454530- 8   221510                       
0626251010 62.0  2.6  2.6  3.0  2.4  0.0 72.602010617佐々木大輔　5600101   3.9   1.31454444- 4221331510                       
0626251011 59.0  0.2 -1.0  0.0  0.0  0.0 58.200010497石橋脩　　　5500101  39.3   5.51454460+ 2   271510                       
0626251012 55.0  0.3  0.0  0.0  0.0  0.0 55.300010339横山典弘　　5300101  24.6   3.91454502+ 2   231510                       
0626251013 57.0  1.0  2.8  2.0  2.3  0.0 65.100010590横山武史　　5600101  11.3   2.41454484+ 4435371510                       
0626251014 55.0  0.2  0.0  0.0  0.0  0.0 55.200010603小林脩斗　　5200101  68.8   7.11454424- 4   331510                       
0626251015 61.0  0.4  0.8  0.0  3.5  0.0 65.700010515丹内祐次　　5300101  22.4   4.11454468- 2 13321510                       
0626251016 53.0  0.2 -1.0  0.0  0.0  0.0 52.200010598斎藤新　　　5500101  54.2   7.21454524- 8   221510                       
0626251101 48.0  0.5  0.0  0.0  0.0  0.0 48.510030468戸崎圭太　　5500101  17.4   4.01529430+ 2  6371545                       
0626251102 46.1  1.9  1.4  3.5  2.4  0.0 55.300070234Ｃ．ルメール5500101   2.9   1.51529502+ 8133231545                       
0626251103 37.0  0.1 -1.0  0.0  0.0  0.0 36.110010555杉原誠人　　5500101 148.3  23.11529446- 4   431545                       
0626251104 50.0  1.3  2.6  3.0  3.0  0.0 59.900010507津村明秀　　5500101   7.4   2.21529460- 2222331545                       
0626251105 43.0  0.1 -1.0  0.0  0.0  0.0 42.100010416吉田豊　　　5500101  87.0  12.41529404- 4   331545                       
0626251106 43.0  0.2 -1.0  0.0  0.0  0.0 42.200010324柴田善臣　　5500101 105.8  18.01529424-10   331545                       
0626251107 42.5  0.4  0.0  2.0  0.0  0.0 44.900010515丹内祐次　　5500101  11.3   3.71529428-104  371545                       
0626251108 25.0  0.3 -1.0  0.0  0.0  0.0 24.300010516大野拓弥　　5500101 179.1  30.51529422- 1   331545                       
0626251109 44.0  1.4  0.0  2.5  0.0  0.0 47.900010617佐々木大輔　5500101   6.5   2.11529452- 63  231545                       
0626251110 44.0  1.1  1.0  0.0  0.0  0.0 46.100010598斎藤新　　　5500101  10.6   2.31529442- 2   331545                       
0626251111 47.0  0.9  0.0  0.0  0.0  0.0 47.900010590横山武史　　5500101  15.6   3.71529424+ 2   331545                       
0626251112 47.3  0.3  0.0  0.0  2.2  0.0 49.800010339横山典弘　　5500101  28.0   5.31529456-10 55321545                       
0626251113 44.4  1.1  1.1  1.5  3.6  0.0 51.700010580荻野極　　　5500101   8.5   2.21529448-12514371545                       
0626251114 46.0  0.8  0.0  0.0  0.0  0.0 46.800030182岩田康誠　　5500101  19.4   4.21529436- 4   331545                       
0626251115 56.0  1.4  2.0  0.0  2.3  0.0 61.700010497石橋脩　　　5500101  16.1   3.61529448- 2 41321545                       
0626251116 38.0  0.1  0.0  0.0  0.0  0.0 38.100010604原優介　　　5500101  46.6  10.21529420- 6   331545                       
0626251201 44.0  0.2 -1.0  0.0  0.0  0.0 43.200010537丸田恭介　　5600101  42.3   6.41611450- 4   371625                       
0626251202 50.0  0.1  0.0  0.0  0.0  0.0 50.102010555杉原誠人　　5800101  83.4  13.11611446- 6   321625                       
0626251203 47.5  0.5  0.6  0.0  0.0  0.0 48.600010617佐々木大輔　5800101  15.3   3.71611476+10   331625                       
0626251204 50.0  0.1  0.0  0.0  0.0  0.0 50.102010581菊沢一樹　　5800101  52.1   7.91611488+ 2   221625                       
0626251205 42.0  0.2 -1.0  0.0  0.0  0.0 41.202010429柴田大知　　5800101 204.1  40.51611500- 6   231625                       
0626251206 53.0  1.6  2.9  2.0  3.5  0.0 63.010010580荻野極　　　5800101   5.8   1.61611510- 6413331625                       
0626251207 54.0  1.0  0.9  0.0  0.0  0.0 55.900010598斎藤新　　　5600101  16.0   3.51611428+ 4  5331625                       
0626251208 49.0  0.1  0.0  0.0  2.1  0.0 51.202010639谷原柚希　　5400101  50.1  11.31611504  0 5 321625                       
0626251209 40.0  0.1  0.0  0.0  0.0  0.0 40.110010582木幡巧也　　5800101 155.3  21.21611470-18   371625                       
0626251210 53.1  2.4  2.6  3.0  2.2  0.0 63.312070234Ｃ．ルメール5800101   4.0   1.61611462- 6242331625                       
0626251211 52.0  1.4  1.4  2.5  2.4  0.0 59.700010623石田拓郎　　5503101   8.0   2.01611498+ 2324231625                       
0626251212 49.0  1.2  2.9  1.5  0.0  0.0 54.600010590横山武史　　5600101   8.6   2.91611482- 65 6321625                       
0626251213 51.0  0.2  0.0  0.0  0.0  0.0 51.212010539伊藤工真　　5600101  47.8   6.61611476- 2   221625                       
0626251214 54.1  2.4  3.2  3.5  2.3  0.0 65.502010560横山和生　　5800101   3.6   1.31611526  0131271625                       
0626251215 39.4  0.7  0.0  0.0  0.0  0.0 40.110010515丹内祐次　　5800101  17.0   4.21611514+20   231625                       
0626251216 48.0  0.2  0.0  0.0  0.0  0.0 48.200010627佐藤翔馬　　5303101  44.4   6.11611464  0   331625                       
0726110101 19.2  0.4  0.0  0.0  0.0  0.0 19.600010629石神深道　　5203101  25.0   3.80925420+12   320945                       
0726110102 34.0  1.4  2.5  2.0  2.3  0.0 42.200010572小崎綾也　　5500101   6.1   1.60925502+ 2423320945                       
0726110103 25.0  0.5  0.5  0.0  0.0  0.0 26.000010643和田陽希　　5203101  48.8   6.60925440+ 6   330945                       
0726110104 25.9  1.0  2.0  0.0  1.9  0.0 30.810010588富田暁　　　5500101  19.0   2.90925476+ 2 66320945                       
0726110105 32.0  3.5  5.4  3.5  3.3  0.0 47.700010633高杉吏麒　　5500101   1.9   1.10925430+ 2111370945                       
0726110106 33.0  2.1  2.2  3.0  2.0  0.0 42.300010640田山旺佑　　5203101   6.6   1.40925450- 6252370945                       
0726110107 29.1  0.8  2.4  2.5  2.1  0.0 36.900070366Ｍ．ディー　5500101   5.8   1.50925438   345330945                       
0726110108 30.2  1.1  2.7  1.5  2.2  0.0 37.700010547丸山元気　　5500101  13.2   2.30925456+ 6534370945                       
0726110109 26.0  0.5 -1.0  0.0  0.0  0.0 25.500010610古川奈穂　　5300101  38.5   5.30925468  0   320945                       
0726110110 10.0  0.7 -1.0  0.0  0.0  0.0  9.710010613今村聖奈　　5300101  38.4   6.10925458- 6 9 320945                       
0726110201 35.0  0.4 -1.0  0.0  2.3  0.0 36.700010588富田暁　　　5700101  16.3   3.60955450  0 25321010                       
0726110202 18.0  0.4 -1.0  0.0  0.0  0.0 17.400010620西塚洸二　　5500101  58.4  12.40955444+ 4   331010                       
0726110203 10.0  0.4  0.0  0.0  0.0  0.0 10.400010614大久保友雅　5203101  19.5   6.30955430+ 2   331010                       
0726110204 36.0  2.6  3.8  3.5  2.2  0.0 48.100010578鮫島克駿　　5500101   4.6   1.60955462- 8132321010                       
0726110205 25.0  0.2 -1.0  0.0  0.0  0.0 24.200010642森田誠也　　5403101 208.7  37.70955478+ 4   331010                       
0726110206 24.0  0.1 -1.0  0.0  0.0  0.0 23.110010637上里直汰　　5403101  84.8  13.80955474  0   321010                       
0726110207 28.9  1.0  3.4  0.0  0.0  0.0 33.300010640田山旺佑　　5203101   7.8   3.60955418- 4  6321010                       
0726110208 28.0  0.5  0.0  0.0  0.0  0.0 28.500010613今村聖奈　　5300101  21.4   5.30955426- 4   321010                       
0726110209 39.1  1.2  2.4  2.0  3.3  0.0 48.000010607永島まなみ　5500101   7.3   1.80955480- 4413331010                       
0726110210 39.0  2.1  3.0  2.5  2.0  0.0 48.600010643和田陽希　　5403101   4.3   1.90955474+ 2351331010                       
0726110211 29.0  0.8 -1.0  0.0  0.0  0.0 28.800010510吉田隼人　　5500101  24.3   4.20955458+ 2   321010                       
0726110212 28.0  0.7  0.2  0.0  0.0  0.0 28.910070366Ｍ．ディー　5500101  14.4   3.00955478+ 2   371010                       
0726110213 25.0  0.4  0.0  0.0  1.9  0.0 27.300010610古川奈穂　　5300101  27.2   4.90955452- 2 6 321010                       
0726110214 25.0  0.2 -1.0  0.0  0.0  0.0 24.202010629石神深道　　5203101 101.2  12.60955424- 8   331010                       
0726110215 22.0  0.4 -1.0  1.5  0.0  0.0 22.910010641舟山瑠泉　　5403101  35.9   4.70955464+1259 321010                       
0726110216 30.0  0.9  1.5  3.0  2.1  0.0 37.500010611松本大輝　　5700101   6.1   2.00955478-12244321010                       
0726110301 30.8  1.6  3.1  3.0  2.2  0.0 40.700010535浜中俊　　　5700101   5.4   1.61025472+ 2234331040                       
0726110302 10.0  0.2 -1.0  0.0  2.0  0.0 11.200010640田山旺佑　　5403101  47.4   9.81025502    5 321040                       
0726110303 13.9  0.5  0.5  0.0  0.0  0.0 14.910010578鮫島克駿　　5700101  14.7   4.01025520+22   331040                       
0726110304 15.0  0.4  0.1  0.0  0.0  0.0 15.510010572小崎綾也　　5700101  32.5   6.51025498-10   321040                       
0726110305 37.0  1.4  1.1  1.5  3.3  0.0 44.300070366Ｍ．ディー　5700101   4.8   1.61025516+ 2513371040                       
0726110306 29.0  0.2 -1.0  0.0  0.0  0.0 28.200010605小沢大仁　　5700101  99.3  11.71025420+ 2   331040                       
0726110307 31.1  0.4  0.5  0.0  0.0  0.0 32.002010642森田誠也　　5403101  33.8   5.31025484- 2  6321040                       
0726110308 11.7  0.2 -1.0  0.0  0.0  0.0 10.900010641舟山瑠泉　　5403101 100.0  14.71025514+ 6   321040                       
0726110309 38.0  2.6  3.5  2.5  2.3  0.0 48.900010620西塚洸二　　5700101   6.8   1.91025492+ 4321321040                       
0726110310 32.0  0.9  0.1  0.0  0.0  0.0 33.000010637上里直汰　　5403101  10.2   2.21025470  0  5331040                       
0726110311 11.1  0.5  0.8  2.0  1.9  0.0 16.310010611松本大輝　　5700101  10.8   3.01025478+1446 331040                       
0726110312 34.0  2.6  2.7  3.5  2.1  0.0 44.910010633高杉吏麒　　5700101   3.2   1.21025442  0142331040                       
0726110313 10.0  0.7  0.0  0.0  0.0  0.0 10.700010613今村聖奈　　5500101  21.8   4.61025478      331040                       
0726110401 28.0  0.2 -1.0  0.0  0.0  0.0 27.200010607永島まなみ　5500101  28.0   5.51057468+ 2 9 371110                       
0726110402 20.0  0.2 -1.0  0.0  0.0  0.0 19.200010637上里直汰　　5203101  48.1   8.91057426      371110                       
0726110403 28.4  0.4  0.5  0.0  0.0  0.0 29.300010620西塚洸二　　5700101  29.3   6.21057514      371110                       
0726110404 21.0  0.2 -1.0  0.0  0.0  0.0 20.200010624河原田菜々　5100101 114.9  17.01057442+ 4   331110                       
0726110405 38.9  1.9  3.0  2.0  2.3  0.0 48.102010640田山旺佑　　5203101   6.2   1.81057448  0423331110                       
0726110406 22.6  0.2  1.2  1.5  0.0  0.0 25.500010614大久保友雅　5203101  14.1   3.91057410+ 45  331110                       
0726110407 34.0  0.2 -1.0  0.0  2.1  0.0 35.300010610古川奈穂　　5300101  31.8   4.91057422+ 8 46331110                       
0726110408 40.0  2.6  4.5  3.5  3.3  0.0 53.900010633高杉吏麒　　5500101   3.1   1.31057426- 2111321110                       
0726110409 32.4  1.2  1.4  0.0  0.0  0.0 35.000010643和田陽希　　5403101   9.7   2.71057520    9 321110                       
0726110410 20.0  0.2 -1.0  0.0  0.0  0.0 19.200010632柴田裕一郎　5502101 117.1  17.81057460      321110                       
0726110411 39.1  1.9  3.1  2.5  2.2  0.0 48.800010641舟山瑠泉　　5203101   5.7   1.81057464- 6332231110                       
0726110412 28.9  1.1  1.0  0.0  0.0  0.0 31.000010629石神深道　　5403101   7.0   2.51057484- 8   321110                       
0726110413 21.0  0.1 -1.0  0.0  0.0  0.0 20.112010601秋山稔樹　　5700101 112.9  14.91057376  0   321110                       
0726110414 37.0  0.7  0.0  0.0  1.9  0.0 39.600010622鷲頭虎太　　5302101  15.6   3.21057440- 6 65331110                       
0726110415 19.0  0.1 -1.0  0.0  0.0  0.0 18.100010621水沼元輝　　5403101 173.4  29.51057464+ 4   331110                       
0726110416 39.0  0.5  1.2  3.0  2.0  0.0 45.700010642森田誠也　　5403101  15.5   2.91057426- 2254331110                       
0726110501 30.0  0.1 -1.0  0.0  0.0  0.0 29.110010588富田暁　　　5700101  48.4  10.51142456- 8   321200                       
0726110502 39.0  1.4  0.8  0.0  2.1  0.0 43.310010572小崎綾也　　5700101  11.9   2.01142472+ 4 44371200                       
0726110503 31.0  0.1  0.0  0.0  0.0  0.0 31.110010620西塚洸二　　5700101  29.2   6.41142514- 6   321200                       
0726110504 37.0  1.2  2.6  3.0  3.3  0.0 47.100010611松本大輝　　5700101   5.0   2.11142514+ 2211321200                       
0726110505 36.0  2.3  3.3  2.5  2.3  0.0 46.400010633高杉吏麒　　5700101   4.4   1.51142466+ 6322331200                       
0726110506 31.8  2.1  2.2  3.5  2.2  0.0 41.810010640田山旺佑　　5403101   3.9   1.61142482+18135331200                       
0726110507 40.0  0.7  1.3  0.0  1.9  0.0 43.900010607永島まなみ　5300101  16.5   3.01142442- 6 63331200                       
0726110508 35.0  0.8  0.2  1.5  0.0  0.0 37.510010578鮫島克駿　　5700101   9.2   2.91142474+ 25  371200                       
0726110509 36.1  0.7  2.5  0.0  0.0  0.0 39.300010547丸山元気　　5500101  23.7   5.61142462+ 2  6231200                       
0726110510 20.0  0.5 -1.0  0.0  0.0  0.0 19.500010510吉田隼人　　5500101 125.1  23.11142470- 2   371200                       
0726110511 38.0  0.5 -1.0  0.0  0.0  0.0 37.500010535浜中俊　　　5700101  39.5   7.11142464  0   371200                       
0726110512 25.0  0.4 -1.0  0.0  2.0  0.0 26.400010562長岡禎仁　　5700101  34.1   6.51142438- 2 5 321200                       
0726110513 32.0  0.2 -1.0  0.0  0.0  0.0 31.200010632柴田裕一郎　5502101  83.1  13.21142448- 8   321200                       
0726110514 35.0  0.5 -1.0  2.0  0.0  0.0 36.500010574松若風馬　　5700101  10.6   3.01142490- 249 271200                       
0726110515 24.9  0.1  0.0  0.0  0.0  0.0 25.000010579加藤祥太　　5700101 130.3  28.51142530    9 321200                       
0726110516 28.0  0.2 -1.0  0.0  0.0  0.0 27.210010641舟山瑠泉　　5403101  61.2   8.81142490-18   221200                       
0726110517 25.0  0.1 -1.0  0.0  0.0  0.0 24.100010412岩部純二　　5700101 173.1  28.51142456+ 2   321200                       
0726110518 20.0  0.2  0.0  0.0  0.0  0.0 20.200010605小沢大仁　　5500101  35.4   6.81142422      321200                       
0726110601 36.4  0.1  0.0  0.0  0.0  0.0 36.510010561中井裕二　　5700101  72.1  11.81217480+ 6   321230                       
0726110602 38.9  0.5  0.0  1.5  0.0  0.0 40.900010510吉田隼人　　5500101  19.8   5.71217496+ 259 331230                       
0726110603 49.0  1.0  1.4  0.0  0.0  0.0 51.400010640田山旺佑　　5403101  21.0   4.01217488- 2  4221230                       
0726110604 42.0  1.0  2.2  2.0  1.9  0.0 49.100010641舟山瑠泉　　5403101   9.5   2.51217452  0465331230                       
0726110605 39.0  0.5 -1.0  0.0  0.0  0.0 38.500010574松若風馬　　5500101  21.1   3.41217430- 6   331230                       
0726110606 44.0  0.4  0.5  0.0  0.0  0.0 44.900070366Ｍ．ディー　5700101  13.6   3.61217490+ 8   331230                       
0726110607 40.0  0.1 -1.0  0.0  2.0  0.0 41.100010588富田暁　　　5500101  37.8   6.51217452- 8 5 321230                       
0726110608 26.0  0.1 -1.0  0.0  0.0  0.0 25.100010629石神深道　　5403101 116.2  16.41217502-10   331230                       
0726110609 36.0  0.5  0.0  0.0  0.0  0.0 36.500010578鮫島克駿　　5700101  15.0   3.11217456+ 8   371230                       
0726110610 48.0  0.4  0.0  0.0  0.0  0.0 48.400010605小沢大仁　　5700101  23.0   4.61217510  0  6231230                       
0726110611 57.0  2.6  1.8  2.5  3.3  0.0 67.200010535浜中俊　　　5700101   4.1   1.71217466  0312371230                       
0726110612 50.0  2.1  4.0  3.0  2.2  0.0 61.300010547丸山元気　　5700101   3.7   1.41217534- 2233221230                       
0726110613 41.0  0.1 -1.0  0.0  0.0  0.0 40.100010601秋山稔樹　　5700101 107.1  15.01217476- 8   371230                       
0726110614 45.0  0.2 -1.0  0.0  0.0  0.0 44.200010620西塚洸二　　5700101  41.4   8.11217474  0   321230                       
0726110615 56.0  2.4  4.7  3.5  2.3  0.0 68.900010633高杉吏麒　　5700101   4.7   1.61217522-10121321230                       
0726110616 35.0  0.2  0.0  0.0  2.1  0.0 37.300010607永島まなみ　5500101  52.5   6.61217490- 8 4 331230                       
0726110701 45.0  0.9  2.2  0.0  2.0  0.0 50.100010510吉田隼人　　5800101  20.7   4.41244480- 6 55321300                       
0726110702 47.0  0.7  1.7  2.0  1.9  0.0 53.300010607永島まなみ　5400101   8.8   2.81244466- 6464321300                       
0726110703 30.0  0.4  0.0  1.5  0.0  0.0 31.900010535浜中俊　　　5800101   9.5   2.51244506+1459 331300                       
0726110704 45.2  0.5  0.5  0.0  0.0  0.0 46.200010610古川奈穂　　5600101  46.7   6.21244462- 2   321300                       
0726110705 49.0  2.1  3.1  3.0  2.1  0.0 59.300010574松若風馬　　5800101   5.9   1.51244438+ 6243371300                       
0726110706 55.0  3.0  4.2  3.5  3.3  0.0 69.000010578鮫島克駿　　5600101   2.2   1.11244460-10111371300                       
0726110707 51.0  1.6  2.7  2.5  2.3  0.0 60.100010633高杉吏麒　　5600101   7.6   2.01244462+ 6322331300                       
0726110708 40.0  0.2  0.0  0.0  0.0  0.0 40.200010629石神深道　　5303101  38.9   5.11244456  0   321300                       
0726110709 42.0  0.2 -1.0  0.0  0.0  0.0 41.200010614大久保友雅　5503101  74.8   7.41244466-14   321300                       
0726110710 33.0  0.0 -1.0  0.0  0.0  0.0 32.000010588富田暁　　　5800101 120.3  13.71244504+ 6   271300                       
0726110711 38.0  0.2  0.0  0.0  0.0  0.0 38.200010632柴田裕一郎　5602101  41.0   7.01244480+ 6   231300                       
0726110712 30.0  0.2 -1.0  0.0  0.0  0.0 29.200010626小林美駒　　5503101  43.3   5.71244478- 8   321300                       
0726110713 46.0  0.4  0.0  0.0  0.0  0.0 46.400010572小崎綾也　　5800101  44.2   6.41244458- 2   371300                       
0726110714 40.0  0.4 -1.0  0.0  0.0  0.0 39.400010596亀田温心　　5800101  17.8   3.01244502+ 2   221300                       
0726110715 32.0  0.1 -1.0  0.0  0.0  0.0 31.100010640田山旺佑　　5503101  91.2  11.91244472+ 2   321300                       
0726110716 45.1  0.5  0.0  0.0  2.2  0.0 47.800010605小沢大仁　　5800101  27.2   4.11244490  0 36321300                       
0726110801 37.0  0.1 -1.0  0.0  0.0  0.0 36.100010605小沢大仁　　5800101  14.9   4.01316472  0   321335                       
0726110802 35.7  0.4  0.0  2.5  0.0  0.0 38.600010640田山旺佑　　5503101   6.9   2.01316466- 639 331335                       
0726110803 40.0  0.8  0.0  0.0  0.0  0.0 40.800010596亀田温心　　5600101  32.8   6.01316428- 2   321335                       
0726110804 35.0  0.5  0.2  0.0  0.0  0.0 35.700010624河原田菜々　5200101  14.6   3.21316426  0   321335                       
0726110805 41.0  0.2 -1.0  0.0  0.0  0.0 40.200010642森田誠也　　5503101 101.1  12.21316490+ 2   321335                       
0726110806 28.0  0.2 -1.0  0.0  0.0  0.0 27.200010632柴田裕一郎　5602101  46.1   8.61316502-22   331335                       
0726110807 25.0  0.4  0.0  0.0  0.0  0.0 25.400010643和田陽希　　5303101  25.9   5.21316448+ 4   321335                       
0726110808 36.0  0.2 -1.0  0.0  2.2  0.0 37.400010629石神深道　　5303101  54.8  10.81316470- 4 3 331335                       
0726110809 42.4  1.2  2.3  0.0  3.3  0.0 49.200010574松若風馬　　5800101  10.6   2.91316472  0 13371335                       
0726110810 38.0  0.1 -1.0  0.0  0.0  0.0 37.100010601秋山稔樹　　5800101  75.3   8.51316476- 8   321335                       
0726110811 42.0  0.2  0.0  0.0  0.0  0.0 42.200010637上里直汰　　5503101  45.9   4.81316486+ 6  6231335                       
0726110812 39.9  1.6  2.5  3.0  1.9  0.0 48.900010633高杉吏麒　　5800101   6.1   2.61316528+ 8264331335                       
0726110813 49.6  2.4  2.9  3.5  2.3  0.0 60.700010562長岡禎仁　　5600101   5.7   1.71316466+ 2121321335                       
0726110814 40.3  1.4  2.7  2.0  2.0  0.0 48.400010572小崎綾也　　5600101   3.9   2.01316486- 2455321335                       
0726110815 35.0  0.1 -1.0  0.0  0.0  0.0 34.100010561中井裕二　　5600101  64.3   8.41316468-10   331335                       
0726110816 40.1  2.1  4.1  1.5  2.1  0.0 49.900010578鮫島克駿　　5600101   8.4   2.91316456- 2542371335                       
0726110901 42.7  1.0  1.4  2.0  1.9  0.0 49.000010535浜中俊　　　5700101   9.3   2.51352468+ 646 321410                       
0726110902 42.8  0.9  1.2  0.0  0.0  0.0 44.900010596亀田温心　　5800101   9.5   2.61352504+ 4   221410                       
0726110903 34.0  0.2 -1.0  0.0  0.0  0.0 33.200010601秋山稔樹　　5800101  56.0   6.31352472+ 2   331410                       
0726110904 46.5  1.4  2.7  3.0  3.3  0.0 56.900010620西塚洸二　　5500101   6.4   1.71352452- 6212371410                       
0726110905 46.0  1.4  2.0  0.0  0.0  0.0 49.402070366Ｍ．ディー　5700101   7.8   1.61352524- 2 96271410                       
0726110906 40.0  0.4 -1.0  0.0  0.0  0.0 39.400010574松若風馬　　5700101  29.8   4.51352476- 6   321410                       
0726110907 46.1  0.8 -1.0  1.5  2.3  0.0 49.700010510吉田隼人　　5700101  11.6   2.81352520  0525321410                       
0726110908 44.6  1.6  2.5  2.5  2.1  0.0 53.310010578鮫島克駿　　5700101   6.4   2.01352436- 2343321410                       
0726110909 48.1  3.4  4.5  3.5  2.2  0.0 61.710010633高杉吏麒　　5700101   2.4   1.11352446  0131321410                       
0726110910 47.0  1.1  1.8  0.0  2.0  0.0 51.900010637上里直汰　　5800101  15.9   2.71352456-12 54271410                       
0726111001 52.0  1.5  2.8  3.5  1.9  0.0 61.700010510吉田隼人　　5800101   4.7   1.61422456+ 2162371445                       
0726111002 51.0  0.8  0.0  0.0  2.1  0.0 53.902010574松若風馬　　5800101  14.3   2.91422498- 4 46321445                       
0726111003 44.0  0.4 -1.0  0.0  0.0  0.0 43.400010640田山旺佑　　5800101  56.6   8.51422436+10   221445                       
0726111004 49.1  3.0  2.6  1.5  2.0  0.0 58.202070366Ｍ．ディー　5800101   3.2   1.41422460+ 8555321445                       
0726111005 51.1  0.9  2.4  3.0  2.2  0.0 59.600010620西塚洸二　　5800101   8.1   1.91422470  0234321445                       
0726111006 53.0  2.1  3.2  2.5  0.0  0.0 60.800010578鮫島克駿　　5800101   4.9   1.41422530+ 43 3331445                       
0726111007 56.0  2.1  3.5  2.0  3.3  0.0 66.910010588富田暁　　　5600101   5.6   2.01422502+ 4411371445                       
0726111008 46.0  0.4  0.0  0.0  2.3  0.0 48.700010633高杉吏麒　　5800101  20.5   3.31422504+ 6 2 331445                       
0726111009 48.5  0.5  0.4  0.0  0.0  0.0 49.410010601秋山稔樹　　5600101  16.6   2.91422470+10 9 321445                       
0726111010 46.1  0.5  1.1  0.0  0.0  0.0 47.700010605小沢大仁　　5600101  36.1   6.31422500-14   321445                       
0726111101 50.0  0.2 -1.0  0.0  0.0  0.0 49.200010642森田誠也　　5000101  79.7   9.01500454-10   321520                       
0726111102 45.0  0.3  0.7  0.0  0.0  0.0 46.000010529黛弘人　　　5300101  14.8   3.51500496  0   321520                       
0726111103 54.0  0.4  0.0  0.0  0.0  0.0 54.400010574松若風馬　　5400101  23.2   3.41500524  0  6321520                       
0726111104 35.0  0.2  0.0  0.0  0.0  0.0 35.200010621水沼元輝　　5500101  54.4   8.41500558- 2 9 321520                       
0726111105 50.0  0.2 -1.0  0.0  1.9  0.0 51.100010611松本大輝　　5400101  46.7   6.81500462- 8 6 321520                       
0726111106 59.0  1.0  2.2  2.0  2.0  0.0 66.200010535浜中俊　　　5500101  10.0   2.51500468+12453321520                       
0726111107 59.1  2.9  4.7  3.5  3.3  0.0 73.500010633高杉吏麒　　5700101   2.9   1.31500496- 8111321520                       
0726111108 46.0  0.2 -1.0  0.0  0.0  0.0 45.200010601秋山稔樹　　5200101  57.2   8.11500472+ 2   321520                       
0726111109 58.1  3.1  2.6  3.0  2.3  0.0 69.100010578鮫島克駿　　5700101   4.2   1.51500508- 6222221520                       
0726111110 47.4  0.5  0.0  0.0  0.0  0.0 47.900010561中井裕二　　5500101  18.8   2.81500492+ 2 9 321520                       
0726111111 38.0  0.2 -1.0  0.0  0.0  0.0 37.200010605小沢大仁　　5400101  60.6   7.61500468- 2   321520                       
0726111112 57.1  0.7  1.0  0.0  0.0  0.0 58.800010588富田暁　　　5300101  12.0   2.81500490-20  5321520                       
0726111113 46.0  0.5  0.0  2.5  2.1  0.0 51.100010620西塚洸二　　5300101   9.1   2.41500474  034 321520                       
0726111114 52.3  1.2  2.5  1.5  2.2  0.0 59.700010632柴田裕一郎　5600101   7.2   2.31500494+ 2534321520                       
0726111201 38.0  0.9  0.5  3.5  1.9  0.0 44.800010535浜中俊　　　5600101   4.9   1.91539424- 416 321601                       
0726111202 36.0  0.2 -1.0  0.0  0.0  0.0 35.200010632柴田裕一郎　5402101  26.1   6.21539456  0   321601                       
0726111203 33.0  0.1 -1.0  0.0  0.0  0.0 32.100010637上里直汰　　5303101 111.7  22.01539474  0   321601                       
0726111204 40.0  0.2  0.1  0.0  0.0  0.0 40.300010572小崎綾也　　5600101  38.5   6.31539414- 2   321601                       
0726111205 43.9  1.2  0.0  0.0  2.3  0.0 47.400010574松若風馬　　5600101  12.1   3.31539452+ 2 26331601                       
0726111206 36.0  0.2 -1.0  0.0  0.0  0.0 35.200010620西塚洸二　　5600101  82.2  17.11539468- 2   331601                       
0726111207 45.6  0.5  0.1  0.0  0.0  0.0 46.200010596亀田温心　　5600101  11.9   4.41539494+10   221601                       
0726111208 42.0  0.2  0.0  0.0  2.2  0.0 44.400010601秋山稔樹　　5600101  26.5   4.11539434+ 2 3 331601                       
0726111209 44.0  0.4 -1.0  0.0  0.0  0.0 43.400010588富田暁　　　5600101  29.6   5.31539434- 2   221601                       
0726111210 28.0  0.1 -1.0  0.0  0.0  0.0 27.100010562長岡禎仁　　5600101 114.2  23.31539436-12   331601                       
0726111211 43.0  0.7  0.0  2.0  2.0  0.0 47.700010611松本大輝　　5600101  13.8   3.41539444  0455331601                       
0726111212 40.0  0.5  0.0  2.5  0.0  0.0 43.000010605小沢大仁　　5600101   6.8   3.21539478+1039 221601                       
0726111213 40.0  0.2  0.0  0.0  0.0  0.0 40.200010614大久保友雅　5303101 109.5  19.41539446- 4   331601                       
0726111214 38.0  0.1 -1.0  0.0  0.0  0.0 37.100010610古川奈穂　　5400101  41.3   9.21539446- 4   331601                       
0726111215 50.0  1.2  2.3  1.5  3.3  0.0 58.300010626小林美駒　　5303101  10.7   3.21539440- 8512321601                       
0726111216 46.0  1.9  4.6  0.0  0.0  0.0 52.500070366Ｍ．ディー　5600101   7.1   2.61539456- 2  3371601                       
0726111217 48.3  1.9  3.3  3.0  2.1  0.0 58.600010633高杉吏麒　　5600101   6.9   2.61539458- 2241321601                       
0726111218 45.0  1.6  2.2  0.0  0.0  0.0 48.800010510吉田隼人　　5600101  11.4   2.71539456+ 2 94331601                       
0926170101 29.0  2.6  2.1  3.0  2.3  0.0 39.010010512川田将雅　　5500101   3.1   1.20927442- 2222320950                       
0926170102 16.0  0.8  1.0  2.5  0.0  0.0 20.300010606角田大和　　5500101  14.9   2.20927452+ 43 6320950                       
0926170103 18.0  1.6  2.0  0.0  1.9  0.0 23.510010436古川吉洋　　5500101  14.0   2.50927488-14 65320950                       
0926170104 36.3  3.1  4.0  3.5  3.3  0.0 50.210010600団野大成　　5500101   2.1   1.10927492- 4111320950                       
0926170105 25.0  0.5  0.0  0.0  2.0  0.0 27.510010591西村淳也　　5500101  34.3   4.90927444  0 54320950                       
0926170106 14.0  0.4  0.0  0.0  0.0  0.0 14.400010628田口貫太　　5500101  74.1   7.30927432  0   320950                       
0926170107 14.1  0.4  0.0  1.5  0.0  0.0 16.010010564菱田裕二　　5500101  17.6   2.70927440+ 65  320950                       
0926170108 14.0  0.4  0.0  0.0  0.0  0.0 14.410010594岩田望来　　5500101  14.2   2.70927490+12   320950                       
0926170109 10.0  0.5  0.0  0.0  2.1  0.0 12.600010636吉村誠之助　5500101  51.8   6.30927462    4 000950                       
0926170110 17.8  0.5  0.4  0.0  0.0  0.0 18.700010550高倉稜　　　5500101  45.8   4.90927448      320950                       
0926170111 14.0  0.3 -1.0  0.0  0.0  0.0 13.310010522北村友一　　5500101 104.6  10.20927454+ 2   330950                       
0926170112 25.1  1.0  0.5  2.0  2.2  0.0 30.800010546松山弘平　　5500101  12.7   2.10927494- 2433320950                       
0926170113 14.0  0.3  0.0  0.0  0.0  0.0 14.300010419幸英明　　　5500101  30.8   4.30927430  0   320950                       
0926170201 27.0  0.2  0.0  0.0  0.0  0.0 27.210010564菱田裕二　　5700101  81.2  10.51003432+ 4  5321020                       
0926170202 39.0  3.5  3.5  3.5  3.3  0.0 52.800010546松山弘平　　5700101   2.3   1.11003522  0111321020                       
0926170203 22.0  0.4  1.2  0.0  0.0  0.0 23.600010615川端海翼　　5203101  24.3   5.31003448      321020                       
0926170204 14.0  0.2 -1.0  0.0  1.9  0.0 15.102010457酒井学　　　5700101  71.1  14.31003504+ 6 6 321020                       
0926170205 14.0  0.1  0.0  0.0  0.0  0.0 14.110010544国分恭介　　5700101 158.8  13.41003492- 4   221020                       
0926170206 27.4  1.6  1.8  3.0  2.2  0.0 36.000010583坂井瑠星　　5700101   5.2   1.81003500+ 6233221020                       
0926170207 20.0  0.9  1.0  2.0  0.0  0.0 23.910010419幸英明　　　5500101  11.2   1.71003456- 24  321020                       
0926170208 25.0  1.4  1.5  1.5  2.3  0.0 31.700010594岩田望来　　5500101   7.8   2.31003452- 2524321020                       
0926170209 14.0  0.4  1.0  0.0  0.0  0.0 15.410010460太宰啓介　　5700101  26.1   4.31003474-12   321020                       
0926170210 14.0  0.1 -1.0  0.0  0.0  0.0 13.100010558藤懸貴志　　5500101  63.0   9.61003416- 3   321020                       
0926170211 10.0  0.4  0.0  0.0  2.0  0.0 12.400010606角田大和　　5700101  41.7   7.21003472    5 221020                       
0926170212 14.0  0.1 -1.0  0.0  0.0  0.0 13.100010569城戸義政　　5700101 121.6  15.61003530+14   321020                       
0926170213 35.0  1.6  2.0  2.5  2.1  0.0 43.210010636吉村誠之助　5700101   6.7   1.71003460+ 8342321020                       
0926170214 26.0  0.5  0.0  0.0  0.0  0.0 26.500010628田口貫太　　5700101  34.0   6.91003530+ 9  6221020                       
0926170215 14.6  0.1  0.0  0.0  0.0  0.0 14.710010586川又賢治　　5700101 120.3  16.71003444+ 4   321020                       
0926170216 24.9  0.2  0.0  0.0  0.0  0.0 25.110010436古川吉洋　　5700101  14.1   3.11003514  0   371020                       
0926170301 25.0  0.2  0.0  0.0  0.0  0.0 25.210010564菱田裕二　　5700101  64.0   5.91031478- 6  6221050                       
0926170302 15.0  0.3  0.0  0.0  0.0  0.0 15.310010457酒井学　　　5700101  34.5   4.61031436- 2   321050                       
0926170303 37.0  3.5  4.6  3.0  2.3  0.0 50.410010591西村淳也　　5700101   3.1   1.11031534- 4222321050                       
0926170304 19.0  0.2  0.0  0.0  0.0  0.0 19.200010545国分優作　　5700101 101.5   8.61031446- 2   321050                       
0926170305 14.0  0.4  0.0  0.0  0.0  0.0 14.400010600団野大成　　5700101  44.0   6.41031516- 3   321050                       
0926170306 14.0  0.1  0.0  0.0  0.0  0.0 14.110010558藤懸貴志　　5700101  68.8   8.01031436+ 6   321050                       
0926170307 40.0  1.5  2.2  2.0  2.1  0.0 47.800010532荻野琢真　　5700101   7.0   1.71031492+ 4443321050                       
0926170308 38.0  2.9  3.1  3.5  3.3  0.0 50.800010355武豊　　　　5700101   2.2   1.11031466  0111321050                       
0926170309 35.0  1.4  2.0  2.5  2.2  0.0 43.110010546松山弘平　　5700101   7.0   1.41031498+ 2334321050                       
0926170310 15.0  0.2  0.0  0.0  2.0  0.0 17.200010628田口貫太　　5700101  31.2   3.81031546+ 2 5 321050                       
0926170311 15.6  0.3  0.1  1.5  0.0  0.0 17.500010436古川吉洋　　5700101  32.1   4.01031438   5  371050                       
0926170312 29.0  0.4  0.0  0.0  1.9  0.0 31.300010636吉村誠之助　5700101  28.9   4.11031458- 2 65321050                       
0926170313 14.0  0.2 -1.0  0.0  0.0  0.0 13.200010569城戸義政　　5700101 131.4   9.91031482  0   221050                       
0926170401 16.0  0.4  0.0  0.0  0.0  0.0 16.400010544国分恭介　　5500101  30.6   6.71102464      221120                       
0926170402 15.0  0.2 -1.0  0.0  0.0  0.0 14.200010419幸英明　　　5700101  97.4  16.51102544      321120                       
0926170403 34.0  0.5  0.8  1.5  1.9  0.0 38.700010532荻野琢真　　5700101  16.0   2.91102462+ 4566321120                       
0926170404 27.0  0.4  0.0  0.0  0.0  0.0 27.400010636吉村誠之助　5500101  28.5   5.91102398- 2   321120                       
0926170405 36.6  2.0  1.2  3.0  2.2  0.0 45.000010512川田将雅　　5500101   7.9   2.41102428  0233371120                       
0926170406 15.0  0.1 -1.0  0.0  0.0  0.0 14.100010550高倉稜　　　5700101 166.2  26.61102478      321120                       
0926170407 44.0  3.0  3.8  3.5  3.3  0.0 57.600010594岩田望来　　5500101   2.4   1.11102450- 2111321120                       
0926170408 36.1  0.9  0.0  0.0  2.0  0.0 39.000010355武豊　　　　5500101  16.1   3.11102438+ 2 55321120                       
0926170409 28.0  0.7  0.0  0.0  0.0  0.0 28.710010628田口貫太　　5700101  14.2   2.91102460+ 2   321120                       
0926170410 25.0  0.2 -1.0  0.0  0.0  0.0 24.210010570石川裕紀人　5500101  89.1  14.11102410+ 6   331120                       
0926170411 26.0  0.9  0.7  2.5  0.0  0.0 30.100010546松山弘平　　5700101   6.7   2.61102442- 23  321120                       
0926170412 19.0  0.2 -1.0  0.0  0.0  0.0 18.210010457酒井学　　　5500101  36.2   4.61102494  0   321120                       
0926170413 36.2  0.4  0.6  0.0  2.1  0.0 39.300010600団野大成　　5500101  24.8   4.51102450- 2 44321120                       
0926170414 19.0  0.1 -1.0  0.0  0.0  0.0 18.100010545国分優作　　5500101 112.6  14.31102452- 6   321120                       
0926170415 29.6  0.5  0.4  0.0  0.0  0.0 30.500010591西村淳也　　5500101  21.1   4.51102400-10   321120                       
0926170416 38.0  1.4  2.4  2.0  2.3  0.0 46.110010583坂井瑠星　　5700101   8.3   1.81102506+ 4422371120                       
0926170417 22.0  0.3  0.0  0.0  0.0  0.0 22.300010522北村友一　　5500101  37.6   8.01102468- 2   321120                       
0926170418 30.0  0.1  0.0  0.0  0.0  0.0 30.100010564菱田裕二　　5500101  94.6  12.21102492- 2   321120                       
0926170501 39.0  1.6  2.6  2.5  3.3  0.0 49.000010546松山弘平　　5700101   5.0   1.21151448+ 4311321210                       
0926170502 15.0  0.1  0.0  0.0  0.0  0.0 15.100010460太宰啓介　　5500101 161.7  17.61151460      321210                       
0926170503 24.2  0.5  0.8  1.5  0.0  0.0 27.000010594岩田望来　　5700101  10.7   2.61151488   5  321210                       
0926170504 35.1  3.2  4.1  3.5  2.3  0.0 48.200010512川田将雅　　5700101   2.3   1.11151508  0122321210                       
0926170505 19.0  0.1 -1.0  0.0  0.0  0.0 18.110010615川端海翼　　5403101 244.6  26.31151464-10   371210                       
0926170506 31.0  0.2 -1.0  0.0  0.0  0.0 30.210010519鮫島良太　　5700101 132.6   9.31151454  0   331210                       
0926170507 28.3  0.2  0.0  0.0  0.0  0.0  0.000110636吉村誠之助　5700101            1151         331210                       
0926170508 31.9  0.2 -1.0  0.0  0.0  0.0 31.110010545国分優作　　5500101  88.1   8.91151468+ 2   321210                       
0926170509 26.3  0.7  1.0  0.0  2.0  0.0 30.000010591西村淳也　　5500101  16.6   3.91151466    5 321210                       
0926170510 26.5  1.1  1.3  0.0  2.2  0.0 31.100010583坂井瑠星　　5500101  16.9   3.41151524    3 321210                       
0926170511 35.0  0.4  0.0  0.0  1.9  0.0 37.300010606角田大和　　5700101  40.8   4.61151486+ 4 65331210                       
0926170512 32.0  0.2 -1.0  0.0  0.0  0.0 31.200010570石川裕紀人　5500101  30.8   4.41151482- 6  6321210                       
0926170513 30.0  0.2 -1.0  0.0  0.0  0.0 29.200010600団野大成　　5500101 164.0  14.71151438- 2   321210                       
0926170514 36.0  1.4  3.1  2.0  2.1  0.0 44.600010522北村友一　　5700101  10.0   2.21151516   443321210                       
0926170515 20.7  0.2  0.0  0.0  0.0  0.0 20.900010550高倉稜　　　5700101 280.1  24.01151460- 2   321210                       
0926170516 19.0  0.1 -1.0  0.0  0.0  0.0 18.100010457酒井学　　　5500101 181.7  15.01151410+ 2   321210                       
0926170517 30.8  1.3  3.2  3.0  0.0  0.0 38.300010355武豊　　　　5700101   4.7   1.51151468+122 4321210                       
0926170518 31.0  0.1 -1.0  0.0  0.0  0.0 30.100010628田口貫太　　5700101 146.9  19.11151468- 2   321210                       
0926170601 34.0  0.3 -1.0  0.0  0.0  0.0 33.310010457酒井学　　　5600101  56.2   6.11223442+ 8   321240                       
0926170602 36.0  0.8  0.0  2.5  0.0  0.0 39.310010591西村淳也　　5600101  13.0   2.51223484  03 6331240                       
0926170603 25.0  0.1 -1.0  0.0  0.0  0.0 24.110010586川又賢治　　5600101  73.0   8.31223452+ 4   321240                       
0926170604 37.0  0.2  0.0  0.0  0.0  0.0 37.202010436古川吉洋　　5600101  34.8   3.91223446-12   371240                       
0926170605 37.1  0.7  0.9  0.0  2.2  0.0 40.900010636吉村誠之助　5600101  25.8   3.51223508+12 34331240                       
0926170606 33.0  0.8  1.8  2.0  0.0  0.0 37.610010564菱田裕二　　5600101  14.9   2.21223460  04  371240                       
0926170607 37.2  0.4  0.0  0.0  2.0  0.0 39.600010628田口貫太　　5600101  56.3   4.41223490+ 4 55321240                       
0926170608 36.0  1.4  1.1  1.5  2.1  0.0 42.100010546松山弘平　　5600101  11.1   2.61223452-10543331240                       
0926170609 45.0  2.3  3.7  3.0  2.3  0.0 56.300010522北村友一　　5600101   7.3   1.71223534+10222221240                       
0926170610 47.0  3.5  4.0  3.5  3.3  0.0 61.300010594岩田望来　　5600101   1.6   1.11223510+ 4111371240                       
0926170611 27.0  0.2 -1.0  0.0  0.0  0.0 26.200010615川端海翼　　5303101  68.7   8.11223484- 8   471240                       
0926170612 31.6  1.1  1.6  0.0  1.9  0.0 36.210010570石川裕紀人　5600101  13.4   2.71223484+ 4 6 331240                       
0926170613 35.9  0.2 -1.0  0.0  0.0  0.0 35.110010558藤懸貴志　　5600101  16.6   2.91223406- 4   331240                       
0926170701 32.0  0.1 -1.0  0.0  0.0  0.0 31.100010532荻野琢真　　5600101 124.6  14.11252456  0   321310                       
0926170702 45.0  2.6  2.1  3.0  2.2  0.0 54.910010512川田将雅　　5800101   3.6   1.31252488- 8233321310                       
0926170703 25.0  0.2 -1.0  0.0  0.0  0.0 24.200010460太宰啓介　　5800101 131.8  16.11252470- 9   321310                       
0926170704 35.1  0.2  0.0  0.0  0.0  0.0 35.300010628田口貫太　　5800101  41.4   7.91252448- 2   321310                       
0926170705 33.0  0.1 -1.0  0.0  0.0  0.0 32.110010564菱田裕二　　5800101  30.2   5.51252504- 4   321310                       
0926170706 44.2  2.1  2.5  2.0  2.0  0.0 52.800010419幸英明　　　5800101   9.5   2.11252460+ 4454321310                       
0926170707 44.1  0.4  0.0  0.0  1.9  0.0 46.400010594岩田望来　　5800101  23.3   5.61252510+ 8 66371310                       
0926170708 42.0  0.4  0.0  0.0  0.0  0.0 42.402030505岡田祥嗣　　5800101  19.3   3.61252512+ 2   321310                       
0926170709 39.0  0.4  0.0  0.0  0.0  0.0 39.400010519鮫島良太　　5800101  30.7   3.91252458+ 2   321310                       
0926170710 27.0  0.2  0.0  0.0  0.0  0.0 27.200010606角田大和　　5800101  66.9  10.71252472+ 8   221310                       
0926170711 54.0  2.6  4.5  2.5  3.3  0.0 66.900010583坂井瑠星　　5800101   4.1   1.61252500+ 6311221310                       
0926170712 38.0  0.4  1.8  0.0  2.3  0.0 42.510010636吉村誠之助　5800101  37.3   4.81252492- 2 2 321310                       
0926170713 39.6  0.2  0.0  0.0  0.0  0.0 39.800010545国分優作　　5800101  38.9   5.61252466-12   321310                       
0926170714 45.3  0.4  0.1  1.5  0.0  0.0 47.302010615川端海翼　　5503101  11.4   3.61252518+185 5221310                       
0926170715 30.3  0.2  0.0  0.0  0.0  0.0 30.502010600団野大成　　5600101  97.0  10.21252466  0   321310                       
0926170716 47.8  1.4  3.0  3.5  2.1  0.0 57.810010355武豊　　　　5800101   3.8   1.51252520+ 2142321310                       
0926170801 19.0  0.2  0.0  0.0  1.9  0.0 21.110010521中村将之　　6000101 104.6  10.61322454- 4 66331345                       
0926170802 24.0  3.3  3.8  3.5  3.3  0.0 37.900010533草野太郎　　6200101   1.5   1.11322480  0111321345                       
0926170803 21.0  1.2  1.9  2.0  2.1  0.0 28.200010559森一馬　　　6000101  14.7   1.51322514+ 2444321345                       
0926170804 20.1  0.4  0.0  1.5  2.0  0.0 24.000010543小野寺祐太　6000101  49.9   3.01322524- 2555321345                       
0926170805 19.0  0.2 -1.0  0.0  0.0  0.0 18.200010489五十嵐雄祐　5800101 139.5  11.61322418-14   321345                       
0926170806 20.3  0.5  0.0  0.0  0.0  0.0 20.800010486難波剛健　　6000101  62.2   4.11322506- 4   321345                       
0926170807 20.2  0.5  0.0  0.0  0.0  0.0 20.702010479石神深一　　6000101  65.9   5.11322510- 2   321345                       
0926170808 19.0  0.2  0.0  0.0  0.0  0.0 19.200010511上野翔　　　6000101  60.0   4.71322482- 8   321345                       
0926170809 22.0  2.3  2.6  2.5  2.3  0.0 31.700010468高田潤　　　6000101   6.7   1.21322480-10323221345                       
0926170810 23.0  2.7  3.7  3.0  2.2  0.0 34.600010616小牧加矢太　6000101   3.2   1.11322544+14232321345                       
0926170901 52.2  1.6  1.9  3.0  3.3  0.0 62.000010546松山弘平　　5800101   5.4   1.91403482+ 4211321420                       
0926170902 49.0  0.2  0.0  2.5  0.0  0.0 51.702010532荻野琢真　　5600101   9.2   3.71403498- 83  321420                       
0926170903 36.3  0.2  0.0  0.0  0.0  0.0 36.500010606角田大和　　5800101  41.9   8.31403518+ 6   321420                       
0926170904 49.0  0.3  0.0  0.0  0.0  0.0 49.300010419幸英明　　　5600101  21.2   4.41403552- 8   321420                       
0926170905 51.0  1.6  2.2  0.0  2.1  0.0 56.900010564菱田裕二　　5600101   7.8   2.51403466- 2 46331420                       
0926170906 52.1  0.9  2.1  0.0  2.2  0.0 57.300010636吉村誠之助　5800101  13.2   3.01403498+10 35321420                       
0926170907 55.0  0.5  0.5  0.0  1.9  0.0 57.912010457酒井学　　　5800101   7.1   3.01403502+ 4 64321420                       
0926170908 39.0  0.2 -1.0  0.0  0.0  0.0 38.200010479石神深一　　5800101 146.9  19.71403462- 8   321420                       
0926170909 39.0  0.4  0.0  0.0  0.0  0.0 39.400010628田口貫太　　5600101  15.1   4.81403470+ 2   371420                       
0926170910 41.0  0.7  0.0  0.0  0.0  0.0 41.710010355武豊　　　　5600101  23.6   4.91403418+ 2   371420                       
0926170911 44.0  0.2  0.0  0.0  0.0  0.0 44.202010545国分優作　　5800101  67.3  10.91403474  0   321420                       
0926170912 45.4  1.2  1.9  2.0  0.0  0.0 50.510010558藤懸貴志　　5800101   8.0   2.51403474+ 84  321420                       
0926170913 50.0  0.3 -1.0  0.0  0.0  0.0 49.310010522北村友一　　5800101  40.0   6.61403514+ 4   321420                       
0926170914 51.1  1.9  2.2  3.5  2.3  0.0 61.010010591西村淳也　　5800101   6.1   2.01403460  0122321420                       
0926170915 52.0  2.1  3.2  1.5  2.0  0.0 60.800010544国分恭介　　5600101   9.5   2.51403450+ 2553321420                       
0926171001 59.0  1.1  1.5  2.0  1.9  0.0 65.510010591西村淳也　　5800101  11.2   2.21431488- 2464321455                       
0926171002 50.0  0.3  0.0  0.0  2.2  0.0 52.500010355武豊　　　　5800101  17.6   3.31431494-10 3 321455                       
0926171003 56.0  1.4  1.3  0.0  2.3  0.0 61.000010583坂井瑠星　　5800101  10.7   2.21431472+ 8 26321455                       
0926171004 63.0  1.1  2.4  1.5  0.0  0.0 68.000010600団野大成　　5800101   8.5   1.91431502+ 25 3321455                       
0926171005 55.0  0.4  0.0  0.0  0.0  0.0 55.402010636吉村誠之助　5800101  35.0   6.41431496- 4   321455                       
0926171006 52.0  0.3 -1.0  0.0  0.0  0.0 51.300010457酒井学　　　5800101 114.3  10.91431476- 2   321455                       
0926171007 60.0  2.9  3.5  3.5  2.1  0.0 72.000010512川田将雅　　5800101   3.6   1.31431524- 4142321455                       
0926171008 62.0  3.0  4.8  3.0  3.3  0.0 76.100010546松山弘平　　5800101   2.5   1.11431506- 4211321455                       
0926171009 58.0  1.0  1.8  2.5  2.0  0.0 65.302010594岩田望来　　5800101   8.0   1.71431494- 8355321455                       
0926171010 51.0  0.2  0.0  0.0  0.0  0.0 51.200010564菱田裕二　　5800101  35.2   5.81431484+ 8   321455                       
0926171011 54.0  0.3  0.0  0.0  0.0  0.0 54.300010436古川吉洋　　5800101  29.2   4.41431428- 4   321455                       
0926171101 64.3  3.5  3.7  3.5  3.3  0.0 78.302010583坂井瑠星　　5800101   2.7   1.21506500+ 4111321530                       
0926171102 57.0  0.4 -1.0  0.0  0.0  0.0 56.402010564菱田裕二　　5800101  32.3   5.21506502- 6   321530                       
0926171103 55.0  0.2  0.0  0.0  0.0  0.0 55.200010600団野大成　　5700101  26.9   5.11506484  0 9 321530                       
0926171104 65.0  1.6  2.9  2.5  2.3  0.0 74.302010436古川吉洋　　5800101   7.8   1.91506544  0322321530                       
0926171105 58.0  0.4 -1.0  0.0  0.0  0.0 57.400010628田口貫太　　5800101  45.3   5.51506546  0   321530                       
0926171106 62.0  0.8  1.9  1.5  1.9  0.0 68.100010594岩田望来　　5700101  10.3   3.11506484- 8565321530                       
0926171107 57.0  0.5  1.3  0.0  0.0  0.0 58.800010570石川裕紀人　5900101  12.6   2.91506500- 2   321530                       
0926171108 64.0  0.7  0.0  0.0  2.2  0.0 66.900010546松山弘平　　5700101  13.5   3.11506534+ 6 36321530                       
0926171109 47.2  0.4  0.0  0.0  0.0  0.0 47.600010545国分優作　　5700101  37.0   6.81506492  0   321530                       
0926171110 55.0  0.5  0.0  0.0  0.0  0.0 55.510010522北村友一　　5700101  17.4   4.21506486- 4   321530                       
0926171111 60.9  1.6  3.3  3.0  2.1  0.0 70.900010636吉村誠之助　5700101   4.9   1.71506490+ 8244321530                       
0926171112 65.1  0.9  1.6  2.0  2.0  0.0 71.600010355武豊　　　　5700101   8.0   1.91506462-10453321530                       
0926171113 49.0  0.2 -1.0  0.0  0.0  0.0 48.200010419幸英明　　　5700101  66.2   8.31506480  0   331530                       
0926171201 39.0  0.9  1.0  1.5  0.0  0.0 42.410010545国分優作　　5800101  13.2   1.11544480- 85 6321610                       
0926171202 40.0  0.7  0.0  0.0  2.0  0.0 42.700010636吉村誠之助　5800101  20.6   3.31544510  0 55271610                       
0926171203 47.0  1.4  2.7  2.0  2.2  0.0 55.300010569城戸義政　　5800101  10.9   2.11544514- 2433321610                       
0926171204 30.0  0.4  0.0  0.0  0.0  0.0 30.412010564菱田裕二　　5800101  39.6   6.41544478  0   371610                       
0926171205 45.0  2.6  3.4  3.5  2.3  0.0 56.800010600団野大成　　5800101   2.5   1.11544482+ 2122321610                       
0926171206 35.0  1.4  1.9  2.5  2.1  0.0 42.900010594岩田望来　　5800101   7.7   2.21544482- 2344321610                       
0926171207 52.0  3.5  2.9  3.0  3.3  0.0 64.700010591西村淳也　　5800101   2.2   1.11544528+ 2211321610                       
0926171208 31.0  0.4 -1.0  0.0  0.0  0.0 30.400010628田口貫太　　5800101  33.0   4.71544468  0   331610                       
