0622520101 36.0  2.9  2.2  3.0  2.1  0.0 46.200010507津村明秀　　5400101   3.6   1.20932426+ 6241230950                       
0622520102 10.0  0.1 -1.0  0.0  0.0  0.0  9.100010412岩部純二　　5500101 180.0  17.80932510+ 8   120950                       
0622520103 10.0  0.1 -1.0  0.0  0.0  0.0  9.100010554嶋田純次　　5400101 110.8   9.00932428+ 2   270950                       
0622520104 10.0  0.1 -1.0  0.0  0.0  0.0  9.100010571井上敏樹　　5500101 322.5  29.10932404- 2   330950                       
0622520105 13.0  0.2 -1.0  0.0  0.0  0.0 12.200010618土田真翔　　5103101 210.8  19.60932434+ 6   330950                       
0622520106 23.0  0.6  0.6  0.0  2.3  0.0 26.500010515丹内祐次　　5500101  24.7   2.90932480+ 6 36330950                       
0622520107 23.0  0.2  0.0  0.0  0.0  0.0 23.200010444武士沢友治　5500101  49.1   4.90932460  0   230950                       
0622520108 25.2  0.6  0.0  0.0  0.0  0.0 25.800010555杉原誠人　　5400101  36.2   4.80932432+ 6   370950                       
0622520109 10.0  0.2 -1.0  0.0  0.0  0.0  9.200010621水沼元輝　　5203101 201.7  17.50932508+10   230950                       
0622520110 25.0  1.0  2.3  2.0  0.0  0.0 30.300070353Ｈ．ドイル　5400101  16.6   2.60932454- 24 5220950                       
0622520111 20.0  0.0  0.0  0.0  0.0  0.0 20.000010593山田敬士　　5202101 199.1  16.40932440- 2   330950                       
0622520112 24.0  0.8  0.0  0.0  0.0  0.0 24.800010549菅原隆一　　5500101  19.5   2.90932446+ 2   220950                       
0622520113 33.0  3.1  3.6  3.5  2.4  0.0 45.600010582木幡巧也　　5500101   2.4   1.10932464+ 2122330950                       
0622520114 26.0  1.6  1.9  2.5  0.0  0.0 32.000010590横山武史　　5500101   5.3   1.50932456+ 63 3270950                       
0622520115 10.0  0.4  0.0  0.0  0.0  0.0 10.400010603小林脩斗　　5302101  36.0   4.70932500+22 9 230950                       
0622520116 25.1  0.4  0.0  1.5  3.5  0.0 30.500010608永野猛蔵　　5301101  18.7   2.80932446+ 2514230950                       
0622520201 24.0  0.2 -1.0  0.0  0.0  0.0 23.200010529黛弘人　　　5500101  96.7  10.41003488- 4   221015                       
0622520202 14.0  0.1  0.0  0.0  0.0  0.0 14.100010582木幡巧也　　5500101 115.3  12.71003532- 2   231015                       
0622520203 10.0  0.2  0.0  0.0  0.0  0.0 10.200010324柴田善臣　　5500101 206.1  13.41003470  0   221015                       
0622520204 27.0  1.0  0.8  0.0  0.0  0.0 28.800030468戸崎圭太　　5500101  21.6   3.11003484- 4  6231015                       
0622520205 32.0  0.6  1.0  1.5  0.0  0.0 35.100010577野中悠太郎　5500101  14.6   1.71003462+ 45 3231015                       
0622520206 20.0  0.1  0.0  0.0  0.0  0.0 20.100010563原田和真　　5500101 219.9  12.71003472+ 2 9 331015                       
0622520207 22.4  0.5  1.4  0.0  3.0  0.0 27.300010442勝浦正樹　　5500101  21.0   3.11003522+18 2 371015                       
0622520208 20.0  0.1 -1.0  0.0  0.0  0.0 19.100010603小林脩斗　　5302101 146.7  12.61003468+ 4   231015                       
0622520209 20.0  0.5  0.3  0.0  0.0  0.0 20.800010535浜中俊　　　5500101  40.8   4.41003472- 2   271015                       
0622520210 26.0  1.2  2.3  2.5  0.0  0.0 32.000010590横山武史　　5500101   5.7   2.11003488  03 4231015                       
0622520211 10.0  0.0  0.0  0.0  0.0  0.0 10.000010593山田敬士　　5302101 195.1  19.01003476- 4   231015                       
0622520212 31.0  2.6  3.5  3.0  3.5  0.0 43.600070354Ｔ．マーカン5500101   3.8   1.41003484+ 8211231015                       
0622520213 24.1  1.0  1.1  2.0  2.3  0.0 30.500070176Ｍ．デムーロ5500101  14.5   2.81003476+ 4445231015                       
0622520214 25.0  3.1  4.8  3.5  2.4  0.0 38.800010599菅原明良　　5500101   2.3   1.21003498+ 4132221015                       
0622520215 17.0  0.2 -1.0  0.0  0.0  0.0 16.200010375江田照男　　5500101 153.6  12.11003462+ 2   231015                       
0622520216 21.0  0.4  0.0  0.0  0.0  0.0 21.400010584藤田菜七子　5300101  36.9   4.31003436- 4   231015                       
0622520301 33.0  0.7  2.1  2.5  0.0  0.0 38.302010515丹内祐次　　5500101  12.7   2.01029480+103 3231045                       
0622520302 21.0  0.2  0.0  0.0  0.0  0.0 21.200010442勝浦正樹　　5500101 247.9  16.81029468- 8   331045                       
0622520303 11.7  0.2  0.0  0.0  0.0  0.0 11.902030113内田博幸　　5500101  57.2   5.01029514+ 6   221045                       
0622520304 21.0  0.4  0.3  0.0  0.0  0.0 21.702010581菊沢一樹　　5500101  43.8   4.51029486+10   271045                       
0622520305 25.0  0.3  0.0  0.0  0.0  0.0 25.302010462北村宏司　　5500101 155.0  12.11029482- 2   231045                       
0622520306 26.0  0.3 -1.0  0.0  0.0  0.0 25.302010500松岡正海　　5500101 161.5   9.71029448- 2   331045                       
0622520307 28.0  0.2  0.0  0.0  0.0  0.0 28.200010537丸田恭介　　5500101  76.0   6.91029454- 4   331045                       
0622520308 24.0  0.2  0.0  0.0  0.0  0.0 24.200010582木幡巧也　　5400101  81.4   4.91029436  0 9 331045                       
0622520309 27.0  0.4  1.1  0.0  0.0  0.0 28.500010608永野猛蔵　　5301101  60.1   4.01029426+ 2   331045                       
0622520310 30.0  0.8  1.7  1.5  0.0  0.0 34.000010555杉原誠人　　5400101  29.4   2.61029446  05 6331045                       
0622520311 34.1  2.3  2.7  3.0  2.4  0.0 44.500030468戸崎圭太　　5400101   9.6   1.51029456  0222331045                       
0622520312 14.0  0.2 -1.0  0.0  0.0  0.0 13.200010529黛弘人　　　5400101 218.6  14.01029440+12   231045                       
0622520313 40.8  3.3  4.5  3.5  3.6  0.0 55.700070176Ｍ．デムーロ5500101   1.3   1.11029440- 4111331045                       
0622520314 30.8  1.2  1.2  2.0  2.2  0.0 37.402010542三浦皇成　　5400101   9.1   1.81029458- 2434331045                       
0622520315 31.0  0.4 -1.0  0.0  0.0  0.0 30.410010584藤田菜七子　5200101  80.9   6.01029410-10   331045                       
0622520316 34.0  0.2  0.1  0.0  0.0  0.0 34.310010554嶋田純次　　5400101  76.8   4.61029410+ 2  5231045                       
0622520401 38.4  2.6  4.4  3.5  0.0  0.0 48.900070354Ｔ．マーカン5500101   2.8   1.51059542   1 1231115                       
0622520402 18.3  1.4  0.4  0.0  0.0  0.0 20.100030113内田博幸　　5500101  19.1   4.01059440     6231115                       
0622520403 10.0  0.5  0.0  0.0  0.0  0.0 10.500010416吉田豊　　　5500101  27.0   5.21059462      231115                       
0622520404 10.0  0.2  0.0  0.0  0.0  0.0 10.200010529黛弘人　　　5500101  21.6   3.91059490      231115                       
0622520405 30.2  0.9  2.7  2.0  3.0  0.0 38.800010507津村明秀　　5500101   8.3   2.31059502   422221115                       
0622520406 16.0  1.0  0.1  0.0  0.0  0.0 17.100070353Ｈ．ドイル　5500101  21.1   4.81059504      231115                       
0622520407 13.0  0.1  0.0  0.0  0.0  0.0 13.100010618土田真翔　　5103101  78.0  14.01059508      231115                       
0622520408 25.7  1.2  1.7  1.5  2.3  0.0 32.400010590横山武史　　5400101  10.9   2.11059442   535231115                       
0622520409 13.1  0.3  0.0  0.0  0.0  0.0 13.400010538宮崎北斗　　5500101  43.3   6.71059466      231115                       
0622520410 10.0  0.3 -1.0  0.0  0.0  0.0  9.300010516大野拓弥　　5500101  84.6  10.81059534      131115                       
0622520411 17.4  0.4  0.5  0.0  0.0  0.0 18.300010375江田照男　　5400101  22.5   3.51059466      221115                       
0622520412 24.6  1.2  1.7  2.5  3.5  0.0 33.500010491田辺裕信　　5500101   7.5   1.81059514   314231115                       
0622520413 10.0  0.1  0.0  0.0  0.0  0.0 10.100010444武士沢友治　5400101  62.7   9.11059488      231115                       
0622520414 29.4  1.2  2.5  3.0  2.1  0.0 38.200010581菊沢一樹　　5500101   4.9   1.41059436   243331115                       
0622520415 10.0  0.1 -1.0  0.0  0.0  0.0  9.100010412岩部純二　　5500101  91.1  19.51059470      231115                       
0622520501 39.5  1.0  2.9  0.0  0.0  0.0 43.400010429柴田大知　　5500101  14.0   2.71150454     4231205                       
0622520502 20.0  0.2  0.0  0.0  0.0  0.0 20.200010555杉原誠人　　5500101  32.3   5.11150458      231205                       
0622520503 34.1  1.6  1.7  2.5  2.4  0.0 42.300010507津村明秀　　5500101   6.6   1.91150452   325331205                       
0622520504 36.9  1.1  2.3  1.5  0.0  0.0 41.800010599菅原明良　　5500101  10.3   2.71150494   5 6331205                       
0622520505 26.2  0.6  0.3  0.0  0.0  0.0 27.100010560横山和生　　5400101  28.2   5.51150484      331205                       
0622520506 26.5  0.4  0.3  0.0  2.2  0.0 29.400010608永野猛蔵　　5401101  29.0   4.91150472    3 271205                       
0622520507 20.3  0.4 -1.0  0.0  0.0  0.0 19.700010491田辺裕信　　5500101  62.6  10.51150460      221205                       
0622520508 20.5  0.8  0.0  0.0  0.0  0.0 21.300010516大野拓弥　　5500101  53.2   6.81150458      331205                       
0622520509 20.0  0.4  0.0  0.0  0.0  0.0 20.400010500松岡正海　　5500101  34.3   4.91150476      321205                       
0622520510 38.0  1.2  2.4  2.0  0.0  0.0 43.600070354Ｔ．マーカン5500101   5.7   1.81150446   4 3231205                       
0622520511 20.0  0.1  0.0  0.0  0.0  0.0 20.100010577野中悠太郎　5500101  42.9   7.81150512      231205                       
0622520512 20.1  0.4  0.0  0.0  0.0  0.0 20.500030113内田博幸　　5400101  81.6  14.01150452      231205                       
0622520513 39.0  1.9  2.5  3.0  2.1  0.0 48.500030468戸崎圭太　　5500101   5.5   1.71150402   242371205                       
0622520514 41.4  2.7  3.0  3.5  3.6  0.0 54.200070176Ｍ．デムーロ5400101   3.1   1.41150420   111331205                       
0622520601 33.0  0.1 -1.0  0.0  0.0  0.0 32.100030569岡村健司　　5500101 269.3  29.51219462+ 4   271235                       
0622520602 31.0  0.2  0.0  0.0  0.0  0.0 31.200010560横山和生　　5400101  43.8   6.21219464+10   331235                       
0622520603 41.2  1.1  2.5  0.0  0.0  0.0 44.800010491田辺裕信　　5500101  18.1   2.21219478+10  5231235                       
0622520604 35.0  0.4  0.0  0.0  0.0  0.0 35.400070353Ｈ．ドイル　5400101  81.6   6.81219472- 2   231235                       
0622520605 37.0  1.2  1.8  1.5  0.0  0.0 41.500010507津村明秀　　5400101  14.6   2.51219464+ 85 6371235                       
0622520606 40.1  1.1  2.2  2.0  3.0  0.0 48.400010608永野猛蔵　　5401101  11.2   2.01219504+12423221235                       
0622520607 40.0  1.6  2.7  2.5  0.0  0.0 46.800030468戸崎圭太　　5500101   9.4   1.81219462- 43 4331235                       
0622520608 30.0  0.2  0.0  0.0  0.0  0.0 30.200010582木幡巧也　　5500101  93.5   6.81219472  0   231235                       
0622520609 51.0  3.5  4.3  3.5  3.6  0.0 65.900070354Ｔ．マーカン5500101   1.7   1.11219484+ 2111221235                       
0622520610 39.0  0.4  0.0  0.0  0.0  0.0 39.400010599菅原明良　　5500101  73.7   5.61219472+ 8   321235                       
0622520611 48.9  0.9  1.7  3.0  2.1  0.0 56.600010621水沼元輝　　5203101   5.4   1.51219512+12242231235                       
0622520612 35.0  0.9  1.1  0.0  2.3  0.0 39.300010590横山武史　　5500101  21.0   2.31219446+18 3 321235                       
0622520701 47.1  0.1  0.3  0.0  3.5  0.0 51.000010593山田敬士　　5302101  36.6   5.91250436+ 8 14331305                       
0622520702 45.0  0.9  0.0  0.0  2.1  0.0 48.000010584藤田菜七子　5200101   9.2   2.51250506- 6 55331305                       
0622520703 38.0  0.1  0.0  0.0  0.0  0.0 38.100010554嶋田純次　　5400101  81.0  13.91250448+12   231305                       
0622520704 35.5  0.4  1.4  0.0  0.0  0.0 37.300010599菅原明良　　5400101  54.5   7.71250488+ 8   271305                       
0622520705 31.0  0.1 -1.0  0.0  0.0  0.0 30.100010515丹内祐次　　5500101  56.7   8.11250470+ 6   331305                       
0622520706 35.0  0.1 -1.0  0.0  0.0  0.0 34.100010444武士沢友治　5700101 214.3  21.51250462+ 8   221305                       
0622520707 47.0  1.9  2.4  3.5  2.2  0.0 57.000030113内田博幸　　5700101   3.7   1.81250574- 4143231305                       
0622520708 41.8  0.7  1.2  0.0  0.0  0.0 43.700010590横山武史　　5700101  12.6   2.61250504+ 4   221305                       
0622520709 31.0  0.2  0.0  0.0  0.0  0.0 31.200010555杉原誠人　　5500101  28.5   4.11250454+18   331305                       
0622520710 43.0  0.9  1.6  0.0  0.0  0.0 45.500010507津村明秀　　5500101  27.2   4.11250444+ 4  6371305                       
0622520711 38.0  0.4 -1.0  0.0  0.0  0.0 37.400010618土田真翔　　5203101  29.3   8.21250488+ 8   331305                       
0622520712 35.0  0.6  0.4  2.0  2.4  0.0 40.400070354Ｔ．マーカン5700101  12.6   3.41250490-1642 321305                       
0622520713 47.2  3.1  2.9  3.0  2.3  0.0 58.500010491田辺裕信　　5700101   3.6   1.31250552- 2232221305                       
0622520714 40.0  0.6  0.8  1.5  0.0  0.0 42.900070176Ｍ．デムーロ5500101  21.1   3.61250472+ 25  331305                       
0622520715 51.0  2.1  2.7  2.5  2.0  0.0 60.300030468戸崎圭太　　5600101   5.1   1.61250474+ 2361221305                       
0622520716 31.0  0.1  0.0  0.0  0.0  0.0 31.100010581菊沢一樹　　5600101  62.3   8.51250474- 2   331305                       
0622520801 49.0  0.1  0.0  0.0  0.0  0.0 49.100010515丹内祐次　　5400102  38.3   6.91319460- 6   331335                       
0622520802 53.1  0.8  0.0  1.5  0.0  0.0 55.402010599菅原明良　　5700102  12.9   3.51319486- 45 6231335                       
0622520803 51.5  0.8  0.3  2.0  0.0  0.0 54.600010590横山武史　　5400102   7.9   2.11319462+ 64  331335                       
0622520804 49.1  0.4 -1.0  0.0  0.0  0.0 48.510010582木幡巧也　　5700102  38.7   6.11319480  0   221335                       
0622520805 48.4  1.1  0.0  0.0  0.0  0.0 49.500070354Ｔ．マーカン5700102  15.4   3.01319512+12   231335                       
0622520806 48.2  1.6  3.7  3.5  0.0  0.0 57.000010581菊沢一樹　　5600102   4.1   1.91319504+121 4271335                       
0622520807 50.0  0.4  0.0  0.0  0.0  0.0 50.400070353Ｈ．ドイル　5700102  54.8   8.41319502+ 8   221335                       
0622520808 47.0  0.2 -1.0  0.0  0.0  0.0 46.200010618土田真翔　　5203102 163.4  27.91319508+ 4   221335                       
0622520809 50.2  0.6  0.0  0.0  0.0  0.0 50.800010608永野猛蔵　　5601102  57.0   5.81319536+ 4   221335                       
0622520810 54.8  2.1  3.0  3.0  3.6  0.0 66.500010560横山和生　　5600102   2.8   1.41319520+10211331335                       
0622520811 48.0  0.4  0.7  0.0  0.0  0.0 49.102010507津村明秀　　5600102  37.1   6.41319532  0   231335                       
0622520812 56.0  1.4  2.3  0.0  2.4  0.0 62.102030113内田博幸　　5700102  12.7   2.51319500- 2 22231335                       
0622520813 54.0  0.7  0.0  0.0  2.0  0.0 56.710010462北村宏司　　5700102  28.9   3.31319464- 2 55321335                       
0622520814 52.0  1.2  0.4  2.5  2.1  0.0 58.200010491田辺裕信　　5600102   7.7   3.01319490  0343331335                       
0622520815 40.0  0.4  0.7  0.0  2.3  0.0 43.410010516大野拓弥　　5600102  39.9   5.41319514- 6 3 331335                       
0622520816 53.0  0.2 -1.0  0.0  0.0  0.0 52.200010603小林脩斗　　5302102  94.2  11.21319486+ 6   331335                       
0622520901 55.9  0.4  1.6  0.0  0.0  0.0 57.900010515丹内祐次　　5300102  19.0   3.41348506+ 4   331405                       
0622520902 58.2  1.4  2.0  2.0  3.5  0.0 67.102070354Ｔ．マーカン5600102  10.9   2.41348468- 6413321405                       
0622520903 59.0  0.4  0.0  0.0  0.0  0.0 59.400010542三浦皇成　　5400102  16.3   3.11348486- 4   331405                       
0622520904 58.0  0.7  1.8  0.0  0.0  0.0 60.502070176Ｍ．デムーロ5400102  27.4   4.31348508- 2  6321405                       
0622520905 63.3  3.0  4.6  3.0  2.4  0.0 76.310030468戸崎圭太　　5400102   3.0   1.51348494+ 8231321405                       
0622520906 65.0  1.6  2.9  3.5  3.0  0.0 76.000010590横山武史　　5500102   3.6   1.51348496+10122221405                       
0622520907 57.0  0.4  0.0  0.0  0.0  0.0 57.400070353Ｈ．ドイル　5200102  41.0   6.01348470+ 6   331405                       
0622520908 53.0  0.1 -1.0  0.0  0.0  0.0 52.102010608永野猛蔵　　5200102 194.3  23.11348476+ 8   331405                       
0622520909 60.1  0.9  0.7  0.0  0.0  0.0 61.700010516大野拓弥　　5300102  19.7   4.21348462+ 8  5331405                       
0622520910 48.0  0.1 -1.0  0.0  0.0  0.0 47.102010589武藤雅　　　5200102 117.9  15.21348452+ 2   231405                       
0622520911 58.3  0.6  1.3  2.5  2.3  0.0 65.000010580荻野極　　　5600102   8.7   2.81348496+ 2344231405                       
0622520912 56.9  1.0  0.7  1.5  0.0  0.0 60.110010599菅原明良　　5500102  11.2   2.51348470+ 65  231405                       
0622520913 56.0  0.2 -1.0  0.0  0.0  0.0 55.200030113内田博幸　　5400102  50.2   8.41348498+ 4   321405                       
0622520914 55.0  0.0 -1.0  0.0  0.0  0.0 54.000010581菊沢一樹　　5300102 135.1  12.31348470+ 8   331405                       
0622520915 51.5  0.5 -1.0  0.0  0.0  0.0 51.010010507津村明秀　　5300102  28.0   4.61348458+ 4   321405                       
0622520916 58.1  0.5  0.6  0.0  0.0  0.0 59.210010429柴田大知　　5500102  19.8   3.71348438+ 2   321405                       
0622521001 58.0  0.2 -1.0  0.0  0.0  0.0 57.202010324柴田善臣　　5300102  55.2   8.71422506- 6   331440                       
0622521002 41.0  0.3  0.0  0.0  0.0  0.0 41.302010516大野拓弥　　5300102 136.4  21.21422514+14   221440                       
0622521003 51.0  0.1  0.0  0.0  0.0  0.0 51.110010608永野猛蔵　　5200102  66.1   9.41422478+ 2   331440                       
0622521004 61.0  0.8  1.3  1.5  0.0  0.0 64.600010535浜中俊　　　5600102  12.7   3.11422508+ 25 4231440                       
0622521005 57.2  1.0  2.2  2.0  0.0  0.0 62.410010542三浦皇成　　5500102   7.2   2.41422496+124  221440                       
0622521006 63.0  2.9  3.9  3.5  2.4  0.0 75.700010491田辺裕信　　5500102   3.2   1.61422466+ 2121331440                       
0622521007 55.0  0.1 -1.0  0.0  0.0  0.0 54.100010529黛弘人　　　5200102  55.3   8.61422484- 8   331440                       
0622521008 60.0  0.6  0.1  0.0  0.0  0.0 60.700010462北村宏司　　5400102  26.4   5.11422506- 2   331440                       
0622521009 57.0  1.2  1.8  0.0  2.2  0.0 62.210030468戸崎圭太　　5500102  15.4   3.01422496+ 6 4 231440                       
0622521010 61.1  0.9  1.9  0.0  2.1  0.0 66.000010590横山武史　　5300102  11.1   2.61422472+ 4 53331440                       
0622521011 59.7  0.8  1.5  2.5  0.0  0.0 64.500010515丹内祐次　　5600102   6.7   2.01422520+ 83 5331440                       
0622521012 58.8  0.4  1.0  0.0  3.5  0.0 63.700070353Ｈ．ドイル　5500102  22.2   4.61422492-14 16321440                       
0622521013 55.0  0.2 -1.0  0.0  0.0  0.0 54.202010416吉田豊　　　5400102  92.4  15.21422510  0   221440                       
0622521014 59.1  0.3 -1.0  0.0  0.0  0.0 58.400070176Ｍ．デムーロ5400102  45.5   6.91422496+ 2   221440                       
0622521015 54.0  0.4  0.0  0.0  0.0  0.0 54.400010599菅原明良　　5200102  21.1   4.61422522- 4   221440                       
0622521016 64.0  1.9  3.5  3.0  2.3  0.0 74.700070354Ｔ．マーカン5600102   4.9   1.81422486- 2232231440                       
0622521101 54.0  0.2 -1.0  0.0  0.0  0.0 53.202010368田中勝春　　5600102  54.2   6.51456468+10   231520                       
0622521102 56.3  0.6  0.0  2.5  3.0  0.0 62.400010516大野拓弥　　5600102  10.4   3.51456498+1632 321520                       
0622521103 56.0  0.8  1.6  1.5  0.0  0.0 59.900010375江田照男　　5500102   9.9   2.21456482+ 85  231520                       
0622521104 59.0  0.7  0.4  0.0  0.0  0.0 60.100010442勝浦正樹　　5600102  23.6   4.11456468+ 6   271520                       
0622521105 53.0  0.1 -1.0  0.0  0.0  0.0 52.102010580荻野極　　　5400102 112.7  18.61456434-12   331520                       
0622521106 61.9  1.1  2.3  0.0  0.0  0.0 65.302070354Ｔ．マーカン5600102  11.9   3.01456496+ 2  4231520                       
0622521107 60.3  0.6  0.1  2.0  0.0  0.0 63.000070176Ｍ．デムーロ5600102  16.4   3.01456492+ 84 6321520                       
0622521108 55.0  0.2 -1.0  0.0  0.0  0.0 54.200010507津村明秀　　5800102  91.1  10.51456526+ 2   221520                       
0622521109 66.3  1.2  2.4  0.0  3.6  0.0 73.510010542三浦皇成　　5700102  12.1   2.81456516+12 13321520                       
0622521110 57.0  0.4  0.0  0.0  0.0  0.0 57.400010500松岡正海　　5400102  34.3   4.21456512  0   271520                       
0622521111 65.0  1.6  2.5  3.0  2.2  0.0 74.300010590横山武史　　5500102   6.4   2.21456480- 8242321520                       
0622521112 54.3  0.8  0.0  0.0  2.1  0.0 57.200030468戸崎圭太　　5400102  21.2   4.61456492- 6 5 321520                       
0622521113 65.3  2.8  3.9  3.5  2.4  0.0 77.900010535浜中俊　　　5400102   2.3   1.31456452  0131331520                       
0622521114 58.0  0.2 -1.0  0.0  0.0  0.0 57.200070353Ｈ．ドイル　5400102  97.3  12.61456514- 6   231520                       
0622521115 62.0  0.4  0.9  0.0  0.0  0.0 63.300010462北村宏司　　5600102  19.4   3.71456546+ 4  5231520                       
0622521116 54.0  0.1  0.0  0.0  0.0  0.0 54.100010554嶋田純次　　5400102  41.8   8.21456510- 4   321520                       
0622521201 46.0  0.7  0.0  0.0  0.0  0.0 46.701070353Ｈ．ドイル　5500102  13.1   1.51534502-28   321601                       
0622521202 53.0  1.6  2.1  1.5  3.4  0.0 61.600010507津村明秀　　5700102   9.2   2.51534448+ 4512331601                       
0622521203 55.0  1.1  1.6  0.0  2.0  0.0 59.700010608永野猛蔵　　5601102  12.3   2.61534488+ 4 44221601                       
0622521204 38.0  0.1 -1.0  0.0  0.0  0.0 37.102010577野中悠太郎　5700102 109.4  15.41534504+ 6   221601                       
0622521205 49.0  2.6  3.0  3.5  2.4  0.0 60.500030468戸崎圭太　　5700102   2.3   1.31534498+ 4123321601                       
0622521206 51.0  1.4  1.6  2.5  0.0  0.0 56.502010491田辺裕信　　5700102   8.1   2.21534502+143 5231601                       
0622521207 54.0  3.0  4.2  3.0  2.3  0.0 66.502070354Ｔ．マーカン5500102   4.2   1.61534426- 2231321601                       
0622521208 44.0  0.3  0.0  0.0  0.0  0.0 44.312010429柴田大知　　5700102  60.8   7.61534468+ 4   321601                       
0622521209 47.7  1.0  0.8  2.0  0.0  0.0 51.500010586川又賢治　　5700102   8.7   2.11534470+ 84  331601                       
0622521210 52.0  0.7  1.3  0.0  0.0  0.0 54.002010515丹内祐次　　5500102  15.3   2.71534492+ 4  6231601                       
0722620101 15.0  0.8  1.7  0.0  0.0  0.0 17.510010598斎藤新　　　5400101  25.1   4.40935460+ 6   330955                       
0722620102 28.0  0.8  0.1  2.0  2.0  0.0 32.900010607永島まなみ　5000101   8.5   2.30935466- 2456330955                       
0722620103 20.0  0.7  0.0  0.0  0.0  0.0 20.700010622鷲頭虎太　　5103101  19.8   2.90935460  0   330955                       
0722620104 15.0  0.2 -1.0  0.0  0.0  0.0 14.200010612横山琉人　　5202101 102.9  11.20935480+ 6   320955                       
0722620105 30.0  0.6  1.2  0.0  2.3  0.0 34.100010574松若風馬　　5400101  22.3   4.00935474+ 2 25320955                       
0722620106 17.1  0.4  0.4  0.0  0.0  0.0 17.910010606角田大和　　5301101  44.0   5.20935444- 2   220955                       
0722620107 25.2  1.1  4.4  1.5  1.9  0.0 34.100010611松本大輝　　5301101  15.5   2.70935412- 4564320955                       
0722620108 26.0  1.9  4.4  2.5  2.1  0.0 36.902010578鮫島克駿　　5400101   5.6   1.40935514- 8343220955                       
0722620109 17.0  0.4 -1.0  0.0  0.0  0.0 16.400010497石橋脩　　　5400101  65.5   8.50935462- 2   220955                       
0722620110 22.0  0.2 -1.0  0.0  0.0  0.0 21.202010617佐々木大輔　5103101 175.7  19.20935424- 2   270955                       
0722620111 25.0  2.9  4.0  3.5  2.2  0.0 37.610010355武豊　　　　5400101   3.0   1.20935506-14132320955                       
0722620112 37.0  1.9  2.8  3.0  3.3  0.0 48.000010546松山弘平　　5400101   3.4   1.30935462- 2211220955                       
0722620113 15.0  0.2  0.0  0.0  0.0  0.0 15.200010604原優介　　　5202101 120.9   9.20935468- 6   320955                       
0722620114 25.1  0.2 -1.0  0.0  0.0  0.0 24.302010547丸山元気　　5400101  73.6   7.90935442  0   330955                       
0722620201 39.0  0.3  0.0  0.0  0.0  0.0 39.300010436古川吉洋　　5600101  29.5   2.51005492+ 4 9 321025                       
0722620202 53.0  3.4  3.2  3.5  3.3  0.0 66.400010512川田将雅　　5600101   1.4   1.11005510+ 2111321025                       
0722620203 37.2  1.4  0.0  0.0  1.9  0.0 40.500070234Ｃ．ルメール5600101  30.2   2.61005508+ 2 66311025                       
0722620204 36.0  2.3  3.6  2.5  2.3  0.0 46.710010435福永祐一　　5600101  10.1   1.41005456+ 4323371025                       
0722620205 32.0  0.4 -1.0  0.0  0.0  0.0 31.400010497石橋脩　　　5700101 113.0   7.41005498- 2   331025                       
0722620206 38.7  1.2  1.6  2.0  2.1  0.0 45.600010339横山典弘　　5600101   8.1   2.01005510+20444321025                       
0722620207 35.0  0.4 -1.0  0.0  0.0  0.0 34.410010598斎藤新　　　5700101  92.4   6.61005486  0   231025                       
0722620208 43.5  1.1  1.6  3.0  2.0  0.0 51.200010546松山弘平　　5700101   5.2   1.11005504+ 8252321025                       
0722620209 38.0  1.2  2.3  1.5  2.2  0.0 45.200010419幸英明　　　5400101  22.7   2.31005486+ 2535271025                       
0722620210 37.1  0.2 -1.0  0.0  0.0  0.0 36.300010612横山琉人　　5502101 153.9  10.61005466+ 4   231025                       
0722620301 50.3  1.9  3.4  3.5  3.3  0.0 62.400010578鮫島克駿　　5400101   4.4   1.71037494  0111321055                       
0722620302 37.0  0.2 -1.0  0.0  0.0  0.0 36.200010497石橋脩　　　5500101 109.3   7.21037482- 8   321055                       
0722620303 39.0  0.2  0.0  0.0  0.0  0.0 39.212010547丸山元気　　5500101  36.0   8.31037508+ 4   321055                       
0722620304 48.0  1.2  2.3  0.0  2.1  0.0 53.612010617佐々木大輔　5103101  13.2   2.61037450- 4 43371055                       
0722620305 40.0  1.2  2.2  2.0  1.9  0.0 47.300070345Ｄ．レーン　5400101   8.1   2.31037460+ 6465331055                       
0722620306 34.7  1.1  0.1  0.0  0.0  0.0 35.910070234Ｃ．ルメール5400101  27.7   4.01037430-14   271055                       
0722620307 37.0  0.3 -1.0  0.0  0.0  0.0 36.302010419幸英明　　　5400101  63.0  10.41037452+ 2   231055                       
0722620308 34.0  0.2 -1.0  0.0  0.0  0.0 33.200010457酒井学　　　5400101  94.8  10.81037452- 2   321055                       
0722620309 41.0  0.2 -1.0  0.0  0.0  0.0 40.200010539伊藤工真　　5500101 132.6  12.61037436- 6   371055                       
0722620310 43.2  1.0  0.0  2.5  2.0  0.0 48.710010574松若風馬　　5400101   5.4   1.91037478- 2354331055                       
0722620311 38.0  1.2  1.4  0.0  0.0  0.0 40.613010435福永祐一　　5400101  15.5   3.91037432- 2   321055                       
0722620312 25.0  0.2 -1.0  0.0  0.0  0.0 24.200110606角田大和　　5301101  69.8  10.11037482+14   331055                       
0722620313 43.1  0.4  1.0  0.0  2.2  0.0 46.700010544国分恭介　　5500101   9.7   4.11037472+ 2 36221055                       
0722620314 38.0  0.6  0.0  1.5  0.0  0.0 40.100010598斎藤新　　　5400101  11.5   3.61037474- 859 331055                       
0722620315 33.0  0.6  0.0  0.0  0.0  0.0 33.600010546松山弘平　　5500101  16.5   5.11037488- 2   231055                       
0722620316 43.0  2.3  5.1  3.0  2.3  0.0 55.700010339横山典弘　　5400101   4.8   2.01037446+ 8222331055                       
0722620401 36.0  0.2  0.0  0.0  0.0  0.0 36.200010570石川裕紀人　5500101  11.5   3.11110444+ 8  6361130                       
0722620402 32.0  0.2  0.0  0.0  0.0  0.0 32.202010578鮫島克駿　　5500101  67.0  12.21110498- 2   221130                       
0722620403 31.0  0.2  0.0  0.0  0.0  0.0 31.200010612横山琉人　　5302101  54.9  11.01110482+ 6   331130                       
0722620404 34.0  1.6  2.5  3.0  2.1  0.0 43.200070244Ｒ．ムーア　5500101   4.6   1.91110426+ 4242321130                       
0722620405 34.2  1.3  3.1  1.5  2.3  0.0 42.400010355武豊　　　　5500101   8.1   2.21110482- 8523331130                       
0722620406 25.0  0.1 -1.0  0.0  0.0  0.0 24.110010574松若風馬　　5400101  72.9   7.91110418- 2   331130                       
0722620407 18.0  0.1 -1.0  0.0  0.0  0.0 17.110010547丸山元気　　5400101 213.0  26.51110404- 8   231130                       
0722620408 29.0  1.9  4.1  2.0  3.3  0.0 40.300070345Ｄ．レーン　5400101  11.4   2.71110432- 6414321130                       
0722620409 10.0  0.1 -1.0  0.0  0.0  0.0  9.100010601秋山稔樹　　5401101 187.4  32.71110442-12   221130                       
0722620410 13.0  0.1  0.0  0.0  0.0  0.0 13.100010604原優介　　　5202101 184.4  32.81110428- 6   321130                       
0722620411 29.1  1.0  2.1  3.5  2.0  0.0 37.700010512川田将雅　　5500101   4.8   2.01110494+ 2155321130                       
0722620412 21.0  0.1 -1.0  0.0  0.0  0.0 20.110010579加藤祥太　　5500101 196.5  32.61110470+16   221130                       
0722620413 28.0  1.4  1.7  0.0  1.9  0.0 33.002070234Ｃ．ルメール5500101  10.7   2.61110486- 2 6 231130                       
0722620414 15.0  0.2  0.0  0.0  0.0  0.0 15.200010598斎藤新　　　5500101 149.8  23.51110428+ 8   321130                       
0722620415 31.1  0.9  0.6  0.0  0.0  0.0 32.602010419幸英明　　　5400101  12.0   3.31110440-10   331130                       
0722620416 27.0  0.3 -1.0  0.0  0.0  0.0 26.300010497石橋脩　　　5400101  81.6   8.81110432+24   331130                       
0722620417 10.0  0.2 -1.0  0.0  0.0  0.0  9.210010622鷲頭虎太　　5103101  24.3   5.01110448- 2   231130                       
0722620418 36.1  1.8  3.3  2.5  2.2  0.0 45.910010435福永祐一　　5500101   6.1   1.81110486- 4331221130                       
0722620501 38.2  1.9  2.4  2.5  2.2  0.0 47.200070234Ｃ．ルメール5500101   6.2   1.31157444   332231215                       
0722620502 36.4  1.2  2.2  0.0  0.0  0.0 39.800010546松山弘平　　5500101  15.5   2.61157500    95221215                       
0722620503 31.6  3.1  1.5  3.5  2.1  0.0 41.800010435福永祐一　　5400101   2.5   1.11157430   144321215                       
0722620504 43.6  2.3  3.4  3.0  3.3  0.0 55.600070244Ｒ．ムーア　5500101   2.8   1.21157534   211321215                       
0722620505 20.0  0.3 -1.0  0.0  0.0  0.0 19.300010419幸英明　　　5500101  84.5   7.11157476      321215                       
0722620506 20.0  0.4  0.0  0.0  0.0  0.0 20.400010578鮫島克駿　　5400101  45.2   5.11157418      321215                       
0722620507 37.9  1.4  2.3  0.0  2.3  0.0 43.900010512川田将雅　　5500101  21.2   2.91157454    23271215                       
0722620508 20.6  0.5  0.0  1.5  2.0  0.0 24.600010355武豊　　　　5400101  11.9   1.81157472   55 331215                       
0722620509 20.3  1.1  0.0  2.0  1.9  0.0 25.300070345Ｄ．レーン　5500101  16.0   2.31157536   466271215                       
0722620601 44.1  0.4 -1.0  0.0  0.0  0.0 43.500010607永島まなみ　5300101  38.3   5.51228428- 2   371245                       
0722620602 44.3  0.9  3.2  0.0  2.1  0.0 50.500010617佐々木大輔　5403101  22.8   3.01228484+ 2 44221245                       
0722620603 44.2  2.6  2.9  3.0  3.3  0.0 56.000010512川田将雅　　5400101   4.0   1.11228440  0212321245                       
0722620604 45.0  1.2  1.6  0.0  2.3  0.0 50.100070234Ｃ．ルメール5700101  18.8   3.01228488- 8 25331245                       
0722620605 45.1  0.9  1.1  2.0  1.9  0.0 51.002010578鮫島克駿　　5400101  11.0   2.11228486  0463221245                       
0722620606 32.0  0.2 -1.0  0.0  0.0  0.0 31.200010436古川吉洋　　5400101  84.4  10.61228438- 8   331245                       
0722620607 32.0  0.0  0.0  0.0  0.0  0.0 32.000010604原優介　　　5202101 144.1  17.61228470+ 4   371245                       
0722620608 42.0  0.4  0.0  1.5  0.0  0.0 43.910010598斎藤新　　　5600101  16.3   3.71228528+ 25  271245                       
0722620609 35.0  0.1 -1.0  0.0  0.0  0.0 34.102010528的場勇人　　5700101 151.9  14.51228540+ 6   261245                       
0722620610 44.0  0.2 -1.0  0.0  0.0  0.0 43.200010622鷲頭虎太　　5403101 149.4  10.91228512+ 6   231245                       
0722620611 46.9  2.1  4.4  2.5  2.2  0.0 58.100010355武豊　　　　5400101   5.8   1.91228498+ 4331331245                       
0722620612 35.9  1.6  1.9  3.5  2.0  0.0 44.900010435福永祐一　　5600101   2.4   1.51228520+30156311245                       
0722620613 38.0  0.2 -1.0  0.0  0.0  0.0 37.210010574松若風馬　　5600101 101.3   8.21228506+ 4   371245                       
0722620614 36.4  0.2  0.0  0.0  0.0  0.0 36.600010611松本大輝　　5501101  49.0   5.31228468+ 2   271245                       
0722620615 38.0  0.8  0.9  0.0  0.0  0.0 39.700010547丸山元気　　5500101  14.9   3.41228440+ 4   321245                       
0722620616 36.0  0.3  0.0  0.0  0.0  0.0 36.312010419幸英明　　　5500101  74.1   9.41228442- 4   221245                       
0722620701 45.0  0.2 -1.0  0.0  0.0  0.0 44.200010568和田翼　　　5700101  26.8   6.61252448+ 2  6321315                       
0722620702 38.4  0.3  0.7  0.0  0.0  0.0 39.400110493黒岩悠　　　5700101  42.6   2.91252492+22   321315                       
0722620703 41.0  1.0  0.7  1.5  2.0  0.0 46.200010610古川奈穂　　5200101  12.6   2.01252472+ 6555331315                       
0722620704 41.2  0.6 -1.0  0.0  0.0  0.0 40.800010574松若風馬　　5600101  32.8   4.41252524-10   221315                       
0722620705 49.7  2.7  3.7  3.5  3.3  0.0 62.900010435福永祐一　　5600101   1.5   1.11252538+ 6111321315                       
0722620706 41.1  0.2 -1.0  0.0  0.0  0.0 40.300010497石橋脩　　　5700101 139.9  10.71252504- 4   221315                       
0722620707 38.0  0.2 -1.0  0.0  0.0  0.0 37.200010607永島まなみ　5300101  63.0   6.81252458+14   331315                       
0722620708 51.0  1.9  3.4  2.0  2.3  0.0 60.600010339横山典弘　　5700101   8.1   2.11252496+ 8422271315                       
0722620709 46.0  1.6  2.8  3.0  2.1  0.0 55.500010546松山弘平　　5700101  12.6   1.61252498  0243231315                       
0722620710 41.3  0.5  0.0  0.0  0.0  0.0 41.800010419幸英明　　　5600101  22.2   3.11252460+ 6   331315                       
0722620711 39.4  1.9  2.6  2.5  2.2  0.0 48.600070234Ｃ．ルメール5400101   6.4   1.81252492+22334371315                       
0722620712 40.0  1.1  0.0  0.0  1.9  0.0 43.000070244Ｒ．ムーア　5600101  39.3   4.71252472- 4 6 381315                       
0722620801 49.1  1.7  0.1  2.0  2.2  0.0 55.100010435福永祐一　　5400101   6.0   1.61329492-10433321350                       
0722620802 35.0  0.4 -1.0  0.0  0.0  0.0 34.400010547丸山元気　　5400101  29.0   5.11329458+22   471350                       
0722620803 35.0  0.2  0.0  0.0  0.0  0.0 35.200010622鷲頭虎太　　5203101 129.0  21.71329428+ 2   321350                       
0722620804 44.0  0.2  0.8  0.0  2.1  0.0 47.100010607永島まなみ　5200101  22.3   4.41329490+ 4 46331350                       
0722620805 40.0  0.1  0.0  0.0  0.0  0.0 40.100010601秋山稔樹　　5301101  93.4  11.31329430- 4   371350                       
0722620806 40.0  0.1 -1.0  0.0  0.0  0.0 39.100010457酒井学　　　5500101 136.7  11.81329464+ 6   471350                       
0722620807 37.0  0.0 -1.0  0.0  0.0  0.0 36.000010606角田大和　　5401101 206.2  30.41329430+ 6   371350                       
0722620808 53.2  1.6  2.3  3.5  2.3  0.0 62.900070345Ｄ．レーン　5400101   3.2   1.61329482+16121331350                       
0722620809 38.0  0.1 -1.0  0.0  0.0  0.0 37.100010612横山琉人　　5302101 162.6  24.01329458-13   331350                       
0722620810 38.0  1.1  1.5  2.5  0.0  0.0 43.100010339横山典弘　　5400101   4.4   2.11329454+1439 321350                       
0722620811 41.0  0.2  0.0  0.0  0.0  0.0 41.200010419幸英明　　　5700101  56.9  10.01329532  0   231350                       
0722620812 42.0  0.0 -1.0  0.0  0.0  0.0 41.000010597小林凌大　　5302101 235.1  31.21329442- 8   331350                       
0722620813 49.0  2.6  3.2  3.0  3.3  0.0 61.100070244Ｒ．ムーア　5600101   4.5   1.21329474+ 8212371350                       
0722620814 40.0  0.0 -1.0  0.0  0.0  0.0 39.000010611松本大輝　　5401101  87.5  11.91329436-16   321350                       
0722620815 44.7  1.9  2.2  0.0  2.0  0.0 50.800010512川田将雅　　5400101  21.2   2.61329456+12 54371350                       
0722620816 43.0  0.4  0.0  0.0  0.0  0.0 43.400010532荻野琢真　　5600101  38.6   4.21329452+ 8   331350                       
0722620817 44.2  1.2  0.2  1.5  1.9  0.0 49.000010546松山弘平　　5400101   9.5   2.91329504+ 4565321350                       
0722620818 36.0  0.2 -1.0  0.0  0.0  0.0 35.200010436古川吉洋　　5400101 125.8  13.21329440- 8   271350                       
0722620901 35.0  0.1 -1.0  0.0  0.0  0.0 34.100030564加藤聡一　　5500101 184.4  32.51401430- 4   371415                       
0722620902 32.8  0.9  2.0  3.5  0.0  0.0 39.200010355武豊　　　　5500101   5.8   2.11401440+ 41  231415                       
0722620903 38.0  1.0  0.0  0.0  2.1  0.0 41.100070244Ｒ．ムーア　5500101  10.0   1.81401416  0 46371415                       
0722620904 36.0  0.6  0.0  0.0  0.0  0.0 36.600010547丸山元気　　5500101  23.4   4.71401452-10   321415                       
0722620905 30.0  0.3  0.0  0.0  2.0  0.0 32.300010419幸英明　　　5500101  26.3   4.31401452+10 5 221415                       
0722620906 35.3  0.6  2.6  0.0  0.0  0.0 38.500010574松若風馬　　5500101  20.4   4.11401502  0   321415                       
0722620907 44.0  1.6  0.0  2.5  3.3  0.0 51.400070345Ｄ．レーン　5400101   3.8   1.81401414- 8311331415                       
0722620908 35.0  1.3  1.3  3.0  1.9  0.0 42.500010512川田将雅　　5500101   9.2   2.81401490+18265331415                       
0722620909 35.0  0.1 -1.0  0.0  0.0  0.0 34.100030174岡部誠　　　5500101 136.0  18.71401452- 4   001415                       
0722620910 40.0  2.3  4.5  2.0  2.2  0.0 51.000010546松山弘平　　5500101   6.0   1.81401472  0432331415                       
0722620911 41.1  1.9  2.7  1.5  2.3  0.0 49.500070234Ｃ．ルメール5500101   7.3   1.91401488  0523221415                       
0722620912 41.0  1.8  0.6  0.0  0.0  0.0 43.400010435福永祐一　　5400101   9.6   2.91401406+ 6  4371415                       
0722621001 43.0  0.2  0.0  0.0  0.0  0.0 43.200010611松本大輝　　5600101  20.3   4.01426482+ 6   221450                       
0722621002 49.0  0.2 -1.0  0.0  0.0  0.0 48.200010457酒井学　　　5700101  67.5  10.61426522+ 8   221450                       
0722621003 48.0  0.6  0.0  0.0  0.0  0.0 48.600010544国分恭介　　5700101  31.1   5.01426528+10   371450                       
0722621004 53.4  2.2  3.8  3.0  2.3  0.0 64.700010436古川吉洋　　5700101   5.6   1.71426464- 2222321450                       
0722621005 45.0  0.2  0.0  0.0  0.0  0.0 45.200010568和田翼　　　5500101  43.3   6.91426418-10   221450                       
0722621006 52.0  0.8  2.2  0.0  2.1  0.0 57.100010598斎藤新　　　5700101  18.5   3.11426464+ 4 43221450                       
0722621007 54.1  2.9  4.6  3.5  3.3  0.0 68.400010355武豊　　　　5600101   2.7   1.41426466- 2111221450                       
0722621008 49.1  1.2  0.0  2.5  1.9  0.0 54.700070234Ｃ．ルメール5400101   7.9   2.21426454-16365271450                       
0722621009 49.0  0.2  0.0  0.0  0.0  0.0 49.200010578鮫島克駿　　5700101  30.7   6.01426474+ 2   321450                       
0722621010 49.0  0.5  0.7  1.5  0.0  0.0 51.700010419幸英明　　　5700101  16.8   3.11426448+ 659 321450                       
0722621011 52.3  0.6 -1.0  0.0  2.0  0.0 53.900010574松若風馬　　5500101  10.6   3.41426490+ 8 56321450                       
0722621012 48.0  0.1  0.0  0.0  0.0  0.0 48.100010604原優介　　　5700101  45.5   6.81426448- 5   221450                       
0722621013 40.0  0.2 -1.0  0.0  0.0  0.0 39.200010612横山琉人　　5400101  71.0  13.31426466+16   331450                       
0722621014 49.3  1.4  1.8  2.0  2.2  0.0 56.700010546松山弘平　　5500101   6.7   2.11426448+ 2434321450                       
0722621015 47.0  0.2  0.0  0.0  0.0  0.0 47.200030378柴山雄一　　5700101  88.9  12.11426496- 4   221450                       
0722621016 38.0  0.2  0.0  0.0  0.0  0.0 38.200010547丸山元気　　5700101  39.1   6.41426494+ 4   271450                       
0722621101 71.1  1.4  2.5  3.0  2.2  0.0 80.200070244Ｒ．ムーア　5700101   7.8   1.81505504+ 8232321530                       
0722621102 69.2  0.2  0.3  0.0  2.0  0.0 71.702010419幸英明　　　5700101  44.7   5.91505540+ 2 5 321530                       
0722621103 67.0  0.5  1.7  0.0  0.0  0.0 69.200010339横山典弘　　5600101  16.4   2.51505466  0   321530                       
0722621104 69.1  0.4  0.0  0.0  0.0  0.0 69.512010578鮫島克駿　　5700101  33.0   4.71505522+12   321530                       
0722621105 70.0  0.9  1.9  2.5  2.1  0.0 77.400010570石川裕紀人　5700101   8.1   2.01505486+ 8344221530                       
0722621106 62.0  0.1  0.0  0.0  0.0  0.0 62.100010598斎藤新　　　5700101 139.4  15.51505520  0   331530                       
0722621107 69.0  0.8  0.0  0.0  1.9  0.0 71.700070234Ｃ．ルメール5700101  29.6   4.11505480+ 4 66271530                       
0722621108 65.0  0.1 -1.0  0.0  0.0  0.0 64.100010574松若風馬　　5700101 165.2  17.51505532  0   271530                       
0722621109 65.0  0.4  1.1  2.0  0.0  0.0 68.500010355武豊　　　　5600101  12.0   2.51505516-1349 371530                       
0722621110 72.0  1.5  2.5  1.5  2.3  0.0 79.800010435福永祐一　　5600101  14.0   2.51505500- 1523321530                       
0722621111 65.0  0.4  0.1  0.0  0.0  0.0 65.510070345Ｄ．レーン　5700101  29.8   4.51505510+ 4 9 321530                       
0722621112 80.0  3.5  4.0  3.5  3.3  0.0 94.300010546松山弘平　　5700101   1.6   1.11505494- 7111321530                       
0722621113 71.0  1.1  1.4  0.0  0.0  0.0 73.502010512川田将雅　　5700101  25.4   3.81505516- 1 95271530                       
0722621114 68.1  0.2  0.0  0.0  0.0  0.0 68.302010497石橋脩　　　5700101  94.3   8.61505520  0   371530                       
0722621115 65.0  0.2 -1.0  0.0  0.0  0.0 64.200010457酒井学　　　5700101 246.6  22.41505484  0   331530                       
0722621116 63.0  0.1  0.0  0.0  0.0  0.0 63.100010547丸山元気　　5700101 189.5  20.21505502+ 4   331530                       
0722621201 43.9  1.9  1.5  2.0  1.9  0.0 51.200070345Ｄ．レーン　5500101   6.8   1.71554512+ 6465371615                       
0722621202 48.4  1.1  1.9  1.5  2.3  0.0 55.200010546松山弘平　　5500101   6.1   1.61554492+14523321615                       
0722621203 44.0  0.4 -1.0  0.0  0.0  0.0 43.400010578鮫島克駿　　5500101  58.4   7.31554492- 8   321615                       
0722621204 46.0  0.4  0.0  0.0  0.0  0.0 46.400010547丸山元気　　5500101  34.7   4.01554472  0   321615                       
0722621205 39.0  0.4  0.0  0.0  0.0  0.0 39.400010570石川裕紀人　5500101  25.9   3.71554516+ 2   221615                       
0722621206 46.1  1.8  2.0  2.5  2.1  0.0 54.500010435福永祐一　　5300101   5.8   1.61554444+ 2344321615                       
0722621207 51.1  2.6  4.9  3.0  3.3  0.0 64.900070234Ｃ．ルメール5700101   2.5   1.31554520- 2211371615                       
0722621208 45.9  0.2  0.0  0.0  0.0  0.0 46.100010574松若風馬　　5700101  73.6   6.31554500+14   221615                       
0722621209 45.0  0.2  0.0  0.0  0.0  0.0 45.200010604原優介　　　5700101 137.0  13.31554536  0   271615                       
0722621210 50.1  2.1  1.6  3.5  2.2  0.0 59.500010436古川吉洋　　5500101   4.0   1.31554518+10132331615                       
0722621211 48.0  0.4  0.0  0.0  2.0  0.0 50.400010419幸英明　　　5500101  44.5   4.81554458  0 56221615                       
0922620101 14.0  0.4  0.0  0.0  0.0  0.0 14.410010522北村友一　　5400202 105.9   5.30943500- 6   221005                       
0922620102 15.0  0.2  0.0  0.0  0.0  0.0 15.200010615川端海翼　　5103202 297.3  12.00943460- 2   321005                       
0922620103 15.0  0.6  0.8  2.0  1.9  0.0 20.300010600団野大成　　5400202  40.5   2.80943474  046 321005                       
0922620104 31.2  0.8  1.7  2.5  2.2  0.0 38.410010583坂井瑠星　　5400202  16.4   1.60943496+ 4333321005                       
0922620105 14.0  0.2 -1.0  0.0  0.0  0.0 13.202010545国分優作　　5400202 290.9  12.70943450- 2   321005                       
0922620106 21.0  0.8  2.4  0.0  0.0  0.0 24.210010588富田暁　　　5400202  48.1   4.20943510+ 2   321005                       
0922620107 31.0  1.2  2.4  1.5  2.1  0.0 38.210010602泉谷楓真　　5301202  28.9   2.20943430  0544321005                       
0922620108 23.0  0.3  0.3  0.0  0.0  0.0 23.602010510吉田隼人　　5400202 119.0   5.40943442  0   221005                       
0922620109 20.0  0.4  0.0  0.0  0.0  0.0 20.412010614大久保友雅　5103202  78.2   4.60943404  0   371005                       
0922620110 40.0  3.8  3.3  3.5  3.3  0.0 53.900010594岩田望来　　5400202   1.1   1.00943488  0111321005                       
0922620111 33.0  0.9  0.9  0.0  2.3  0.0 37.100010619角田大河　　5202202  36.9   2.00943418+10 25321005                       
0922620112 27.0  0.2  0.0  0.0  0.0  0.0 27.202010564菱田裕二　　5400202 244.3   9.30943474  0  6321005                       
0922620113 36.0  1.1  1.6  3.0  2.0  0.0 43.700010605小沢大仁　　5301202  10.6   1.50943442+ 4252371005                       
0922620201 26.0  0.2  0.0  0.0  0.0  0.0 26.210010545国分優作　　5500102  61.8   7.71016474- 4   221035                       
0922620202 23.0  0.3  0.0  0.0  0.0  0.0 23.310010522北村友一　　5500102 132.4   8.91016466+ 6   371035                       
0922620203 41.0  2.9  3.8  3.0  2.3  0.0 53.010010594岩田望来　　5500102   3.1   1.11016484+12221221035                       
0922620204 40.0  3.2  2.6  3.5  3.3  0.0 52.600030182岩田康誠　　5500102   2.5   1.11016454- 2112321035                       
0922620205 20.0  0.2 -1.0  0.0  0.0  0.0 19.210010619角田大河　　5302102  66.9   5.41016476- 6   221035                       
0922620206 32.0  0.7  1.4  1.5  2.0  0.0 37.612010613今村聖奈　　5203102  14.7   1.81016472+12554371035                       
0922620207 27.0  0.2  0.0  0.0  0.0  0.0 27.200010548川須栄彦　　5500102  95.3   8.81016418+ 4   321035                       
0922620208 14.0  0.2 -1.0  0.0  0.0  0.0 13.210010572小崎綾也　　5500102  83.1   8.11016452- 4   221035                       
0922620209 31.1  0.7  1.1  0.0  0.0  0.0 32.900010591西村淳也　　5500102  28.6   2.71016452- 8  6371035                       
0922620210 35.0  1.0  2.2  2.5  2.2  0.0 42.900010583坂井瑠星　　5500102   7.9   1.61016468- 6333221035                       
0922620211 29.0  1.6  2.4  2.0  2.1  0.0 37.100010600団野大成　　5400102   4.9   1.51016404+ 2445321035                       
0922620301 27.0  1.7  2.8  2.0  2.1  0.0 35.610010508藤岡佑介　　5500202  13.8   1.81046460+ 4444221105                       
0922620302 30.7  1.9  2.6  3.0  2.2  0.0 40.400010583坂井瑠星　　5500202   5.2   1.21046452+12233221105                       
0922620303 43.0  3.5  4.0  3.5  3.3  0.0 57.310010594岩田望来　　5500202   1.4   1.11046490- 8111321105                       
0922620304 14.0  0.4  0.0  0.0  0.0  0.0 14.410010548川須栄彦　　5500202 147.1   7.11046474+ 2   321105                       
0922620305 33.0  1.4  2.3  2.5  2.3  0.0 41.500010510吉田隼人　　5500202  11.6   1.71046472  0322321105                       
0922620306 15.0  0.2  0.0  0.0  0.0  0.0 15.212010569城戸義政　　5500202  99.6   4.91046446+22   321105                       
0922620307 14.0  0.4  0.0  0.0  0.0  0.0 14.400010600団野大成　　5500202  91.4   5.41046518- 2   221105                       
0922620308 14.0  0.2 -1.0  0.0  0.0  0.0 13.200010619角田大河　　5302202 154.9   9.11046428+ 2   221105                       
0922620309 28.2  0.4  1.1  0.0  0.0  0.0 29.710010564菱田裕二　　5500202  20.6   2.71046502+12  5221105                       
0922620310 14.0  0.7  0.0  1.5  0.0  0.0 16.212010591西村淳也　　5500202  19.4   2.41046502- 45  371105                       
0922620311 25.0  0.6  0.0  0.0  2.0  0.0 27.610010605小沢大仁　　5401202  20.9   2.51046494- 2 56321105                       
0922620401 14.4  1.5  0.7  2.5  2.2  0.0 21.300010616小牧加矢太　5703102   6.9   1.51120524+ 4333321135                       
0922620402 15.0  0.7  0.0  0.0  1.9  0.0 17.610010521中村将之　　5800102  43.5   3.51120496+ 8 66321135                       
0922620403 16.0  2.9  3.6  3.0  3.3  0.0 28.800010511上野翔　　　6000102   2.9   1.11120448- 4212221135                       
0922620404 13.2  0.9  1.1  2.0  2.1  0.0 19.302010417植野貴也　　5800102   8.9   2.01120520+ 6445321135                       
0922620405 14.1  1.3  0.9  1.5  2.0  0.0 19.810010489五十嵐雄祐　6000102  11.0   1.61120442  0554371135                       
0922620406 13.1  0.6  0.0  0.0  0.0  0.0 13.710010380北沢伸也　　5800102  37.0   2.71120444+ 6   321135                       
0922620407 16.2  3.3  3.5  3.5  2.3  0.0 28.810010559森一馬　　　6000102   2.1   1.11120502+ 8121321135                       
0922620408 14.2  0.8  0.0  0.0  0.0  0.0 15.000010486難波剛健　　5800102  20.2   2.61120486+20   221135                       
0922620501 28.9  0.8  1.7  1.5  1.9  0.0 34.800010536藤岡康太　　5500102   9.3   2.31207490   564221225                       
0922620502 22.8  1.2  0.5  0.0  0.0  0.0 24.502010613今村聖奈　　5203102  25.3   4.31207454     6321225                       
0922620503 15.0  0.2  0.0  0.0  0.0  0.0 15.200010564菱田裕二　　5500102  69.2   9.01207436      321225                       
0922620504 24.7  0.8  0.8  3.0  2.2  0.0 31.500010591西村淳也　　5500102   9.2   2.41207486   235321225                       
0922620505 34.8  1.7  2.8  2.5  2.1  0.0 43.900010508藤岡佑介　　5400102   8.7   2.01207464   342221225                       
0922620506 15.0  0.4  0.0  0.0  2.0  0.0 17.400010510吉田隼人　　5500102  36.5   5.91207464    5 321225                       
0922620507 37.8  1.6  3.1  3.5  3.3  0.0 49.300010583坂井瑠星　　5400102   2.5   1.71207494   111321225                       
0922620508 20.5  1.6  0.3  2.0  0.0  0.0 24.400010619角田大河　　5202102   7.5   1.81207474   4  371225                       
0922620509 15.4  0.4 -1.0  0.0  0.0  0.0 14.800010600団野大成　　5400102  44.8   6.91207434      221225                       
0922620510 19.7  0.8  0.0  0.0  0.0  0.0 20.500010545国分優作　　5400102  17.8   3.31207446      321225                       
0922620511 20.5  0.8  0.0  0.0  0.0  0.0 21.300010605小沢大仁　　5301102  36.9   6.21207404      321225                       
0922620512 31.6  1.4  2.1  0.0  2.3  0.0 37.400010594岩田望来　　5500102   9.8   2.61207472    23321225                       
0922620513 15.0  0.4  0.0  0.0  0.0  0.0 15.400010438和田竜二　　5500102  36.3   5.01207488      321225                       
0922620514 15.1  0.4 -1.0  0.0  0.0  0.0 14.502030182岩田康誠　　5400102  75.0  10.51207508      321225                       
0922620601 38.7  2.6  4.1  3.5  2.3  0.0 51.200010583坂井瑠星　　5400202   3.9   1.51235468   122221255                       
0922620602 22.0  1.4  1.2  2.0  2.2  0.0 28.800010438和田竜二　　5500202  10.7   2.21235488   435221255                       
0922620603 10.0  0.2 -1.0  0.0  0.0  0.0  9.202010561中井裕二　　5500202  69.1  10.71235492      221255                       
0922620604 25.6  1.4  1.8  0.0  2.1  0.0 30.900010482川島信二　　5500202  15.1   2.61235494    44221255                       
0922620605 17.9  0.6  0.4  2.5  0.0  0.0 21.400030018小牧太　　　5400202  12.8   2.61235480   3  221255                       
0922620606 13.6  0.4  0.0  1.5  0.0  0.0 15.500010558藤懸貴志　　5400202  13.8   2.11235460   5  321255                       
0922620607 10.1  0.2 -1.0  0.0  0.0  0.0  9.302010588富田暁　　　5400202  38.4   6.41235498      221255                       
0922620608 23.8  1.2  1.5  0.0  2.0  0.0 28.500010446秋山真一郎　5400202  16.2   2.61235468    56321255                       
0922620609 12.6  0.5  0.0  0.0  0.0  0.0 13.100010536藤岡康太　　5500202  50.4   5.91235478      321255                       
0922620610 38.6  2.3  4.9  3.0  3.3  0.0 52.100010591西村淳也　　5500202   2.5   1.31235470   211221255                       
0922620611 10.0  0.4  0.0  0.0  0.0  0.0 10.400010615川端海翼　　5203202  54.1   7.31235486      221255                       
0922620612 25.8  1.6  1.8  0.0  1.9  0.0 31.100010510吉田隼人　　5400202  10.7   2.41235488    63371255                       
0922620701 38.2  0.8  0.0  0.0  2.0  0.0 41.000010438和田竜二　　5700202  28.7   3.61304510+ 4 56221325                       
0922620702 40.0  2.1  2.8  2.5  2.2  0.0 49.600010594岩田望来　　5700202   5.5   1.31304470+ 4334321325                       
0922620703 32.0  0.4 -1.0  0.0  0.0  0.0 31.410010619角田大河　　5502202  97.2   6.91304456- 4   221325                       
0922620704 38.0  1.1  1.6  2.0  0.0  0.0 42.710010569城戸義政　　5600202   7.2   1.61304498+ 24 5221325                       
0922620705 52.0  1.6  2.0  1.5  2.1  0.0 59.200010558藤懸貴志　　5400202   6.5   1.81304448+ 2543321325                       
0922620706 53.0  2.1  3.5  3.0  3.3  0.0 64.900010536藤岡康太　　5700202   4.2   1.31304512- 2211321325                       
0922620707 33.0  0.4  0.0  0.0  0.0  0.0 33.402010562長岡禎仁　　5600202  48.9   4.21304488+ 2   221325                       
0922620708 35.4  0.4  0.0  0.0  0.0  0.0 35.800010600団野大成　　5700202  62.0   6.21304486- 6   321325                       
0922620709 49.1  3.1  3.8  3.5  2.3  0.0 61.802010510吉田隼人　　5600202   2.1   1.11304498  0122221325                       
0922620801 53.0  0.4  0.0  0.0  2.1  0.0 55.512010602泉谷楓真　　5401202  46.8   6.71338512+12 46221355                       
0922620802 48.0  0.4  0.0  0.0  0.0  0.0 48.400010619角田大河　　5302202  63.2   8.11338458+ 2   321355                       
0922620803 44.0  0.2 -1.0  0.0  0.0  0.0 43.200010591西村淳也　　5500202  34.2   6.31338524+12   321355                       
0922620804 50.0  1.9  2.8  0.0  2.3  0.0 57.000010508藤岡佑介　　5500202   7.0   1.91338438  0 23321355                       
0922620805 51.1  1.2  1.7  0.0  2.2  0.0 56.200010583坂井瑠星　　5500202  12.4   2.91338468+ 6 34321355                       
0922620806 52.0  2.3  3.7  1.5  2.0  0.0 61.510010613今村聖奈　　5203202   5.0   1.81338480+ 8552321355                       
0922620807 54.0  1.4  2.1  3.0  3.3  0.0 63.800010510吉田隼人　　5500202   5.2   2.61338472- 2211321355                       
0922620808 49.7  0.8  0.9  0.0  1.9  0.0 53.310010451松田大作　　5500202  21.5   3.91338466+ 8 6 221355                       
0922620809 48.3  1.2  2.6  3.5  0.0  0.0 55.600010605小沢大仁　　5301202   5.7   1.61338454+ 61 5371355                       
0922620810 47.2  0.5  0.2  0.0  0.0  0.0 47.900010536藤岡康太　　5500202  42.3   6.11338438+ 4   321355                       
0922620811 47.0  0.6  0.0  2.0  0.0  0.0 49.612010562長岡禎仁　　5500202  10.3   2.21338456- 24  221355                       
0922620812 46.0  0.2  0.0  0.0  0.0  0.0 46.210010596亀田温心　　5401202  88.7  11.91338484+ 6   321355                       
0922620813 42.0  0.1  0.0  0.0  0.0  0.0 42.100010564菱田裕二　　5500202 216.4  34.01338480  0   221355                       
0922620814 35.0  0.2 -1.0  0.0  0.0  0.0 34.200010614大久保友雅　5203202  84.6  11.11338460+24   321355                       
0922620815 45.0  0.6  0.2  2.5  0.0  0.0 48.300010522北村友一　　5400202   4.9   2.71338480+ 23  321355                       
0922620901 43.0  2.1  3.5  0.0  2.2  0.0 50.810010451松田大作　　5400102   6.1   1.51404438+ 2 34321430                       
0922620902 43.3  1.6  3.1  2.5  2.1  0.0 52.600010583坂井瑠星　　5500102   6.0   1.61404442- 8343371430                       
0922620903 44.1  1.4  1.1  2.0  2.0  0.0 50.600010594岩田望来　　5500102   7.1   1.71404498- 4455321430                       
0922620904 46.0  1.9  2.6  3.0  3.3  0.0 56.800010600団野大成　　5400102   4.8   1.31404476+ 2211321430                       
0922620905 43.2  1.3  1.9  1.5  0.0  0.0 47.900010438和田竜二　　5400102  10.2   2.01404422+ 25 6221430                       
0922620906 35.0  0.2 -1.0  0.0  0.0  0.0 34.200030472吉村智洋　　5400102  46.7   5.11404468-14   321430                       
0922620907 44.0  3.0  3.2  3.5  2.3  0.0 56.010010591西村淳也　　5500102   2.5   1.11404478- 4122321430                       
0922620908 36.0  0.2 -1.0  0.0  0.0  0.0 35.200030618小谷周平　　5500102 102.5  10.21404442- 8   371430                       
0922621001 62.0  2.4  3.7  3.0  2.0  0.0 73.100010510吉田隼人　　5500102   2.7   1.31441480+ 4253221505                       
0922621002 55.0  0.2  0.0  0.0  0.0  0.0 55.202010588富田暁　　　5300102  79.3  11.81441432+ 8   321505                       
0922621003 53.0  0.3 -1.0  0.0  0.0  0.0 52.310010522北村友一　　5400102  74.9   9.41441504+12   221505                       
0922621004 50.0  0.5  0.0  0.0  0.0  0.0 50.510010508藤岡佑介　　5500102  30.4   4.91441438+ 4   321505                       
0922621005 54.0  0.2  0.0  0.0  0.0  0.0 54.202010619角田大河　　5200102  49.6   5.61441464- 6   321505                       
0922621006 65.0  1.6  2.4  2.0  2.1  0.0 73.110010583坂井瑠星　　5500102   5.6   1.71441502  0442321505                       
0922621007 67.0  2.6  2.7  3.5  2.3  0.0 78.102010594岩田望来　　5300102   3.5   1.31441490- 4121221505                       
0922621008 54.0  0.4  0.0  0.0  1.9  0.0 56.310010438和田竜二　　5400102  48.6   6.51441472  0 6 321505                       
0922621009 55.0  0.6  0.0  0.0  0.0  0.0 55.600010564菱田裕二　　5300102  17.2   3.01441488+ 4   321505                       
0922621010 61.0  1.4  3.3  2.5  3.3  0.0 71.500010536藤岡康太　　5500102   6.3   1.51441490  0314321505                       
0922621011 60.0  0.9  0.3  1.5  2.2  0.0 64.900010600団野大成　　5400102  11.4   2.41441494+10535321505                       
0922621012 57.0  0.6  0.2  0.0  0.0  0.0 57.802010591西村淳也　　5300102  34.7   5.11441444+ 2  6271505                       
0922621101 56.3  0.2  0.0  0.0  0.0  0.0 56.500010572小崎綾也　　5600202  67.6   9.21517474- 2   321545                       
0922621102 59.2  0.3  0.0  0.0  0.0  0.0 59.512010508藤岡佑介　　5400202 109.7  12.01517536+ 2   221545                       
0922621103 59.1  0.6  0.3  1.5  2.0  0.0 63.500010522北村友一　　5500202  11.4   2.21517514- 4555321545                       
0922621104 67.0  2.3  2.6  3.0  3.3  0.0 78.200010594岩田望来　　5400202   3.8   1.51517492+ 2212321545                       
0922621105 57.0  0.4  0.0  0.0  0.0  0.0 57.400010591西村淳也　　5500202  34.5   5.11517504- 2   321545                       
0922621106 55.5  0.4  0.0  0.0  0.0  0.0 55.902010438和田竜二　　5500202  41.5   3.61517514+16   221545                       
0922621107 65.0  1.4  2.5  2.5  2.2  0.0 73.602010600団野大成　　5400202   8.0   2.01517512- 2333221545                       
0922621108 66.0  3.0  4.3  3.5  2.3  0.0 79.102010536藤岡康太　　5650202   2.6   1.21517514- 6121221545                       
0922621109 56.0  0.4 -1.0  0.0  0.0  0.0 55.400010613今村聖奈　　5300202  56.1   6.51517496+10   221545                       
0922621110 62.0  1.2  1.7  2.0  1.9  0.0 68.802010446秋山真一郎　5600202   9.6   2.41517484+ 2464321545                       
0922621111 58.0  1.1  1.6  0.0  2.1  0.0 62.800030182岩田康誠　　5900202  11.2   2.61517500+ 3 46321545                       
0922621112 59.0  0.2  0.0  0.0  0.0  0.0 59.210010550高倉稜　　　5400202  80.6   9.51517452+ 4   321545                       
0922621113 55.0  0.4  0.6  0.0  0.0  0.0 56.010010605小沢大仁　　5500202  15.7   3.81517462+ 2   321545                       
0922621114 50.0  0.2  0.0  0.0  0.0  0.0 50.210010564菱田裕二　　5500202  26.7   5.51517498+ 2   221545                       
0922621201 51.0  0.7  0.0  0.0  0.0  0.0 51.712010510吉田隼人　　5600102   8.7   2.41557458- 4   321620                       
0922621202 51.0  0.4  0.0  0.0  0.0  0.0 51.400010564菱田裕二　　5700102  17.1   3.21557460-10   221620                       
0922621203 55.8  1.8  3.3  2.0  2.1  0.0 65.002010508藤岡佑介　　5700102   6.0   1.71557512  0443221620                       
0922621204 48.0  0.6 -1.0  0.0  0.0  0.0 47.600010594岩田望来　　5700102  43.9   5.61557472- 2   221620                       
0922621205 48.0  0.3  0.0  0.0  0.0  0.0 48.302010460太宰啓介　　5700102  69.6   7.01557480- 2   321620                       
0922621206 45.0  0.4  0.0  0.0  0.0  0.0 45.400010446秋山真一郎　5500102 100.9  11.91557466- 2   221620                       
0922621207 55.0  1.0  1.8  3.0  2.2  0.0 63.002030182岩田康誠　　5600102   7.1   2.61557480+16234221620                       
0922621208 52.1  0.8  1.7  0.0  0.0  0.0 54.602010619角田大河　　5502102  16.6   2.51557470- 6   321620                       
0922621209 50.0  1.1  1.8  1.5  2.0  0.0 56.400010522北村友一　　5600102  11.2   3.01557500  0556371620                       
0922621210 54.9  0.3  0.0  0.0  1.9  0.0 57.110010519鮫島良太　　5500102  27.8   4.41557440  0 65321620                       
0922621211 57.0  3.0  3.5  3.5  2.3  0.0 69.310010583坂井瑠星　　5500102   2.6   1.31557456+ 6121221620                       
0922621212 56.0  2.1  4.7  2.5  3.3  0.0 68.600010588富田暁　　　5500102   5.9   1.71557466  0312321620                       
