0222190101 15.0  0.4  0.0  0.0  0.0  0.0 15.410010593山田敬士　　5202102  63.9   9.40928450- 6   27                           
0222190102 40.0  3.4  4.0  3.5  3.3  0.0 54.200010455池添謙一　　5400102   1.1   1.10928460+ 411133                           
0222190103 34.0  2.9  3.2  3.0  2.2  0.0 45.310010590横山武史　　5400102   5.5   1.20928428+ 223233                           
0222190104 29.0  1.3  0.2  2.0  2.0  0.0 34.510010515丹内祐次　　5400102  24.0   3.20928434+ 245537                           
0222190105 30.0  1.6  2.0  2.5  2.3  0.0 38.400010529黛弘人　　　5400102  15.4   2.20928446+ 232322                           
0222190106 29.1  1.1  2.0  1.5  2.1  0.0 35.810010547丸山元気　　5400102  28.2   3.90928484+ 454437                           
0222190107 18.0  0.6 -1.0  0.0  0.0  0.0 17.600010618土田真翔　　5103102  76.9  14.40928430+ 2  622                           
0222190201 39.0  0.9  1.1  1.5  2.1  0.0 44.610010601秋山稔樹　　5301102  12.6   2.51003428+ 854321                           
0222190202 15.9  0.8  0.3  0.0  0.0  0.0 17.000010606角田大和　　5202102  25.3   4.81003456+12   33                           
0222190203 20.0  0.6  0.0  0.0  0.0  0.0 20.600010455池添謙一　　5400102  35.6   5.41003476- 4   33                           
0222190204 16.0  0.4 -1.0  0.0  0.0  0.0 15.410010622鷲頭虎太　　5103102  89.5   8.91003444-10   23                           
0222190205 33.0  0.7  0.0  2.0  1.9  0.0 37.600010442勝浦正樹　　5400102  13.8   2.11003478+ 246623                           
0222190206 40.0  3.1  4.2  3.5  3.3  0.0 54.110010590横山武史　　5400102   1.8   1.11003446+ 611133                           
0222190207 30.1  0.5  0.1  0.0  0.0  0.0 30.702030182岩田康誠　　5400102  37.3   5.01003398+ 4   33                           
0222190208 30.0  0.4  0.0  0.0  0.0  0.0 30.412010547丸山元気　　5400102  27.3   7.61003480  0   33                           
0222190209 30.0  0.4  0.0  0.0  0.0  0.0 30.400010451松田大作　　5400102  13.4   3.31003448+ 4   22                           
0222190210 39.1  1.6  2.5  2.5  2.3  0.0 48.002010578鮫島克駿　　5400102   5.9   1.31003448- 232227                           
0222190211 34.1  1.6  2.8  3.0  2.0  0.0 43.502010612横山琉人　　5103102   7.6   1.51003468  025432                           
0222190212 34.0  0.9  1.2  0.0  2.2  0.0 38.300010529黛弘人　　　5400102  29.8   3.31003448- 2 3533                           
0222190301 36.0  0.8  1.6  0.0  1.9  0.0 40.312010601秋山稔樹　　5501102  11.0   3.61037482+ 2 6423                           
0222190302 29.0  0.6  0.0  0.0  0.0  0.0 29.612010614大久保友雅　5103102  43.9   6.91037446- 6   23                           
0222190303 20.6  0.4  0.0  0.0  0.0  0.0 21.010010606角田大和　　5402102  36.6   7.91037480- 4   22                           
0222190304 27.0  0.6  0.0  0.0  2.0  0.0 29.600010612横山琉人　　5103102  22.6   3.91037486  0 5 23                           
0222190305 24.0  0.4 -1.0  0.0  0.0  0.0 23.400010602泉谷楓真　　5501102  85.8  11.81037410- 4   33                           
0222190306 26.9  2.2  2.7  2.5  2.1  0.0 36.400010510吉田隼人　　5400102   4.1   1.51037464+2234523                           
0222190307 42.0  2.1  4.4  3.0  3.3  0.0 54.802010515丹内祐次　　5600102   4.4   1.51037462- 221133                           
0222190308 30.1  0.9  0.9  2.0  0.0  0.0 33.900010560横山和生　　5600102   6.5   2.21037450- 24 637                           
0222190309 25.0  0.6  0.0  0.0  0.0  0.0 25.600030182岩田康誠　　5400102  27.5   4.71037436- 2   32                           
0222190310 22.0  0.2 -1.0  0.0  0.0  0.0 21.210010482川島信二　　5600102  24.8   4.91037522- 4   22                           
0222190311 15.0  0.2 -1.0  0.0  0.0  0.0 14.210010436古川吉洋　　5600102 103.4  23.01037442  0   22                           
0222190312 37.0  2.1  3.6  3.5  2.3  0.0 48.500010598斎藤新　　　5400102   4.8   1.51037468- 212233                           
0222190313 39.0  0.9  0.8  1.5  2.2  0.0 44.400010442勝浦正樹　　5600102  11.4   2.61037464- 253323                           
0222190314 30.0  0.3  0.4  0.0  0.0  0.0 30.700010451松田大作　　5600102  17.7   5.81037494-12   12                           
0222190401 43.0  0.8  1.1  0.0  2.0  0.0 46.900010598斎藤新　　　5400102   9.6   2.71107442+ 2 5433                           
0222190402 36.0  0.2 -1.0  0.0  0.0  0.0 35.200010564菱田裕二　　5400102 131.3  21.81107430+16   33                           
0222190403 41.0  2.4  2.9  2.5  2.2  0.0 51.002010515丹内祐次　　5400102   6.1   1.81107418  033137                           
0222190404 35.0  0.6  0.1  0.0  0.0  0.0 35.702030182岩田康誠　　5400102  11.5   3.61107410+ 2   33                           
0222190405 27.0  0.2 -1.0  0.0  0.0  0.0 26.200010610古川奈穂　　5000102  63.2  12.11107450- 6   23                           
0222190406 38.1  0.4  0.0  0.0  2.1  0.0 40.600010620西塚洸二　　5103102  30.8   5.91107398- 2 4 32                           
0222190407 37.2  1.1  1.4  1.5  1.9  0.0 43.110010355武豊　　　　5400102   9.0   2.51107432+ 656627                           
0222190408 26.0  0.4  0.3  0.0  0.0  0.0 26.702010606角田大和　　5202102  53.0  10.81107484+ 8   27                           
0222190409 41.1  0.4  0.6  0.0  2.3  0.0 44.400010529黛弘人　　　5400102  25.6   5.31107450- 8 2523                           
0222190410 36.0  0.6  0.3  0.0  0.0  0.0 36.910010455池添謙一　　5400102  18.1   4.41107440+12   33                           
0222190411 34.0  0.7  0.0  3.0  0.0  0.0 37.700010578鮫島克駿　　5400102   5.3   2.41107456+122  37                           
0222190412 38.0  0.3  0.0  0.0  0.0  0.0 38.300010451松田大作　　5400102  39.8   3.21107390+ 8   33                           
0222190413 38.2  2.3  3.6  3.5  3.3  0.0 50.912010590横山武史　　5400102   4.0   1.61107494+ 211232                           
0222190414 42.0  1.8  2.7  2.0  0.0  0.0 48.502010508藤岡佑介　　5400102   6.2   1.91107472  04 333                           
0222190501 43.2  2.6  3.3  3.5  3.3  0.0 55.900010590横山武史　　5400102   2.1   1.21155434   11133                           
0222190502 28.0  0.7  0.5  0.0  0.0  0.0 29.200010560横山和生　　5400102  19.4   3.21155442     632                           
0222190503 20.1  0.4  0.0  0.0  0.0  0.0 20.500010547丸山元気　　5400102  47.7   6.21155452      37                           
0222190504 37.8  0.9  2.5  2.0  2.0  0.0 45.200010515丹内祐次　　5400102  11.5   2.11155400   45323                           
0222190505 24.2  0.9  0.0  1.5  0.0  0.0 26.600010578鮫島克駿　　5400102  11.1   2.61155430   5  37                           
0222190506 22.4  0.4  0.0  0.0  1.9  0.0 24.700030182岩田康誠　　5400102  48.9   5.41155456    6 33                           
0222190507 20.0  0.2 -1.0  0.0  0.0  0.0 19.200010553水口優也　　5400102  29.0   4.01155456      22                           
0222190508 30.3  1.1  0.9  2.5  2.1  0.0 36.900010455池添謙一　　5400102   8.8   1.81155456   34537                           
0222190509 20.0  0.3 -1.0  0.0  0.0  0.0 19.300010529黛弘人　　　5400102 122.2  15.21155432      23                           
0222190510 38.6  1.2  2.6  0.0  2.3  0.0 44.700010564菱田裕二　　5400102  19.5   2.91155432    2422                           
0222190511 24.2  0.4  0.0  0.0  0.0  0.0 24.600010612横山琉人　　5103102  40.4   4.41155422      33                           
0222190512 43.0  2.5  3.2  3.0  2.2  0.0 53.900010508藤岡佑介　　5400102   4.6   1.41155482   23223                           
0222190513 20.0  0.3 -1.0  0.0  0.0  0.0 19.300010442勝浦正樹　　5400102  98.8  10.91155470      22                           
0222190601 34.0  0.2  1.1  0.0  0.0  0.0 35.300010532荻野琢真　　5600102  44.9   5.91228484- 6   23                           
0222190602 32.0  0.4  0.0  0.0  0.0  0.0 32.400010544国分恭介　　5600102  43.9   6.81228494- 8   23                           
0222190603 25.0  0.1 -1.0  0.0  0.0  0.0 24.100010593山田敬士　　5202102 182.6  31.41228412+ 2   37                           
0222190604 45.0  2.7  4.4  3.5  3.3  0.0 58.910010508藤岡佑介　　5600102   2.4   1.21228520+ 411133                           
0222190605 34.0  0.2  0.0  0.0  0.0  0.0 34.210010612横山琉人　　5103102  82.0  11.31228446  0   33                           
0222190606 37.0  1.9  1.8  2.0  2.1  0.0 44.800010455池添謙一　　5400102   9.3   2.11228452+ 244523                           
0222190607 43.0  1.2  1.2  2.5  2.2  0.0 50.100010529黛弘人　　　5600102  10.9   1.71228464- 233337                           
0222190608 33.0  0.6  0.0  0.0  0.0  0.0 33.600010606角田大和　　5402102  21.3   4.71228428+ 2   33                           
0222190609 28.0  0.6  0.0  0.0  1.9  0.0 30.500030182岩田康誠　　5600102  21.5   4.21228504- 2 6 32                           
0222190610 31.0  0.9  0.0  1.5  0.0  0.0 33.400010510吉田隼人　　5400102  11.2   2.61228464+ 25  22                           
0222190611 36.0  0.4 -1.0  0.0  0.0  0.0 35.400010620西塚洸二　　5103102  40.2   7.11228404- 4   33                           
0222190612 39.0  0.4  0.0  0.0  0.0  0.0 39.400010578鮫島克駿　　5600102  27.2   5.81228468- 2  628                           
0222190613 39.1  1.4  2.9  0.0  2.3  0.0 45.710010602泉谷楓真　　5501102  11.4   2.41228474  0 2433                           
0222190614 41.0  1.6  2.9  3.0  2.0  0.0 50.500010515丹内祐次　　5600102   3.9   1.61228476+ 425223                           
0222190701 46.1  0.7  0.7  2.0  2.0  0.0 51.500010597小林凌大　　5403102   7.5   2.21257476- 445422                           
0222190702 45.1  1.2  2.0  0.0  1.9  0.0 50.200010622鷲頭虎太　　4903102   9.7   2.71257480+ 8 6623                           
0222190703 44.0  0.6  0.1  0.0  0.0  0.0 44.700010515丹内祐次　　5200102  28.1   5.21257458  0   22                           
0222190704 41.0  0.8  1.7  1.5  0.0  0.0 45.000010451松田大作　　5400102  13.7   2.71257474+ 25  22                           
0222190705 39.0  0.2  0.0  0.0  0.0  0.0 39.200010610古川奈穂　　5100102  52.8   9.41257476- 2   26                           
0222190706 49.0  1.9  4.0  2.5  3.3  0.0 60.700010606角田大和　　5202102   4.8   1.41257482+ 231222                           
0222190707 48.0  0.7  0.0  0.0  2.1  0.0 50.802010442勝浦正樹　　5500102  23.6   3.91257492+ 4 4522                           
0222190708 38.0  0.4 -1.0  0.0  0.0  0.0 37.400010564菱田裕二　　5500102  23.4   4.81257460+ 4   33                           
0222190709 46.0  2.2  3.2  3.0  2.2  0.0 56.600030182岩田康誠　　5400102   4.1   1.51257438+ 223337                           
0222190710 50.0  2.8  3.1  3.5  2.3  0.0 61.700010529黛弘人　　　5700102   4.6   1.41257426- 612133                           
0222190711 39.0  0.4  0.0  0.0  0.0  0.0 39.400010601秋山稔樹　　5101102  10.6   5.21257432- 4   37                           
0222190712 45.0  0.2  0.0  0.0  0.0  0.0 45.200010436古川吉洋　　5200102  19.9   7.21257472+ 2   22                           
0222190801 40.0  0.2  0.0  0.0  0.0  0.0 40.200010593山田敬士　　5302102  70.9   8.61327478+ 2   23                           
0222190802 44.1  1.9  2.1  2.0  0.0  0.0 50.100010590横山武史　　5400102   7.9   1.61327482+ 24 427                           
0222190803 50.1  1.9  2.5  2.5  2.0  0.0 59.000010455池添謙一　　5700102   4.1   1.41327552  035322                           
0222190804 43.0  0.4  0.0  0.0  2.2  0.0 45.610010553水口優也　　5700102  48.9   3.51327484- 2 3531                           
0222190805 36.0  0.8  0.0  0.0  0.0  0.0 36.810010535浜中俊　　　5400102  51.6   5.41327498-12   33                           
0222190806 34.0  0.4  0.0  0.0  0.0  0.0 34.410010547丸山元気　　5700102  68.6  11.41327496-14   33                           
0222190807 50.0  2.1  3.6  3.5  2.3  0.0 61.510010560横山和生　　5400102   2.6   1.21327452- 612232                           
0222190808 44.0  0.4 -1.0  0.0  2.1  0.0 45.502010355武豊　　　　5700102  27.4   4.11327494- 4 4632                           
0222190809 40.0  0.7  1.0  0.0  1.9  0.0 43.610010612横山琉人　　5403102  22.3   3.41327532- 8 6 22                           
0222190810 51.0  2.6  3.8  3.0  3.3  0.0 63.702010606角田大和　　5202102   3.6   1.21327468+ 421133                           
0222190811 39.0  0.6  0.5  1.5  0.0  0.0 41.612010601秋山稔樹　　5301102  11.8   3.21327482- 25  23                           
0222190901 35.0  0.4 -1.0  0.0  0.0  0.0 34.400010529黛弘人　　　5700102  46.5   9.01355500+ 3   22                           
0222190902 33.0  0.6 -1.0  1.5  2.0  0.0 36.110010602泉谷楓真　　5500102  38.4   8.31355436  054633                           
0222190903 51.6  3.2  3.5  3.5  3.3  0.0 65.100010455池添謙一　　5400102   1.9   1.11355502- 211132                           
0222190904 45.0  2.9  3.1  2.5  1.9  0.0 55.410010560横山和生　　5400102   4.3   1.91355510+ 435323                           
0222190905 45.4  1.6  1.4  2.0  2.2  0.0 52.600010590横山武史　　5500102   8.0   2.41355436- 843433                           
0222190906 38.0  0.6 -1.0  0.0  0.0  0.0 37.610010606角田大和　　5500102  31.7  10.21355472+10  537                           
0222190907 50.0  2.6  3.2  3.0  2.3  0.0 61.100010510吉田隼人　　5500102   3.2   1.31355506+ 222233                           
0222191001 46.0  0.4 -1.0  0.0  1.9  0.0 47.300010547丸山元気　　5700102  43.3   9.11430478- 4 6 32                           
0222191002 54.0  1.1  1.7  0.0  2.0  0.0 58.800010535浜中俊　　　5700102  16.4   3.01430444+ 4 5532                           
0222191003 46.0  0.3 -1.0  0.0  0.0  0.0 45.302010451松田大作　　5500102  88.4  11.41430438- 2   32                           
0222191004 57.0  1.6  3.2  1.5  2.1  0.0 65.402010590横山武史　　5400102   8.2   1.71430484  054322                           
0222191005 52.1  0.4  0.8  0.0  0.0  0.0 53.300010515丹内祐次　　5500102  44.0   4.41430466+ 2   32                           
0222191006 58.1  1.2  1.3  2.5  2.2  0.0 65.300010620西塚洸二　　5200102   4.8   1.91430500+ 233432                           
0222191007 46.0  0.3 -1.0  0.0  0.0  0.0 45.300010529黛弘人　　　5700102 168.9  21.51430426- 2   37                           
0222191008 48.0  0.3  0.0  0.0  0.0  0.0 48.310010436古川吉洋　　5500102  55.2   5.81430428  0   33                           
0222191009 51.0  0.4  0.0  0.0  0.0  0.0 51.400010560横山和生　　5400102  24.9   4.41430452+ 4   33                           
0222191010 52.0  1.0  0.0  2.0  0.0  0.0 55.000010510吉田隼人　　5700102   8.3   2.01430518+ 24 627                           
0222191011 57.1  2.6  2.8  3.5  3.3  0.0 69.300010455池添謙一　　5400102   2.5   1.21430484+ 411222                           
0222191012 58.0  2.5  4.1  3.0  2.3  0.0 69.900010508藤岡佑介　　5400102   4.9   1.31430496- 222133                           
0222191013 53.0  0.5  0.0  0.0  0.0  0.0 53.500010442勝浦正樹　　5700102  49.2   5.01430464+ 2   33                           
0222191101 52.0  0.2 -1.0  0.0  0.0  0.0 51.200010451松田大作　　5500102  74.8  14.01500492- 6   32                           
0222191102 57.0  0.8  0.0  0.0  0.0  0.0 57.800010590横山武史　　5500102  16.4   4.11500490- 4   32                           
0222191103 54.3  0.2  0.0  0.0  0.0  0.0 54.500010544国分恭介　　5750102  20.7   5.71500482- 8   32                           
0222191104 58.0  0.3 -1.0  0.0  0.0  0.0 57.300010442勝浦正樹　　5400102  72.6  12.31500444- 6   33                           
0222191105 59.1  0.4  0.0  0.0  1.9  0.0 61.400010578鮫島克駿　　5700102  21.0   5.11500498- 2 6 23                           
0222191106 66.2  1.9  2.8  3.0  2.3  0.0 76.200010535浜中俊　　　5500102   5.5   1.81500504  022232                           
0222191107 60.0  0.8  0.7  0.0  0.0  0.0 61.500010564菱田裕二　　5600102  16.8   3.01500476-10   33                           
0222191108 64.3  1.6  0.8  2.0  2.1  0.0 70.800010598斎藤新　　　5500102   6.5   2.01500474- 844332                           
0222191109 64.4  1.4  2.5  1.5  0.0  0.0 69.800010510吉田隼人　　5300102   9.3   2.81500464- 25 532                           
0222191110 63.1  1.4  1.6  2.5  2.2  0.0 70.800010508藤岡佑介　　5500102   7.4   2.01500510+ 233433                           
0222191111 63.0  0.4  0.0  0.0  0.0  0.0 63.400010355武豊　　　　5300102  14.3   3.71500518+18   33                           
0222191112 66.3  2.4  3.9  3.5  3.3  0.0 79.400010560横山和生　　5650102   3.6   1.61500464- 211133                           
0222191113 65.0  0.8  0.0  0.0  2.0  0.0 67.800010455池添謙一　　5500102  22.2   4.91500506+ 4 5632                           
0222191114 56.0  0.4  0.0  0.0  0.0  0.0 56.400030182岩田康誠　　5500102  21.0   5.21500482+ 2   23                           
0222191201 50.0  1.4  2.5  1.5  2.1  0.0 57.500010602泉谷楓真　　5101103   9.1   2.51544486+ 654433                           
0222191202 51.0  1.3  1.7  3.5  2.3  0.0 59.800010355武豊　　　　5400103   4.3   1.51544460-1012233                           
0222191203 47.0  0.7  0.0  0.0  0.0  0.0 47.700010510吉田隼人　　5500103  21.9   5.21544470+ 8  633                           
0222191204 46.0  1.4  1.3  2.0  0.0  0.0 50.700010622鷲頭虎太　　4903103   7.1   1.31544442+ 24 533                           
0222191205 51.1  2.3  3.5  3.0  3.3  0.0 63.200010590横山武史　　5200103   3.9   1.51544452+ 221123                           
0222191206 45.1  0.7  0.9  0.0  0.0  0.0 46.700010547丸山元気　　5700103  24.9   5.01544456- 2   22                           
0222191207 48.0  1.9  3.5  2.5  2.2  0.0 58.100010606角田大和　　5202103   4.2   1.71544456  033337                           
0222191208 39.0  0.4 -1.0  0.0  0.0  0.0 38.400010614大久保友雅　5403103  56.6   9.71544502+ 2   33                           
0222191209 35.0  0.4  0.0  0.0  0.0  0.0 35.400030378柴山雄一　　5700103  71.7  12.01544460+18   22                           
0222191210 43.0  0.2  0.0  0.0  0.0  0.0 43.200010532荻野琢真　　5700103  71.0  13.21544442- 6   33                           
0222191211 45.0  0.2  0.0  0.0  2.0  0.0 47.200010612横山琉人　　5203103  48.5   7.81544430- 2 5 33                           
0222191212 44.0  0.4  0.0  0.0  1.9  0.0 46.300010601秋山稔樹　　5301103  37.0   6.21544506- 2 6 22                           
0222191213 40.0  0.2  0.0  0.0  0.0  0.0 40.200010597小林凌大　　4903103  63.0   8.51544434- 4   57                           
0222191214 38.0  0.8  0.0  0.0  0.0  0.0 38.800010564菱田裕二　　5400103  10.8   3.41544480+ 6   33                           
0322230101 33.0  3.0  3.8  3.5  2.3  0.0 45.602010608永野猛蔵　　5202102   2.8   1.30950414- 413122                           
0322230102 28.0  1.9  4.2  2.0  3.5  0.0 39.600010500松岡正海　　5400102   5.2   1.40950466- 441222                           
0322230103 15.0  0.2 -1.0  0.0  0.0  0.0 14.200010604原優介　　　5103102  54.0   6.40950454- 8   23                           
0322230104 27.0  2.1  2.9  3.0  0.0  0.0 35.000010555杉原誠人　　5400102   3.9   1.30950510  02 423                           
0322230105 10.0  0.4  1.0  0.0  0.0  0.0 11.402010587木幡育也　　5400102  33.5   5.30950488- 4   27                           
0322230106 31.0  2.6  2.4  2.5  0.0  0.0 38.512010429柴田大知　　5400102   5.5   1.50950486+ 83 327                           
0322230107 26.0  0.9  0.6  0.0  0.0  0.0 27.502010582木幡巧也　　5400102  18.4   2.80950412- 4  523                           
0322230108 10.0  0.8  1.2  1.5  2.4  0.0 15.900010581菊沢一樹　　5400102  11.0   2.10950450- 252623                           
0322230109 14.9  0.4  0.0  0.0  0.0  0.0 15.302030113内田博幸　　5400102  66.6   7.00950460+ 2   23                           
0322230110 10.0  0.2 -1.0  0.0  0.0  0.0  9.200010563原田和真　　5400102  86.4  12.20950466-10   33                           
0322230201 15.0  0.4 -1.0  0.0  0.0  0.0 14.402010577野中悠太郎　5400102  53.8   3.61029454- 8  623                           
0322230202 24.0  1.9  2.2  2.5  2.0  0.0 32.602010324柴田善臣　　5400102   7.4   1.21029446- 434332                           
0322230203 29.0  2.6  3.6  3.0  2.2  0.0 40.412010582木幡巧也　　5400102   4.1   1.11029480-1022223                           
0322230204 18.0  1.0  1.8  2.0  2.1  0.0 24.910010581菊沢一樹　　5400102  20.7   1.51029444- 643433                           
0322230205 16.0  0.4  0.0  0.0  0.0  0.0 16.402010573木幡初也　　5400102  55.9   4.21029466  0  523                           
0322230206 10.0  0.6  0.6  1.5  0.0  0.0 12.712030113内田博幸　　5400102  42.0   2.71029466  05  23                           
0322230207 14.0  0.2  0.0  0.0  0.0  0.0 14.210010555杉原誠人　　5400102  75.6   5.31029438- 4   23                           
0322230208 30.0  3.8  4.8  3.5  3.6  0.0 45.700030468戸崎圭太　　5400102   1.3   1.11029498- 811122                           
0322230301 38.0  1.1  1.7  3.5  2.3  0.0 46.600010599菅原明良　　5400203   4.9   2.01100424- 613233                           
0322230302 26.0  0.4  0.0  0.0  0.0  0.0 26.400010555杉原誠人　　5400203  37.8   7.81100418- 6   37                           
0322230303 32.4  1.4  2.4  2.5  0.0  0.0 38.710010603小林脩斗　　5103203   8.0   2.61100452-103 533                           
0322230304 20.7  1.4  1.4  0.0  0.0  0.0 23.510010589武藤雅　　　5400203  11.1   3.21100436+16   33                           
0322230305 19.3  0.4 -1.0  0.0  0.0  0.0 18.712010572小崎綾也　　5400203  37.5   9.71100502-10   23                           
0322230306 10.0  0.2 -1.0  0.0  0.0  0.0  9.202010608永野猛蔵　　5202203 106.4  18.71100404- 4   32                           
0322230307 18.1  0.1 -1.0  0.0  0.0  0.0 17.200010604原優介　　　5103203  82.8  17.81100496  0   23                           
0322230308 15.0  0.4 -1.0  0.0  0.0  0.0 14.400010500松岡正海　　5400203  39.7   6.91100488+ 8 9 23                           
0322230309 25.0  0.2  0.0  0.0  0.0  0.0 25.202010582木幡巧也　　5400203  17.4   3.91100482+ 2 9 33                           
0322230310 12.7  0.9  1.9  0.0  2.2  0.0 17.700010507津村明秀　　5400203  10.8   3.11100438-22 4 33                           
0322230311 41.0  1.9  3.2  2.0  3.0  0.0 51.100010617佐々木大輔　5103203   6.7   2.21100432- 242137                           
0322230312 34.0  0.8  0.3  0.0  3.5  0.0 38.603010584藤田菜七子　5200203   5.8   2.41100472+ 2 1637                           
0322230313 10.0  0.2 -1.0  0.0  0.0  0.0  9.202010537丸田恭介　　5400203 143.8  32.11100482+ 2   23                           
0322230314 33.0  1.6  2.4  3.0  0.0  0.0 40.002010416吉田豊　　　5400203   6.5   1.91100468+ 22 422                           
0322230315 39.0  1.4  1.4  1.5  0.0  0.0 43.302010554嶋田純次　　5400203  12.3   2.61100452- 85 323                           
0322230316 29.2  0.2  0.0  0.0  0.0  0.0 29.403010577野中悠太郎　5400203  41.2   9.41100432+16   33                           
0322230401 31.1  0.4 -1.0  2.0  0.0  0.0 32.500010617佐々木大輔　5303203  10.2   2.01131444- 44  33                           
0322230402 24.2  0.4  0.0  0.0  0.0  0.0 24.600010608永野猛蔵　　5402203  28.4   5.01131492- 2   23                           
0322230403 23.6  1.1  0.4  0.0  0.0  0.0 25.100010577野中悠太郎　5600203  13.2   2.91131460  0   23                           
0322230404 40.0  3.1  2.2  3.5  2.4  0.0 51.200010497石橋脩　　　5600203   2.6   1.31131478- 412123                           
0322230405 29.0  0.1  0.0  0.0  0.0  0.0 29.100010587木幡育也　　5400203  81.2   9.41131452-12   32                           
0322230406 30.0  0.2  0.0  0.0  0.0  0.0 30.210010582木幡巧也　　5600203  70.2  11.11131452-16   23                           
0322230407 15.0  0.4  0.0  0.0  0.0  0.0 15.400010584藤田菜七子　5200203  49.0   7.81131508+ 2   32                           
0322230408 31.0  0.2  0.5  0.0  0.0  0.0 31.700010563原田和真　　5600203  26.7   4.41131450  0   33                           
0322230409 31.2  0.6  1.6  0.0  3.4  0.0 36.802010537丸田恭介　　5600203  17.7   3.71131474- 2 1323                           
0322230410 33.0  0.6  0.2  0.0  2.1  0.0 35.902030113内田博幸　　5600203  15.5   3.21131434- 6 4532                           
0322230411 34.0  0.9  0.0  1.5  0.0  0.0 36.402010507津村明秀　　5600203  12.0   2.81131582+ 45 413                           
0322230412 19.0  0.2  0.0  0.0  0.0  0.0 19.200010429柴田大知　　5400203 166.4  25.71131432- 4   33                           
0322230413 15.0  0.0 -1.0  0.0  0.0  0.0 14.000010554嶋田純次　　5600203 186.3  33.81131504- 2   23                           
0322230414 28.0  1.2  1.7  2.5  0.0  0.0 33.400010589武藤雅　　　5400203   7.6   1.91131470+ 83 627                           
0322230415 36.0  2.7  2.9  3.0  2.2  0.0 46.800010542三浦皇成　　5600203   4.3   1.51131476+ 823227                           
0322230501 39.2  2.1  2.6  2.5  2.1  0.0 48.502010497石橋脩　　　5400103   4.6   1.51219486   34222                           
0322230502 24.2  0.3  0.0  0.0  0.0  0.0 24.500010368田中勝春　　5400103  62.7   6.51219502      23                           
0322230503 20.0  0.2  0.0  0.0  0.0  0.0 20.202010573木幡初也　　5400103  30.9   4.21219482      23                           
0322230504 20.2  0.3 -1.0  0.0  0.0  0.0 19.502010500松岡正海　　5400103  77.2  10.01219456      23                           
0322230505 33.0  1.3  1.5  2.0  0.0  0.0 37.800010429柴田大知　　5400103   7.3   1.91219404   4 533                           
0322230506 22.2  0.8  0.0  0.0  0.0  0.0 23.002010584藤田菜七子　5200103  24.1   4.11219506      23                           
0322230507 32.1  1.2  1.3  0.0  0.0  0.0 34.600030468戸崎圭太　　5400103  13.1   2.71219502     623                           
0322230508 23.0  0.2  0.0  0.0  0.0  0.0 23.202010621水沼元輝　　5103103  72.1  10.21219438      23                           
0322230509 33.8  1.1  1.6  1.5  3.5  0.0 41.502010555杉原誠人　　5400103   8.8   1.91219434   51437                           
0322230510 47.0  2.6  4.2  3.5  3.0  0.0 60.300010599菅原明良　　5400103   2.9   1.31219476   12123                           
0322230511 37.0  2.2  2.1  3.0  2.4  0.0 46.700010542三浦皇成　　5400103   4.9   1.41219458   23327                           
0322230601 20.0  0.2 -1.0  0.0  0.0  0.0 19.202010444武士沢友治　5400102  39.6   5.31250456      23                           
0322230602 20.0  0.2 -1.0  0.0  0.0  0.0 19.202010563原田和真　　5400102  38.1   5.81250440      33                           
0322230603 23.1  0.4  0.0  0.0  0.0  0.0 23.500010603小林脩斗　　5103102  34.3   6.51250438      23                           
0322230604 35.1  0.7  1.6  0.0  2.1  0.0 39.500010608永野猛蔵　　5202102  14.5   2.51250422    4537                           
0322230605 32.1  1.3  1.3  2.0  3.2  0.0 39.900010429柴田大知　　5400102   7.6   1.91250444   42433                           
0322230606 44.7  2.8  3.7  3.5  3.6  0.0 58.300010500松岡正海　　5400102   2.9   1.31250466   11133                           
0322230607 42.5  2.9  3.2  2.5  2.3  0.0 53.400010497石橋脩　　　5400102   4.5   1.61250428   33233                           
0322230608 20.5  0.2  0.0  0.0  0.0  0.0 20.700030113内田博幸　　5400102  56.3   8.41250472      23                           
0322230609 27.7  0.6  0.4  1.5  0.0  0.0 30.200010599菅原明良　　5400102  13.2   2.21250388   5 623                           
0322230610 41.6  2.3  3.1  3.0  0.0  0.0 50.000030468戸崎圭太　　5400102   4.8   1.41250396   2 323                           
0322230611 26.4  0.4  0.0  0.0  0.0  0.0 26.800010604原優介　　　5103102  18.1   3.01250436      23                           
0322230701 21.4  0.7  0.0  0.0  2.1  0.0 24.202010599菅原明良　　5600102   8.9   3.21320464+ 4 3 33                           
0322230702 37.9  1.2  3.0  2.5  0.0  0.0 44.610010500松岡正海　　5600102   7.3   2.31320498+ 23 422                           
0322230703 31.0  0.1  0.0  0.0  0.0  0.0 31.100010538宮崎北斗　　5400102  67.6   9.81320432+ 4   37                           
0322230704 38.0  0.7  0.2  2.0  0.0  0.0 40.902010429柴田大知　　5400102  10.9   2.81320396- 44 533                           
0322230705 23.0  0.0 -1.0  0.0  0.0  0.0 22.010010581菊沢一樹　　5400102 122.0  17.81320452- 4   27                           
0322230706 41.0  2.8  3.3  3.0  3.4  0.0 53.500010542三浦皇成　　5400102   4.4   1.31320434- 221232                           
0322230707 30.0  0.2 -1.0  0.0  0.0  0.0 29.212010603小林脩斗　　5303102 108.0  16.71320454-10   33                           
0322230708 35.0  0.3  0.0  0.0  0.0  0.0 35.302010375江田照男　　5600102  23.5   4.21320426- 2   33                           
0322230709 40.0  2.1  3.3  1.5  0.0  0.0 46.900030113内田博幸　　5600102   6.3   1.51320468+ 25 337                           
0322230710 28.0  0.1  0.0  0.0  0.0  0.0 28.100010554嶋田純次　　5400102  76.8  10.51320434  0   23                           
0322230711 35.1  0.7  2.2  0.0  0.0  0.0 38.000010608永野猛蔵　　5202102  15.5   2.41320438+ 8  636                           
0322230712 20.0  0.1 -1.0  0.0  0.0  0.0 19.100010444武士沢友治　5400102 158.6  23.61320458      23                           
0322230713 24.0  0.2  0.0  0.0  0.0  0.0 24.200010577野中悠太郎　5600102 132.9  20.61320478- 2   23                           
0322230714 33.0  0.4  0.3  0.0  2.0  0.0 35.702010537丸田恭介　　5400102  48.6   5.81320444  0 4 22                           
0322230715 42.7  1.9  3.4  3.5  2.3  0.0 53.800010507津村明秀　　5600102   3.0   1.61320506   12123                           
0322230716 15.0  0.1  0.0  0.0  0.0  0.0 15.100010555杉原誠人　　5400102  95.0   8.51320456+ 8   33                           
0322230801 48.0  0.9  1.0  2.0  2.2  0.0 54.102010507津村明秀　　5700202  17.4   2.91351464- 242333                           
0322230802 46.1  0.9  1.1  0.0  0.0  0.0 48.100010604原優介　　　5103202  17.7   3.21351442  0  632                           
0322230803 44.0  0.4  0.0  0.0  0.0  0.0 44.400010497石橋脩　　　5400202  29.1   4.31351458-14   23                           
0322230804 46.0  0.2 -1.0  0.0  0.0  0.0 45.202010416吉田豊　　　5700202 126.0  10.71351504  0   23                           
0322230805 41.0  0.2  0.0  0.0  0.0  0.0 41.200030113内田博幸　　5700202  49.8   6.61351478- 6   33                           
0322230806 44.1  1.6  3.6  2.5  2.0  0.0 53.800010582木幡巧也　　5400202  14.9   2.01351454+ 434437                           
0322230807 40.0  0.2 -1.0  0.0  0.0  0.0 39.210010617佐々木大輔　5103202  49.1   5.61351486+ 2   33                           
0322230808 38.0  0.1  0.3  0.0  0.0  0.0 38.412010581菊沢一樹　　5700202  99.2   9.71351490  0   23                           
0322230809 45.0  0.4  0.0  0.0  0.0  0.0 45.402010589武藤雅　　　5400202  32.3   4.91351494+ 6   37                           
0322230810 25.0  0.2 -1.0  0.0  0.0  0.0 24.200010603小林脩斗　　5103202 141.5  15.71351440- 3   33                           
0322230811 39.0  0.2 -1.0  0.0  0.0  0.0 38.202010500松岡正海　　5700202 152.3  15.41351498- 2   33                           
0322230812 33.0  0.4  0.6  0.0  0.0  0.0 34.010010429柴田大知　　5400202  42.5   4.91351460- 8   32                           
0322230813 47.7  1.2  1.9  1.5  2.1  0.0 54.400010608永野猛蔵　　5302202   9.7   1.61351450+1053232                           
0322230814 41.0  1.4  3.5  3.0  0.0  0.0 48.900010599菅原明良　　5400202   9.4   1.61351486- 22 522                           
0322230815 60.0  3.2  4.6  3.5  3.5  0.0 74.800010491田辺裕信　　5400202   1.4   1.11351450+ 411133                           
0322230901 44.2  1.6  3.3  2.5  2.2  0.0 53.800010599菅原明良　　5200102   6.4   1.31421452  033322                           
0322230902 42.0  0.6  1.3  2.0  0.0  0.0 45.910010542三浦皇成　　5500102  12.0   2.21421454-144 422                           
0322230903 39.0  0.4  0.0  0.0  0.0  0.0 39.400010500松岡正海　　5500102  72.8   4.81421508- 8   23                           
0322230904 47.0  2.6  3.0  3.0  3.4  0.0 59.000030468戸崎圭太　　5700102   4.7   1.11421446- 421133                           
0322230905 30.0  0.4  0.0  0.0  0.0  0.0 30.410010603小林脩斗　　5700102  61.0   5.61421512+12   22                           
0322230906 22.0  0.2  0.0  0.0  2.1  0.0 24.300010554嶋田純次　　5500102  50.3   5.21421426+ 8 4 32                           
0322230907 44.7  3.3  4.1  3.5  3.0  0.0 58.602070176Ｍ．デムーロ5200102   1.5   1.11421426  012232                           
0322230908 36.0  0.1 -1.0  0.0  0.0  0.0 35.102010538宮崎北斗　　5200102  81.0   6.41421440+ 2   32                           
0322230909 34.0  0.2 -1.0  0.0  0.0  0.0 33.210010581菊沢一樹　　5500102  57.0   4.41421452- 4   23                           
0322230910 38.0  0.8  2.3  1.5  0.0  0.0 42.602010537丸田恭介　　5700102  19.8   2.21421434- 45 532                           
0322230911 37.9  0.6  1.0  0.0  0.0  0.0 39.502010584藤田菜七子　5400102  38.5   3.41421466+ 6  633                           
0322231001 48.2  0.1 -1.0  0.0  0.0  0.0 47.312010604原優介　　　5700102  74.6   7.21457494+ 2   32                           
0322231002 47.7  0.8  2.0  0.0  0.0  0.0 50.503010608永野猛蔵　　5700102  18.5   3.01457472-14   32                           
0322231003 46.0  0.3  0.0  0.0  0.0  0.0 46.302010429柴田大知　　5700102  56.4   5.41457486+ 2   23                           
0322231004 53.0  0.8  1.7  2.0  0.0  0.0 57.500010589武藤雅　　　5700102  17.0   2.81457480+ 44 332                           
0322231005 40.0  0.1 -1.0  0.0  0.0  0.0 39.110010581菊沢一樹　　5700102 156.5  17.61457430+ 2   33                           
0322231006 48.0  0.2  0.0  0.0  0.0  0.0 48.212010577野中悠太郎　5700102  37.1   6.21457472+ 8   32                           
0322231007 50.0  2.3  3.5  3.0  3.6  0.0 62.402070176Ｍ．デムーロ5700102   3.8   1.31457500+ 421222                           
0322231008 46.3  0.5  1.2  2.5  2.3  0.0 52.812010497石橋脩　　　5500102  11.2   2.71457504- 433532                           
0322231009 47.3  1.6  1.9  1.5  0.0  0.0 52.300030113内田博幸　　5700102   9.9   1.81457474- 25 622                           
0322231010 35.0  0.4  0.4  0.0  0.0  0.0 35.812010587木幡育也　　5700102  26.5   3.91457484-16   22                           
0322231011 46.0  0.3  0.0  0.0  2.2  0.0 48.510010375江田照男　　5700102  21.9   3.61457492  0 4 33                           
0322231012 51.0  1.2  1.2  0.0  0.0  0.0 53.400010599菅原明良　　5700102  13.8   2.41457474- 6  432                           
0322231013 54.0  3.0  4.0  3.5  3.0  0.0 67.510030468戸崎圭太　　5400102   2.1   1.21457494+ 812127                           
0322231101 56.0  0.1  0.0  0.0  0.0  0.0 56.100010572小崎綾也　　5300102 131.7  23.71530472- 6   33                           
0322231102 60.0  1.0  1.0  3.0  2.3  0.0 67.302070176Ｍ．デムーロ5400102   4.1   1.71530504- 224323                           
0322231103 56.2  0.5  0.3  0.0  0.0  0.0 57.000010497石橋脩　　　5400102  16.3   4.01530520- 4   23                           
0322231104 53.0  0.1  0.0  0.0  0.0  0.0 53.112010608永野猛蔵　　5400102 142.5  19.81530458  0   23                           
0322231105 64.0  1.6  2.7  3.5  2.4  0.0 74.202010599菅原明良　　5400102   5.4   2.01530506+ 413122                           
0322231106 58.0  0.5  0.0  0.0  0.0  0.0 58.502010537丸田恭介　　5400102  20.9   4.01530536- 2   23                           
0322231107 43.0  0.2  0.0  0.0  2.2  0.0 45.402010368田中勝春　　5200102  53.6   8.81530474- 6 5 33                           
0322231108 58.1  0.9  1.7  0.0  0.0  0.0 60.700010589武藤雅　　　5300102  23.8   4.91530428  0   37                           
0322231109 56.7  1.3  1.4  1.5  3.5  0.0 64.400010491田辺裕信　　5600102  11.4   3.01530494-1451432                           
0322231110 53.0  0.1  0.0  0.0  0.0  0.0 53.100010582木幡巧也　　5400102  29.7   6.51530470+ 4   32                           
0322231111 59.1  1.2  0.6  0.0  0.0  0.0 60.900010507津村明秀　　5500102  16.2   3.61530494+ 4   23                           
0322231112 54.7  1.2  1.7  0.0  2.1  0.0 59.712030468戸崎圭太　　5600102  11.3   3.11530508+ 4 6 22                           
0322231113 59.0  1.0  1.5  2.5  0.0  0.0 64.000010416吉田豊　　　5200102   7.1   2.51530412- 43 543                           
0322231114 53.9  0.4  0.0  0.0  0.0  0.0 54.300030113内田博幸　　5400102  31.1   6.11530476+ 2   22                           
0322231115 59.9  1.9  2.6  2.0  3.0  0.0 69.402010500松岡正海　　5600102   6.6   2.21530496-1842222                           
0322231116 62.0  0.4  1.4  0.0  0.0  0.0 63.800010542三浦皇成　　5300102  20.7   5.11530448- 4  637                           
0322231201 38.5  1.2  1.4  1.5  0.0  0.0 42.602010491田辺裕信　　5700202  12.1   2.31614548-125  22                           
0322231202 30.0  0.0  0.0  0.0  0.0  0.0 30.002010604原優介　　　5403202 103.2   9.81614462-12   22                           
0322231203 42.1  0.2 -1.0  0.0  2.0  0.0 43.302010416吉田豊　　　5500202  81.3   6.91614482- 8 4623                           
0322231204 30.0  0.4  0.0  0.0  0.0  0.0 30.402010584藤田菜七子　5300202 101.7  13.41614472- 2   33                           
0322231205 56.0  3.5  4.1  3.5  3.6  0.0 70.700030468戸崎圭太　　5200202   1.4   1.11614458- 611137                           
0322231206 38.0  0.6  1.5  0.0  0.0  0.0 40.112010617佐々木大輔　5203202  37.4   5.81614478- 4   33                           
0322231207 33.0  0.1 -1.0  0.0  0.0  0.0 32.102010603小林脩斗　　5403202 145.3  19.81614468- 7   32                           
0322231208 46.0  1.6  2.9  2.5  3.0  0.0 56.000010599菅原明良　　5400202  10.8   2.01614444  032233                           
0322231209 42.0  0.6  0.8  0.0  0.0  0.0 43.402010500松岡正海　　5700202  21.6   2.91614522+ 6  522                           
0322231210 44.0  0.2  0.0  0.0  0.0  0.0 44.210010537丸田恭介　　5700202  56.3   4.21614462- 4  432                           
0322231211 36.0  0.6  1.0  0.0  0.0  0.0 37.610010608永野猛蔵　　5202202  22.5   3.11614440+ 6   32                           
0322231212 36.7  1.1  1.9  3.0  0.0  0.0 42.702010582木幡巧也　　5200202  13.4   2.31614456  02  33                           
0322231213 24.0  0.1 -1.0  0.0  0.0  0.0 23.102010412岩部純二　　5500202 163.3  22.11614478- 4   23                           
0322231214 35.0  0.1 -1.0  0.0  0.0  0.0 34.100010555杉原誠人　　5500202  76.5  10.41614514+32   22                           
0322231215 38.1  0.1  0.0  0.0  0.0  0.0 38.200010577野中悠太郎　5700202  59.7   5.61614490- 7   23                           
0322231216 37.9  1.1  2.3  2.0  2.4  0.0 45.710010507津村明秀　　5200202   8.5   2.01614456  043332                           
1022330101 14.3  1.7  0.8  3.5  2.2  0.0 22.510010559森一馬　　　6000301   3.8   1.50940484+ 413432                           
1022330102 14.1  0.4  2.3  0.0  0.0  0.0 16.810010427西谷誠　　　6000301   7.7   2.20940498+ 2   32                           
1022330103 15.0  1.7  2.5  2.0  2.1  0.0 23.302010543小野寺祐太　6000301   5.3   1.60940490- 844332                           
1022330104 13.0  1.5  1.4  1.5  0.0  0.0 17.402010458白浜雄造　　6000301  10.7   2.80940524  05 622                           
1022330105 14.2  0.7  0.0  0.0  0.0  0.0 14.900010567伴啓太　　　5800301  18.3   3.70940446- 4   32                           
1022330106 15.2  0.7  0.5  0.0  2.0  0.0 18.401010521中村将之　　6000301  17.1   3.70940458- 2 5522                           
1022330107 14.4  1.7  2.0  3.0  2.3  0.0 23.410010486難波剛健　　6000301   4.5   1.50940486-1022232                           
1022330108 13.0  1.5  0.1  0.0  0.0  0.0 14.600010481大庭和弥　　5800301  15.5   3.60940478-12   22                           
1022330109 14.0  0.5 -1.0  0.0  0.0  0.0 13.500010540大江原圭　　6000301  55.8   8.40940474-16   22                           
1022330110 16.0  2.7  3.2  2.5  3.3  0.0 27.700010493黒岩悠　　　5800301   5.9   1.70940446-1231132                           
1022330201 31.0  2.9  3.7  3.0  3.3  0.0 43.910010512川田将雅　　5400301   2.8   1.41011460- 421132                           
1022330202 19.0  0.7  0.0  0.0  0.0  0.0 19.700010594岩田望来　　5400301  40.8  10.51011464- 2  632                           
1022330203 30.0  3.4  4.1  3.5  2.3  0.0 43.300010435福永祐一　　5400301   2.5   1.31011478+ 812232                           
1022330204 29.0  2.2  2.4  2.5  2.2  0.0 38.300010438和田竜二　　5400301   4.4   1.71011472+ 433332                           
1022330205 20.0  0.8  0.4  0.0  0.0  0.0 21.200010588富田暁　　　5400301  22.1   6.21011454- 4 9532                           
1022330206 19.1  0.8  0.0  2.0  2.0  0.0 23.900010613今村聖奈　　5000301   6.5   2.31011488+ 244432                           
1022330301 10.0  0.2  0.0  0.0  0.0  0.0 10.200010585森裕太朗　　5600401  61.9   6.01046482      22                           
1022330302 27.0  0.2  0.0  0.0  0.0  0.0 27.210010558藤懸貴志　　5400401  55.0   4.11046442- 2  532                           
1022330303 14.0  0.2  0.0  0.0  0.0  0.0 14.200010569城戸義政　　5600401 117.9  11.21046472-10   22                           
1022330304 23.0  0.3  0.0  1.5  0.0  0.0 24.800010419幸英明　　　5400401  31.9   3.01046430- 15  32                           
1022330305 14.0  0.1 -1.0  0.0  0.0  0.0 13.110010588富田暁　　　5400401 158.4  14.41046488- 2   32                           
1022330306 14.0  0.2  0.0  0.0  0.0  0.0 14.200010619角田大河　　5303401  79.2   6.31046456-14   22                           
1022330307 15.0  0.4  0.0  0.0  0.0  0.0 15.400010607永島まなみ　5000401  26.8   2.91046404+ 4   32                           
1022330308 25.0  0.7  0.0  0.0  0.0  0.0 25.700010596亀田温心　　5501401  46.6   3.61046440+ 4   37                           
1022330309 16.3  1.4  2.3  2.0  1.9  0.0 23.910010545国分優作　　5600401  18.8   2.61046492+ 246 22                           
1022330310 20.0  0.9  0.7  3.0  2.0  0.0 26.610010613今村聖奈　　5200401   7.7   1.61046486+ 425632                           
1022330311 31.0  0.8  1.3  2.5  2.1  0.0 37.700010561中井裕二　　5600401  11.0   2.31046500- 434222                           
1022330312 43.0  3.8  4.0  3.5  3.3  0.0 57.600010591西村淳也　　5400401   1.4   1.01046452+ 611137                           
1022330313 27.1  1.0  0.9  0.0  2.2  0.0 31.200010605小沢大仁　　5202401  16.6   2.41046444- 6 3432                           
1022330314 32.0  0.8  1.3  0.0  2.3  0.0 36.412010611松本大輝　　5402401  18.4   4.11046466- 2 2332                           
1022330401 19.1  1.8  1.3  3.0  0.0  0.0 25.200010616小牧加矢太　6203301   4.6   1.41115478+ 22 432                           
1022330402 23.0  1.7  1.6  2.0  2.3  0.0 30.610010525田村太雅　　6000301   7.6   2.21115464- 442232                           
1022330403 20.0  0.8  0.6  1.5  2.0  0.0 24.902010486難波剛健　　6000301   8.2   3.61115474-1255532                           
1022330404 19.0  1.3  0.0  0.0  2.1  0.0 22.400010521中村将之　　6000301  19.2   5.81115492-10 4632                           
1022330405 21.0  2.1  2.2  2.5  2.2  0.0 30.000010468高田潤　　　6000301   5.3   2.31115472-1033337                           
1022330406 23.1  3.5  3.6  3.5  3.3  0.0 37.000010380北沢伸也　　6100301   1.8   1.11115432-1611132                           
1022330501 36.9  2.1  3.1  2.0  3.3  0.0 47.400010522北村友一　　5400201   6.0   1.71207472   41232                           
1022330502 16.9  0.6  0.0  0.0  2.0  0.0 19.500010446秋山真一郎　5400201  33.0   4.41207466    5 37                           
1022330503 28.6  0.9  1.8  0.0  2.2  0.0 33.500010619角田大河　　5103201  14.8   2.31207516    3432                           
1022330504 24.2  1.7  0.7  2.5  1.9  0.0 31.000010435福永祐一　　5400201   6.5   1.61207420   36632                           
1022330505 15.0  0.4  0.0  0.0  0.0  0.0 15.402010562長岡禎仁　　5400201  40.5   4.81207424      37                           
1022330506 38.5  3.0  3.4  3.0  2.3  0.0 50.200010512川田将雅　　5400201   3.7   1.31207458   22132                           
1022330507 27.6  1.4  1.4  1.5  0.0  0.0 31.900010596亀田温心　　5301201   9.7   2.01207478   5 532                           
1022330508 15.0  0.2 -1.0  0.0  0.0  0.0 14.200010558藤懸貴志　　5400201  74.6   9.71207438      22                           
1022330509 33.2  2.1  2.4  3.5  2.1  0.0 43.300010613今村聖奈　　5000201   2.9   1.41207474   14322                           
1022330510 15.0  0.4  0.0  0.0  0.0  0.0 15.400010536藤岡康太　　5400201  31.5   5.21207444      32                           
1022330601 42.0  2.4  3.5  2.5  2.2  0.0 52.610010435福永祐一　　5400201   2.9   1.61238448+ 833232                           
1022330602 38.0  2.6  4.2  3.0  2.1  0.0 49.900010546松山弘平　　5400201   4.3   1.21238436+ 624332                           
1022330603 22.0  0.2 -1.0  0.0  0.0  0.0 21.200010536藤岡康太　　5400201 100.2  14.91238426- 2   32                           
1022330604 33.0  0.4  0.0  0.0  0.0  0.0 33.410010579加藤祥太　　5400201  28.1   4.51238438- 8   32                           
1022330605 29.0  0.2  0.0  0.0  0.0  0.0 29.200010619角田大河　　5103201  76.7   8.31238392- 6   37                           
1022330606 34.0  0.7  1.5  0.0  0.0  0.0 36.210010580荻野極　　　5400201  18.9   2.71238464-14  532                           
1022330607 27.0  0.1 -1.0  0.0  0.0  0.0 26.110010561中井裕二　　5400201  89.4  10.31238424- 2   32                           
1022330608 30.0  0.2  0.0  0.0  1.9  0.0 32.110010600団野大成　　5400201  44.9   4.51238448- 8 6 32                           
1022330609 29.2  0.6  1.7  1.5  2.0  0.0 35.000010613今村聖奈　　5000201   9.6   2.41238452+1055622                           
1022330610 25.0  0.2  0.0  0.0  0.0  0.0 25.210010605小沢大仁　　5202201  49.5   7.51238488- 6   32                           
1022330611 47.0  2.3  3.1  3.5  3.3  0.0 59.200010512川田将雅　　5400201   3.8   1.41238452- 411132                           
1022330612 37.0  0.9  1.9  2.0  2.3  0.0 44.100010594岩田望来　　5400201   9.1   2.41238476-1042432                           
1022330613 27.0  0.1 -1.0  0.0  0.0  0.0 26.100010607永島まなみ　5000201  94.9  13.11238386- 4   37                           
1022330614 19.0  0.2 -1.0  0.0  0.0  0.0 18.210030018小牧太　　　5400201 172.9  23.41238472- 8   32                           
1022330615 27.0  0.3  0.0  0.0  0.0  0.0 27.302010438和田竜二　　5400201 146.4  15.11238424  0   32                           
1022330616 19.0  0.2 -1.0  0.0  0.0  0.0 18.202010591西村淳也　　5400201 120.0  16.11238464  0   32                           
1022330617 23.5  0.2  0.0  0.0  0.0  0.0 23.710010611松本大輝　　5202201 139.9  18.41238394  0   32                           
1022330618 25.0  0.2 -1.0  0.0  0.0  0.0 24.210010574松若風馬　　5400201  85.7   9.71238444-10   32                           
1022330701 23.9  0.3 -1.0  0.0  0.0  0.0 23.210010446秋山真一郎　5400201  34.1   8.41310428+ 6   32                           
1022330702 15.0  0.1  0.0  0.0  0.0  0.0 15.100010562長岡禎仁　　5400201  94.7  17.41310460      32                           
1022330703 25.0  0.2  0.0  0.0  0.0  0.0 25.200010607永島まなみ　5000201  57.3  10.11310396- 4   32                           
1022330704 42.1  2.6  3.1  2.5  3.3  0.0 53.600010619角田大河　　5303201   4.1   1.41310442+ 231132                           
1022330705 30.0  0.4  0.0  0.0  0.0  0.0 30.400010574松若風馬　　5400201  22.3   5.61310458- 2   32                           
1022330706 23.8  0.2  0.2  0.0  0.0  0.0 24.210010611松本大輝　　5402201  23.6   6.71310464+ 4   32                           
1022330707 36.1  1.2  1.3  1.5  2.3  0.0 42.400010438和田竜二　　5600201  10.3   2.01310460- 452532                           
1022330708 38.1  1.1  1.8  2.0  1.8  0.0 44.800010594岩田望来　　5600201   7.4   2.31310438+ 246432                           
1022330709 15.0  0.1  0.0  0.0  2.1  0.0 17.200030505岡田祥嗣　　5600201  28.1   5.21310462    4 22                           
1022330710 30.0  0.1  0.0  0.0  0.0  0.0 30.100010592服部寿希　　5303201  98.7  13.91310476-10   22                           
1022330711 37.0  1.2  1.5  3.5  1.9  0.0 45.100010613今村聖奈　　5000201   4.0   1.71310452- 615332                           
1022330712 23.0  0.3  0.0  0.0  0.0  0.0 23.300010419幸英明　　　5400201  43.8   6.71310408- 2   32                           
1022330713 39.8  2.6  2.6  3.0  2.2  0.0 50.200010596亀田温心　　5501201   4.7   1.71310486- 623232                           
1022330714 32.0  0.6  0.0  0.0  0.0  0.0 32.600010615川端海翼　　5103201  34.0   5.21310482- 6  632                           
1022330715 19.2  0.2  0.0  0.0  0.0  0.0 19.400010588富田暁　　　5400201  36.1   7.01310454      22                           
1022330716 15.0  0.2 -1.0  0.0  0.0  0.0 14.200010605小沢大仁　　5202201 147.3  28.11310478      37                           
1022330717 22.0  0.2 -1.0  0.0  0.0  0.0 21.200010580荻野極　　　5400201  54.9   7.91310446+12   32                           
1022330718 20.0  0.1 -1.0  0.0  0.0  0.0 19.100010600団野大成　　5600201  42.9   7.61310448+ 6   32                           
1022330801 34.0  0.4  0.0  0.0  0.0  0.0 34.400010600団野大成　　5200301  40.5   6.81337468- 2   32                           
1022330802 45.3  1.2  1.6  0.0  3.3  0.0 51.400010546松山弘平　　5200301  11.7   2.11337474- 4 1332                           
1022330803 33.0  0.2  0.0  0.0  0.0  0.0 33.210010596亀田温心　　5401301 105.8  10.11337454+10   22                           
1022330804 43.2  0.4  0.0  0.0  0.0  0.0 43.610010619角田大河　　5203301  17.7   2.91337478- 4   32                           
1022330805 41.0  0.2 -1.0  0.0  0.0  0.0 40.210010607永島まなみ　4900301  77.1   8.51337452+10   32                           
1022330806 45.0  0.9  2.4  0.0  0.0  0.0 48.300010605小沢大仁　　5002301  27.1   5.01337424- 4  532                           
1022330807 38.3  0.8  0.2  1.5  2.1  0.0 42.900010594岩田望来　　5500301  17.0   3.01337486+1454 32                           
1022330808 46.8  1.1  1.6  2.0  2.2  0.0 53.710010438和田竜二　　5200301   9.1   3.71337418- 243232                           
1022330809 43.1  0.4  0.0  3.0  0.0  0.0 46.500010591西村淳也　　5200301   8.3   3.01337496+122 632                           
1022330810 43.0  0.4 -1.0  0.0  0.0  0.0 42.410010574松若風馬　　5500301  18.3   2.81337468+ 2   32                           
1022330811 50.5  3.3  3.2  3.5  2.3  0.0 62.812010435福永祐一　　5200301   2.1   1.31337470+1012132                           
1022330812 35.0  0.1  0.0  0.0  0.0  0.0 35.112010569城戸義政　　5200301  68.3   7.51337446- 8   32                           
1022330813 42.0  0.7  0.1  0.0  0.0  0.0 42.810010419幸英明　　　5500301  31.1   4.51337466-20   32                           
1022330814 36.0  0.4  0.0  0.0  0.0  0.0 36.400010611松本大輝　　5002301 123.1  19.51337422-14   37                           
1022330815 40.0  0.3  0.0  0.0  2.0  0.0 42.300010522北村友一　　5500301  54.6   7.61337446- 2 5 32                           
1022330816 44.0  1.0  1.2  2.5  1.9  0.0 50.600010613今村聖奈　　5100301   7.2   1.91337460+ 836432                           
1022330901 41.0  0.5  0.8  0.0  2.0  0.0 44.300010536藤岡康太　　5700101  31.5   3.51411442- 2 5 32                           
1022330902 39.6  0.4  0.0  0.0  0.0  0.0 40.000010446秋山真一郎　5400101  27.6   3.41411472- 6   32                           
1022330903 44.0  0.4  0.0  0.0  0.0  0.0 44.410010558藤懸貴志　　5400101  50.2   5.71411428+ 6  622                           
1022330904 38.0  0.6  0.0  0.0  0.0  0.0 38.600010438和田竜二　　5400101  31.2   3.81411530  0   22                           
1022330905 39.0  0.7  1.4  0.0  1.9  0.0 43.000010580荻野極　　　5700101  17.5   2.71411490- 6 6 32                           
1022330906 40.0  0.4 -1.0  0.0  0.0  0.0 39.400110591西村淳也　　5500101 115.4  12.11411458+10   32                           
1022330907 45.1  2.0  3.9  3.5  2.2  0.0 56.702010419幸英明　　　5400101   3.0   1.21411514- 413237                           
1022330908 45.0  0.6  0.0  1.5  0.0  0.0 47.110010594岩田望来　　5700101  24.1   3.71411480- 85 532                           
1022330909 45.2  1.0  0.3  2.0  2.1  0.0 50.610010512川田将雅　　5700101  10.6   1.91411446+1044432                           
1022330910 53.0  3.3  3.7  3.0  3.3  0.0 66.310010339横山典弘　　5400101   2.5   1.11411486+ 621132                           
1022330911 46.0  2.2  3.0  2.5  2.3  0.0 56.000010435福永祐一　　5400101   4.6   1.51411436- 432332                           
1022331001 38.0  0.2  0.0  0.0  0.0  0.0 38.200010611松本大輝　　5700301  79.6  10.91442506- 6   32                           
1022331002 58.0  3.0  3.7  3.5  2.3  0.0 70.500010419幸英明　　　5400301   3.0   1.41442480+ 212132                           
1022331003 53.0  2.4  3.3  2.5  2.2  0.0 63.400010591西村淳也　　5700301   4.7   1.51442476- 633332                           
1022331004 49.0  0.9  1.4  0.0  0.0  0.0 51.300010594岩田望来　　5700301   8.2   1.91442524- 4  532                           
1022331005 44.0  0.4  0.0  0.0  2.1  0.0 46.510010546松山弘平　　5700301  27.0   5.51442522+ 2 4 32                           
1022331006 46.0  0.3  0.0  0.0  0.0  0.0 46.300030018小牧太　　　5700301  44.0   4.41442500- 4   32                           
1022331007 43.0  0.4  0.0  0.0  2.0  0.0 45.400010588富田暁　　　5700301  20.8   4.21442488-14 5 32                           
1022331008 55.0  2.4  3.2  3.0  3.3  0.0 66.902010512川田将雅　　5700301   4.0   1.51442526+ 221222                           
1022331009 43.1  0.3  0.0  0.0  0.0  0.0 43.402010522北村友一　　5700301  62.1   8.81442496- 4   32                           
1022331010 44.0  0.4 -1.0  0.0  0.0  0.0 43.400010438和田竜二　　5700301  32.9   5.71442508-10   32                           
1022331011 50.1  0.8  1.7  1.5  0.0  0.0 54.100010446秋山真一郎　5700301  14.6   2.51442458+ 85 432                           
1022331012 45.0  1.1  0.8  2.0  1.9  0.0 50.800010435福永祐一　　5700301   9.4   2.61442536- 246632                           
1022331101 51.1  0.7  0.4  0.0  0.0  0.0 52.200010591西村淳也　　5700301  12.1   3.01516484  0   32                           
1022331102 54.7  1.4  1.6  1.5  2.0  0.0 61.200010605小沢大仁　　5700301   8.8   2.31516498  055532                           
1022331103 57.3  1.2  2.1  2.5  2.1  0.0 65.200010611松本大輝　　5700301   8.1   1.81516504  034332                           
1022331104 45.0  0.6  0.5  0.0  0.0  0.0 46.102010438和田竜二　　5700301  18.2   2.91516460- 8   32                           
1022331105 50.0  0.4 -1.0  0.0  0.0  0.0 49.400010580荻野極　　　5500301  66.3   7.81516484+ 4   32                           
1022331106 54.0  1.1  2.1  2.0  2.2  0.0 61.400010546松山弘平　　5700301   7.5   1.81516458+ 243432                           
1022331107 50.1  0.5  0.3  0.0  1.9  0.0 52.800010446秋山真一郎　5500301  16.0   3.01516490-10 6632                           
1022331108 48.0  0.6  0.0  0.0  0.0  0.0 48.612010579加藤祥太　　5500301  36.3   5.21516434-10   32                           
1022331109 61.0  2.4  3.1  3.0  2.3  0.0 71.810010594岩田望来　　5700301   5.1   1.51516464  022232                           
1022331110 65.0  3.1  3.6  3.5  3.3  0.0 78.510010574松若風馬　　5400301   2.2   1.21516476+ 411132                           
1022331111 45.0  0.2 -1.0  0.0  0.0  0.0 44.200010481大庭和弥　　5500301  94.7  10.11516476- 6   32                           
1022331201 30.0  0.2 -1.0  0.0  0.0  0.0 29.210010605小沢大仁　　5302101  94.8  14.81559400- 4   32                           
1022331202 47.8  1.4  3.1  2.5  2.3  0.0 57.100010536藤岡康太　　5200101   4.2   1.81559448+ 432332                           
1022331203 29.0  0.2 -1.0  0.0  0.0  0.0 28.202010607永島まなみ　4900101  82.5  12.21559420- 6   37                           
1022331204 40.0  0.1 -1.0  0.0  0.0  0.0 39.110010588富田暁　　　5500101  64.6  10.51559466- 2   32                           
1022331205 50.0  1.4  3.2  0.0  1.9  0.0 56.500010619角田大河　　5103101  13.2   2.71559484+ 2 6537                           
1022331206 55.1  2.3  2.3  3.0  3.3  0.0 66.000010594岩田望来　　5200101   3.8   1.51559500  021132                           
1022331207 49.0  0.4  1.5  0.0  0.0  0.0 50.902010419幸英明　　　5400101  16.0   3.71559502- 8  622                           
1022331208 48.9  1.8  2.2  1.5  2.2  0.0 56.600010435福永祐一　　5400101   4.9   1.61559450+ 253432                           
1022331209 55.0  2.1  3.0  3.5  2.0  0.0 65.610010438和田竜二　　5500101   5.5   1.61559456- 415232                           
1022331210 40.0  0.2  0.0  0.0  0.0  0.0 40.200010546松山弘平　　5700101  58.4   8.41559428+12   37                           
1022331211 41.2  0.7  0.9  2.0  2.1  0.0 46.910010574松若風馬　　5400101   8.9   2.41559466+1044 22                           
1022331212 41.1  0.4  0.0  0.0  0.0  0.0 41.511010600団野大成　　5400101  29.3   4.71559500+ 6   32                           
1022331213 42.0  0.4  0.0  0.0  0.0  0.0 42.400010611松本大輝　　5202101  30.3   5.51559464+ 2   22                           
