0524160101 10.0  0.1  0.0  0.0  0.0  0.0 10.100010528的場勇人　　5700201 265.0  40.40957492- 2   231010                       
0524160102 23.0  0.4  0.3  0.0  0.0  0.0 23.700010491田辺裕信　　5700201  74.6   7.10957434- 6   271010                       
0524160103 20.0  0.2 -1.0  0.0  0.0  0.0 19.200010375江田照男　　5500201 208.9  17.10957438  0   221010                       
0524160104 24.0  0.4  0.6  0.0  0.0  0.0 25.000010625小林勝太　　5203201  43.9   5.70957426- 6   331010                       
0524160105 34.0  1.8  2.2  2.5  2.2  0.0 42.700010507津村明秀　　5700201   5.7   1.40957460- 2333331010                       
0524160106 34.1  1.9  3.0  3.0  2.1  0.0 44.100010599菅原明良　　5700201   4.7   1.20957478- 6242221010                       
0524160107 37.0  3.1  3.9  3.5  3.5  0.0 51.000010590横山武史　　5500201   1.8   1.10957464-12111371010                       
0524160108 26.0  0.4  1.3  0.0  3.0  0.0 30.700010444武士沢友治　5700201  30.7   3.40957496  0 24221010                       
0524160109 22.5  0.9  1.8  1.5  0.0  0.0 26.700030468戸崎圭太　　5700201  15.9   2.40957438- 85 6231010                       
0524160110 13.0  0.2  0.0  0.0  0.0  0.0 13.200010608永野猛蔵　　5601201 101.1  10.90957464+ 8   321010                       
0524160111 28.0  0.6  0.9  0.0  0.0  0.0 29.500010516大野拓弥　　5700201  17.1   2.80957506+ 6  5231010                       
0524160112 22.0  0.3  0.0  0.0  0.0  0.0 22.300010416吉田豊　　　5500201  28.5   4.40957430- 6   331010                       
0524160113 18.0  0.6  0.7  2.0  0.0  0.0 21.300070358Ｒ．キング　5500201  19.1   2.90957448- 84  331010                       
0524160114 20.0  0.1  0.0  0.0  0.0  0.0 20.100010555杉原誠人　　5700201 113.5  10.30957440+ 2   271010                       
0524160115 11.0  0.2 -1.0  0.0  0.0  0.0 10.200010497石橋脩　　　5500201 181.7  18.80957468+12   271010                       
0524160116 10.0  0.1  0.0  0.0  0.0  0.0 10.100010412岩部純二　　5500201 224.6  24.90957472-16   331010                       
0524160201 25.2  1.1  1.4  2.0  0.0  0.0 29.700010590横山武史　　5700201  13.3   2.41025496- 44  331040                       
0524160202 16.0  0.4  0.0  0.0  0.0  0.0 16.400010491田辺裕信　　5700201  61.3   8.31025478  0   271040                       
0524160203 28.6  1.2  2.3  2.5  2.3  0.0 36.900070358Ｒ．キング　5700201   6.2   1.71025526   332231040                       
0524160204 25.1  2.1  2.4  3.0  0.0  0.0 32.600010594岩田望来　　5700201   5.6   1.61025500+ 62 4221040                       
0524160205 26.0  0.4  1.2  0.0  3.4  0.0 31.010010604原優介　　　5601201  12.4   2.01025446- 4 16321040                       
0524160206 35.0  3.1  3.9  3.5  2.4  0.0 47.900030468戸崎圭太　　5700201   1.8   1.11025456+ 2121331040                       
0524160207 28.0  0.2  0.0  0.0  0.0  0.0 28.202010589武藤雅　　　5700201  91.5  11.01025482- 2   331040                       
0524160208 10.0  0.1 -1.0  0.0  0.0  0.0  9.100010608永野猛蔵　　5601201 181.3  23.01025488- 2   231040                       
0524160209 28.1  1.4  1.9  1.5  0.0  0.0 32.910070362Ｒ．ピーヒュ5700201  17.0   2.51025456+ 25 3231040                       
0524160210 10.0  0.2 -1.0  0.0  0.0  0.0  9.202010516大野拓弥　　5700201 139.2  18.31025534+ 8   231040                       
0524160211 25.0  0.2  0.0  0.0  0.0  0.0 25.200010599菅原明良　　5500201  63.4   7.11025504  0   231040                       
0524160212 10.0  0.4  0.0  0.0  2.2  0.0 12.600010497石橋脩　　　5700201  21.6   4.11025484    4 271040                       
0524160213 20.0  0.2 -1.0  0.0  0.0  0.0 19.200010500松岡正海　　5700201 103.7   7.01025474+ 4   231040                       
0524160214 11.0  0.1 -1.0  0.0  0.0  0.0 10.110010412岩部純二　　5700201 369.8  52.51025494+ 4   231040                       
0524160215 30.0  0.4  0.1  0.0  2.0  0.0 32.500010625小林勝太　　5403201  26.6   4.21025472  0 55231040                       
0524160216 20.0  0.2  0.0  0.0  0.0  0.0 20.202030113内田博幸　　5700201 105.8  12.71025508+10   231040                       
0524160301 26.8  1.1  1.9  0.0  0.0  0.0 29.800070361Ｒ．キングス5500201  25.1   3.61102450- 2  5331110                       
0524160302 17.5  0.4  0.0  0.0  2.1  0.0 20.000010516大野拓弥　　5500201  50.8   7.01102466+ 4 4 221110                       
0524160303 10.0  0.1 -1.0  0.0  0.0  0.0  9.100010500松岡正海　　5500201 106.4  16.41102458      321110                       
0524160304 15.1  0.2  0.0  0.0  0.0  0.0 15.302010416吉田豊　　　5500201 158.2  16.71102458+ 2   231110                       
0524160305 32.0  0.7  1.5  2.0  2.0  0.0 38.200010491田辺裕信　　5500201   9.3   1.71102446+ 4454371110                       
0524160306 36.0  3.1  3.0  3.5  3.1  0.0 48.700070234Ｃ．ルメール5500201   2.3   1.21102456- 6121371110                       
0524160307 10.0  0.2  0.0  0.0  0.0  0.0 10.200010589武藤雅　　　5500201  43.4   6.61102442      321110                       
0524160308 32.7  2.0  2.4  2.5  3.6  0.0 43.200010512川田将雅　　5500201   4.5   1.51102448- 2312331110                       
0524160309 20.8  0.8  0.5  0.0  0.0  0.0 22.100010594岩田望来　　5500201  16.0   3.21102448  0   331110                       
0524160310 28.0  0.4  0.1  0.0  0.0  0.0 28.500010537丸田恭介　　5500201  34.2   4.41102468+ 4  6331110                       
0524160311 23.0  0.2  0.0  0.0  0.0  0.0 23.202010542三浦皇成　　5500201 117.8  10.21102458+ 2   371110                       
0524160312 10.0  0.4  0.0  0.0  0.0  0.0 10.412010582木幡巧也　　5500201  56.0   9.21102482+ 2   231110                       
0524160313 13.0  0.2 -1.0  0.0  0.0  0.0 12.200010375江田照男　　5500201 191.1  20.61102450- 2   331110                       
0524160314 22.0  0.1 -1.0  0.0  0.0  0.0 21.112010412岩部純二　　5500201 248.0  29.91102508+36   231110                       
0524160315 30.6  1.9  4.2  3.0  2.3  0.0 42.002010590横山武史　　5500201   3.9   1.51102448- 2233321110                       
0524160316 20.8  0.4  2.0  1.5  0.0  0.0 24.710070358Ｒ．キング　5500201  33.5   5.01102488  05  231110                       
0524160401 37.5  3.1  3.8  3.5  3.6  0.0 51.500010590横山武史　　5700201   2.9   1.41125498   111321140                       
0524160402 10.0  0.0 -1.0  0.0  0.0  0.0  9.000010612横山琉人　　5601201  85.7  23.91125522      131140                       
0524160403 10.0  0.2  0.0  0.0  0.0  0.0 10.200010516大野拓弥　　5500201  90.4  12.71125532      131140                       
0524160404 32.4  2.3  2.9  3.0  2.2  0.0 42.800070234Ｃ．ルメール5700201   3.3   1.31125560   242231140                       
0524160405 29.9  1.4  2.6  2.0  0.0  0.0 35.900030468戸崎圭太　　5700201   6.8   1.81125532   4 3231140                       
0524160406 10.0  0.0 -1.0  0.0  0.0  0.0  9.000010587木幡育也　　5700201 125.4  23.71125454      271140                       
0524160407 25.6  1.2  1.8  1.5  3.1  0.0 33.200010542三浦皇成　　5700201  13.3   2.71125502   524231140                       
0524160408 10.0  0.2 -1.0  0.0  0.0  0.0  9.200010497石橋脩　　　5500201  65.8   8.31125472      331140                       
0524160409 10.0  0.1  0.0  0.0  0.0  0.0 10.100010549菅原隆一　　5700201  50.9   7.21125466      231140                       
0524160410 20.4  0.9  1.0  0.0  2.3  0.0 24.600010594岩田望来　　5500201  19.2   3.51125474    3 231140                       
0524160411 25.4  0.6  1.7  2.5  0.0  0.0 30.200010604原優介　　　5601201   9.0   2.41125570   3 5221140                       
0524160412 23.4  0.6  1.5  0.0  0.0  0.0 25.500010608永野猛蔵　　5401201  29.0   4.51125472     6331140                       
0524160413 10.3  0.2 -1.0  0.0  2.0  0.0 11.500070362Ｒ．ピーヒュ5500201  47.6   6.91125494    5 221140                       
0524160414 10.0  0.2  0.0  0.0  0.0  0.0 10.200010491田辺裕信　　5500201  63.5  11.21125428      331140                       
0524160415 18.7  0.4  0.7  0.0  0.0  0.0 19.800010429柴田大知　　5500201  19.3   2.91125492      231140                       
0524160416 10.0  0.4  0.0  0.0  0.0  0.0 10.400010500松岡正海　　5700201  24.8   3.51125502      231140                       
0524160501 15.0  0.0 -1.0  0.0  0.0  0.0 14.002010625小林勝太　　5203101 367.7  30.91217438- 6   331230                       
0524160502 36.0  0.4  0.0  2.5  0.0  0.0 38.902010507津村明秀　　5700101  18.9   2.61217478+ 23 5331230                       
0524160503 27.0  0.2  0.0  0.0  0.0  0.0 27.200010537丸田恭介　　5700101 144.5   9.41217430- 4   271230                       
0524160504 37.0  1.0  1.7  2.0  3.5  0.0 45.202010500松岡正海　　5700101  19.5   1.71217450  0413231230                       
0524160505 33.0  0.9  1.8  0.0  2.3  0.0 38.000030468戸崎圭太　　5500101  32.3   3.01217452- 8 36331230                       
0524160506 39.0  3.4  3.3  3.5  3.0  0.0 52.200070234Ｃ．ルメール5500101   1.6   1.11217504+ 2122231230                       
0524160507 28.0  0.1  0.0  0.0  0.0  0.0 28.102010604原優介　　　5401101  89.0   6.41217406+ 2   331230                       
0524160508 25.0  0.1 -1.0  0.0  0.0  0.0 24.112010608永野猛蔵　　5401101 210.5  11.71217494+ 6   371230                       
0524160509 29.0  0.2  0.0  0.0  0.0  0.0 29.200010416吉田豊　　　5700101 202.2  15.01217464- 2   371230                       
0524160510 29.1  0.6  1.1  0.0  0.0  0.0 30.802010599菅原明良　　5500101  57.7   3.91217494- 2   221230                       
0524160511 42.0  3.0  3.6  3.0  2.2  0.0 53.802010491田辺裕信　　5700101   2.7   1.11217514+ 2241221230                       
0524160512 20.0  0.0 -1.0  0.0  0.0  0.0 19.000010587木幡育也　　5700101 273.3  22.61217458      231230                       
0524160513 36.1  1.1  1.7  1.5  0.0  0.0 40.412010590横山武史　　5500101  25.1   2.31217486  05 4231230                       
0524160514 28.4  0.7  1.2  0.0  0.0  0.0 30.300070361Ｒ．キングス5700101  25.1   2.21217446- 2   371230                       
0524160515 15.0  0.1 -1.0  0.0  0.0  0.0 14.100010582木幡巧也　　5500101 153.5  13.61217422- 4   331230                       
0524160516 23.0  0.0 -1.0  0.0  0.0  0.0 22.002010577野中悠太郎　5700101 274.4  20.31217488+ 4   231230                       
0524160601 50.0  2.5  3.8  3.0  3.0  0.0 62.300010491田辺裕信　　5700101   4.0   1.01245476+ 6222221300                       
0524160602 35.0  0.2 -1.0  0.0  0.0  0.0 34.202010416吉田豊　　　5700101 123.2   8.21245500- 2   221300                       
0524160603 40.4  1.1  2.6  0.0  0.0  0.0 44.101010594岩田望来　　5700101  26.0   2.11245498+ 6  6231300                       
0524160604 41.0  0.2  0.0  0.0  0.0  0.0 41.202010582木幡巧也　　5800101  60.4   3.81245484  0   331300                       
0524160605 45.0  0.8  1.1  1.5  2.1  0.0 50.500070362Ｒ．ピーヒュ5700101  19.6   2.01245486- 2535371300                       
0524160606 51.0  3.4  3.7  3.5  3.5  0.0 65.100070234Ｃ．ルメール5500101   1.3   1.01245480- 4111331300                       
0524160607 46.0  1.4  2.0  2.5  0.0  0.0 51.902030468戸崎圭太　　5700101  10.3   1.51245506+ 43 3221300                       
0524160608 35.0  0.4  0.0  0.0  0.0  0.0 35.400010599菅原明良　　5700101  62.5   5.31245490+ 6   221300                       
0524160609 47.0  0.8  1.4  2.0  0.0  0.0 51.200070361Ｒ．キングス5600101  25.6   2.11245486+ 84 4271300                       
0524160610 37.0  0.3 -1.0  0.0  0.0  0.0 36.312010429柴田大知　　5800101  95.1   6.41245480+20   231300                       
0524160701 40.0  1.3  0.3  1.5  0.0  0.0 43.100010512川田将雅　　5700201  14.3   3.01316476- 85  371330                       
0524160702 39.0  0.6  0.0  0.0  0.0  0.0 39.600010599菅原明良　　5700201  47.2   7.01316488  0   231330                       
0524160703 37.7  1.6  2.7  0.0  0.0  0.0 42.012070234Ｃ．ルメール5700201   7.6   2.61316536+14   221330                       
0524160704 38.0  0.4  0.0  0.0  2.1  0.0 40.502030113内田博幸　　5700201  35.7   7.41316500- 8 5 331330                       
0524160705 47.0  1.0  0.0  0.0  0.0  0.0 48.000030468戸崎圭太　　5700201  17.9   3.41316470- 4  4371330                       
0524160706 33.7  0.2  0.3  0.0  0.0  0.0 34.200010612横山琉人　　5601201  43.6   6.71316494+ 6   221330                       
0524160707 40.1  0.2  0.0  0.0  0.0  0.0 40.300010516大野拓弥　　5700201 115.9  16.41316468- 6   371330                       
0524160708 43.0  1.0  2.1  2.5  2.4  0.0 51.000010355武豊　　　　5700201   5.2   1.71316506- 2332321330                       
0524160709 35.0  0.2 -1.0  0.0  0.0  0.0 34.200010537丸田恭介　　5500201  80.0  13.31316530- 4   231330                       
0524160710 36.0  1.6  1.3  3.5  3.2  0.0 45.600010583坂井瑠星　　5500201   5.0   1.81316494  0126321330                       
0524160711 37.0  0.8  0.0  0.0  0.0  0.0 37.800010542三浦皇成　　5700201  20.4   3.41316506+ 2   231330                       
0524160712 43.1  0.7  1.5  2.0  2.2  0.0 49.500070358Ｒ．キング　5700201   7.3   2.41316446- 2443371330                       
0524160713 46.1  0.4  0.0  0.0  0.0  0.0 46.500010500松岡正海　　5500201  28.9   6.91316516+ 4  5231330                       
0524160714 44.0  0.6  0.0  0.0  0.0  0.0 44.600010590横山武史　　5700201  49.1   7.21316468- 6   331330                       
0524160715 50.3  2.1  2.2  3.0  3.6  0.0 61.200010594岩田望来　　5700201   3.6   1.61316498+ 2211371330                       
0524160801 53.1  0.9  2.3  1.5  0.0  0.0 57.800010599菅原明良　　5800101  13.2   2.41344542+165 4231401                       
0524160802 56.0  0.7  0.9  0.0  0.0  0.0 57.602010570石川裕紀人　5800101  21.0   1.91344512- 2  5221401                       
0524160803 54.3  2.3  3.1  2.5  2.2  0.0 64.400010590横山武史　　5800101   5.1   1.11344494+10332221401                       
0524160804 46.6  0.6  0.0  2.0  0.0  0.0 49.202010625小林勝太　　5503101  25.3   2.41344506+144 6131401                       
0524160805 58.3  3.4  3.7  3.5  3.6  0.0 72.500030468戸崎圭太　　5800101   1.5   1.11344484+16111271401                       
0524160806 48.0  0.4  0.0  0.0  0.0  0.0 48.402010537丸田恭介　　5800101  57.3   5.91344470+10   231401                       
0524160807 52.0  2.6  3.7  3.0  2.4  0.0 63.700010583坂井瑠星　　5800101   4.3   1.11344460- 6223331401                       
0524160808 46.0  0.3 -1.0  0.0  0.0  0.0 45.300010429柴田大知　　5800101  62.3  10.61344486  0   221401                       
0524160901 58.2  3.4  4.4  3.5  3.5  0.0 73.002070234Ｃ．ルメール5600101   1.4   1.11418502+ 8111331435                       
0524160902 51.0  0.1  0.0  0.0  0.0  0.0 51.110010551西村太一　　5500101  79.4   8.81418422  0   371435                       
0524160903 53.0  0.6  0.0  0.0  0.0  0.0 53.610010507津村明秀　　5500101  40.8   3.81418454- 2   331435                       
0524160904 57.0  0.9  1.7  2.0  2.0  0.0 63.600010516大野拓弥　　5600101  14.6   2.31418456+ 2444271435                       
0524160905 53.0  0.9  1.2  0.0  0.0  0.0 55.100010594岩田望来　　5500101  18.1   3.21418472- 2   371435                       
0524160906 40.0  0.2  0.0  0.0  0.0  0.0 40.212010416吉田豊　　　5600101  71.9   6.11418488+20   231435                       
0524160907 46.0  0.2 -1.0  0.0  0.0  0.0 45.200010582木幡巧也　　5600101 109.6  13.01418480  0   331435                       
0524160908 58.0  0.4  0.0  0.0  0.0  0.0 58.402010500松岡正海　　5600101  39.5   4.71418422+ 4  5331435                       
0524160909 54.0  0.6  0.7  0.0  0.0  0.0 55.302030113内田博幸　　5600101  27.5   2.91418466+ 2   231435                       
0524160910 59.0  1.4  2.1  3.0  2.4  0.0 67.900070358Ｒ．キング　5600101   8.1   1.41418468-14222321435                       
0524160911 48.3  0.9  1.5  1.5  0.0  0.0 52.200010355武豊　　　　5600101  15.5   2.81418446  05  331435                       
0524160912 58.1  1.4  2.2  2.5  0.0  0.0 64.202010583坂井瑠星　　5600101  10.6   1.81418484+ 43 3231435                       
0524160913 54.1  0.6  1.3  0.0  2.2  0.0 58.202010570石川裕紀人　5600101  35.6   4.01418478+14 36221435                       
0524161001 60.8  1.0  1.7  0.0  0.0  0.0 63.502010507津村明秀　　5800201  14.0   2.91457502+10   231510                       
0524161002 63.0  1.4  1.1  2.5  0.0  0.0 68.000010512川田将雅　　5700201   7.2   2.31457574+163 3221510                       
0524161003 55.0  0.2 -1.0  0.0  0.0  0.0 54.210010497石橋脩　　　5600201 180.8  20.31457456+ 8   331510                       
0524161004 65.0  2.6  4.6  3.5  3.6  0.0 79.300010583坂井瑠星　　5700201   2.6   1.31457498  0111331510                       
0524161005 60.0  1.2  2.0  3.0  0.0  0.0 66.200070358Ｒ．キング　5800201   4.6   1.51457532- 62 5331510                       
0524161006 51.0  0.1 -1.0  0.0  0.0  0.0 50.110010589武藤雅　　　5800201 134.4  19.01457438+ 8   331510                       
0524161007 63.2  0.8  1.5  0.0  0.0  0.0 65.500010542三浦皇成　　5600201  15.8   3.11457490- 2  6321510                       
0524161008 59.2  0.7  0.0  0.0  3.0  0.0 62.902030468戸崎圭太　　5800201  18.1   3.81457530  0 2 231510                       
0524161009 54.0  0.1 -1.0  0.0  0.0  0.0 53.100070362Ｒ．ピーヒュ5800201  89.7  12.91457546+ 4   231510                       
0524161010 63.1  0.9  0.6  2.0  2.3  0.0 68.900010355武豊　　　　5600201  10.2   2.31457494- 2442321510                       
0524161011 65.2  1.6  2.2  0.0  0.0  0.0  0.000170234Ｃ．ルメール6000201            1457         331510                       
0524161012 53.0  0.2  0.0  0.0  0.0  0.0 53.200010608永野猛蔵　　5800201 106.2  10.81457494- 2   321510                       
0524161013 52.0  0.2  0.0  0.0  2.0  0.0 54.213010500松岡正海　　5800201  32.9   5.51457526+12 6 221510                       
0524161014 61.6  0.7  0.9  1.5  2.4  0.0 67.113010416吉田豊　　　5800201  13.7   2.41457522+ 4534221510                       
0524161015 62.0  0.2  0.6  0.0  2.1  0.0 64.902010604原優介　　　5800201  12.1   2.61457512- 2 5 231510                       
0524161016 45.0  0.2  0.0  0.0  0.0  0.0 45.212010516大野拓弥　　6000201 117.9  14.31457528-20   321510                       
0524161101 49.0  1.0  1.5  0.0  3.1  0.0 54.602010594岩田望来　　5700102   8.3   2.21534476- 6 25321545                       
0524161102 45.0  0.2 -1.0  0.0  0.0  0.0 44.200070358Ｒ．キング　5700102  51.0   5.61534446  0   331545                       
0524161103 44.5  0.7  1.3  0.0  0.0  0.0 46.500010590横山武史　　5700102  25.8   3.71534530+16   231545                       
0524161104 55.0  2.1  2.9  3.0  2.0  0.0 65.002010583坂井瑠星　　5700102   4.8   1.51534476+ 2253371545                       
0524161105 50.1  1.6  1.8  1.5  0.0  0.0 55.002070234Ｃ．ルメール5700102   9.4   1.91534496- 85 4221545                       
0524161106 58.0  1.6  3.5  2.5  3.6  0.0 69.202010355武豊　　　　5700102   5.0   1.51534496+ 4312321545                       
0524161107 41.0  0.4  0.0  0.0  0.0  0.0 41.400010491田辺裕信　　5700102 139.3  12.61534470- 8   331545                       
0524161108 39.1  1.2  1.8  2.0  2.4  0.0 46.502030468戸崎圭太　　5700102   6.7   1.71534502+ 244 331545                       
0524161109 60.0  3.2  3.4  3.5  3.0  0.0 73.100010512川田将雅　　5700102   2.4   1.21534492+ 2131221545                       
0524161110 50.0  0.2  0.0  0.0  0.0  0.0 50.210070361Ｒ．キングス5700102 151.7  13.81534488  0  6271545                       
0524161201 53.4  1.4  2.3  2.0  0.0  0.0 59.102010583坂井瑠星　　5800202   8.3   1.71605466- 64 3331625                       
0524161202 51.2  1.1  1.5  2.5  0.0  0.0 56.300010542三浦皇成　　5800202   7.9   1.71605450+ 63 4331625                       
0524161203 46.0  0.2  0.0  0.0  0.0  0.0 46.200010589武藤雅　　　5800202  77.5   7.41605496+12   221625                       
0524161204 51.0  0.7  1.4  0.0  0.0  0.0 53.102010599菅原明良　　5800202  27.6   3.91605518  0  6231625                       
0524161205 48.1  0.2  0.0  0.0  0.0  0.0 48.302070362Ｒ．ピーヒュ5600202  49.6   5.81605510  0   321625                       
0524161206 52.0  0.2  0.0  0.0  0.0  0.0 52.202010416吉田豊　　　5800202  75.3   5.91605486- 8   231625                       
0524161207 53.3  2.6  3.7  3.0  2.4  0.0 65.002070234Ｃ．ルメール5800202   3.5   1.11605494+10222331625                       
0524161208 56.0  3.2  3.9  3.5  3.6  0.0 70.202010512川田将雅　　5800202   2.0   1.11605512  0111321625                       
0524161209 39.0  0.0 -1.0  0.0  0.0  0.0 38.002010625小林勝太　　5303202 156.1  16.41605446- 1   231625                       
0524161210 43.0  0.4  0.0  0.0  0.0  0.0 43.402070358Ｒ．キング　5800202  32.7   3.91605474+14   221625                       
0524161211 45.3  0.6  0.0  1.5  2.3  0.0 49.712010594岩田望来　　5800202  21.1   3.81605510+1053 221625                       
0524161212 52.1  0.3  0.0  0.0  2.1  0.0 54.502010324柴田善臣　　5600202  50.1   5.11605476  0 55331625                       
0524161213 35.0  0.0  0.0  0.0  0.0  0.0 35.002010604原優介　　　5701202  98.6  10.11605496+22   271625                       
0524161214 48.0  0.3  0.0  0.0  0.0  0.0 48.302010537丸田恭介　　5600202  59.2   6.51605454- 2   371625                       
0524161215 40.0  0.4  0.0  0.0  2.2  0.0 42.600070361Ｒ．キングス5800202  37.9   7.11605450+22 4 331625                       
0824260101 29.0  1.4  2.6  2.5  2.2  0.0 37.700010619角田大河　　5601101   5.5   1.20938504- 4333221001                       
0824260102 23.6  0.8  0.2  1.5  2.0  0.0 28.110010574松若風馬　　5700101  15.3   2.20938452+20555271001                       
0824260103 14.0  0.3 -1.0  0.0  0.0  0.0 13.300010457酒井学　　　5700101 157.4  15.10938468+ 2   371001                       
0824260104 18.2  1.2  2.3  0.0  1.9  0.0 23.601010591西村淳也　　5700101  15.7   2.70938522+16 6 321001                       
0824260105 16.0  0.4  0.0  0.0  0.0  0.0 16.410010600団野大成　　5700101  50.4   4.90938460  0   321001                       
0824260106 14.0  0.2 -1.0  0.0  0.0  0.0 13.200010532荻野琢真　　5700101 165.8  17.80938514  0   221001                       
0824260107 32.0  2.3  3.0  3.0  3.3  0.0 43.602070360Ａ．ルメート5700101   4.2   1.10938504- 2212321001                       
0824260108 29.1  0.4  0.0  0.0  2.1  0.0 31.610010455池添謙一　　5700101  81.4   6.80938430- 6 44321001                       
0824260109 15.0  0.2  0.0  0.0  0.0  0.0 15.210010436古川吉洋　　5500101 126.8  13.30938418  0   371001                       
0824260110 22.0  0.8  1.4  2.0  0.0  0.0 26.200010628田口貫太　　5601101  13.6   2.20938550- 44 6221001                       
0824260111 34.4  3.5  3.5  3.5  2.3  0.0 47.200010560横山和生　　5700101   1.7   1.10938500+10121221001                       
0824260112 18.0  0.4  0.0  0.0  0.0  0.0 18.410010601秋山稔樹　　5601101 112.4  10.20938486+ 2   221001                       
0824260201 24.0  0.8  1.3  0.0  0.0  0.0 26.100070360Ａ．ルメート5500101  19.4   3.51011428- 4   221030                       
0824260202 33.0  2.6  3.3  2.0  2.3  0.0 43.200010591西村淳也　　5700101   5.1   1.51011484+ 4422321030                       
0824260203 14.0  0.1 -1.0  0.0  0.0  0.0 13.100010601秋山稔樹　　5401101 257.4  30.81011432  0   321030                       
0824260204 22.0  0.2  0.0  0.0  0.0  0.0 22.210010613今村聖奈　　5203101  70.7   8.21011424  0   321030                       
0824260205 21.0  0.2  0.0  0.0  0.0  0.0 21.210010619角田大河　　5401101  89.5   9.61011428- 6   321030                       
0824260206 27.3  1.4  2.1  3.0  2.0  0.0 35.810010560横山和生　　5700101   4.4   1.61011468+16254371030                       
0824260207 14.0  0.1 -1.0  0.0  0.0  0.0 13.100010545国分優作　　5500101 203.0  21.81011430+ 9   321030                       
0824260208 26.0  0.2 -1.0  0.0  0.0  0.0 25.202010436古川吉洋　　5700101 136.2  11.41011446  0   221030                       
0824260209 26.1  1.0  1.2  1.5  1.9  0.0 31.710010535浜中俊　　　5500101  11.6   2.21011458- 4565321030                       
0824260210 31.8  2.0  3.0  2.5  2.2  0.0 41.512010457酒井学　　　5700101   4.2   1.81011486+ 6333321030                       
0824260211 23.0  0.2 -1.0  0.0  0.0  0.0 22.203010628田口貫太　　5601101  67.7   7.51011460-10   221030                       
0824260212 25.0  0.2  0.0  0.0  0.0  0.0 25.202010574松若風馬　　5700101  94.0  10.01011494- 2   371030                       
0824260213 14.0  0.1 -1.0  0.0  0.0  0.0 13.100010534田中健　　　5500101 174.6  19.11011418- 2   321030                       
0824260214 28.0  0.4  0.3  0.0  2.1  0.0 30.800010600団野大成　　5700101  26.6   3.21011548+ 4 46221030                       
0824260215 14.0  0.4 -1.0  0.0  0.0  0.0 13.412010438和田竜二　　5700101  73.4   8.01011494-14   221030                       
0824260216 35.0  2.3  3.5  3.5  3.3  0.0 47.600010546松山弘平　　5700101   2.9   1.41011462- 4111221030                       
0824260301 34.8  2.8  3.4  3.0  2.2  0.0 46.200010455池添謙一　　5700101   6.2   1.91039532   231321100                       
0824260302 10.3  0.2  0.0  0.0  0.0  0.0 10.500010545国分優作　　5700101  28.5   5.51039516      221100                       
0824260303 10.0  0.2 -1.0  0.0  0.0  0.0  9.200010482川島信二　　5700101  54.4  10.81039490      321100                       
0824260304 10.6  0.4  0.0  0.0  0.0  0.0 11.000010560横山和生　　5500101  21.4   5.61039540      321100                       
0824260305 10.1  0.2  0.0  0.0  0.0  0.0  0.000110600団野大成　　5500101            1039         001100                       
0824260306 16.6  0.7  0.2  0.0  0.0  0.0 17.500010591西村淳也　　5500101  19.9   4.61039468      221100                       
0824260307 10.0  0.3  0.0  0.0  0.0  0.0 10.300010457酒井学　　　5700101  44.1   8.51039478      221100                       
0824260308 30.0  2.3  2.6  3.5  3.3  0.0 41.700010339横山典弘　　5700101   3.5   1.51039480   112221100                       
0824260309 32.0  1.4  2.9  0.0  2.3  0.0 38.600010613今村聖奈　　5403101   7.3   1.81039442    23321100                       
0824260310 10.0  0.7 -1.0  0.0  0.0  0.0  9.700070176Ｍ．デムーロ5500101  20.7   4.61039462      321100                       
0824260311 15.2  1.2  0.1  2.5  0.0  0.0 19.000010628田口貫太　　5601101   8.0   2.21039462   3 6321100                       
0824260312 10.0  0.4  0.0  0.0  2.0  0.0 12.400010438和田竜二　　5700101  21.6   5.51039504    5 321100                       
0824260313 20.4  0.4  0.8  0.0  1.9  0.0 23.500010619角田大河　　5601101  24.9   5.41039516    65221100                       
0824260314 13.2  0.7  0.0  1.5  0.0  0.0 15.400010546松山弘平　　5700101   7.1   2.81039452   5  321100                       
0824260315 24.8  0.7  1.6  2.0  2.1  0.0 31.200010574松若風馬　　5700101   9.7   2.41039500   444321100                       
0824260401 35.0  0.7  0.0  0.0  2.0  0.0 37.700010613今村聖奈　　5203101  20.7   3.41110460+ 4 56321130                       
0824260402 40.1  1.2  1.9  3.0  1.9  0.0 48.100010600団野大成　　5700101   5.8   1.51110490+ 6264321130                       
0824260403 34.9  0.6  0.1  0.0  0.0  0.0 35.600010628田口貫太　　5401101  38.0   4.91110440- 4   221130                       
0824260404 34.0  0.6  0.0  0.0  0.0  0.0 34.600010550高倉稜　　　5700101  19.6   4.51110508- 4   221130                       
0824260405 47.0  2.6  3.3  3.5  2.3  0.0 58.700010546松山弘平　　5700101   2.3   1.21110492+ 2121221130                       
0824260406 33.0  0.4  0.0  0.0  0.0  0.0 33.400010573木幡初也　　5500101  63.8   7.91110434-12   221130                       
0824260407 40.0  1.1  2.3  1.5  2.2  0.0 47.100070360Ａ．ルメート5500101   5.2   1.61110488- 8535321130                       
0824260408 42.0  2.3  3.8  2.0  3.3  0.0 53.400010619角田大河　　5601101   5.3   1.61110494- 4412221130                       
0824260409 41.9  2.6  1.5  2.5  2.1  0.0 50.600010438和田竜二　　5500101   7.0   1.31110436  0343321130                       
0824260501 26.0  0.3 -1.0  0.0  0.0  0.0 25.300010457酒井学　　　5500102 117.9  14.11202416+ 4   321220                       
0824260502 15.0  0.1  0.0  0.0  0.0  0.0 15.100010553水口優也　　5700102 166.9  15.21202528      221220                       
0824260503 27.0  0.9  1.4  0.0  0.0  0.0 29.300010546松山弘平　　5700102  19.5   3.91202418- 6  6321220                       
0824260504 35.0  2.3  2.9  0.0  2.2  0.0 42.400010586川又賢治　　5700102   8.9   2.01202472- 4 34321220                       
0824260505 40.3  2.6  3.8  3.0  2.3  0.0 52.011010560横山和生　　5700102   2.4   1.21202506- 6221371220                       
0824260506 25.0  0.2 -1.0  0.0  0.0  0.0 24.210010532荻野琢真　　5500102 104.2  13.51202426- 2   371220                       
0824260507 36.6  1.6  3.1  1.5  1.9  0.0 44.700070360Ａ．ルメート5500102   7.6   2.11202468   562221220                       
0824260508 22.0  0.4  0.0  0.0  2.0  0.0 24.400010613今村聖奈　　5403102  56.9   6.61202456+ 4 5 321220                       
0824260509 17.2  0.6  0.0  2.0  0.0  0.0 19.800010438和田竜二　　5500102  17.7   3.91202414   4  371220                       
0824260510 31.6  0.9  1.2  3.5  0.0  0.0 37.200010591西村淳也　　5500102   4.9   1.41202422+ 4195321220                       
0824260511 35.1  1.7  1.8  2.5  3.3  0.0 44.400010339横山典弘　　5500102   5.7   1.31202446- 2313321220                       
0824260512 22.0  0.4  0.0  0.0  2.1  0.0 24.500010600団野大成　　5700102  63.0   7.91202414- 6 4 321220                       
0824260513 19.0  0.1 -1.0  0.0  0.0  0.0 18.110010618土田真翔　　5203102 296.7  34.11202440+ 4   321220                       
0824260514 24.0  0.2 -1.0  0.0  0.0  0.0 23.200010628田口貫太　　5601102  18.9   5.11202474- 8   321220                       
0824260601 19.0  0.6  0.0  0.0  0.0  0.0 19.610010482川島信二　　5500102  18.2   2.61230474+ 2   221250                       
0824260602 32.1  2.1  2.7  3.0  2.3  0.0 42.210010591西村淳也　　5500102   4.9   1.31230492- 4222321250                       
0824260603 34.0  1.3  1.2  1.5  2.0  0.0 40.000070176Ｍ．デムーロ5500102  10.4   1.81230426  0554221250                       
0824260604 26.0  0.4  0.0  0.0  0.0  0.0 26.400010579加藤祥太　　5500102  83.0   9.11230456  0   221250                       
0824260605 29.1  1.2  2.2  2.0  2.1  0.0 36.600010546松山弘平　　5500102  11.0   2.11230458  0445371250                       
0824260606 19.0  0.3 -1.0  0.0  0.0  0.0 18.310010457酒井学　　　5500102 113.7   9.81230436-18   321250                       
0824260607 32.0  0.4  0.0  0.0  1.9  0.0 34.300010628田口貫太　　5401102  23.2   2.81230386-10 66321250                       
0824260608 24.4  0.7  1.1  0.0  0.0  0.0 26.200010560横山和生　　5500102  27.3   3.61230488- 4   321250                       
0824260609 31.9  1.9  2.9  2.5  2.2  0.0 41.410010535浜中俊　　　5500102   6.8   1.61230474- 4333321250                       
0824260610 37.0  3.0  3.4  3.5  3.3  0.0 50.200010438和田竜二　　5500102   1.7   1.11230500  0111321250                       
0824260701 40.1  0.4  0.0  0.0  0.0  0.0 40.500010600団野大成　　5700102  22.3   3.01300492+ 2   321320                       
0824260702 34.0  0.2  0.0  0.0  0.0  0.0 34.200010436古川吉洋　　5800102  48.4   6.71300516- 2   221320                       
0824260703 38.0  1.1  0.6  0.0  0.0  0.0 39.700010613今村聖奈　　5203102  14.9   3.61300456- 2   321320                       
0824260704 40.2  0.6  0.0  0.0  1.9  0.0 42.700010619角田大河　　5601102  12.0   2.71300498+ 8 66321320                       
0824260705 35.0  0.4  0.0  0.0  0.0  0.0 35.400010569城戸義政　　5800102  46.7   6.21300492  0   221320                       
0824260706 42.2  0.7  0.4  2.5  2.0  0.0 47.800010560横山和生　　5700102   8.1   2.11300482+ 4354321320                       
0824260707 43.0  1.7  2.3  2.0  2.3  0.0 51.300010438和田竜二　　5800102   8.6   1.61300482- 2423321320                       
0824260708 35.0  0.4  0.0  1.5  0.0  0.0 36.900010628田口貫太　　5701102  18.3   3.71300492+125  221320                       
0824260709 42.0  1.1  1.0  0.0  2.1  0.0 46.202070176Ｍ．デムーロ5600102  16.1   2.71300482  0 45321320                       
0824260710 44.0  3.1  3.9  3.5  3.3  0.0 57.800070360Ａ．ルメート5800102   2.1   1.11300518+ 4111221320                       
0824260711 42.1  2.1  3.1  3.0  2.2  0.0 52.500010591西村淳也　　5800102   5.2   1.61300494+ 2232321320                       
0824260801 41.0  0.2  0.0  0.0  0.0  0.0 41.210010573木幡初也　　5800102  32.4   4.51332470-10   221350                       
0824260802 48.0  3.0  4.1  3.5  3.3  0.0 61.900010438和田竜二　　5800102   1.8   1.11332476+ 2111321350                       
0824260803 35.0  0.3 -1.0  0.0  0.0  0.0 34.300010457酒井学　　　5600102  99.1   9.81332528+ 6   321350                       
0824260804 40.1  1.1  1.9  0.0  0.0  0.0 43.102070176Ｍ．デムーロ5800102  15.2   3.61332456- 5   371350                       
0824260805 41.6  1.3  2.0  2.5  2.1  0.0 49.502010339横山典弘　　5600102   8.2   1.81332508+ 4345321350                       
0824260806 36.0  0.4  0.0  0.0  0.0  0.0 36.412010613今村聖奈　　5303102  26.5   4.11332468+ 8   371350                       
0824260807 42.0  0.4  0.0  0.0  0.0  0.0 42.410010619角田大河　　5501102  32.9   3.81332490+ 4   321350                       
0824260808 44.0  0.9  1.4  3.0  2.0  0.0 51.300010628田口貫太　　5501102  12.1   2.01332480+ 6254321350                       
0824260809 47.9  1.5  2.1  2.0  2.3  0.0 55.800010455池添謙一　　5800102   9.0   2.21332482- 4422321350                       
0824260810 39.0  1.3  1.9  1.5  1.9  0.0 45.602030182岩田康誠　　5800102   7.3   1.61332476- 2566321350                       
0824260811 46.0  1.6  2.4  0.0  2.2  0.0 52.200070360Ａ．ルメート5600102  12.7   2.51332418- 4 33321350                       
0824260901 48.0  0.4  0.0  0.0  0.0  0.0 48.402010438和田竜二　　5800102  43.8   5.71400484  0   321425                       
0824260902 58.0  2.1  2.4  2.0  2.3  0.0 66.800010455池添謙一　　5800102   7.4   1.61400518+ 4423321425                       
0824260903 55.1  1.4  1.8  2.5  2.1  0.0 62.900010591西村淳也　　5700102   5.2   1.41400452+ 2344321425                       
0824260904 59.4  2.3  3.4  3.5  2.2  0.0 70.800010560横山和生　　5500102   3.2   1.31400432  0132371425                       
0824260905 45.0  0.4 -1.0  0.0  0.0  0.0 44.410010574松若風馬　　5800102  68.9  10.41400484+14   221425                       
0824260906 51.0  0.9  1.2  1.5  1.9  0.0 56.500010619角田大河　　5700102   6.4   1.91400486  0566271425                       
0824260907 45.0  0.4 -1.0  0.0  0.0  0.0 44.410030182岩田康誠　　5700102  37.5   5.41400512- 4   321425                       
0824260908 59.0  2.6  3.6  3.0  3.3  0.0 71.512010546松山弘平　　5500102   3.2   1.31400472+ 6211371425                       
0824260909 52.0  1.3  1.6  0.0  2.0  0.0 56.900070176Ｍ．デムーロ5600102  11.0   2.51400446- 4 55321425                       
0824261001 64.0  1.6  2.3  3.0  2.1  0.0 73.002010457酒井学　　　5500102   4.9   1.81437474- 4243221501                       
0824261002 49.0  0.2 -1.0  0.0  0.0  0.0 48.200030182岩田康誠　　5500102  48.1   7.01437476- 6   321501                       
0824261003 57.3  0.2  0.7  0.0  0.0  0.0 58.202010436古川吉洋　　5300102  27.7   5.91437478- 2   321501                       
0824261004 56.0  0.1  0.0  0.0  0.0  0.0 56.110010628田口貫太　　5500102  63.3  12.21437492-14   371501                       
0824261005 59.0  1.1  0.7  1.5  2.0  0.0 64.300010546松山弘平　　5500102  13.9   2.91437494+ 2556321501                       
0824261006 61.0  3.2  3.3  3.5  2.3  0.0 73.300070176Ｍ．デムーロ5500102   2.2   1.21437440  0122321501                       
0824261007 54.0  0.2  0.0  0.0  0.0  0.0 54.200010544国分恭介　　5700102  44.7   5.81437508  0   321501                       
0824261008 64.4  0.8  0.9  0.0  2.2  0.0 68.300070360Ａ．ルメート5600102  16.3   2.91437482+ 6 34221501                       
0824261009 49.0  0.3 -1.0  0.0  0.0  0.0 48.300010455池添謙一　　5600102  65.2  11.11437502+ 4   221501                       
0824261010 56.6  0.5  0.0  0.0  0.0  0.0 57.102010535浜中俊　　　5300102  20.3   3.21437476+ 2   221501                       
0824261011 64.2  1.2  2.3  2.5  3.3  0.0 73.502010574松若風馬　　5500102   7.1   1.91437520  0311221501                       
0824261012 60.0  1.1  1.5  2.0  1.9  0.0 66.500010591西村淳也　　5300102  10.7   2.21437498+ 2465371501                       
0824261013 50.0  0.2 -1.0  0.0  0.0  0.0 49.202010619角田大河　　5500102 122.6  11.21437490+ 2   321501                       
0824261014 58.0  1.0  0.0  0.0  0.0  0.0 59.000010438和田竜二　　5400102  18.8   3.01437470+ 2   221501                       
0824261015 54.0  0.2  0.0  0.0  0.0  0.0 54.202010600団野大成　　5600102  59.9  13.11437562  0   221501                       
0824261101 54.0  0.4 -1.0  0.0  0.0  0.0 53.400010600団野大成　　5700102  63.7   7.11518460- 8   321535                       
0824261102 63.0  0.7  1.7  1.5  0.0  0.0 66.900010457酒井学　　　5600102  14.1   2.31518468+ 65 5321535                       
0824261103 69.0  2.1  3.5  2.5  2.2  0.0 79.300010455池添謙一　　5800102   4.0   1.31518470+ 6333221535                       
0824261104 51.0  0.2  0.0  0.0  0.0  0.0 51.202010628田口貫太　　5700102 157.0  12.91518552+24   221535                       
0824261105 71.0  3.0  3.7  3.5  3.3  0.0 84.500010560横山和生　　5700102   2.3   1.11518506- 8111321535                       
0824261106 55.0  1.0  0.0  0.0  0.0  0.0 56.000070176Ｍ．デムーロ5400102  21.3   2.81518458+ 2   321535                       
0824261107 57.0  0.4  0.0  0.0  2.0  0.0 59.412030182岩田康誠　　5700102  67.5   5.91518486+10 5 221535                       
0824261108 56.0  0.4  0.0  0.0  0.0  0.0 56.412010438和田竜二　　5700102 182.2  14.81518488- 2   221535                       
0824261109 72.3  2.1  3.8  3.0  2.3  0.0 83.512010546松山弘平　　5500102   3.7   1.31518478+10222321535                       
0824261110 57.0  0.4  0.0  0.0  1.9  0.0 59.302010591西村淳也　　5700102  60.9   5.71518464- 2 6 321535                       
0824261111 68.0  1.0  2.0  2.0  2.1  0.0 75.113010339横山典弘　　5700102   9.2   2.01518488+ 6444321535                       
0824261112 62.0  0.4  0.0  0.0  0.0  0.0 62.400010544国分恭介　　5700102  34.6   4.71518470+ 2  6371535                       
0824261201 56.0  0.2  0.5  0.0  2.0  0.0 58.710010586川又賢治　　5800102  19.9   3.81547514+ 2 55371610                       
0824261202 50.0  0.4  0.0  0.0  0.0  0.0 50.400010438和田竜二　　5600102  28.1   4.71547448  0   321610                       
0824261203 43.0  0.2  0.0  0.0  0.0  0.0 43.210010550高倉稜　　　5600102  92.3  14.31547490- 8   321610                       
0824261204 47.0  0.2  0.0  0.0  0.0  0.0 47.200010573木幡初也　　5600102  24.2   2.91547474- 4   321610                       
0824261205 40.0  0.1 -1.0  0.0  0.0  0.0 39.100010618土田真翔　　5503102  71.9  11.11547474- 8   321610                       
0824261206 57.0  2.6  3.5  3.5  3.3  0.0 69.900070360Ａ．ルメート5800102   3.0   1.61547480- 2111321610                       
0824261207 43.0  0.6  0.0  0.0  0.0  0.0 43.600010591西村淳也　　5600102  20.0   4.51547430+ 6   321610                       
0824261208 49.0  0.4  0.0  0.0  0.0  0.0 49.400030182岩田康誠　　5800102  14.5   3.91547530- 4   321610                       
0824261209 40.0  0.2 -1.0  0.0  0.0  0.0 39.200010436古川吉洋　　5600102  71.9  14.91547482- 4   321610                       
0824261210 40.0  0.2 -1.0  0.0  0.0  0.0 39.210010619角田大河　　5701102 114.9   3.81547484- 8   321610                       
0824261211 52.0  1.6  4.2  2.0  2.3  0.0 62.100010546松山弘平　　5800102   8.1   2.91547496  0424321610                       
0824261212 48.0  0.6  1.0  0.0  1.9  0.0 51.500010628田口貫太　　5501102  20.7   4.31547468- 4 66321610                       
0824261213 53.0  2.1  2.6  2.5  2.1  0.0 62.300010613今村聖奈　　5303102   5.0   2.01547506+ 4343321610                       
0824261214 58.6  1.6  2.5  3.0  2.2  0.0 67.900010601秋山稔樹　　5501102   6.8   2.51547500  0232371610                       
0824261215 48.0  0.7  0.0  0.0  0.0  0.0 48.712010600団野大成　　5800102  15.5   3.61547486-10   221610                       
0824261216 45.0  0.4  0.0  1.5  0.0  0.0 46.900010560横山和生　　5800102  20.0   4.71547510+105  321610                       
1024220101 20.0  0.2 -1.0  0.0  0.0  0.0 19.200010572小崎綾也　　5500101 126.9  16.40935470- 2   330950                       
1024220102 15.7  1.5  1.7  0.0  0.0  0.0 18.900010510吉田隼人　　5700101  15.4   3.60935502+16   220950                       
1024220103 25.1  0.4  0.2  0.0  1.9  0.0 27.600010617佐々木大輔　5601101  15.6   4.00935486+12 6 330950                       
1024220104 31.0  1.9  2.3  2.5  2.0  0.0 39.700010562長岡禎仁　　5500101   5.1   1.40935442  0354330950                       
1024220105 28.1  0.4  0.1  0.0  2.1  0.0 30.700010627佐藤翔馬　　5403101  38.7   5.20935466- 4 46330950                       
1024220106 10.0  0.1 -1.0  0.0  0.0  0.0  9.100010605小沢大仁　　5601101 100.7  14.70935482+12   220950                       
1024220107 24.1  0.1 -1.0  0.0  0.0  0.0 23.210010588富田暁　　　5700101 102.9  11.60935474  0   320950                       
1024220108 12.0  0.4 -1.0  0.0  0.0  0.0 11.400010624河原田菜々　5300101  79.5  13.20935474+10   230950                       
1024220109 29.0  0.9  1.4  1.5  0.0  0.0 32.800010419幸英明　　　5700101   9.7   2.30935492-16595230950                       
1024220110 34.0  1.9  2.0  3.5  2.2  0.0 43.600010578鮫島克駿　　5700101   2.9   1.30935516  0131220950                       
1024220111 24.0  0.6  0.0  0.0  0.0  0.0 24.610010547丸山元気　　5700101  26.6   4.60935512+ 6   220950                       
1024220112 35.0  1.1  0.0  2.0  2.3  0.0 40.400010564菱田裕二　　5700101   7.6   1.70935488+ 2423230950                       
1024220113 27.0  0.4 -1.0  0.0  0.0  0.0 26.410010581菊沢一樹　　5700101  50.1   5.70935504+ 6   220950                       
1024220114 29.1  1.9  3.2  3.0  3.3  0.0 40.502010515丹内祐次　　5700101   4.4   1.70935488- 2212230950                       
1024220115 28.0  0.2 -1.0  0.0  0.0  0.0 27.200010442勝浦正樹　　5700101 167.0  20.40935488+ 4   230950                       
1024220201 26.0  0.2 -1.0  0.0  0.0  0.0 25.200010620西塚洸二　　5403101  46.8   6.61006514-12   321020                       
1024220202 31.1  0.6  1.6  0.0  0.0  0.0 33.300010607永島まなみ　5203101  19.0   4.41006444  0  6331020                       
1024220203 37.0  1.5  2.3  3.0  2.3  0.0 46.100010536藤岡康太　　5500101   5.5   1.91006454- 2222311020                       
1024220204 22.0  0.2 -1.0  0.0  0.0  0.0 21.200010624河原田菜々　5300101  87.4  16.51006446- 2   331020                       
1024220205 42.0  2.3  3.3  3.5  3.3  0.0 54.400010578鮫島克駿　　5700101   4.0   1.71006464- 6111321020                       
1024220206 22.6  1.5  1.3  2.5  1.9  0.0 29.800010522北村友一　　5700101   5.6   2.41006436+ 636 321020                       
1024220207 20.0  0.1 -1.0  0.0  0.0  0.0 19.100010563原田和真　　5500101 132.3  19.31006434+ 2   321020                       
1024220208 37.1  1.6  2.3  0.0  2.2  0.0 43.200010547丸山元気　　5700101  12.9   2.91006470- 2 34321020                       
1024220209 28.0  0.5 -1.0  0.0  0.0  0.0 27.510010515丹内祐次　　5500101  22.6   5.21006428  0   221020                       
1024220210 15.0  0.1 -1.0  0.0  0.0  0.0 14.100010617佐々木大輔　5401101  73.9  12.21006426- 6   321020                       
1024220211 31.0  0.2 -1.0  0.0  0.0  0.0 30.200010584藤田菜七子　5300101  54.4   7.81006450+ 2   321020                       
1024220212 25.4  0.8  1.1  1.5  2.1  0.0 30.910010446秋山真一郎　5500101   9.0   3.21006440- 654 321020                       
1024220213 31.0  0.2  0.0  0.0  0.0  0.0 31.200010621水沼元輝　　5203101  39.9   6.71006430- 8   321020                       
1024220214 22.0  0.1 -1.0  0.0  0.0  0.0 21.100010564菱田裕二　　5500101  85.2  11.91006446+ 2   331020                       
1024220215 15.0  0.2  0.0  0.0  0.0  0.0 15.200010605小沢大仁　　5401101  51.5   9.41006458- 2   331020                       
1024220216 36.0  1.2  2.4  2.0  2.0  0.0 43.600010419幸英明　　　5700101   7.0   1.91006462- 6453221020                       
1024220217 34.0  0.6  0.0  0.0  0.0  0.0 34.600010581菊沢一樹　　5700101  12.3   3.41006466  0  5271020                       
1024220218 14.0  0.2 -1.0  0.0  0.0  0.0 13.202010626小林美駒　　5300101  93.7  14.91006436+ 4   231020                       
1024220301 40.0  0.4  0.0  0.0  0.0  0.0 40.400010584藤田菜七子　5400101  35.5   6.21036498+ 4   321050                       
1024220302 54.4  3.1  4.8  3.5  2.3  0.0 68.100010607永島まなみ　5503101   2.2   1.41036518+14121231050                       
1024220303 31.7  0.7  0.0  0.0  0.0  0.0 32.400010515丹内祐次　　5600101  24.9   3.91036458+ 8   321050                       
1024220304 36.0  0.4  0.0  0.0  0.0  0.0 36.400010617佐々木大輔　5701101  45.6   5.01036506- 4   321050                       
1024220305 36.1  0.4  0.0  0.0  0.0  0.0 36.500010578鮫島克駿　　5600101  41.4   7.51036438+ 2   331050                       
1024220306 33.0  0.4  0.0  0.0  0.0  0.0 33.400010547丸山元気　　5800101  42.9   7.41036558+ 6 9 231050                       
1024220307 41.1  0.9  2.2  0.0  3.3  0.0 47.500010605小沢大仁　　5701101  16.9   2.81036506- 8 14321050                       
1024220308 41.0  1.1  1.4  0.0  0.0  0.0 43.502010597小林凌大　　5602101  18.0   2.91036498- 2   221050                       
1024220309 38.0  0.8  1.2  3.0  0.0  0.0 43.000010622鷲頭虎太　　5303101   6.8   2.21036496-2229 221050                       
1024220310 42.1  1.1  1.9  2.0  2.2  0.0 49.300010611松本大輝　　5701101  11.9   2.81036498+ 4432221050                       
1024220311 42.0  0.4  0.7  2.5  2.1  0.0 47.710010620西塚洸二　　5503101   7.1   3.81036512- 4343221050                       
1024220312 43.0  0.5  0.5  0.0  2.0  0.0 46.000010529黛弘人　　　5800101  12.8   2.51036496+ 2 55211050                       
1024220313 22.0  0.4 -1.0  0.0  0.0  0.0 21.400010536藤岡康太　　5800101  43.3   8.11036502+12   331050                       
1024220314 35.8  1.9  3.3  1.5  1.9  0.0 44.410010626小林美駒　　5200101  10.8   1.81036462+ 2566321050                       
1024220401 10.4  1.3  0.0  2.0  2.1  0.0 15.800010616小牧加矢太　6000101   7.1   1.71105526-10445331120                       
1024220402 10.3  1.0  2.2  1.5  1.9  0.0 16.900010621水沼元輝　　5703101  21.9   2.21105472- 2563321120                       
1024220403 10.0  1.3  2.3  0.0  2.0  0.0 15.600010543小野寺祐太　5800101  24.5   3.41105498- 4 56321120                       
1024220404  9.9  0.7  1.4  0.0  0.0  0.0 12.010010571井上敏樹　　6000101  39.4   3.71105500+10   231120                       
1024220405 10.0  0.7  0.0  0.0  0.0  0.0 10.700010533草野太郎　　6000101  27.5   3.41105474+ 4   321120                       
1024220406 10.2  1.3  0.0  2.5  2.2  0.0 16.200010540大江原圭　　5900101  11.3   1.91105482+12334371120                       
1024220407 10.1  0.5  0.0  0.0  0.0  0.0 10.600010493黒岩悠　　　5900101  51.2   4.61105522- 4   321120                       
1024220408 10.0  1.3  2.7  3.0  2.3  0.0 19.300010521中村将之　　6000101  14.8   2.31105518- 6222311120                       
1024220409 10.0  0.7  0.3  0.0  0.0  0.0 11.000010567伴啓太　　　6000101  32.2   3.11105502- 8   321120                       
1024220410 10.5  3.3  5.0  3.5  3.3  0.0 25.600010559森一馬　　　5900101   1.3   1.11105512+ 2111321120                       
1024220411 10.0  0.3  0.0  0.0  0.0  0.0 10.300010489五十嵐雄祐　5900101  69.8   7.71105462+ 6   321120                       
1024220412 10.0  0.3 -1.0  0.0  0.0  0.0  9.300010481大庭和弥　　5900101  62.7   7.61105504+10   381120                       
1024220501 36.8  1.6  3.8  2.5  3.3  0.0 48.000010522北村友一　　5700101   6.1   1.41155454- 6312311210                       
1024220502 15.0  0.4 -1.0  0.0  0.0  0.0 14.400010620西塚洸二　　5403101 122.2  18.71155452- 8   331210                       
1024220503 25.0  0.6 -1.0  0.0  0.0  0.0 24.600010584藤田菜七子　5500101  48.7   6.21155420- 6   371210                       
1024220504 30.0  0.6  0.0  0.0  0.0  0.0 30.600010607永島まなみ　5203101  29.9   4.71155420+ 2   331210                       
1024220505 33.0  1.9  2.6  3.0  2.3  0.0 42.800010578鮫島克駿　　5700101   3.5   1.21155484- 8224221210                       
1024220506 27.0  0.6  1.1  0.0  0.0  0.0 28.700010547丸山元気　　5700101  26.5   4.01155490  0   321210                       
1024220507 30.1  0.8  0.0  1.5  1.9  0.0 34.300010606角田大和　　5401101  17.1   2.71155452- 2565221210                       
1024220508 34.0  2.1  3.7  2.0  2.1  0.0 43.900010617佐々木大輔　5401101   4.1   1.21155444+ 6443371210                       
1024220509 31.0  0.4  0.0  0.0  2.0  0.0 33.400010598斎藤新　　　5700101  80.6   6.71155484- 8 56211210                       
1024220510 39.0  2.7  4.8  3.5  2.2  0.0 52.210010536藤岡康太　　5700101   2.5   1.21155438+ 6131331210                       
1024220601 30.0  0.2 -1.0  0.0  0.0  0.0 29.200010529黛弘人　　　5700101  81.3  14.11227460- 8   311240                       
1024220602 41.0  2.3  5.4  3.0  3.3  0.0 55.000010584藤田菜七子　5300101   4.0   1.51227400  0211331240                       
1024220603 32.0  0.4  0.0  0.0  0.0  0.0 32.400010607永島まなみ　5203101  18.8   5.21227442- 2   221240                       
1024220604 29.3  0.9  0.7  0.0  0.0  0.0 30.900010419幸英明　　　5700101  20.6   3.81227472      221240                       
1024220605 16.0  0.1 -1.0  0.0  0.0  0.0 15.100010621水沼元輝　　5203101 103.9  15.71227390- 8   381240                       
1024220606 16.0  0.1 -1.0  0.0  0.0  0.0 15.110010564菱田裕二　　5700101  52.8   7.81227428+12   331240                       
1024220607 37.1  0.8  1.6  0.0  2.1  0.0 41.600010626小林美駒　　5100101  14.1   3.41227438+ 2 44321240                       
1024220608 33.0  0.8  1.9  2.5  2.0  0.0 40.200010536藤岡康太　　5700101   7.8   2.41227480- 6356221240                       
1024220609 28.0  0.1 -1.0  0.0  0.0  0.0 27.100010615川端海翼　　5203101 144.3  25.81227460- 2   331240                       
1024220610 37.0  0.6  0.0  0.0  0.0  0.0 37.610010617佐々木大輔　5401101  19.9   4.21227424  0   321240                       
1024220611 38.0  0.9  2.5  0.0  0.0  0.0 41.400010622鷲頭虎太　　5403101  14.9   3.01227462  0 95321240                       
1024220612 12.0  0.1 -1.0  0.0  0.0  0.0 11.100010588富田暁　　　5700101  75.1   9.21227472-16   321240                       
1024220613 29.0  0.4 -1.0  1.5  1.9  0.0 31.800010624河原田菜々　5300101  12.3   3.01227536  056 321240                       
1024220614 15.0  0.2  0.0  0.0  0.0  0.0 15.210010620西塚洸二　　5203101  29.2   8.51227484+12   321240                       
1024220615 15.0  0.4  0.0  0.0  0.0  0.0 15.400010515丹内祐次　　5700101  65.7  10.91227490+18   321240                       
1024220616 26.0  0.4 -1.0  0.0  0.0  0.0 25.400010581菊沢一樹　　5500101  52.8   8.61227432+ 2   371240                       
1024220617 35.0  3.0  4.0  3.5  2.3  0.0 47.810010578鮫島克駿　　5300101   3.5   1.41227454- 6122321240                       
1024220618 40.0  0.5  1.5  2.0  2.2  0.0 46.200010442勝浦正樹　　5700101  11.1   2.41227472- 4433221240                       
1024220701 30.0  0.4 -1.0  0.0  0.0  0.0 29.400010515丹内祐次　　5500101  43.3   6.91255472- 2   331310                       
1024220702 36.0  0.2 -1.0  0.0  0.0  0.0 35.200010627佐藤翔馬　　5203101  91.1  14.11255458- 2   331310                       
1024220703 44.2  2.6  4.0  3.5  3.3  0.0 57.600010578鮫島克駿　　5500101   2.6   1.31255446+16112321310                       
1024220704 34.0  0.6  0.0  0.0  0.0  0.0 34.600010620西塚洸二　　5303101  15.6   2.71255444- 6   231310                       
1024220705 41.1  0.7  0.0  2.0  2.2  0.0 46.000010460太宰啓介　　5500101  11.9   2.51255462- 2435321310                       
1024220706 42.0  0.7  0.9  0.0  1.9  0.0 45.500010617佐々木大輔　5501101  15.3   3.21255452+ 6 66321310                       
1024220707 38.0  0.4  0.0  0.0  0.0  0.0 38.400010626小林美駒　　5100101  57.7   9.61255482- 4 9 321310                       
1024220708 47.6  2.1  3.7  3.0  2.3  0.0 58.700010508藤岡佑介　　5600101   3.9   1.71255462+ 8221321310                       
1024220709 45.0  1.9  3.9  1.5  2.1  0.0 54.400010581菊沢一樹　　5600101   9.6   1.71255478- 2543321310                       
1024220710 44.0  0.7  0.8  0.0  0.0  0.0 45.500010605小沢大仁　　5501101  21.2   4.21255450- 2   331310                       
1024220711 42.1  1.3  1.6  2.5  2.0  0.0 49.500010510吉田隼人　　5500101   7.8   2.21255442-10354231310                       
1024220712 41.2  0.6  0.2  0.0  0.0  0.0 42.000010606角田大和　　5501101  59.6   9.11255456  0   371310                       
1024220713 41.0  0.6  0.0  0.0  0.0  0.0 41.600010607永島まなみ　5303101  15.1   3.61255480-10   321310                       
1024220801 27.0  0.6 -1.0  0.0  0.0  0.0 26.602010606角田大和　　5601101  70.9   9.31325506+ 4   221340                       
1024220802 46.3  0.9  1.7  1.5  2.1  0.0 52.500010605小沢大仁　　5601101  12.2   2.41325514+ 2543271340                       
1024220803 33.0  0.4  0.0  0.0  0.0  0.0 33.401010620西塚洸二　　5503101  34.1   4.41325470+ 8   231340                       
1024220804 46.0  1.4  3.2  3.0  2.0  0.0 55.600010607永島まなみ　5403101   7.7   1.51325464  0252231340                       
1024220805 32.0  0.8  0.8  2.0  1.9  0.0 37.500010615川端海翼　　5403101  14.2   2.31325492+ 246 331340                       
1024220806 46.2  0.8  0.2  0.0  2.2  0.0 49.402010597小林凌大　　5602101  31.7   3.51325548- 2 35311340                       
1024220807 53.0  3.5  3.6  3.5  3.3  0.0 66.900010617佐々木大輔　5601101   1.4   1.11325554- 2111371340                       
1024220808 44.0  0.9  2.4  0.0  0.0  0.0 47.300010624河原田菜々　5200101  21.7   3.01325456- 4 96231340                       
1024220809 43.0  0.6  0.0  0.0  0.0  0.0 43.600010621水沼元輝　　5503101  39.9   5.21325502+ 2   221340                       
1024220810 43.9  1.0  0.0  0.0  0.0  0.0 44.900010611松本大輝　　5601101  18.4   2.51325476- 4   331340                       
1024220811 44.3  1.4  1.7  2.5  2.3  0.0 52.200010598斎藤新　　　5800101  10.8   1.61325466  0324221340                       
1024220901 39.0  1.2  3.4  0.0  2.1  0.0 45.700010588富田暁　　　5700101  12.9   2.21358474+ 2 45321415                       
1024220902 41.4  0.8  3.0  0.0  0.0  0.0 45.210010564菱田裕二　　5700101  28.9   3.51358496+ 4  6231415                       
1024220903 46.1  2.0  3.1  3.0  2.2  0.0 56.400010522北村友一　　5700101   4.5   1.41358522+ 6232321415                       
1024220904 52.4  3.0  5.1  3.5  3.3  0.0 67.300010536藤岡康太　　5700101   1.7   1.11358506- 6111321415                       
1024220905 40.1  0.2 -1.0  0.0  0.0  0.0 39.300010519鮫島良太　　5700101  94.7   7.11358496+ 8   321415                       
1024220906 40.8  1.3  1.4  1.5  2.0  0.0 47.000010515丹内祐次　　5700101  12.2   2.11358478- 6554321415                       
1024220907 46.8  1.2  1.4  2.5  2.3  0.0 54.200010617佐々木大輔　5700101   6.3   1.41358492+ 4323321415                       
1024220908 40.0  0.7  0.0  2.0  0.0  0.0 42.702010578鮫島克駿　　5700101  15.9   2.31358442- 249 321415                       
1024220909 34.0  0.8 -1.0  0.0  1.9  0.0 35.710010419幸英明　　　5500101  39.7   4.11358506- 4 6 371415                       
1024220910 42.0  0.9  1.3  0.0  0.0  0.0 44.200010510吉田隼人　　5700101  44.5   5.41358482+ 6   321415                       
1024221001 51.0  0.4 -1.0  0.0  0.0  0.0 50.400010564菱田裕二　　5600101  25.0   4.41428424-10   321450                       
1024221002 48.0  1.3  1.8  0.0  2.1  0.0 53.200010515丹内祐次　　5600101  11.2   2.51428426+ 2 4 321450                       
1024221003 54.7  2.4  3.5  3.5  3.3  0.0 67.400010508藤岡佑介　　5500101   3.0   1.41428450- 2111331450                       
1024221004 52.0  0.6  0.0  0.0  0.0  0.0 52.600010602泉谷楓真　　5600101  22.2   3.91428448  0   321450                       
1024221005 45.0  0.2 -1.0  0.0  0.0  0.0 44.200010620西塚洸二　　5600101  38.5   6.51428502- 4   321450                       
1024221006 51.8  1.6  4.1  3.0  2.3  0.0 62.800010578鮫島克駿　　5500101   5.6   2.11428480+12222331450                       
1024221007 49.0  1.1  1.7  1.5  2.0  0.0 55.300010529黛弘人　　　5500101  14.4   2.71428440  0555321450                       
1024221008 40.0  0.4  0.0  0.0  0.0  0.0 40.400010536藤岡康太　　5600101  28.8   5.91428446  0   231450                       
1024221009 52.2  2.3  3.5  2.0  0.0  0.0 60.000010607永島まなみ　5500101   5.8   2.01428420+ 44 3321450                       
1024221010 47.2  0.9  0.8  2.5  2.2  0.0 53.600010588富田暁　　　5500101   8.5   2.21428446- 4336321450                       
1024221011 42.0  0.2 -1.0  0.0  0.0  0.0 41.200010617佐々木大輔　5600101  30.8   5.31428436+ 2   321450                       
1024221012 35.0  0.2 -1.0  0.0  0.0  0.0 34.200010547丸山元気　　5600101  65.2  12.21428450- 2 9 321450                       
1024221013 51.9  0.8  2.0  0.0  1.9  0.0 56.600010580荻野極　　　5500101   9.1   3.01428440- 6 64371450                       
1024221101 61.0  0.6 -1.0  0.0  0.0  0.0 60.610010508藤岡佑介　　5500101  33.0   6.71507520+ 2   321525                       
1024221102 45.0  0.2 -1.0  0.0  0.0  0.0 44.212010626小林美駒　　5700101 173.6  32.51507490+ 4   321525                       
1024221103 58.1  0.6  1.1  0.0  0.0  0.0 59.810010598斎藤新　　　5500101  20.5   4.81507492- 2   321525                       
1024221104 60.0  1.3  1.1  0.0  0.0  0.0 62.412010510吉田隼人　　5700101  13.0   3.71507512-10   331525                       
1024221105 55.1  0.4 -1.0  0.0  1.9  0.0 56.400010515丹内祐次　　5700101  39.2   6.61507494- 8 6 321525                       
1024221106 42.0  0.1 -1.0  0.0  0.0  0.0 41.100010564菱田裕二　　5500101 108.2  20.71507470- 4   321525                       
1024221107 63.0  0.9  1.7  2.5  2.3  0.0 70.400010536藤岡康太　　5600101   5.9   2.11507438- 2322331525                       
1024221108 62.0  0.6 -1.0  0.0  2.1  0.0 63.702010602泉谷楓真　　5500101  17.5   3.11507476- 2 46321525                       
1024221109 50.0  0.2 -1.0  0.0  0.0  0.0 49.210010605小沢大仁　　5700101  45.7   8.41507480- 8   221525                       
1024221110 59.0  1.2  1.9  3.0  2.0  0.0 67.110010606角田大和　　5800101   7.9   2.71507520+ 8254321525                       
1024221111 56.1  0.4  0.0  0.0  0.0  0.0 56.502010446秋山真一郎　5700101  14.8   3.81507524  0   221525                       
1024221112 54.1  0.1  0.0  0.0  0.0  0.0 54.200010588富田暁　　　5500101  66.8  10.51507456  0   321525                       
1024221113 60.1  1.4  1.8  1.5  0.0  0.0 64.800010547丸山元気　　5700101   9.5   2.91507486- 2595221525                       
1024221114 55.0  0.2 -1.0  0.0  0.0  0.0 54.200010572小崎綾也　　5700101 101.5  15.51507494+ 2 9 221525                       
1024221115 62.1  2.3  3.5  3.5  3.3  0.0 74.700010578鮫島克駿　　5800101   3.9   1.71507472-14111211525                       
1024221116 51.0  0.2 -1.0  0.0  0.0  0.0 50.200010617佐々木大輔　5700101  38.4   6.51507478+ 4   231525                       
1024221117 61.1  1.6  3.2  2.0  2.2  0.0 70.102010522北村友一　　5700101   6.7   2.41507498- 2433321525                       
1024221118 53.0  0.6  0.0  0.0  0.0  0.0 53.600010419幸英明　　　5700101  17.0   4.11507474- 4   321525                       
1024221201 48.0  1.1  1.4  0.0  2.1  0.0 52.600010581菊沢一樹　　5800101  11.7   2.61536518- 4 45321601                       
1024221202 47.0  0.4  0.0  0.0  0.0  0.0 47.400010622鷲頭虎太　　5503101  12.8   3.81536506- 4   221601                       
1024221203 34.0  0.2  0.2  0.0  0.0  0.0 34.400010529黛弘人　　　5800101  51.3  11.91536526- 8   331601                       
1024221204 40.0  0.2 -1.0  0.0  0.0  0.0 39.200010442勝浦正樹　　5700101  31.4   5.81536486- 8   221601                       
1024221205 53.0  2.5  3.3  3.0  2.2  0.0 64.000010536藤岡康太　　5700101   4.4   1.61536536- 6232221601                       
1024221206 43.0  0.9  1.6  0.0  2.0  0.0 47.500010598斎藤新　　　5700101  14.0   3.71536472  0 56331601                       
1024221207 39.0  0.4 -1.0  0.0  0.0  0.0 38.400010626小林美駒　　5300101  32.9   6.91536462- 2   271601                       
1024221208 44.0  0.4  0.0  0.0  0.0  0.0 44.400010607永島まなみ　5403101  14.6   3.41536454  0   331601                       
1024221209 44.0  0.9  0.0  2.0  0.0  0.0 46.900010558藤懸貴志　　5700101   6.1   2.51536506- 249 121601                       
1024221210 46.0  0.9  0.9  2.5  2.3  0.0 52.600010578鮫島克駿　　5700101   7.4   2.61536486- 4324321601                       
1024221211 55.0  1.9  3.3  3.5  3.3  0.0 67.000010515丹内祐次　　5800101   5.2   1.91536458- 2111231601                       
1024221212 42.0  0.2 -1.0  0.0  0.0  0.0 41.200010588富田暁　　　5700101  19.1   3.71536534+ 2   211601                       
1024221213 50.0  1.4  2.6  1.5  1.9  0.0 57.400010617佐々木大輔　5701101  10.1   2.11536520- 8563221601                       
