02241c0101 33.0  1.6  1.6  2.5  2.2  0.0 40.900010588富田暁　　　5500101   5.5   1.40952466-10333321010                       
02241c0102 30.0  0.9  1.3  0.0  2.0  0.0 34.200010564菱田裕二　　5500101  21.0   2.90952432- 4 56321010                       
02241c0103 16.0  0.5  0.0  0.0  0.0  0.0 16.500010515丹内祐次　　5500101  58.9   7.30952428  0 9 331010                       
02241c0104 31.1  1.6  2.6  2.0  2.1  0.0 39.400010617佐々木大輔　5500101   6.9   1.60952458- 2444221010                       
02241c0105 10.0  0.4 -1.0  0.0  0.0  0.0  9.410010596亀田温心　　5500101 140.5  21.50952450- 6   271010                       
02241c0106 36.0  1.9  4.2  3.0  3.3  0.0 48.400010625小林勝太　　5203101   6.3   1.30952450- 4211321010                       
02241c0107 31.0  1.9  2.0  1.5  1.9  0.0 38.300010455池添謙一　　5500101  11.8   1.90952474- 6565331010                       
02241c0108 14.0  0.6  0.0  0.0  0.0  0.0 14.600010634長浜鴻緒　　5203101  27.5   4.60952468+ 6   271010                       
02241c0109 37.0  2.5  3.1  3.5  2.3  0.0 48.400010355武豊　　　　5500101   1.7   1.10952462+ 4122371010                       
02241c0110 21.0  0.4  0.0  0.0  0.0  0.0 21.400010633高杉吏麒　　5203101  73.9   8.40952470+ 8   271010                       
02241c0201 40.0  2.3  3.0  3.5  3.3  0.0 52.100010578鮫島克駿　　5700101   2.9   1.11028468-12111321045                       
02241c0202 27.0  0.4 -1.0  0.0  0.0  0.0 26.400010516大野拓弥　　5700101  80.8  11.71028494- 4 9 221045                       
02241c0203 28.0  0.9  0.6  1.5  1.9  0.0 32.900010515丹内祐次　　5700101   8.7   2.31028560- 2566221045                       
02241c0204 19.0  0.2 -1.0  0.0  0.0  0.0 18.202010436古川吉洋　　5700101 106.3  19.91028498+14   321045                       
02241c0205 29.0  0.4  0.0  0.0  2.1  0.0 31.500010560横山和生　　5700101  25.4   4.61028484- 6 4 321045                       
02241c0206 22.0  0.2  0.0  0.0  0.0  0.0 22.200010597小林凌大　　5500101  50.2   6.51028422- 8   331045                       
02241c0207 25.0  0.2 -1.0  0.0  0.0  0.0 24.200010529黛弘人　　　5500101  35.4   4.81028412- 2   331045                       
02241c0208 27.1  0.6  0.0  0.0  0.0  0.0 27.700010633高杉吏麒　　5403101  25.8   4.31028432+ 2   331045                       
02241c0209 31.0  0.6  0.0  0.0  0.0  0.0 31.600010508藤岡佑介　　5500101  56.7   7.81028412- 4   371045                       
02241c0210 32.0  0.6  0.9  0.0  0.0  0.0 33.500010608永野猛蔵　　5700101  17.0   3.31028460- 4  5321045                       
02241c0211 35.0  2.1  2.8  3.0  2.3  0.0 45.200010355武豊　　　　5700101   3.5   1.21028462+ 2223321045                       
02241c0212 37.0  2.1  2.3  2.0  2.0  0.0 45.400010590横山武史　　5700101   6.6   1.61028504- 4452321045                       
02241c0213 23.0  0.4 -1.0  0.0  0.0  0.0 22.402030182岩田康誠　　5500101  82.7  16.41028452+ 2   371045                       
02241c0214 32.1  0.9  2.0  2.5  2.2  0.0 39.700010625小林勝太　　5203101   8.1   1.91028474+ 8334371045                       
02241c0301 36.0  1.5  0.6  2.0  2.2  0.0 42.300030182岩田康誠　　5500101   8.3   2.01059450+ 6435331115                       
02241c0302 27.0  0.2  0.0  0.0  0.0  0.0 27.200010619角田大河　　5401101  71.7   9.31059418  0   371115                       
02241c0303 23.0  0.3 -1.0  0.0  0.0  0.0 22.300010507津村明秀　　5500101  92.3  13.31059414+16   231115                       
02241c0304 40.0  1.6  2.3  2.5  2.0  0.0 48.400010608永野猛蔵　　5500101   6.8   1.81059428  0352471115                       
02241c0305 44.0  2.2  2.9  3.5  3.3  0.0 55.910010355武豊　　　　5500101   2.4   1.51059430- 4111371115                       
02241c0306 25.0  0.1  0.0  0.0  0.0  0.0 25.100010625小林勝太　　5203101  58.1  11.51059386+18   471115                       
02241c0307 37.0  0.8  0.1  1.5  1.9  0.0 41.310010578鮫島克駿　　5500101   8.3   2.91059438+16566331115                       
02241c0308 39.1  0.8  1.3  0.0  0.0  0.0 41.200010615川端海翼　　5203101  20.2   4.01059434+ 2   371115                       
02241c0309 29.0  0.6  0.0  0.0  0.0  0.0 29.600010617佐々木大輔　5500101  17.8   4.01059440- 2 9 371115                       
02241c0310 40.3  0.8  1.3  3.0  2.3  0.0 47.700010634長浜鴻緒　　5203101   9.5   2.21059398- 4223331115                       
02241c0311 38.0  0.2  0.0  0.0  0.0  0.0 38.200010529黛弘人　　　5500101  66.4   6.31059434+ 8   331115                       
02241c0312 38.1  0.7  0.0  0.0  0.0  0.0 38.800010515丹内祐次　　5500101  13.0   3.31059412+16   331115                       
02241c0313 26.0  0.2 -1.0  0.0  0.0  0.0 25.200010436古川吉洋　　5500101 120.5  16.31059442+ 8   371115                       
02241c0314 15.0  0.4 -1.0  0.0  0.0  0.0 14.400010508藤岡佑介　　5500101 124.8  21.51059436  0   331115                       
02241c0315 39.0  0.6  0.9  0.0  0.0  0.0 40.500010516大野拓弥　　5500101  25.7   3.81059412- 2   371115                       
02241c0316 38.2  1.2  1.7  0.0  2.1  0.0 43.200010590横山武史　　5500101  16.3   3.81059456- 2 44371115                       
02241c0401 40.0  2.1  2.9  3.0  2.3  0.0 50.300010588富田暁　　　5700101   6.2   1.51124470+ 4221221145                       
02241c0402 36.0  0.9  0.1  0.0  2.0  0.0 39.000010515丹内祐次　　5500101  15.1   3.51124458+10 56231145                       
02241c0403 39.0  2.6  3.3  0.0  0.0  0.0 44.900010634長浜鴻緒　　5203101   4.4   1.71124432+ 6  5331145                       
02241c0404 41.0  0.9  0.9  2.0  2.2  0.0 47.002010625小林勝太　　5203101   9.9   2.41124444-10433321145                       
02241c0405 27.0  0.4  0.0  0.0  0.0  0.0 27.400010516大野拓弥　　5500101  26.8   3.71124430+ 4   331145                       
02241c0406 18.0  0.4  0.0  0.0  0.0  0.0 18.400010615川端海翼　　5203101  40.8   8.21124448+ 6   321145                       
02241c0407 25.0  0.4 -1.0  0.0  0.0  0.0 24.400010564菱田裕二　　5500101 105.9  13.81124420- 4   371145                       
02241c0408 13.0  0.4 -1.0  0.0  0.0  0.0 12.400030182岩田康誠　　5700101  53.7   9.21124440+10   271145                       
02241c0409 35.0  1.2  3.8  2.5  3.3  0.0 45.800010617佐々木大輔　5500101   7.4   1.81124466- 2314381145                       
02241c0410 34.0  0.8  0.2  0.0  0.0  0.0 35.000010578鮫島克駿　　5700101   5.5   3.41124486- 4   221145                       
02241c0411 39.1  1.4  1.8  3.5  2.1  0.0 47.900010597小林凌大　　5700101   5.5   1.81124504  0142231145                       
02241c0412 33.0  0.6  0.0  1.5  1.9  0.0 37.000010529黛弘人　　　5500101   8.5   3.11124482- 456 331145                       
02241c0501 37.0  2.2  2.2  3.5  2.2  0.0 47.100010355武豊　　　　5500101   3.6   1.21218494   134231235                       
02241c0502 20.0  0.6  0.0  0.0  1.9  0.0 22.500010564菱田裕二　　5500101  35.0   4.31218460    6 221235                       
02241c0503 40.2  1.6  2.9  2.0  2.1  0.0 48.800010588富田暁　　　5500101   8.0   1.61218474   443221235                       
02241c0504 42.3  2.2  3.3  2.5  2.3  0.0 52.600010522北村友一　　5500101   5.9   1.31218492   322221235                       
02241c0505 22.0  0.8  0.0  0.0  0.0  0.0 22.800010560横山和生　　5500101  16.5   2.71218420    9 371235                       
02241c0506 23.0  0.3  0.0  0.0  0.0  0.0 23.300010436古川吉洋　　5500101  49.4   6.31218444     6321235                       
02241c0507 48.5  3.0  4.4  3.0  3.4  0.0 62.300010617佐々木大輔　5500101   1.9   1.11218492   211221235                       
02241c0508 30.9  1.2  1.0  1.5  2.0  0.0 36.600010515丹内祐次　　5500101  18.1   2.21218498   555221235                       
02241c0509 21.0  0.4 -1.0  0.0  0.0  0.0 20.400010625小林勝太　　5203101  56.2   5.91218472      271235                       
02241c0601 15.0  0.1 -1.0  0.0  0.0  0.0 14.110010588富田暁　　　5500101  69.5  10.51249400+ 4   571305                       
02241c0602 36.0  0.2  0.0  0.0  0.0  0.0 36.200010619角田大河　　5601101  54.6   6.11249478- 8   221305                       
02241c0603 36.1  0.2  0.0  0.0  0.0  0.0 36.310010436古川吉洋　　5700101  57.5   7.11249464+14 9 331305                       
02241c0604 32.0  0.4 -1.0  0.0  0.0  0.0 31.400010617佐々木大輔　5500101  42.5   5.51249430+ 4   331305                       
02241c0605 33.0  0.4  0.0  1.5  1.9  0.0 36.800010634長浜鴻緒　　5203101  32.8   4.41249424+14566271305                       
02241c0606 36.2  1.2  0.6  2.5  2.1  0.0 42.610010578鮫島克駿　　5700101   9.5   1.51249448+ 4345321305                       
02241c0607 40.0  0.6  0.2  0.0  2.0  0.0 42.800010560横山和生　　5500101  38.5   3.81249420+ 2 54331305                       
02241c0608 41.2  2.3  2.6  3.0  2.2  0.0 51.300010515丹内祐次　　5500101   4.8   1.41249488  0232331305                       
02241c0609 33.0  0.8  0.0  0.0  0.0  0.0 33.800010608永野猛蔵　　5500101  44.4   7.61249434- 4   331305                       
02241c0610 30.0  0.4  0.0  0.0  0.0  0.0 30.400010542三浦皇成　　5500101  36.4   5.11249470+ 6   321305                       
02241c0611 27.0  0.4  0.0  0.0  0.0  0.0 27.410010615川端海翼　　5403101  53.9   8.01249460  0   231305                       
02241c0612 46.0  2.6  4.2  3.5  3.3  0.0 59.600010590横山武史　　5700101   1.6   1.11249480  0111211305                       
02241c0613 33.0  0.4 -1.0  0.0  0.0  0.0 32.410010564菱田裕二　　5500101 110.0  11.71249478+ 8   331305                       
02241c0614 21.1  0.2 -1.0  0.0  0.0  0.0 20.300010532荻野琢真　　5500101  90.5  16.31249462  0   221305                       
02241c0615 41.0  1.6  2.1  2.0  2.3  0.0 49.000010355武豊　　　　5700101   8.6   1.71249486  0423321305                       
02241c0616 33.0  0.3  0.0  0.0  0.0  0.0 33.300010507津村明秀　　5500101  65.2   9.01249428- 2   321305                       
02241c0701 49.0  1.4  2.7  2.0  2.0  0.0 57.102010588富田暁　　　5300101  10.2   2.71318496- 6453371335                       
02241c0702 31.0  0.2 -1.0  0.0  0.0  0.0 30.200010615川端海翼　　5303101 120.4  16.21318504  0   221335                       
02241c0703 44.0  1.1  1.3  1.5  2.3  0.0 50.210010508藤岡佑介　　5600101  10.9   2.31318482- 6526321335                       
02241c0704 51.0  1.5  2.2  3.0  2.1  0.0 59.800010515丹内祐次　　5300101   8.1   1.51318434- 2242331335                       
02241c0705 48.3  0.4  0.0  0.0  0.0  0.0 48.700010633高杉吏麒　　5003101  28.3   4.81318454  0   271335                       
02241c0706 40.0  0.4 -1.0  0.0  0.0  0.0 39.400010619角田大河　　5501101  63.8   7.81318466+ 4   321335                       
02241c0707 41.0  0.2 -1.0  0.0  0.0  0.0 40.200010608永野猛蔵　　5600101  54.2   7.11318486+10   321335                       
02241c0708 53.0  2.6  4.1  3.5  3.3  0.0 66.502010617佐々木大輔　5300101   1.7   1.11318490- 6111331335                       
02241c0709 50.0  1.1  2.1  0.0  0.0  0.0 53.200010590横山武史　　5300101  16.5   2.81318502+ 4 95231335                       
02241c0710 42.0  0.4  0.0  0.0  0.0  0.0 42.400010596亀田温心　　5300101  32.3   3.61318454+ 6   331335                       
02241c0711 42.0  0.4 -1.0  0.0  0.0  0.0 41.400010564菱田裕二　　5600101  46.0   6.81318480+ 6   331335                       
02241c0712 43.0  0.2 -1.0  0.0  1.9  0.0 44.100010529黛弘人　　　5600101  94.5  11.91318506- 4 6 321335                       
02241c0713 48.0  1.4  2.2  2.5  2.2  0.0 56.310010355武豊　　　　5600101   6.7   1.61318476+ 6334321335                       
02241c0714 45.0  0.8  0.9  0.0  0.0  0.0 46.703010516大野拓弥　　5600101  30.5   4.01318478+ 2   331335                       
02241c0801 39.0  0.9  0.5  0.0  0.0  0.0 40.400010507津村明秀　　5800101  22.4   5.61350500- 4   231405                       
02241c0802 40.0  0.2 -1.0  0.0  0.0  0.0 39.200010553水口優也　　5800101  80.9   8.21350484-10   261405                       
02241c0803 46.0  2.4  2.4  3.5  2.2  0.0 56.500010455池添謙一　　5800101   4.6   1.51350486- 4133321405                       
02241c0804 50.0  1.0  0.9  2.5  3.3  0.0 57.700010617佐々木大輔　5500101   4.7   1.61350516+ 4312331405                       
02241c0805 45.1  0.4  0.3  0.0  0.0  0.0 45.800010529黛弘人　　　5600101  18.6   3.91350444- 2   321405                       
02241c0806 47.1  1.3  0.5  1.5  1.9  0.0 52.300010515丹内祐次　　5600101  14.6   2.71350460  0564331405                       
02241c0807 34.0  0.4  0.0  0.0  0.0  0.0 34.400010564菱田裕二　　5600101  33.6   7.31350466+ 2   331405                       
02241c0808 47.0  2.3  5.1  3.0  2.3  0.0 59.700010578鮫島克駿　　5300101   3.4   1.31350488- 2221321405                       
02241c0809 43.0  0.2 -1.0  0.0  0.0  0.0 42.200010586川又賢治　　5800101  83.3  13.41350458- 8 9 311405                       
02241c0810 37.0  0.3 -1.0  0.0  0.0  0.0 36.300010516大野拓弥　　5800101 105.5  15.51350484- 2   331405                       
02241c0811 45.0  0.7  0.5  0.0  0.0  0.0 46.200010625小林勝太　　5503101  30.1   4.41350486+ 4  6321405                       
02241c0812 47.2  0.9  0.0  0.0  0.0  0.0 48.100010633高杉吏麒　　5303101  12.5   3.61350446  0  5371405                       
02241c0813 32.2  0.2  0.0  0.0  2.0  0.0 34.400010436古川吉洋　　5300101  34.9   5.41350460+18 5 321405                       
02241c0814 34.0  1.1  0.0  0.0  0.0  0.0 35.100010608永野猛蔵　　5500101  20.7   4.01350456+16   371405                       
02241c0815 36.0  0.4  0.6  2.0  2.1  0.0 41.100010542三浦皇成　　5500101   9.0   2.91350484+ 844 231405                       
02241c0901 32.0  0.2 -1.0  0.0  0.0  0.0 31.200010436古川吉洋　　5800101  89.5  11.21418516  0 9 321436                       
02241c0902 44.4  0.6  1.1  2.0  2.1  0.0 50.200010529黛弘人　　　5500101   9.0   2.31418432+ 2444381436                       
02241c0903 40.3  1.4  2.9  3.0  2.3  0.0 49.900010578鮫島克駿　　5500101   5.8   1.61418480+ 6225321436                       
02241c0904 38.0  0.2 -1.0  0.0  0.0  0.0 37.200010625小林勝太　　5800101 120.8  17.31418454- 2   231436                       
02241c0905 42.1  0.4  0.0  0.0  0.0  0.0 42.500010634長浜鴻緒　　5500101  65.2   7.51418458- 4   331436                       
02241c0906 40.0  0.3 -1.0  0.0  0.0  0.0 39.300010507津村明秀　　5800101  46.3   5.11418476  0   221436                       
02241c0907 47.0  1.3  1.6  1.5  1.9  0.0 53.300010515丹内祐次　　5800101  11.1   1.91418490- 2563331436                       
02241c0908 28.0  0.4 -1.0  0.0  0.0  0.0 27.400010608永野猛蔵　　5500101  32.5   4.41418506+12   331436                       
02241c0909 49.0  3.0  3.7  3.5  2.2  0.0 61.400010564菱田裕二　　5600101   2.0   1.11418500+ 2131331436                       
02241c0910 41.7  1.1  1.4  0.0  0.0  0.0 44.200010535浜中俊　　　5500101  20.7   3.61418498+12   331436                       
02241c0911 44.0  0.6  0.1  0.0  0.0  0.0 44.700010596亀田温心　　5500101  31.8   5.41418460  0  6231436                       
02241c0912 45.0  1.6  2.3  2.5  3.3  0.0 54.700010617佐々木大輔　5600101   5.8   1.61418432+ 4312331436                       
02241c0913 42.0  0.5  0.0  0.0  2.0  0.0 44.500030182岩田康誠　　5600101  23.6   3.61418454- 2 5 331436                       
02241c1001 53.0  0.7  0.5  0.0  0.0  0.0 54.200010608永野猛蔵　　5800101  30.1   4.11453482+ 2  6221511                       
02241c1002 50.1  2.3  2.4  2.5  2.2  0.0 59.500010590横山武史　　5800101   4.6   1.71453490  0334321511                       
02241c1003 43.0  0.4 -1.0  0.0  0.0  0.0 42.400030182岩田康誠　　5800101  20.5   4.91453496+ 4 9 221511                       
02241c1004 52.2  1.6  1.7  3.5  3.3  0.0 62.300010578鮫島克駿　　5500101   5.6   1.81453526+ 4111371511                       
02241c1005 52.1  1.0  2.4  2.0  2.0  0.0 59.500010553水口優也　　5500101   4.8   1.71453468  0453231511                       
02241c1006 42.0  0.2 -1.0  0.0  0.0  0.0 41.200010597小林凌大　　5800101  79.8  13.01453436- 2   331511                       
02241c1007 47.3  1.1  0.1  1.5  2.3  0.0 52.300010508藤岡佑介　　5800101   9.1   2.81453494+1452 231511                       
02241c1008 48.0  0.6  0.0  0.0  0.0  0.0 48.600010522北村友一　　5600101  29.4   5.91453434-10   321511                       
02241c1009 50.2  0.4  0.6  0.0  0.0  0.0 51.200010633高杉吏麒　　5500101  12.3   4.51453472+ 2   321511                       
02241c1010 49.0  0.7  1.0  0.0  0.0  0.0 50.700010560横山和生　　5500101  14.0   3.51453480+ 8   331511                       
02241c1011 47.0  0.2 -1.0  0.0  0.0  0.0 46.200010619角田大河　　5800101  45.6  10.11453464- 6   321511                       
02241c1012 48.0  0.3  0.0  0.0  0.0  0.0 48.300010542三浦皇成　　5800101  62.7   7.81453488- 2   331511                       
02241c1013 50.3  1.9  2.9  3.0  1.9  0.0 60.000010564菱田裕二　　5600101   6.7   2.31453428- 4262331511                       
02241c1014 50.0  1.0  2.0  0.0  2.1  0.0 55.100010617佐々木大輔　5800101  12.7   2.71453442+ 4 45231511                       
02241c1101 65.6  1.3  2.8  3.5  2.1  0.0 75.300010455池添謙一　　5750101   4.6   2.01528530- 2141221545                       
02241c1102 63.2  0.8  0.0  0.0  0.0  0.0 64.000010564菱田裕二　　5700101  15.4   4.01528486- 2   221545                       
02241c1103 63.4  1.2  0.0  0.0  0.0  0.0 64.600010590横山武史　　5300101  11.4   3.51528500- 8   321545                       
02241c1104 62.3  1.0  3.3  2.0  2.3  0.0 70.900010542三浦皇成　　5600101   8.6   2.91528476- 6423331545                       
02241c1105 62.0  0.7  0.0  0.0  0.0  0.0 62.700010508藤岡佑介　　5500101  15.2   3.51528470- 2   321545                       
02241c1106 59.8  0.8  0.0  0.0  0.0  0.0 60.600010507津村明秀　　5800101  18.7   5.11528490- 8   221545                       
02241c1107 56.1  0.4 -1.0  0.0  0.0  0.0 55.500010578鮫島克駿　　5400101  95.8  20.81528434+ 4   321545                       
02241c1108 58.0  0.4 -1.0  0.0  0.0  0.0 57.400010608永野猛蔵　　5500101  61.6  10.71528480- 6   221545                       
02241c1109 56.0  0.2 -1.0  0.0  0.0  0.0 55.200010436古川吉洋　　5400101  46.1  10.21528494+10   221545                       
02241c1110 60.2  0.6  0.3  2.5  2.2  0.0 65.800010560横山和生　　5750101   7.3   2.61528480- 2336321545                       
02241c1111 63.5  0.4  0.0  0.0  2.0  0.0 65.900010529黛弘人　　　5600101  27.9   5.61528472  0 55331545                       
02241c1112 66.0  1.1  1.8  3.0  3.3  0.0 75.200030182岩田康誠　　5750101   7.7   2.41528506- 4212321545                       
02241c1113 63.1  1.3  1.2  1.5  1.9  0.0 69.000010355武豊　　　　5600101   8.6   2.91528522+ 4564231545                       
02241c1114 59.6  0.5  0.0  0.0  0.0  0.0 60.100010535浜中俊　　　5850101  23.8   5.01528484+ 2   321545                       
02241c1115 59.4  0.9  1.2  0.0  0.0  0.0 61.500010617佐々木大輔　5850101  11.1   3.21528476- 6 9 331545                       
02241c1116 63.3  1.2  0.0  0.0  0.0  0.0 64.500010515丹内祐次　　5600101  18.5   4.41528456- 4   231545                       
02241c1201 53.1  2.1  3.3  2.5  3.3  0.0 64.300010619角田大河　　5500101   4.3   1.41613478- 8311321630                       
02241c1202 40.1  0.9  1.3  0.0  0.0  0.0 42.300010535浜中俊　　　5600101  23.8   3.51613434+12   321630                       
02241c1203 50.0  0.5  0.5  0.0  2.0  0.0 53.000010515丹内祐次　　5600101  14.8   2.61613498  0 56321630                       
02241c1204 50.1  1.6  3.7  2.0  2.3  0.0 59.710010590横山武史　　5800101   5.9   1.61613506+10424331630                       
02241c1205 42.0  0.2 -1.0  0.0  0.0  0.0 41.200010436古川吉洋　　5800101 133.8  21.61613470  0   331630                       
02241c1206 50.2  2.4  3.4  3.5  2.2  0.0 61.700010508藤岡佑介　　5300101   2.3   1.31613484+ 6133371630                       
02241c1207 53.0  0.9  0.5  1.5  1.9  0.0 57.800010455池添謙一　　5800101  14.5   2.61613464  0565271630                       
02241c1208 52.0  1.1  5.0  3.0  2.1  0.0 63.200010516大野拓弥　　5800101   8.4   2.01613460+ 4242331630                       
02241c1209 44.0  0.4  0.0  0.0  0.0  0.0 44.400010522北村友一　　5600101  45.2   6.51613498- 4   331630                       
02241c1210 48.0  0.8  0.4  0.0  0.0  0.0 49.200010617佐々木大輔　5500101  22.3   3.71613486+ 2 9 331630                       
02241c1211 46.0  0.6 -1.0  0.0  0.0  0.0 45.600010564菱田裕二　　5800101  62.8   6.91613446- 2   321630                       
02241c1212 49.0  0.7  0.0  0.0  0.0  0.0 49.710010608永野猛蔵　　5600101  22.1   4.01613472+ 2   331630                       
0324260101 35.0  2.9  3.3  3.5  3.6  0.0 48.300010537丸田恭介　　5500101   1.9   1.10941430- 2111371001                       
0324260102 27.0  3.4  4.3  3.0  2.3  0.0 40.002010570石川裕紀人　5500101   2.3   1.10941466+ 2232271001                       
0324260103 10.0  0.3 -1.0  0.0  0.0  0.0  9.310010412岩部純二　　5500101  59.1   5.60941416+ 4   221001                       
0324260104 25.0  1.6  2.5  2.5  2.4  0.0 34.010030113内田博幸　　5500101  12.9   1.30941456  0323231001                       
0324260105 15.0  0.6  0.0  1.5  0.0  0.0 17.102010589武藤雅　　　5500101  27.4   3.50941512-125 6221001                       
0324260106 26.1  0.9  1.5  2.0  2.0  0.0 32.500010584藤田菜七子　5300101   8.8   1.50941414- 4444331001                       
0324260107 26.0  1.2  1.8  0.0  0.0  0.0 29.002010627佐藤翔馬　　5203101  20.6   1.80941476- 4  5221001                       
0324260108 10.0  0.2  0.0  0.0  0.0  0.0 10.210010604原優介　　　5401101  48.1   5.60941420- 6   331001                       
0324260201 33.0  2.6  3.3  2.5  2.2  0.0 43.600010547丸山元気　　5500101   3.1   1.11013454  0333221035                       
0324260202 20.0  0.5 -1.0  0.0  0.0  0.0 19.500010429柴田大知　　5500101  35.1   3.41013454- 2   221035                       
0324260203 19.9  0.4  0.3  0.0  0.0  0.0 20.612010582木幡巧也　　5500101  41.6   3.61013420- 2  6331035                       
0324260204 29.0  0.8  0.3  2.0  2.1  0.0 34.200010416吉田豊　　　5500101  14.2   2.11013444- 8444331035                       
0324260205 18.0  0.7  0.0  1.5  0.0  0.0 20.210010577野中悠太郎　5500101  17.2   2.21013504  05  231035                       
0324260206 33.1  2.3  3.2  3.0  2.3  0.0 43.900010599菅原明良　　5500101   4.6   1.11013456+ 6222331035                       
0324260207 27.0  0.5  0.0  0.0  0.0  0.0 27.512010412岩部純二　　5500101  33.8   3.71013460  0  5231035                       
0324260208 32.0  3.4  4.1  3.5  3.4  0.0 46.402030468戸崎圭太　　5500101   1.9   1.11013444+ 4111271035                       
0324260301 25.0  0.1 -1.0  0.0  0.0  0.0 24.102010612横山琉人　　5401101  89.1  19.51053414+ 8   331105                       
0324260302 38.1  1.7  3.6  1.5  2.0  0.0 46.900010375江田照男　　5700101   9.0   2.21053462  0542371105                       
0324260303 38.0  1.2  2.6  3.0  0.0  0.0 44.800010582木幡巧也　　5700101   5.9   1.91053432+ 22 3271105                       
0324260304 30.0  0.4 -1.0  0.0  0.0  0.0 29.400010584藤田菜七子　5300101  21.9   6.01053418+ 2   371105                       
0324260305 36.0  0.9  0.9  0.0  0.0  0.0 37.800010599菅原明良　　5700101  14.5   3.11053474+ 8   231105                       
0324260306 26.0  0.1 -1.0  0.0  0.0  0.0 25.100010547丸山元気　　5700101 126.2  28.21053446  0   331105                       
0324260307 32.0  0.1 -1.0  0.0  0.0  0.0 31.100010589武藤雅　　　5500101  52.3   9.01053394- 2   331105                       
0324260308 38.2  1.2  1.6  0.0  2.4  0.0 43.402010577野中悠太郎　5700101  13.8   3.01053472+ 6 35331105                       
0324260309 37.1  1.2  2.4  2.0  0.0  0.0 42.700030468戸崎圭太　　5500101   5.7   2.01053492+ 44 6231105                       
0324260310 10.0  0.1 -1.0  0.0  0.0  0.0  9.100010555杉原誠人　　5500101 121.9  20.81053502+ 6   221105                       
0324260311 15.0  0.1  0.0  0.0  0.0  0.0 15.102010630大江原比呂　5300101 132.0  24.51053486- 4   221105                       
0324260312 36.1  1.6  0.6  3.5  3.0  0.0 44.802010491田辺裕信　　5500101   4.1   1.91053482  0124331105                       
0324260313 49.0  2.8  3.5  2.5  3.5  0.0 61.312010497石橋脩　　　5700101   4.8   1.71053472-10311331105                       
0324260314 34.0  0.6  0.1  0.0  0.0  0.0 34.702010604原優介　　　5401101  15.2   4.51053396- 8   331105                       
0324260315 23.0  0.2 -1.0  0.0  0.0  0.0 22.210010500松岡正海　　5500101 102.5  24.21053406+ 6   331105                       
0324260316 37.0  0.2  0.5  0.0  0.0  0.0 37.700010623石田拓郎　　5403101  26.8   4.81053442+ 6   331105                       
0324260401 10.0  0.1  0.0  0.0  0.0  0.0 10.111010627佐藤翔馬　　5203201 109.5  23.21126458+ 6   271135                       
0324260402 28.0  0.3  0.4  0.0  0.0  0.0 28.700010416吉田豊　　　5500201  32.1   4.81126492- 2  6231135                       
0324260403 20.0  0.1 -1.0  0.0  0.0  0.0 19.112010582木幡巧也　　5700201  57.7   9.91126500+12   121135                       
0324260404 10.0  0.1  0.0  0.0  0.0  0.0 10.100010604原優介　　　5401201  79.8  11.61126488+16   231135                       
0324260405 10.0  0.1 -1.0  0.0  0.0  0.0  9.100010412岩部純二　　5500201  97.6  15.71126442      231135                       
0324260406 39.0  2.6  2.6  2.5  3.0  0.0 49.700010584藤田菜七子　5300201   3.8   1.41126490- 6323331135                       
0324260407 21.2  0.6  0.0  0.0  0.0  0.0 21.802010629石神深道　　5403201  29.1   7.61126448- 8   231135                       
0324260408 45.0  2.3  3.9  3.5  2.4  0.0 57.102030468戸崎圭太　　5700201   4.5   1.51126508- 4131131135                       
0324260409 10.0  0.0 -1.0  0.0  0.0  0.0  9.002010577野中悠太郎　5500201 131.3  19.81126480  0   271135                       
0324260410 24.0  0.2  0.0  0.0  0.0  0.0 24.200010612横山琉人　　5601201  26.7   6.71126426+ 6   331135                       
0324260411 17.3  0.7  0.4  1.5  2.3  0.0 22.202010570石川裕紀人　5500201   5.8   1.81126468   54 331135                       
0324260412 19.0  0.1  0.0  0.0  0.0  0.0 19.102010630大江原比呂　5100201 143.5  20.61126468- 8   321135                       
0324260413 39.2  2.6  3.0  3.0  3.6  0.0 51.400010599菅原明良　　5500201   3.7   1.31126452  0212331135                       
0324260414 34.0  1.3  1.1  2.0  0.0  0.0 38.400010537丸田恭介　　5700201  10.5   2.21126488+ 84 4271135                       
0324260415 33.0  0.7  2.0  0.0  2.2  0.0 37.900010605小沢大仁　　5601201  18.7   3.11126456- 4 55331135                       
0324260416 10.0  0.2 -1.0  0.0  0.0  0.0  9.200010429柴田大知　　5700201  70.9  14.11126474      221135                       
0324260501 31.0  0.7  1.3  1.5  0.0  0.0 34.500010577野中悠太郎　5500101  12.3   2.71212472   5 5231225                       
0324260502 28.6  0.7  0.8  0.0  0.0  0.0 30.100030113内田博幸　　5500101  26.1   4.51212428      221225                       
0324260503 36.4  1.2  2.2  2.5  0.0  0.0 42.300010500松岡正海　　5500101   6.2   1.71212416   3 4221225                       
0324260504 20.4  0.6 -1.0  0.0  0.0  0.0 20.002010599菅原明良　　5500101  14.9   3.41212422      331225                       
0324260505 42.7  1.6  3.4  2.0  0.0  0.0 49.702010582木幡巧也　　5500101   6.0   1.81212478   4 3231225                       
0324260506 31.9  0.6  1.4  0.0  0.0  0.0 33.900010589武藤雅　　　5500101  17.5   3.11212520     6231225                       
0324260507 25.2  0.9  0.0  0.0  2.3  0.0 28.400010570石川裕紀人　5500101  14.4   3.21212440    3 221225                       
0324260508 20.2  0.2 -1.0  0.0  0.0  0.0 19.400010603小林脩斗　　5302101  44.8   7.11212476      231225                       
0324260509 43.1  2.3  3.5  3.5  2.4  0.0 54.800010547丸山元気　　5500101   2.6   1.31212408   121231225                       
0324260510 39.6  1.8  2.8  3.0  3.5  0.0 50.700010537丸田恭介　　5500101   5.4   1.71212430   212231225                       
0324260511 20.3  0.2  0.0  0.0  0.0  0.0 20.502010604原優介　　　5401101  35.4   5.71212432      231225                       
0324260512 29.3  1.4  0.7  0.0  0.0  0.0  0.000130468戸崎圭太　　5500101            1212         231225                       
0324260601 24.5  0.8  1.8  1.5  0.0  0.0 28.600010412岩部純二　　5500201  13.7   1.81238402   5 4271255                       
0324260602 10.0  0.4 -1.0  0.0  0.0  0.0  9.400010537丸田恭介　　5500201  24.4   3.51238476      131255                       
0324260603 33.5  2.1  3.2  3.0  3.6  0.0 45.400010599菅原明良　　5500201   4.3   1.31238482   212231255                       
0324260604 37.1  3.5  3.7  3.5  2.4  0.0 50.200030468戸崎圭太　　5500201   2.3   1.11238480   131231255                       
0324260605 33.0  2.3  3.0  2.0  2.2  0.0 42.500010612横山琉人　　5401201   4.5   1.41238510   443221255                       
0324260606 15.7  0.6  0.0  0.0  0.0  0.0 16.302010589武藤雅　　　5500201  23.9   3.71238480      231255                       
0324260607 18.7  0.7  0.6  0.0  0.0  0.0 20.000010630大江原比呂　5100201  14.1   2.81238480     6221255                       
0324260608 19.9  1.2  0.8  2.5  3.0  0.0 27.400010605小沢大仁　　5401201   6.4   1.61238440   325371255                       
0324260701 36.0  0.7  0.1  0.0  0.0  0.0 36.800010629石神深道　　5203102  14.7   3.91312428- 2  5321325                       
0324260702 23.0  1.9  3.7  3.5  3.6  0.0 35.710030468戸崎圭太　　5500102   4.3   1.71312442+ 211 371325                       
0324260703 28.0  0.4  0.0  0.0  0.0  0.0 28.400010497石橋脩　　　5500102  36.5   6.31312444+ 2   371325                       
0324260704 37.7  2.6  3.5  3.0  3.0  0.0 49.810010500松岡正海　　5700102   4.0   1.51312454+ 2221331325                       
0324260705 34.0  0.4  0.0  0.0  2.1  0.0 36.500010605小沢大仁　　5401102  26.3   4.61312454+ 4 66331325                       
0324260706 30.0  0.6  0.5  0.0  0.0  0.0 31.100030113内田博幸　　5700102  23.5   6.01312464  0   231325                       
0324260707 31.0  0.2  0.0  0.0  0.0  0.0 31.202010563原田和真　　5500102  45.4   6.71312454+18   271325                       
0324260708 36.1  0.7  1.0  2.0  0.0  0.0 39.802010570石川裕紀人　5700102  12.6   3.51312506+ 24 3221325                       
0324260709 29.0  0.4 -1.0  0.0  0.0  0.0 28.402010599菅原明良　　5500102  34.8   7.31312418+ 6   371325                       
0324260710 30.0  0.1  0.0  0.0  0.0  0.0 30.110010623石田拓郎　　5203102  99.8  17.51312394  0   371325                       
0324260711 39.0  1.4  2.7  2.5  2.4  0.0 48.000010603小林脩斗　　5302102   5.7   1.71312434- 4332331325                       
0324260712 26.0  0.2  0.0  0.0  0.0  0.0 26.200010630大江原比呂　5100102  37.1   7.61312446+ 2   271325                       
0324260713 31.4  1.1  1.2  0.0  2.3  0.0 36.000010547丸山元気　　5500102   9.5   2.91312470    4 321325                       
0324260714 30.0  1.6  3.0  1.5  2.2  0.0 38.300010581菊沢一樹　　5500102   8.3   2.11312422- 6554371325                       
0324260715 17.0  0.1  0.0  0.0  0.0  0.0 17.102010582木幡巧也　　5500102  79.1  11.01312428- 2   331325                       
0324260716 21.0  0.1  0.0  0.0  0.0  0.0 21.100010612横山琉人　　5401102  55.8  10.61312436+ 2   231325                       
0324260801 39.2  1.7  0.0  1.5  0.0  0.0 42.400010491田辺裕信　　5600102   8.0   2.11341466+ 25  221355                       
0324260802 29.0  0.4  0.0  0.0  0.0  0.0 29.402010551西村太一　　5300102  29.9   5.71341394-10   331355                       
0324260803 25.0  0.1  0.0  0.0  0.0  0.0 25.100010528的場勇人　　5800102 106.7  32.11341464- 2   271355                       
0324260804 42.1  0.7  0.0  0.0  3.5  0.0 46.302010599菅原明良　　5800102   8.0   3.01341486  0 1 371355                       
0324260805 40.0  0.6  0.9  0.0  0.0  0.0 41.500010629石神深道　　5003102  17.8   4.11341434+ 8   331355                       
0324260806 43.7  1.1  1.4  0.0  0.0  0.0 46.202010324柴田善臣　　5600102  13.4   4.31341466  0   231355                       
0324260807 41.0  0.1 -1.0  0.0  0.0  0.0 40.102010577野中悠太郎　5800102  52.6  13.91341498- 4   231355                       
0324260808 37.0  0.4  1.3  2.5  2.0  0.0 43.200010584藤田菜七子　5600102  13.2   3.81341446+ 235 331355                       
0324260809 44.0  2.3  2.9  2.0  0.0  0.0 51.200010570石川裕紀人　5500102   4.8   1.81341460+ 24 3371355                       
0324260810 43.8  0.6  0.7  0.0  2.2  0.0 47.300010555杉原誠人　　5800102  26.9   3.41341486+ 2 35221355                       
0324260811 48.0  1.4  1.2  3.5  2.1  0.0 56.200010604原優介　　　5501102   5.6   2.21341458- 8141321355                       
0324260812 46.1  1.2  1.3  0.0  2.3  0.0 50.900010497石橋脩　　　5800102  14.7   3.21341524+ 8 24221355                       
0324260813 46.2  0.2  0.3  0.0  0.0  0.0 46.700010623石田拓郎　　5303102  17.4   4.31341418- 4  6231355                       
0324260814 40.0  0.2 -1.0  0.0  0.0  0.0 39.202010375江田照男　　5800102  49.4   9.41341480+ 6   221355                       
0324260815 29.0  0.2  0.0  0.0  0.0  0.0 29.202010412岩部純二　　5600102 141.7  43.11341522  0   221355                       
0324260816 46.0  1.6  3.2  3.0  0.0  0.0 53.800010581菊沢一樹　　5800102   6.2   2.51341488+ 62 2231355                       
0324260901 37.5  0.2  0.0  0.0  0.0  0.0 37.712010581菊沢一樹　　5800203  49.3   5.81409488  0   221426                       
0324260902 40.0  0.2 -1.0  0.0  0.0  0.0 39.202010429柴田大知　　5300203  61.6   8.41409476+ 8   221426                       
0324260903 54.1  1.6  2.4  2.5  2.3  0.0 62.900010570石川裕紀人　5600203   6.1   1.41409464+ 2333231426                       
0324260904 47.0  0.2  0.0  0.0  0.0  0.0 47.200010589武藤雅　　　5600203  43.1   5.21409486+ 6   331426                       
0324260905 46.0  0.4  0.0  0.0  0.0  0.0 46.410010491田辺裕信　　5800203  17.3   4.01409508- 2   221426                       
0324260906 53.0  2.1  3.0  3.0  2.4  0.0 63.502010604原優介　　　5800203   4.4   1.61409508-14222221426                       
0324260907 49.6  0.9  1.7  0.0  3.6  0.0 55.810010537丸田恭介　　5800203  12.0   3.51409502  0 15331426                       
0324260908 45.4  0.6  0.6  1.5  0.0  0.0 48.110010555杉原誠人　　5800203  11.1   2.71409464  05 6331426                       
0324260909 43.0  0.3  0.0  0.0  0.0  0.0 43.300010500松岡正海　　5800203  36.6   8.61409510- 6   321426                       
0324260910 38.0  0.2  0.0  0.0  0.0  0.0 38.200010605小沢大仁　　5800203  71.6   9.61409438- 2   231426                       
0324260911 52.0  3.1  3.4  3.5  2.2  0.0 64.200010582木幡巧也　　5800203   2.9   1.11409450- 2141331426                       
0324260912 54.0  1.5  2.2  2.0  2.1  0.0 61.802010324柴田善臣　　5800203   5.2   1.51409508- 2454271426                       
0324261001 55.0  0.8  1.4  2.0  0.0  0.0 59.200010547丸山元気　　5600103   9.6   2.31441462  04 6331501                       
0324261002 55.2  0.8  0.7  0.0  0.0  0.0 56.702010605小沢大仁　　5500103  22.4   4.51441476+ 2   321501                       
0324261003 56.0  1.2  1.0  2.5  0.0  0.0 60.700010577野中悠太郎　5300103   7.2   2.21441430+ 63 5321501                       
0324261004 50.0  0.2 -1.0  0.0  0.0  0.0 49.200010612横山琉人　　5500103  32.8   6.11441480+ 4   231501                       
0324261005 57.1  0.7  0.0  0.0  0.0  0.0 57.812010604原優介　　　5500103  21.2   3.71441500+10   231501                       
0324261006 45.0  0.4  0.0  0.0  0.0  0.0 45.412010581菊沢一樹　　5200103  33.8   4.51441476- 6   331501                       
0324261007 56.7  1.2  2.0  1.5  2.3  0.0 63.702010555杉原誠人　　5600103  12.2   3.21441466- 2533321501                       
0324261008 53.1  0.3  0.0  0.0  2.1  0.0 55.500010429柴田大知　　5500103  76.9  10.91441438- 4 5 331501                       
0324261009 58.0  1.6  3.2  3.0  2.2  0.0 68.002030113内田博幸　　5500103   5.2   1.71441506+ 6242231501                       
0324261010 53.0  0.3  0.0  0.0  0.0  0.0 53.302010500松岡正海　　5300103  33.5   6.11441496+ 8   231501                       
0324261011 57.0  0.5  0.0  0.0  0.0  0.0 57.510010491田辺裕信　　5500103  24.8   5.41441500- 2   221501                       
0324261012 57.2  0.3  0.0  0.0  0.0  0.0 57.500010416吉田豊　　　5300103  14.2   3.11441468+ 4   221501                       
0324261013 58.1  0.7  0.1  0.0  3.0  0.0 61.900010570石川裕紀人　5600103  13.3   3.01441490- 6 24321501                       
0324261014 60.0  3.0  3.5  3.5  3.6  0.0 73.600030468戸崎圭太　　5500103   2.7   1.31441434+ 2111371501                       
0324261101 51.0  0.2  0.0  0.0  2.0  0.0 53.200010547丸山元気　　5700103  22.8   4.01518496-14 5 331535                       
0324261102 53.0  0.1 -1.0  0.0  0.0  0.0 52.100010537丸田恭介　　5500103 109.6  12.61518448+ 4   331535                       
0324261103 60.0  0.4  0.0  0.0  2.1  0.0 62.510010555杉原誠人　　5700103  33.0   4.71518486- 8 45321535                       
0324261104 65.2  3.4  4.1  3.5  3.6  0.0 79.800030468戸崎圭太　　5500103   1.7   1.11518488- 2111371535                       
0324261105 44.0  0.0 -1.0  0.0  0.0  0.0 43.002010627佐藤翔馬　　5500103 136.2  16.31518516- 2   231535                       
0324261106 63.4  0.6  1.8  0.0  0.0  0.0 65.802010570石川裕紀人　5700103  26.5   3.81518500+10  4231535                       
0324261107 58.0  0.6  1.4  1.5  0.0  0.0 61.500010612横山琉人　　5500103  16.4   3.01518444- 25 6321535                       
0324261108 56.0  0.7  0.5  0.0  0.0  0.0 57.202010491田辺裕信　　5700103  29.2   4.31518498  0   321535                       
0324261109 47.0  0.2  0.0  0.0  0.0  0.0 47.200010581菊沢一樹　　5700103  43.3   4.71518472  0   321535                       
0324261110 59.0  0.4  0.0  0.0  0.0  0.0 59.412010605小沢大仁　　5700103  46.0   5.41518476  0   221535                       
0324261111 59.1  1.4  2.5  3.0  2.4  0.0 68.402010599菅原明良　　5700103   5.9   1.61518444- 4222331535                       
0324261112 43.0  0.1 -1.0  0.0  2.3  0.0 44.400010582木幡巧也　　5700103  82.3   9.61518480+ 8 3 331535                       
0324261113 53.0  1.0  0.6  0.0  0.0  0.0 54.600010497石橋脩　　　5500103  21.9   3.41518426- 4   331535                       
0324261114 61.0  1.6  2.6  2.5  0.0  0.0 67.702010416吉田豊　　　5800103  10.6   2.01518472- 83 3231535                       
0324261115 54.0  1.1  2.0  2.0  0.0  0.0 59.100010324柴田善臣　　5500103  10.5   2.61518506- 44  331535                       
0324261116 43.0  0.1 -1.0  0.0  0.0  0.0 42.100010604原優介　　　5700103 104.8  11.71518468- 2   231535                       
0324261201 37.0  0.1 -1.0  0.0  0.0  0.0 36.102010623石田拓郎　　5503203  60.7   6.51606480- 6   321620                       
0324261202 34.0  0.2  0.0  0.0  0.0  0.0 34.202010582木幡巧也　　5500203  49.1   7.81606544+ 8   221620                       
0324261203 39.1  0.7  1.1  0.0  2.2  0.0 43.102010324柴田善臣　　5500203  28.2   3.31606504+ 4 56231620                       
0324261204 38.0  0.1  0.0  0.0  0.0  0.0 38.100010630大江原比呂　5400203  56.4   5.51606504+ 4   271620                       
0324261205 58.0  3.5  4.1  3.5  3.6  0.0 72.700030113内田博幸　　5500203   1.8   1.11606490  0111331620                       
0324261206 33.0  0.3  0.0  0.0  0.0  0.0 33.300010416吉田豊　　　5500203  42.9   6.61606462+ 2   221620                       
0324261207 38.1  0.2 -1.0  0.0  0.0  0.0 37.300010612横山琉人　　5701203  81.5   7.31606486-12   321620                       
0324261208 36.9  0.7  2.0  0.0  2.4  0.0 42.012010555杉原誠人　　5500203  26.6   3.61606436+ 8 3 331620                       
0324261209 37.1  0.9  0.0  2.0  0.0  0.0 40.010010570石川裕紀人　5500203   8.5   2.21606480+ 84  231620                       
0324261210 45.3  0.2  0.0  1.5  0.0  0.0 47.002010577野中悠太郎　5500203  28.7   4.01606506+165 5231620                       
0324261211 38.0  0.0 -1.0  0.0  0.0  0.0 37.002010627佐藤翔馬　　5503203 118.5   8.21606512- 2   331620                       
0324261212 46.2  0.8  1.5  0.0  2.3  0.0 50.812010497石橋脩　　　5500203  18.2   3.11606488+ 4 44221620                       
0324261213 55.9  1.9  3.0  3.0  0.0  0.0 63.810030468戸崎圭太　　5800203   4.5   1.21606522+14292231620                       
0324261214 36.0  0.2 -1.0  0.0  0.0  0.0 35.200010429柴田大知　　5800203  85.0  13.11606472- 8   331620                       
0324261215 46.0  1.2  2.0  2.5  3.0  0.0 54.700010599菅原明良　　5500203   9.6   1.71606502- 2323371620                       
1024360101 15.0  1.6  1.7  2.5  2.1  0.0 22.900010511上野翔　　　6000203   3.9   1.60930476+ 6343220950                       
1024360102 16.2  3.9  3.7  3.0  2.3  0.0 29.110010479石神深一　　6000203   3.1   1.50930466- 2222220950                       
1024360103 16.0  3.1  3.9  3.5  3.3  0.0 29.802010616小牧加矢太　6000203   2.1   1.20930472- 6111320950                       
1024360104 14.3  1.6  2.2  2.0  2.2  0.0 22.300010567伴啓太　　　6000203   6.7   2.10930462  0434320950                       
1024360105 14.1  0.5 -1.0  0.0  0.0  0.0 13.600010543小野寺祐太　5800203  16.3   5.20930504-10  5320950                       
1024360201 35.0  2.3  2.9  3.0  2.3  0.0 45.510010602泉谷楓真　　5401204   3.7   1.31001412+ 4221371025                       
1024360202 30.1  3.0  3.5  3.5  3.3  0.0 43.402010600団野大成　　5500204   2.7   1.31001440+ 6112321025                       
1024360203 19.0  0.4 -1.0  0.0  0.0  0.0 18.412010572小崎綾也　　5500204  28.1   2.51001440  0   321025                       
1024360204 20.0  1.6  2.3  1.5  2.2  0.0 27.600010591西村淳也　　5500204  10.4   2.31001500- 2535321025                       
1024360205 19.0  1.2  1.2  0.0  0.0  0.0 21.410010583坂井瑠星　　5500204   7.4   2.41001494+ 4   321025                       
1024360206 19.0  0.6  0.0  0.0  1.9  0.0 21.512010607永島まなみ　5300204  17.7   3.61001448- 2 6 321025                       
1024360207 23.1  1.2  0.3  2.5  2.1  0.0 29.200010546松山弘平　　5500204   8.2   1.81001410- 6344321025                       
1024360208 30.0  1.2  1.4  2.0  2.0  0.0 36.600010419幸英明　　　5500204   8.5   1.91001454- 2453321025                       
1024360209 23.0  0.7 -1.0  0.0  0.0  0.0 22.712010628田口貫太　　5401204  17.3   2.91001480-10  6321025                       
1024360301 31.0  1.3  1.8  1.5  2.0  0.0 37.600070176Ｍ．デムーロ5500304  11.6   3.11038442- 6554321055                       
1024360302 35.0  1.6  2.4  3.0  2.2  0.0 44.200010546松山弘平　　5500304   5.2   1.71038456- 2233321055                       
1024360303 29.0  1.0  1.7  2.0  2.1  0.0 35.810010607永島まなみ　5300304   7.2   1.91038442  0445321055                       
1024360304 10.0  0.2  0.0  0.0  0.0  0.0 10.200010562長岡禎仁　　5500304  44.0   6.91038462      321055                       
1024360305 36.0  1.6  2.3  2.5  2.3  0.0 44.700010600団野大成　　5500304   7.7   1.71038464- 4322321055                       
1024360306 16.0  0.2 -1.0  0.0  0.0  0.0 15.200010628田口貫太　　5401304  70.0   8.91038466  0   321055                       
1024360307 14.0  0.2 -1.0  0.0  0.0  0.0 13.210010632柴田裕一郎　5203304  82.3  11.41038446- 2   321055                       
1024360308 39.0  2.8  3.9  3.5  3.3  0.0 52.512010457酒井学　　　5500304   2.4   1.21038478  0111321055                       
1024360309 20.0  0.1  0.0  0.0  0.0  0.0 20.100010572小崎綾也　　5500304 125.8  24.21038456- 2   221055                       
1024360310 10.0  0.1 -1.0  0.0  0.0  0.0  9.102010561中井裕二　　5500304  96.8  17.01038460      221055                       
1024360311 22.7  0.6  1.8  0.0  0.0  0.0 25.110010622鷲頭虎太　　5203304  15.8   3.51038446  0   321055                       
1024360312 30.0  0.6  0.2  0.0  1.9  0.0 32.702010460太宰啓介　　5500304  18.5   4.11038446+ 2 66321055                       
1024360313 21.0  0.2 -1.0  0.0  0.0  0.0 20.200010574松若風馬　　5500304  70.1  11.61038436- 4   321055                       
1024360314 10.1  0.3  0.0  0.0  0.0  0.0 10.400010419幸英明　　　5500304  32.1   5.01038454      321055                       
1024360315 28.0  0.2  0.0  0.0  0.0  0.0 28.202010558藤懸貴志　　5500304  20.7   3.71038510+ 6   321055                       
1024360316 18.0  0.2  0.0  0.0  0.0  0.0 18.210010624河原田菜々　5100304  55.9   8.91038414-14   321055                       
1024360401 32.0  0.3  0.0  0.0  0.0  0.0 32.310010419幸英明　　　5500204  37.5   4.91108414+ 2   221125                       
1024360402 39.0  1.0  1.0  0.0  2.1  0.0 43.110010438和田竜二　　5700204  23.3   2.91108466+ 2 43221125                       
1024360403 33.0  1.6  2.9  2.0  2.2  0.0 41.700010632柴田裕一郎　5403204   8.4   1.81108502+ 2434371125                       
1024360404 35.0  0.3  0.6  0.0  1.9  0.0 37.800010457酒井学　　　5500204  39.8   4.11108444  0 66321125                       
1024360405 21.0  0.2  0.0  0.0  0.0  0.0 21.210010600団野大成　　5700204  85.6   7.11108442+ 2   321125                       
1024360406 29.0  0.2  0.0  0.0  0.0  0.0 29.200010606角田大和　　5601204  66.4   7.41108404+ 2   221125                       
1024360407 38.9  2.1  3.1  3.0  2.3  0.0 49.410010546松山弘平　　5500204   5.7   1.31108446+ 4222321125                       
1024360408 19.0  0.1  0.0  0.0  0.0  0.0 19.110010550高倉稜　　　5700204 110.3  11.31108484- 4   321125                       
1024360409 24.0  0.1  0.0  0.0  0.0  0.0 24.110010460太宰啓介　　5500204 128.0  13.21108496- 2   221125                       
1024360410 19.0  0.1 -1.0  0.0  0.0  0.0 18.110010558藤懸貴志　　5700204  95.2  10.51108500- 2   221125                       
1024360411 28.0  0.5  0.0  1.5  0.0  0.0 30.002070176Ｍ．デムーロ5500204  17.9   3.11108452- 65  321125                       
1024360412 40.0  3.4  3.7  3.5  3.3  0.0 53.900010583坂井瑠星　　5700204   1.6   1.01108482+ 6111321125                       
1024360413 19.0  0.0 -1.0  0.0  0.0  0.0 18.010010622鷲頭虎太　　5403204 134.8  13.51108476  0   321125                       
1024360414 29.0  0.2  0.0  0.0  0.0  0.0 29.210010620西塚洸二　　5601204  64.7   6.31108488-10   321125                       
1024360415 25.0  0.2 -1.0  0.0  0.0  0.0 24.200010628田口貫太　　5601204  75.4   6.91108462+ 6   321125                       
1024360416 32.9  0.6  1.6  2.5  2.0  0.0 39.600010636吉村誠之助　5403204  15.8   2.81108466-10355321125                       
1024360417 19.0  0.1 -1.0  0.0  0.0  0.0 18.100010572小崎綾也　　5500204 128.7  15.31108418- 2   321125                       
1024360418 25.0  0.4  0.0  0.0  0.0  0.0 25.400010607永島まなみ　5300204  35.6   4.81108436-12   221125                       
1024360501 40.1  3.1  3.9  3.5  3.3  0.0 53.900010419幸英明　　　5500404   3.1   1.51157450   111321215                       
1024360502 35.1  2.2  2.8  3.0  2.2  0.0 45.300010438和田竜二　　5500404   3.1   1.81157506   232321215                       
1024360503 28.0  1.2  1.4  1.5  2.3  0.0 34.400010546松山弘平　　5500404   7.0   2.71157452   525321215                       
1024360504 15.1  0.9  0.0  0.0  0.0  0.0 16.000010628田口貫太　　5401404  17.7   4.21157470      321215                       
1024360505 30.9  1.6  1.9  2.0  2.0  0.0 38.400010601秋山稔樹　　5401404   7.2   3.41157454   453371215                       
1024360506 29.2  1.9  1.6  2.5  2.1  0.0 37.300010583坂井瑠星　　5500404   4.9   2.21157444   344321215                       
1024360507 15.4  0.6  0.0  0.0  0.0  0.0 16.000010591西村淳也　　5500404  13.5   4.41157508     6321215                       
1024360601 39.2  2.6  3.6  3.0  2.3  0.0 50.700010591西村淳也　　5500404   5.1   1.41228446   222321245                       
1024360602 31.0  1.1  2.0  2.0  2.1  0.0 38.200010607永島まなみ　5300404   6.8   1.41228478   444221245                       
1024360603 15.1  0.4  0.0  0.0  0.0  0.0 15.500010545国分優作　　5500404  28.0   3.11228468      321245                       
1024360604 30.9  1.6  2.1  1.5  2.2  0.0 38.300010558藤懸貴志　　5500404   9.3   1.81228480   533321245                       
1024360605 44.0  3.1  4.5  3.5  3.3  0.0 58.400010419幸英明　　　5500404   1.9   1.11228494   111221245                       
1024360606 25.0  0.8  0.8  2.5  2.0  0.0 31.100010546松山弘平　　5500404   8.1   1.71228406   355221245                       
1024360607 23.4  1.2  0.6  0.0  0.0  0.0 25.200010438和田竜二　　5500404   9.6   2.31228406     6221245                       
1024360608 15.0  0.2  0.0  0.0  0.0  0.0 15.200010585森裕太朗　　5500404  48.0   5.71228440      271245                       
1024360701 29.0  0.8  0.0  2.0  2.1  0.0 33.912010574松若風馬　　5700404   6.6   2.21255484+ 6444321315                       
1024360702 16.3  0.2  0.0  0.0  0.0  0.0 16.510010572小崎綾也　　5500404  49.4   7.71255408+ 4   321315                       
1024360703 14.0  0.2 -1.0  0.0  0.0  0.0 13.200010548川須栄彦　　5700404 101.0  13.01255494  0   321315                       
1024360704 28.0  0.5  0.1  0.0  2.0  0.0 30.600010419幸英明　　　5700404  11.4   3.01255456- 6 5 321315                       
1024360705 23.0  0.8  1.3  0.0  0.0  0.0 25.100010602泉谷楓真　　5601404  21.0   4.71255474      321315                       
1024360706 10.0  0.2  0.0  0.0  0.0  0.0 10.200010620西塚洸二　　5601404  56.1  10.01255504      221315                       
1024360707 37.0  2.6  3.3  3.5  3.3  0.0 49.700010591西村淳也　　5500404   3.7   1.61255476+ 6111221315                       
1024360708 14.0  0.4  0.0  0.0  0.0  0.0 14.400010632柴田裕一郎　5203404  34.6   7.01255438+ 6   321315                       
1024360709 39.0  1.6  2.5  0.0  2.2  0.0 45.310010636吉村誠之助　5203404   8.5   1.91255452- 8 33321315                       
1024360710 34.0  3.1  4.0  2.5  2.3  0.0 45.900010628田口貫太　　5401404   4.4   1.51255500- 2322221315                       
1024360711 25.0  0.7  1.7  3.0  1.9  0.0 32.300010601秋山稔樹　　5601404  12.2   2.11255476   265321315                       
1024360712 28.1  0.6  0.7  1.5  0.0  0.0 30.910010607永島まなみ　5500404   9.8   2.81255486+ 45 6321315                       
1024360713 10.0  0.1 -1.0  0.0  0.0  0.0  9.100010622鷲頭虎太　　5203404  56.3  10.11255464      321315                       
1024360714 14.0  0.4  0.0  0.0  0.0  0.0 14.410010544国分恭介　　5700404  12.3   4.91255488-14   321315                       
1024360801 41.0  0.9  1.7  1.5  2.2  0.0 47.300010548川須栄彦　　5600404  17.9   2.61326484  0534321345                       
1024360802 34.0  0.4  0.0  0.0  0.0  0.0 34.400010607永島まなみ　5400404  30.9   3.91326404  0   321345                       
1024360803 41.1  0.6  0.2  2.0  2.1  0.0 46.002010601秋山稔樹　　5501404  10.4   2.11326474+ 2445221345                       
1024360804 48.0  2.3  3.2  3.0  3.3  0.0 59.802010546松山弘平　　5600404   4.0   1.21326446+ 2211371345                       
1024360805 35.0  0.4  0.2  0.0  0.0  0.0 35.600010545国分優作　　5800404  31.5   4.11326468+ 8   321345                       
1024360806 36.0  0.4  0.0  0.0  0.0  0.0 36.410010419幸英明　　　5600404  37.0   4.51326488- 2  6321345                       
1024360807 42.2  3.0  3.7  3.5  2.3  0.0 54.710010636吉村誠之助　5203404   2.2   1.11326524  0122321345                       
1024360808 39.9  2.7  3.7  2.5  2.0  0.0 50.810070176Ｍ．デムーロ5300404   3.9   1.31326458+ 4353321345                       
1024360809 29.0  0.7  1.6  0.0  0.0  0.0 31.300010628田口貫太　　5401404  16.6   2.41326450- 4   321345                       
1024360901 39.8  0.5  0.0  1.5  0.0  0.0 41.802070176Ｍ．デムーロ5500404  14.4   3.11357484-105  221415                       
1024360902 40.1  0.7  0.8  0.0  0.0  0.0 41.610010591西村淳也　　5800404  21.3   4.71357478- 4   321415                       
1024360903 50.0  1.2  2.2  2.5  2.1  0.0 58.010010438和田竜二　　5500404   5.9   1.61357482+ 8343321415                       
1024360904 54.1  2.9  3.9  3.0  2.3  0.0 66.200010546松山弘平　　5500404   2.8   1.31357508+18221321415                       
1024360905 42.6  0.7  0.0  0.0  0.0  0.0 43.310010600団野大成　　5800404  18.0   3.21357470- 4   321415                       
1024360906 43.0  0.4  1.3  2.0  0.0  0.0 46.710010419幸英明　　　5800404  15.2   2.11357444+ 64 5371415                       
1024360907 46.0  3.0  4.4  3.5  2.2  0.0 59.100010583坂井瑠星　　5500404   3.2   1.11357490  0132321415                       
1024360908 42.0  0.2 -1.0  0.0  0.0  0.0 41.210010519鮫島良太　　5800404  37.0   3.81357518- 8   321415                       
1024360909 47.0  1.4  2.6  0.0  3.3  0.0 54.310010574松若風馬　　5500404  12.3   2.51357480+ 4 14321415                       
1024360910 44.0  0.4  0.0  0.0  2.0  0.0 46.400010628田口貫太　　5800404  12.4   2.61357432- 2 56321415                       
1024361001 39.4  0.2  0.0  0.0  0.0  0.0 39.610010607永島まなみ　5600404  17.2   4.81432452+12   371450                       
1024361002 42.0  0.8  0.0  0.0  0.0  0.0 42.812010628田口貫太　　5600404  14.2   3.51432440-12   321450                       
1024361003 38.0  0.1 -1.0  0.0  0.0  0.0 37.110010632柴田裕一郎　5600404 113.1  20.31432462+ 2   321450                       
1024361004 42.0  0.4  0.0  0.0  0.0  0.0 42.400010591西村淳也　　5600404  22.4   4.21432506- 4   371450                       
1024361005 50.0  1.2  2.3  2.5  3.3  0.0 59.300010546松山弘平　　5600404   8.1   2.51432490+ 2312321450                       
1024361006 40.0  0.8  0.0  0.0  0.0  0.0 40.800010574松若風馬　　5600404  15.7   3.71432430+ 4   221450                       
1024361007 44.3  1.8  2.1  2.0  1.9  0.0 52.100010419幸英明　　　5600404   5.5   1.81432506+ 6465221450                       
1024361008 36.6  0.2  0.0  0.0  0.0  0.0 36.800010544国分恭介　　5600404  46.6   7.41432492- 2   321450                       
1024361009 46.2  1.2  2.1  0.0  2.2  0.0 51.700010606角田大和　　5600404   9.9   5.61432486+ 2 36321450                       
1024361010 48.0  0.2  0.0  0.0  0.0  0.0 48.200010600団野大成　　5600404  20.4   4.21432512  0   321450                       
1024361011 44.0  0.6  0.0  1.5  0.0  0.0 46.100010438和田竜二　　5600404  14.9   3.21432472+ 25  221450                       
1024361012 47.5  1.0  1.2  3.0  2.0  0.0 54.700070176Ｍ．デムーロ5600404   5.5   2.01432468+20253371450                       
1024361013 44.1  0.3  0.0  0.0  0.0  0.0 44.400010457酒井学　　　5600404  20.8   4.31432444- 4   321450                       
1024361014 47.8  2.6  3.2  3.5  2.3  0.0 59.412010583坂井瑠星　　5600404   4.7   2.01432494+18121321450                       
1024361015 51.0  0.4  0.0  0.0  2.1  0.0 53.510010602泉谷楓真　　5600404  39.4   7.21432482+ 6 44321450                       
1024361101 46.0  0.2 -1.0  0.0  0.0  0.0 45.202010606角田大和　　5600404  40.6   8.41507442+ 8   321525                       
1024361102 56.9  1.6  2.7  3.5  3.3  0.0 68.012010583坂井瑠星　　5600404   4.9   2.11507466+ 6112321525                       
1024361103 46.0  0.1 -1.0  0.0  0.0  0.0 45.100010572小崎綾也　　5600404  73.1  17.21507484- 6   321525                       
1024361104 47.9  0.8  0.9  0.0  1.9  0.0 51.500010558藤懸貴志　　5800404  15.7   4.31507484- 6 6 321525                       
1024361105 52.0  0.6  0.0  2.5  2.2  0.0 57.300010546松山弘平　　5600404   7.2   2.61507452  0335321525                       
1024361106 53.1  1.6  2.5  2.0  2.0  0.0 61.202010600団野大成　　5600404   6.9   2.61507446  0453321525                       
1024361107 49.0  0.2  0.0  0.0  0.0  0.0 49.200010628田口貫太　　5600404  24.1   4.81507488- 2   321525                       
1024361108 55.0  0.7  1.5  0.0  2.1  0.0 59.300010607永島まなみ　5800404  13.5   3.61507504- 2 44321525                       
1024361109 50.0  0.5  0.2  0.0  0.0  0.0 50.710010457酒井学　　　5600404  20.7   5.41507452-10   321525                       
1024361110 53.0  0.4  0.2  0.0  0.0  0.0 53.602010548川須栄彦　　5800404  42.2   9.01507566- 2   221525                       
1024361111 46.0  0.2  0.0  0.0  0.0  0.0 46.202030018小牧太　　　5800404  83.5  13.01507462+ 2   221525                       
1024361112 45.0  0.4  0.0  0.0  0.0  0.0 45.410010591西村淳也　　5800404  24.0   5.11507514- 8   321525                       
1024361113 57.0  2.5  3.3  3.0  2.3  0.0 68.100010438和田竜二　　5800404   5.8   2.11507478-12221321525                       
1024361114 54.0  0.1  0.0  0.0  0.0  0.0 54.100010545国分優作　　5600404  31.3   5.51507518- 6  6321525                       
1024361115 45.0  0.1  0.0  0.0  0.0  0.0 45.100010580荻野極　　　5600404  17.9   3.41507462-10   371525                       
1024361116 52.0  0.2  0.0  0.0  0.0  0.0 52.200010419幸英明　　　5800404  39.5   8.51507476- 2   321525                       
1024361117 52.1  0.2  0.0  0.0  0.0  0.0 52.300010574松若風馬　　5800404  29.9   7.81507488+ 2   321525                       
1024361118 50.0  1.3  1.1  1.5  0.0  0.0 53.900070176Ｍ．デムーロ5800404   9.5   3.11507504- 25  321525                       
1024361201 36.6  0.6  0.5  0.0  0.0  0.0 37.700010591西村淳也　　5500404  21.4   4.41546458- 2   321605                       
1024361202 43.0  1.2  0.9  2.0  2.2  0.0 49.300010624河原田菜々　5000404   4.8   2.11546444- 8435321605                       
1024361203 30.0  0.2 -1.0  0.0  0.0  0.0 29.210010606角田大和　　5701404 121.6  17.21546502-16   221605                       
1024361204 53.0  3.1  3.7  3.5  2.3  0.0 65.610010561中井裕二　　5800404   3.6   1.21546478- 8121321605                       
1024361205 35.0  0.3 -1.0  0.0  0.0  0.0 34.300010438和田竜二　　5800404  43.6   8.41546524+ 8   321605                       
1024361206 25.0  0.1 -1.0  0.0  0.0  0.0 24.112010628田口貫太　　5701404  58.2   8.31546466- 4   321605                       
1024361207 41.6  1.6  2.8  2.5  3.3  0.0 51.802010583坂井瑠星　　5500404   6.2   2.21546452- 8314321605                       
1024361208 40.1  0.5  0.8  0.0  0.0  0.0 41.400070176Ｍ．デムーロ5800404  27.1   4.31546472- 2   221605                       
1024361209 40.0  0.2 -1.0  0.0  0.0  0.0 39.210010545国分優作　　5800404 101.5  11.41546498  0   321605                       
1024361210 44.0  1.4  1.8  3.0  2.1  0.0 52.310010546松山弘平　　5500404   4.9   1.51546468- 2243321605                       
1024361211 28.0  0.2  0.0  0.0  0.0  0.0 28.200010620西塚洸二　　5701404  17.7   3.51546476  0   321605                       
1024361212 47.0  1.6  1.9  1.5  2.0  0.0 54.000010632柴田裕一郎　5203404  11.2   2.21546476  0552321605                       
1024361213 38.0  0.1 -1.0  0.0  0.0  0.0 37.110010562長岡禎仁　　5500404  37.3   7.31546484-12   321605                       
1024361214 36.8  0.2 -1.0  0.0  0.0  0.0 36.000010636吉村誠之助　5203404  38.9   6.21546474+ 2   321605                       
1024361215 45.0  0.5  1.1  0.0  1.9  0.0 48.510010419幸英明　　　5800404  23.6   4.01546532+ 8 66321605                       
1024361216 33.9  0.2  0.0  0.0  0.0  0.0 34.100010574松若風馬　　5500404  35.4   8.11546522+ 2   321605                       
